0,194,7257,201425,4077983,57373546,517292847,2626655236,5935079656,3356972874
1,107,2781,57244,859612,8977313,60205038,227661032,383521933,161963417
2,69,1444,26145,336617,3011812,17293891,55844618,80071513,28654176
3,33,640,9530,101865,760787,3650312,9889136,11939776,3619063
4,21,362,4726,44305,293135,1252023,3019333,3243222,873214
5,13,232,2553,20550,117782,433345,904141,837359,194595
6,10,131,1208,8932,46460,156897,300355,253242,53551
7,6,77,653,4722,23355,75487,137660,111246,22602
8,4,35,327,2214,10221,30810,52038,39550,7188
9,1,20,194,1240,5245,14665,23039,16151,2573
10,1,19,163,978,3940,10361,15176,9813,1395
11,1,14,112,629,2290,5903,8575,5500,741
12,1,12,98,538,1819,4217,5638,3186,383
13,1,10,62,312,1084,2442,3219,1791,213
14,1,8,44,182,625,1304,1548,716,70
15,1,3,22,88,343,768,1003,497,50
16,0,0,3,12,80,155,175,72,8
17,0,0,3,12,66,138,143,62,7
18,0,0,1,9,47,84,64,35,5
19,0,0,1,6,27,38,30,15,2
20,0,0,1,6,24,33,24,12,2
21,0,0,1,6,19,30,20,8,2
22,0,0,1,6,18,29,16,4,0
23,0,0,1,6,15,27,13,0,0
24,0,0,0,0,0,0,0,0,0
25,0,0,0,0,0,0,0,0,0
26,0,0,0,0,0,0,0,0,0
27,0,0,0,0,0,0,0,0,0
28,0,0,0,0,0,0,0,0,0
29,0,0,0,0,0,0,0,0,0
30,0,0,0,0,0,0,0,0,0
31,0,0,0,0,0,0,0,0,0
32,0,0,0,0,0,0,0,0,0
33,0,0,0,0,0,0,0,0,0
34,0,0,0,0,0,0,0,0,0
35,0,0,0,0,0,0,0,0,0
36,0,0,0,0,0,0,0,0,0
37,0,0,0,0,0,0,0,0,0
38,0,0,0,0,0,0,0,0,0
39,0,0,0,0,0,0,0,0,0
40,0,0,0,0,0,0,0,0,0
41,0,0,0,0,0,0,0,0,0
42,0,0,0,0,0,0,0,0,0
43,0,0,0,0,0,0,0,0,0
44,0,0,0,0,0,0,0,0,0
45,0,0,0,0,0,0,0,0,0
46,0,0,0,0,0,0,0,0,0
47,0,0,0,0,0,0,0,0,0
48,0,0,0,0,0,0,0,0,0
49,0,0,0,0,0,0,0,0,0
50,0,0,0,0,0,0,0,0,0
51,0,0,0,0,0,0,0,0,0
52,0,0,0,0,0,0,0,0,0
53,0,0,0,0,0,0,0,0,0
54,0,0,0,0,0,0,0,0,0
55,0,0,0,0,0,0,0,0,0
56,0,0,0,0,0,0,0,0,0
57,0,0,0,0,0,0,0,0,0
58,0,0,0,0,0,0,0,0,0
59,0,0,0,0,0,0,0,0,0
60,0,0,0,0,0,0,0,0,0
61,0,0,0,0,0,0,0,0,0
62,0,0,0,0,0,0,0,0,0
63,0,0,0,0,0,0,0,0,0
64,0,0,0,0,0,0,0,0,0
65,0,0,0,0,0,0,0,0,0
66,0,0,0,0,0,0,0,0,0
67,0,0,0,0,0,0,0,0,0
68,0,0,0,0,0,0,0,0,0
69,0,0,0,0,0,0,0,0,0
70,0,0,0,0,0,0,0,0,0
71,0,0,0,0,0,0,0,0,0
72,0,0,0,0,0,0,0,0,0
73,0,0,0,0,0,0,0,0,0
74,0,0,0,0,0,0,0,0,0
75,0,0,0,0,0,0,0,0,0
76,0,0,0,0,0,0,0,0,0
77,0,0,0,0,0,0,0,0,0
78,0,0,0,0,0,0,0,0,0
79,0,0,0,0,0,0,0,0,0
80,0,0,0,0,0,0,0,0,0
81,0,0,0,0,0,0,0,0,0
82,0,0,0,0,0,0,0,0,0
83,0,0,0,0,0,0,0,0,0
84,0,0,0,0,0,0,0,0,0
85,0,0,0,0,0,0,0,0,0
86,0,0,0,0,0,0,0,0,0
87,0,0,0,0,0,0,0,0,0
88,0,0,0,0,0,0,0,0,0
89,0,0,0,0,0,0,0,0,0
90,0,0,0,0,0,0,0,0,0
91,0,0,0,0,0,0,0,0,0
92,0,0,0,0,0,0,0,0,0
93,0,0,0,0,0,0,0,0,0
94,0,0,0,0,0,0,0,0,0
95,0,0,0,0,0,0,0,0,0
96,0,0,0,0,0,0,0,0,0
97,0,0,0,0,0,0,0,0,0
98,0,0,0,0,0,0,0,0,0
99,0,0,0,0,0,0,0,0,0
100,0,0,0,0,0,0,0,0,0
101,0,0,0,0,0,0,0,0,0
102,0,0,0,0,0,0,0,0,0
103,0,0,0,0,0,0,0,0,0
104,0,0,0,0,0,0,0,0,0
105,0,0,0,0,0,0,0,0,0
106,0,0,0,0,0,0,0,0,0
107,0,0,0,0,0,0,0,0,0
108,0,0,0,0,0,0,0,0,0
109,0,0,0,0,0,0,0,0,0
110,0,0,0,0,0,0,0,0,0
111,0,0,0,0,0,0,0,0,0
112,0,0,0,0,0,0,0,0,0
113,0,0,0,0,0,0,0,0,0
114,0,0,0,0,0,0,0,0,0
115,0,0,0,0,0,0,0,0,0
116,0,0,0,0,0,0,0,0,0
117,0,0,0,0,0,0,0,0,0
118,0,0,0,0,0,0,0,0,0
119,0,0,0,0,0,0,0,0,0
120,0,0,0,0,0,0,0,0,0
121,0,0,0,0,0,0,0,0,0
122,0,0,0,0,0,0,0,0,0
123,0,0,0,0,0,0,0,0,0
124,0,0,0,0,0,0,0,0,0
125,0,0,0,0,0,0,0,0,0
126,0,0,0,0,0,0,0,0,0
127,0,0,0,0,0,0,0,0,0
128,0,0,0,0,0,0,0,0,0
129,0,0,0,0,0,0,0,0,0
130,0,0,0,0,0,0,0,0,0
131,0,0,0,0,0,0,0,0,0
132,0,0,0,0,0,0,0,0,0
133,0,0,0,0,0,0,0,0,0
134,0,0,0,0,0,0,0,0,0
135,0,0,0,0,0,0,0,0,0
136,0,0,0,0,0,0,0,0,0
137,0,0,0,0,0,0,0,0,0
138,0,0,0,0,0,0,0,0,0
139,0,0,0,0,0,0,0,0,0
140,0,0,0,0,0,0,0,0,0
141,0,0,0,0,0,0,0,0,0
142,0,0,0,0,0,0,0,0,0
143,0,0,0,0,0,0,0,0,0
144,0,0,0,0,0,0,0,0,0
145,0,0,0,0,0,0,0,0,0
146,0,0,0,0,0,0,0,0,0
147,0,0,0,0,0,0,0,0,0
148,0,0,0,0,0,0,0,0,0
149,0,0,0,0,0,0,0,0,0
150,0,0,0,0,0,0,0,0,0
151,0,0,0,0,0,0,0,0,0
152,0,0,0,0,0,0,0,0,0
153,0,0,0,0,0,0,0,0,0
154,0,0,0,0,0,0,0,0,0
155,0,0,0,0,0,0,0,0,0
156,0,0,0,0,0,0,0,0,0
157,0,0,0,0,0,0,0,0,0
158,0,0,0,0,0,0,0,0,0
159,0,0,0,0,0,0,0,0,0
160,0,0,0,0,0,0,0,0,0
161,0,0,0,0,0,0,0,0,0
162,0,0,0,0,0,0,0,0,0
163,0,0,0,0,0,0,0,0,0
164,0,0,0,0,0,0,0,0,0
165,0,0,0,0,0,0,0,0,0
166,0,0,0,0,0,0,0,0,0
167,0,0,0,0,0,0,0,0,0
168,0,0,0,0,0,0,0,0,0
169,0,0,0,0,0,0,0,0,0
170,0,0,0,0,0,0,0,0,0
171,0,0,0,0,0,0,0,0,0
172,0,0,0,0,0,0,0,0,0
173,0,0,0,0,0,0,0,0,0
174,0,0,0,0,0,0,0,0,0
175,0,0,0,0,0,0,0,0,0
176,0,0,0,0,0,0,0,0,0
177,0,0,0,0,0,0,0,0,0
178,0,0,0,0,0,0,0,0,0
179,0,0,0,0,0,0,0,0,0
180,0,0,0,0,0,0,0,0,0
181,0,0,0,0,0,0,0,0,0
182,0,0,0,0,0,0,0,0,0
183,0,0,0,0,0,0,0,0,0
184,0,0,0,0,0,0,0,0,0
185,0,0,0,0,0,0,0,0,0
186,0,0,0,0,0,0,0,0,0
187,0,0,0,0,0,0,0,0,0
188,0,0,0,0,0,0,0,0,0
189,0,0,0,0,0,0,0,0,0
190,0,0,0,0,0,0,0,0,0
191,0,0,0,0,0,0,0,0,0
192,0,0,0,0,0,0,0,0,0
193,0,0,0,0,0,0,0,0,0
194,0,0,0,0,0,0,0,0,0
195,0,0,0,0,0,0,0,0,0
196,0,0,0,0,0,0,0,0,0
197,0,0,0,0,0,0,0,0,0
198,0,0,0,0,0,0,0,0,0
199,0,0,0,0,0,0,0,0,0
200,0,0,0,0,0,0,0,0,0
201,0,0,0,0,0,0,0,0,0
202,0,0,0,0,0,0,0,0,0
203,0,0,0,0,0,0,0,0,0
204,0,0,0,0,0,0,0,0,0
205,0,0,0,0,0,0,0,0,0
206,0,0,0,0,0,0,0,0,0
207,0,0,0,0,0,0,0,0,0
208,0,0,0,0,0,0,0,0,0
209,0,0,0,0,0,0,0,0,0
210,0,0,0,0,0,0,0,0,0
211,0,0,0,0,0,0,0,0,0
212,0,0,0,0,0,0,0,0,0
213,0,0,0,0,0,0,0,0,0
214,0,0,0,0,0,0,0,0,0
215,0,0,0,0,0,0,0,0,0
216,0,0,0,0,0,0,0,0,0
217,0,0,0,0,0,0,0,0,0
218,0,0,0,0,0,0,0,0,0
219,0,0,0,0,0,0,0,0,0
220,0,0,0,0,0,0,0,0,0
221,0,0,0,0,0,0,0,0,0
222,0,0,0,0,0,0,0,0,0
223,0,0,0,0,0,0,0,0,0
224,0,0,0,0,0,0,0,0,0
225,0,0,0,0,0,0,0,0,0
226,0,0,0,0,0,0,0,0,0
227,0,0,0,0,0,0,0,0,0
228,0,0,0,0,0,0,0,0,0
229,0,0,0,0,0,0,0,0,0
230,0,0,0,0,0,0,0,0,0
231,0,0,0,0,0,0,0,0,0
232,0,0,0,0,0,0,0,0,0
233,0,0,0,0,0,0,0,0,0
234,0,0,0,0,0,0,0,0,0
235,0,0,0,0,0,0,0,0,0
236,0,0,0,0,0,0,0,0,0
237,0,0,0,0,0,0,0,0,0
238,0,0,0,0,0,0,0,0,0
239,0,0,0,0,0,0,0,0,0
240,0,0,0,0,0,0,0,0,0
241,0,0,0,0,0,0,0,0,0
242,0,0,0,0,0,0,0,0,0
243,0,0,0,0,0,0,0,0,0
244,0,0,0,0,0,0,0,0,0
245,0,0,0,0,0,0,0,0,0
246,0,0,0,0,0,0,0,0,0
247,0,0,0,0,0,0,0,0,0
248,0,0,0,0,0,0,0,0,0
249,0,0,0,0,0,0,0,0,0
250,0,0,0,0,0,0,0,0,0
251,0,0,0,0,0,0,0,0,0
252,0,0,0,0,0,0,0,0,0
253,0,0,0,0,0,0,0,0,0
254,0,0,0,0,0,0,0,0,0
255,0,0,0,0,0,0,0,0,0
256,0,0,0,0,0,0,0,0,0
257,0,0,0,0,0,0,0,0,0
258,0,0,0,0,0,0,0,0,0
259,0,0,0,0,0,0,0,0,0
260,0,0,0,0,0,0,0,0,0
261,0,0,0,0,0,0,0,0,0
262,0,0,0,0,0,0,0,0,0
263,0,0,0,0,0,0,0,0,0
264,0,0,0,0,0,0,0,0,0
265,0,0,0,0,0,0,0,0,0
266,0,0,0,0,0,0,0,0,0
267,0,0,0,0,0,0,0,0,0
268,0,0,0,0,0,0,0,0,0
269,0,0,0,0,0,0,0,0,0
270,0,0,0,0,0,0,0,0,0
271,0,0,0,0,0,0,0,0,0
272,0,0,0,0,0,0,0,0,0
273,0,0,0,0,0,0,0,0,0
274,0,0,0,0,0,0,0,0,0
275,0,0,0,0,0,0,0,0,0
276,0,0,0,0,0,0,0,0,0
277,0,0,0,0,0,0,0,0,0
278,0,0,0,0,0,0,0,0,0
279,0,0,0,0,0,0,0,0,0
280,0,0,0,0,0,0,0,0,0
281,0,0,0,0,0,0,0,0,0
282,0,0,0,0,0,0,0,0,0
283,0,0,0,0,0,0,0,0,0
284,0,0,0,0,0,0,0,0,0
285,0,0,0,0,0,0,0,0,0
286,0,0,0,0,0,0,0,0,0
287,0,0,0,0,0,0,0,0,0
288,0,0,0,0,0,0,0,0,0
289,0,0,0,0,0,0,0,0,0
290,0,0,0,0,0,0,0,0,0
291,0,0,0,0,0,0,0,0,0
292,0,0,0,0,0,0,0,0,0
293,0,0,0,0,0,0,0,0,0
294,0,0,0,0,0,0,0,0,0
295,0,0,0,0,0,0,0,0,0
296,0,0,0,0,0,0,0,0,0
297,0,0,0,0,0,0,0,0,0
298,0,0,0,0,0,0,0,0,0
299,0,0,0,0,0,0,0,0,0
300,0,0,0,0,0,0,0,0,0
301,0,0,0,0,0,0,0,0,0
302,0,0,0,0,0,0,0,0,0
303,0,0,0,0,0,0,0,0,0
304,0,0,0,0,0,0,0,0,0
305,0,0,0,0,0,0,0,0,0
306,0,0,0,0,0,0,0,0,0
307,0,0,0,0,0,0,0,0,0
308,0,0,0,0,0,0,0,0,0
309,0,0,0,0,0,0,0,0,0
310,0,0,0,0,0,0,0,0,0
311,0,0,0,0,0,0,0,0,0
312,0,0,0,0,0,0,0,0,0
313,0,0,0,0,0,0,0,0,0
314,0,0,0,0,0,0,0,0,0
315,0,0,0,0,0,0,0,0,0
316,0,0,0,0,0,0,0,0,0
317,0,0,0,0,0,0,0,0,0
318,0,0,0,0,0,0,0,0,0
319,0,0,0,0,0,0,0,0,0
320,0,0,0,0,0,0,0,0,0
321,0,0,0,0,0,0,0,0,0
322,0,0,0,0,0,0,0,0,0
323,0,0,0,0,0,0,0,0,0
324,0,0,0,0,0,0,0,0,0
325,0,0,0,0,0,0,0,0,0
326,0,0,0,0,0,0,0,0,0
327,0,0,0,0,0,0,0,0,0
328,0,0,0,0,0,0,0,0,0
329,0,0,0,0,0,0,0,0,0
330,0,0,0,0,0,0,0,0,0
331,0,0,0,0,0,0,0,0,0
332,0,0,0,0,0,0,0,0,0
333,0,0,0,0,0,0,0,0,0
334,0,0,0,0,0,0,0,0,0
335,0,0,0,0,0,0,0,0,0
336,0,0,0,0,0,0,0,0,0
337,0,0,0,0,0,0,0,0,0
338,0,0,0,0,0,0,0,0,0
339,0,0,0,0,0,0,0,0,0
340,0,0,0,0,0,0,0,0,0
341,0,0,0,0,0,0,0,0,0
342,0,0,0,0,0,0,0,0,0
343,0,0,0,0,0,0,0,0,0
344,0,0,0,0,0,0,0,0,0
345,0,0,0,0,0,0,0,0,0
346,0,0,0,0,0,0,0,0,0
347,0,0,0,0,0,0,0,0,0
348,0,0,0,0,0,0,0,0,0
349,0,0,0,0,0,0,0,0,0
350,0,0,0,0,0,0,0,0,0
351,0,0,0,0,0,0,0,0,0
352,0,0,0,0,0,0,0,0,0
353,0,0,0,0,0,0,0,0,0
354,0,0,0,0,0,0,0,0,0
355,0,0,0,0,0,0,0,0,0
356,0,0,0,0,0,0,0,0,0
357,0,0,0,0,0,0,0,0,0
358,0,0,0,0,0,0,0,0,0
359,0,0,0,0,0,0,0,0,0
360,0,0,0,0,0,0,0,0,0
361,0,0,0,0,0,0,0,0,0
362,0,0,0,0,0,0,0,0,0
363,0,0,0,0,0,0,0,0,0
364,0,0,0,0,0,0,0,0,0
365,0,0,0,0,0,0,0,0,0
366,0,0,0,0,0,0,0,0,0
367,0,0,0,0,0,0,0,0,0
368,0,0,0,0,0,0,0,0,0
369,0,0,0,0,0,0,0,0,0
370,0,0,0,0,0,0,0,0,0
371,0,0,0,0,0,0,0,0,0
372,0,0,0,0,0,0,0,0,0
373,0,0,0,0,0,0,0,0,0
374,0,0,0,0,0,0,0,0,0
375,0,0,0,0,0,0,0,0,0
376,0,0,0,0,0,0,0,0,0
377,0,0,0,0,0,0,0,0,0
378,0,0,0,0,0,0,0,0,0
379,0,0,0,0,0,0,0,0,0
380,0,0,0,0,0,0,0,0,0
381,0,0,0,0,0,0,0,0,0
382,0,0,0,0,0,0,0,0,0
383,0,0,0,0,0,0,0,0,0
384,0,0,0,0,0,0,0,0,0
385,0,0,0,0,0,0,0,0,0
386,0,0,0,0,0,0,0,0,0
387,0,0,0,0,0,0,0,0,0
388,0,0,0,0,0,0,0,0,0
389,0,0,0,0,0,0,0,0,0
390,0,0,0,0,0,0,0,0,0
391,0,0,0,0,0,0,0,0,0
392,0,0,0,0,0,0,0,0,0
393,0,0,0,0,0,0,0,0,0
394,0,0,0,0,0,0,0,0,0
395,0,0,0,0,0,0,0,0,0
396,0,0,0,0,0,0,0,0,0
397,0,0,0,0,0,0,0,0,0
398,0,0,0,0,0,0,0,0,0
399,0,0,0,0,0,0,0,0,0
400,0,0,0,0,0,0,0,0,0
401,0,0,0,0,0,0,0,0,0
402,0,0,0,0,0,0,0,0,0
403,0,0,0,0,0,0,0,0,0
404,0,0,0,0,0,0,0,0,0
405,0,0,0,0,0,0,0,0,0
406,0,0,0,0,0,0,0,0,0
407,0,0,0,0,0,0,0,0,0
408,0,0,0,0,0,0,0,0,0
409,0,0,0,0,0,0,0,0,0
410,0,0,0,0,0,0,0,0,0
411,0,0,0,0,0,0,0,0,0
412,0,0,0,0,0,0,0,0,0
413,0,0,0,0,0,0,0,0,0
414,0,0,0,0,0,0,0,0,0
415,0,0,0,0,0,0,0,0,0
416,0,0,0,0,0,0,0,0,0
417,0,0,0,0,0,0,0,0,0
418,0,0,0,0,0,0,0,0,0
419,0,0,0,0,0,0,0,0,0
420,0,0,0,0,0,0,0,0,0
421,0,0,0,0,0,0,0,0,0
422,0,0,0,0,0,0,0,0,0
423,0,0,0,0,0,0,0,0,0
424,0,0,0,0,0,0,0,0,0
425,0,0,0,0,0,0,0,0,0
426,0,0,0,0,0,0,0,0,0
427,0,0,0,0,0,0,0,0,0
428,0,0,0,0,0,0,0,0,0
429,0,0,0,0,0,0,0,0,0
430,0,0,0,0,0,0,0,0,0
431,0,0,0,0,0,0,0,0,0
432,0,0,0,0,0,0,0,0,0
433,0,0,0,0,0,0,0,0,0
434,0,0,0,0,0,0,0,0,0
435,0,0,0,0,0,0,0,0,0
436,0,0,0,0,0,0,0,0,0
437,0,0,0,0,0,0,0,0,0
438,0,0,0,0,0,0,0,0,0
439,0,0,0,0,0,0,0,0,0
440,0,0,0,0,0,0,0,0,0
441,0,0,0,0,0,0,0,0,0
442,0,0,0,0,0,0,0,0,0
443,0,0,0,0,0,0,0,0,0
444,0,0,0,0,0,0,0,0,0
445,0,0,0,0,0,0,0,0,0
446,0,0,0,0,0,0,0,0,0
447,0,0,0,0,0,0,0,0,0
448,0,0,0,0,0,0,0,0,0
449,0,0,0,0,0,0,0,0,0
450,0,0,0,0,0,0,0,0,0
451,0,0,0,0,0,0,0,0,0
452,0,0,0,0,0,0,0,0,0
453,0,0,0,0,0,0,0,0,0
454,0,0,0,0,0,0,0,0,0
455,0,0,0,0,0,0,0,0,0
456,0,0,0,0,0,0,0,0,0
457,0,0,0,0,0,0,0,0,0
458,0,0,0,0,0,0,0,0,0
459,0,0,0,0,0,0,0,0,0
460,0,0,0,0,0,0,0,0,0
461,0,0,0,0,0,0,0,0,0
462,0,0,0,0,0,0,0,0,0
463,0,0,0,0,0,0,0,0,0
464,0,0,0,0,0,0,0,0,0
465,0,0,0,0,0,0,0,0,0
466,0,0,0,0,0,0,0,0,0
467,0,0,0,0,0,0,0,0,0
468,0,0,0,0,0,0,0,0,0
469,0,0,0,0,0,0,0,0,0
470,0,0,0,0,0,0,0,0,0
471,0,0,0,0,0,0,0,0,0
472,0,0,0,0,0,0,0,0,0
473,0,0,0,0,0,0,0,0,0
474,0,0,0,0,0,0,0,0,0
475,0,0,0,0,0,0,0,0,0
476,0,0,0,0,0,0,0,0,0
477,0,0,0,0,0,0,0,0,0
478,0,0,0,0,0,0,0,0,0
479,0,0,0,0,0,0,0,0,0
480,0,0,0,0,0,0,0,0,0
481,0,0,0,0,0,0,0,0,0
482,0,0,0,0,0,0,0,0,0
483,0,0,0,0,0,0,0,0,0
484,0,0,0,0,0,0,0,0,0
485,0,0,0,0,0,0,0,0,0
486,0,0,0,0,0,0,0,0,0
487,0,0,0,0,0,0,0,0,0
488,0,0,0,0,0,0,0,0,0
489,0,0,0,0,0,0,0,0,0
490,0,0,0,0,0,0,0,0,0
491,0,0,0,0,0,0,0,0,0
492,0,0,0,0,0,0,0,0,0
493,0,0,0,0,0,0,0,0,0
494,0,0,0,0,0,0,0,0,0
495,0,0,0,0,0,0,0,0,0
496,0,0,0,0,0,0,0,0,0
497,0,0,0,0,0,0,0,0,0
498,0,0,0,0,0,0,0,0,0
499,0,0,0,0,0,0,0,0,0
500,0,0,0,0,0,0,0,0,0
501,0,0,0,0,0,0,0,0,0
502,0,0,0,0,0,0,0,0,0
503,0,0,0,0,0,0,0,0,0
504,0,0,0,0,0,0,0,0,0
505,0,0,0,0,0,0,0,0,0
506,0,0,0,0,0,0,0,0,0
507,0,0,0,0,0,0,0,0,0
508,0,0,0,0,0,0,0,0,0
509,0,0,0,0,0,0,0,0,0
510,0,0,0,0,0,0,0,0,0
511,0,0,0,0,0,0,0,0,0
512,0,0,0,0,0,0,0,0,0
513,0,0,0,0,0,0,0,0,0
514,0,0,0,0,0,0,0,0,0
515,0,0,0,0,0,0,0,0,0
516,0,0,0,0,0,0,0,0,0
517,0,0,0,0,0,0,0,0,0
518,0,0,0,0,0,0,0,0,0
519,0,0,0,0,0,0,0,0,0
520,0,0,0,0,0,0,0,0,0
521,0,0,0,0,0,0,0,0,0
522,0,0,0,0,0,0,0,0,0
523,0,0,0,0,0,0,0,0,0
524,0,0,0,0,0,0,0,0,0
525,0,0,0,0,0,0,0,0,0
526,0,0,0,0,0,0,0,0,0
527,0,0,0,0,0,0,0,0,0
528,0,0,0,0,0,0,0,0,0
529,0,0,0,0,0,0,0,0,0
530,0,0,0,0,0,0,0,0,0
531,0,0,0,0,0,0,0,0,0
532,0,0,0,0,0,0,0,0,0
533,0,0,0,0,0,0,0,0,0
534,0,0,0,0,0,0,0,0,0
535,0,0,0,0,0,0,0,0,0
536,0,0,0,0,0,0,0,0,0
537,0,0,0,0,0,0,0,0,0
538,0,0,0,0,0,0,0,0,0
539,0,0,0,0,0,0,0,0,0
540,0,0,0,0,0,0,0,0,0
541,0,0,0,0,0,0,0,0,0
542,0,0,0,0,0,0,0,0,0
543,0,0,0,0,0,0,0,0,0
544,0,0,0,0,0,0,0,0,0
545,0,0,0,0,0,0,0,0,0
546,0,0,0,0,0,0,0,0,0
547,0,0,0,0,0,0,0,0,0
548,0,0,0,0,0,0,0,0,0
549,0,0,0,0,0,0,0,0,0
550,0,0,0,0,0,0,0,0,0
551,0,0,0,0,0,0,0,0,0
552,0,0,0,0,0,0,0,0,0
553,0,0,0,0,0,0,0,0,0
554,0,0,0,0,0,0,0,0,0
555,0,0,0,0,0,0,0,0,0
556,0,0,0,0,0,0,0,0,0
557,0,0,0,0,0,0,0,0,0
558,0,0,0,0,0,0,0,0,0
559,0,0,0,0,0,0,0,0,0
560,0,0,0,0,0,0,0,0,0
561,0,0,0,0,0,0,0,0,0
562,0,0,0,0,0,0,0,0,0
563,0,0,0,0,0,0,0,0,0
564,0,0,0,0,0,0,0,0,0
565,0,0,0,0,0,0,0,0,0
566,0,0,0,0,0,0,0,0,0
567,0,0,0,0,0,0,0,0,0
568,0,0,0,0,0,0,0,0,0
569,0,0,0,0,0,0,0,0,0
570,0,0,0,0,0,0,0,0,0
571,0,0,0,0,0,0,0,0,0
572,0,0,0,0,0,0,0,0,0
573,0,0,0,0,0,0,0,0,0
574,0,0,0,0,0,0,0,0,0
575,0,0,0,0,0,0,0,0,0
576,0,0,0,0,0,0,0,0,0
577,0,0,0,0,0,0,0,0,0
578,0,0,0,0,0,0,0,0,0
579,0,0,0,0,0,0,0,0,0
580,0,0,0,0,0,0,0,0,0
581,0,0,0,0,0,0,0,0,0
582,0,0,0,0,0,0,0,0,0
583,0,0,0,0,0,0,0,0,0
584,0,0,0,0,0,0,0,0,0
585,0,0,0,0,0,0,0,0,0
586,0,0,0,0,0,0,0,0,0
587,0,0,0,0,0,0,0,0,0
588,0,0,0,0,0,0,0,0,0
589,0,0,0,0,0,0,0,0,0
590,0,0,0,0,0,0,0,0,0
591,0,0,0,0,0,0,0,0,0
592,0,0,0,0,0,0,0,0,0
593,0,0,0,0,0,0,0,0,0
594,0,0,0,0,0,0,0,0,0
595,0,0,0,0,0,0,0,0,0
596,0,0,0,0,0,0,0,0,0
597,0,0,0,0,0,0,0,0,0
598,0,0,0,0,0,0,0,0,0
599,0,0,0,0,0,0,0,0,0
600,0,0,0,0,0,0,0,0,0
601,0,0,0,0,0,0,0,0,0
602,0,0,0,0,0,0,0,0,0
603,0,0,0,0,0,0,0,0,0
604,0,0,0,0,0,0,0,0,0
605,0,0,0,0,0,0,0,0,0
606,0,0,0,0,0,0,0,0,0
607,0,0,0,0,0,0,0,0,0
608,0,0,0,0,0,0,0,0,0
609,0,0,0,0,0,0,0,0,0
610,0,0,0,0,0,0,0,0,0
611,0,0,0,0,0,0,0,0,0
612,0,0,0,0,0,0,0,0,0
613,0,0,0,0,0,0,0,0,0
614,0,0,0,0,0,0,0,0,0
615,0,0,0,0,0,0,0,0,0
616,0,0,0,0,0,0,0,0,0
617,0,0,0,0,0,0,0,0,0
618,0,0,0,0,0,0,0,0,0
619,0,0,0,0,0,0,0,0,0
620,0,0,0,0,0,0,0,0,0
621,0,0,0,0,0,0,0,0,0
622,0,0,0,0,0,0,0,0,0
623,0,0,0,0,0,0,0,0,0
624,0,0,0,0,0,0,0,0,0
625,0,0,0,0,0,0,0,0,0
626,0,0,0,0,0,0,0,0,0
627,0,0,0,0,0,0,0,0,0
628,0,0,0,0,0,0,0,0,0
629,0,0,0,0,0,0,0,0,0
630,0,0,0,0,0,0,0,0,0
631,0,0,0,0,0,0,0,0,0
632,0,0,0,0,0,0,0,0,0
633,0,0,0,0,0,0,0,0,0
634,0,0,0,0,0,0,0,0,0
635,0,0,0,0,0,0,0,0,0
636,0,0,0,0,0,0,0,0,0
637,0,0,0,0,0,0,0,0,0
638,0,0,0,0,0,0,0,0,0
639,0,0,0,0,0,0,0,0,0
640,0,0,0,0,0,0,0,0,0
641,0,0,0,0,0,0,0,0,0
642,0,0,0,0,0,0,0,0,0
643,0,0,0,0,0,0,0,0,0
644,0,0,0,0,0,0,0,0,0
645,0,0,0,0,0,0,0,0,0
646,0,0,0,0,0,0,0,0,0
647,0,0,0,0,0,0,0,0,0
648,0,0,0,0,0,0,0,0,0
649,0,0,0,0,0,0,0,0,0
650,0,0,0,0,0,0,0,0,0
651,0,0,0,0,0,0,0,0,0
652,0,0,0,0,0,0,0,0,0
653,0,0,0,0,0,0,0,0,0
654,0,0,0,0,0,0,0,0,0
655,0,0,0,0,0,0,0,0,0
656,0,0,0,0,0,0,0,0,0
657,0,0,0,0,0,0,0,0,0
658,0,0,0,0,0,0,0,0,0
659,0,0,0,0,0,0,0,0,0
660,0,0,0,0,0,0,0,0,0
661,0,0,0,0,0,0,0,0,0
662,0,0,0,0,0,0,0,0,0
663,0,0,0,0,0,0,0,0,0
664,0,0,0,0,0,0,0,0,0
665,0,0,0,0,0,0,0,0,0
666,0,0,0,0,0,0,0,0,0
667,0,0,0,0,0,0,0,0,0
668,0,0,0,0,0,0,0,0,0
669,0,0,0,0,0,0,0,0,0
670,0,0,0,0,0,0,0,0,0
671,0,0,0,0,0,0,0,0,0
672,0,0,0,0,0,0,0,0,0
673,0,0,0,0,0,0,0,0,0
674,0,0,0,0,0,0,0,0,0
675,0,0,0,0,0,0,0,0,0
676,0,0,0,0,0,0,0,0,0
677,0,0,0,0,0,0,0,0,0
678,0,0,0,0,0,0,0,0,0
679,0,0,0,0,0,0,0,0,0
680,0,0,0,0,0,0,0,0,0
681,0,0,0,0,0,0,0,0,0
682,0,0,0,0,0,0,0,0,0
683,0,0,0,0,0,0,0,0,0
684,0,0,0,0,0,0,0,0,0
685,0,0,0,0,0,0,0,0,0
686,0,0,0,0,0,0,0,0,0
687,0,0,0,0,0,0,0,0,0
688,0,0,0,0,0,0,0,0,0
689,0,0,0,0,0,0,0,0,0
690,0,0,0,0,0,0,0,0,0
691,0,0,0,0,0,0,0,0,0
692,0,0,0,0,0,0,0,0,0
693,0,0,0,0,0,0,0,0,0
694,0,0,0,0,0,0,0,0,0
695,0,0,0,0,0,0,0,0,0
696,0,0,0,0,0,0,0,0,0
697,0,0,0,0,0,0,0,0,0
698,0,0,0,0,0,0,0,0,0
699,0,0,0,0,0,0,0,0,0
700,0,0,0,0,0,0,0,0,0
701,0,0,0,0,0,0,0,0,0
702,0,0,0,0,0,0,0,0,0
703,0,0,0,0,0,0,0,0,0
704,0,0,0,0,0,0,0,0,0
705,0,0,0,0,0,0,0,0,0
706,0,0,0,0,0,0,0,0,0
707,0,0,0,0,0,0,0,0,0
708,0,0,0,0,0,0,0,0,0
709,0,0,0,0,0,0,0,0,0
710,0,0,0,0,0,0,0,0,0
711,0,0,0,0,0,0,0,0,0
712,0,0,0,0,0,0,0,0,0
713,0,0,0,0,0,0,0,0,0
714,0,0,0,0,0,0,0,0,0
715,0,0,0,0,0,0,0,0,0
716,0,0,0,0,0,0,0,0,0
717,0,0,0,0,0,0,0,0,0
718,0,0,0,0,0,0,0,0,0
719,0,0,0,0,0,0,0,0,0
720,0,0,0,0,0,0,0,0,0
721,0,0,0,0,0,0,0,0,0
722,0,0,0,0,0,0,0,0,0
723,0,0,0,0,0,0,0,0,0
724,0,0,0,0,0,0,0,0,0
725,0,0,0,0,0,0,0,0,0
726,0,0,0,0,0,0,0,0,0
727,0,0,0,0,0,0,0,0,0
728,0,0,0,0,0,0,0,0,0
729,0,0,0,0,0,0,0,0,0
730,0,0,0,0,0,0,0,0,0
731,0,0,0,0,0,0,0,0,0
732,0,0,0,0,0,0,0,0,0
733,0,0,0,0,0,0,0,0,0
734,0,0,0,0,0,0,0,0,0
735,0,0,0,0,0,0,0,0,0
736,0,0,0,0,0,0,0,0,0
737,0,0,0,0,0,0,0,0,0
738,0,0,0,0,0,0,0,0,0
739,0,0,0,0,0,0,0,0,0
740,0,0,0,0,0,0,0,0,0
741,0,0,0,0,0,0,0,0,0
742,0,0,0,0,0,0,0,0,0
743,0,0,0,0,0,0,0,0,0
744,0,0,0,0,0,0,0,0,0
745,0,0,0,0,0,0,0,0,0
746,0,0,0,0,0,0,0,0,0
747,0,0,0,0,0,0,0,0,0
748,0,0,0,0,0,0,0,0,0
749,0,0,0,0,0,0,0,0,0
750,0,0,0,0,0,0,0,0,0
0,194,7257,201425,4077983,57373546,517292847,2626655236,5935079656,3356972874
1,104,2871,64296,1018302,11207578,79102656,314615902,556794160,246458551
2,85,1796,31677,396045,3435630,19158666,60394974,85069831,30105471
3,53,993,14695,155089,1142129,5433568,14664784,17745369,5412945
4,37,617,8331,77994,508950,2143489,5122050,5486886,1484968
5,28,439,5361,45426,266723,1007278,2154056,2055728,492377
6,22,258,2794,21177,111467,372544,695935,575847,116414
7,22,198,2029,14632,71406,221182,382590,294291,54963
8,14,140,1334,9081,40629,116401,187752,135632,24252
9,13,111,948,5932,24941,67044,101434,68212,11215
10,10,85,609,3394,12659,30618,41493,25552,3787
11,10,79,522,2822,9681,21432,25867,13653,1603
12,8,71,439,2239,7296,15429,17734,9238,1144
13,8,63,374,1918,6184,12853,14357,7282,879
14,5,37,194,1069,3197,6450,6863,3303,324
15,4,32,144,740,2142,4080,3953,1718,153
16,4,23,89,544,1435,2673,2446,1020,89
17,3,8,28,160,355,662,588,259,30
18,2,7,23,128,269,528,459,207,24
19,2,6,16,91,162,312,242,104,13
20,1,2,4,33,50,93,81,30,4
21,0,2,3,18,31,74,63,20,3
22,0,2,3,18,31,74,63,20,3
23,0,1,2,14,20,61,59,19,3
24,0,1,2,14,20,58,55,18,2
25,0,1,2,14,18,42,28,10,1
26,0,1,2,14,18,42,28,10,1
27,0,1,2,10,12,29,14,5,1
28,0,1,2,10,12,29,14,5,1
29,0,1,2,10,12,27,12,5,1
30,0,0,0,0,0,0,0,0,0
31,0,0,0,0,0,0,0,0,0
32,0,0,0,0,0,0,0,0,0
33,0,0,0,0,0,0,0,0,0
34,0,0,0,0,0,0,0,0,0
35,0,0,0,0,0,0,0,0,0
36,0,0,0,0,0,0,0,0,0
37,0,0,0,0,0,0,0,0,0
38,0,0,0,0,0,0,0,0,0
39,0,0,0,0,0,0,0,0,0
40,0,0,0,0,0,0,0,0,0
41,0,0,0,0,0,0,0,0,0
42,0,0,0,0,0,0,0,0,0
43,0,0,0,0,0,0,0,0,0
44,0,0,0,0,0,0,0,0,0
45,0,0,0,0,0,0,0,0,0
46,0,0,0,0,0,0,0,0,0
47,0,0,0,0,0,0,0,0,0
48,0,0,0,0,0,0,0,0,0
49,0,0,0,0,0,0,0,0,0
50,0,0,0,0,0,0,0,0,0
51,0,0,0,0,0,0,0,0,0
52,0,0,0,0,0,0,0,0,0
53,0,0,0,0,0,0,0,0,0
54,0,0,0,0,0,0,0,0,0
55,0,0,0,0,0,0,0,0,0
56,0,0,0,0,0,0,0,0,0
57,0,0,0,0,0,0,0,0,0
58,0,0,0,0,0,0,0,0,0
59,0,0,0,0,0,0,0,0,0
60,0,0,0,0,0,0,0,0,0
61,0,0,0,0,0,0,0,0,0
62,0,0,0,0,0,0,0,0,0
63,0,0,0,0,0,0,0,0,0
64,0,0,0,0,0,0,0,0,0
65,0,0,0,0,0,0,0,0,0
66,0,0,0,0,0,0,0,0,0
67,0,0,0,0,0,0,0,0,0
68,0,0,0,0,0,0,0,0,0
69,0,0,0,0,0,0,0,0,0
70,0,0,0,0,0,0,0,0,0
71,0,0,0,0,0,0,0,0,0
72,0,0,0,0,0,0,0,0,0
73,0,0,0,0,0,0,0,0,0
74,0,0,0,0,0,0,0,0,0
75,0,0,0,0,0,0,0,0,0
76,0,0,0,0,0,0,0,0,0
77,0,0,0,0,0,0,0,0,0
78,0,0,0,0,0,0,0,0,0
79,0,0,0,0,0,0,0,0,0
80,0,0,0,0,0,0,0,0,0
81,0,0,0,0,0,0,0,0,0
82,0,0,0,0,0,0,0,0,0
83,0,0,0,0,0,0,0,0,0
84,0,0,0,0,0,0,0,0,0
85,0,0,0,0,0,0,0,0,0
86,0,0,0,0,0,0,0,0,0
87,0,0,0,0,0,0,0,0,0
88,0,0,0,0,0,0,0,0,0
89,0,0,0,0,0,0,0,0,0
90,0,0,0,0,0,0,0,0,0
91,0,0,0,0,0,0,0,0,0
92,0,0,0,0,0,0,0,0,0
93,0,0,0,0,0,0,0,0,0
94,0,0,0,0,0,0,0,0,0
95,0,0,0,0,0,0,0,0,0
96,0,0,0,0,0,0,0,0,0
97,0,0,0,0,0,0,0,0,0
98,0,0,0,0,0,0,0,0,0
99,0,0,0,0,0,0,0,0,0
100,0,0,0,0,0,0,0,0,0
101,0,0,0,0,0,0,0,0,0
102,0,0,0,0,0,0,0,0,0
103,0,0,0,0,0,0,0,0,0
104,0,0,0,0,0,0,0,0,0
105,0,0,0,0,0,0,0,0,0
106,0,0,0,0,0,0,0,0,0
107,0,0,0,0,0,0,0,0,0
108,0,0,0,0,0,0,0,0,0
109,0,0,0,0,0,0,0,0,0
110,0,0,0,0,0,0,0,0,0
111,0,0,0,0,0,0,0,0,0
112,0,0,0,0,0,0,0,0,0
113,0,0,0,0,0,0,0,0,0
114,0,0,0,0,0,0,0,0,0
115,0,0,0,0,0,0,0,0,0
116,0,0,0,0,0,0,0,0,0
117,0,0,0,0,0,0,0,0,0
118,0,0,0,0,0,0,0,0,0
119,0,0,0,0,0,0,0,0,0
120,0,0,0,0,0,0,0,0,0
121,0,0,0,0,0,0,0,0,0
122,0,0,0,0,0,0,0,0,0
123,0,0,0,0,0,0,0,0,0
124,0,0,0,0,0,0,0,0,0
125,0,0,0,0,0,0,0,0,0
126,0,0,0,0,0,0,0,0,0
127,0,0,0,0,0,0,0,0,0
128,0,0,0,0,0,0,0,0,0
129,0,0,0,0,0,0,0,0,0
130,0,0,0,0,0,0,0,0,0
131,0,0,0,0,0,0,0,0,0
132,0,0,0,0,0,0,0,0,0
133,0,0,0,0,0,0,0,0,0
134,0,0,0,0,0,0,0,0,0
135,0,0,0,0,0,0,0,0,0
136,0,0,0,0,0,0,0,0,0
137,0,0,0,0,0,0,0,0,0
138,0,0,0,0,0,0,0,0,0
139,0,0,0,0,0,0,0,0,0
140,0,0,0,0,0,0,0,0,0
141,0,0,0,0,0,0,0,0,0
142,0,0,0,0,0,0,0,0,0
143,0,0,0,0,0,0,0,0,0
144,0,0,0,0,0,0,0,0,0
145,0,0,0,0,0,0,0,0,0
146,0,0,0,0,0,0,0,0,0
147,0,0,0,0,0,0,0,0,0
148,0,0,0,0,0,0,0,0,0
149,0,0,0,0,0,0,0,0,0
150,0,0,0,0,0,0,0,0,0
151,0,0,0,0,0,0,0,0,0
152,0,0,0,0,0,0,0,0,0
153,0,0,0,0,0,0,0,0,0
154,0,0,0,0,0,0,0,0,0
155,0,0,0,0,0,0,0,0,0
156,0,0,0,0,0,0,0,0,0
157,0,0,0,0,0,0,0,0,0
158,0,0,0,0,0,0,0,0,0
159,0,0,0,0,0,0,0,0,0
160,0,0,0,0,0,0,0,0,0
161,0,0,0,0,0,0,0,0,0
162,0,0,0,0,0,0,0,0,0
163,0,0,0,0,0,0,0,0,0
164,0,0,0,0,0,0,0,0,0
165,0,0,0,0,0,0,0,0,0
166,0,0,0,0,0,0,0,0,0
167,0,0,0,0,0,0,0,0,0
168,0,0,0,0,0,0,0,0,0
169,0,0,0,0,0,0,0,0,0
170,0,0,0,0,0,0,0,0,0
171,0,0,0,0,0,0,0,0,0
172,0,0,0,0,0,0,0,0,0
173,0,0,0,0,0,0,0,0,0
174,0,0,0,0,0,0,0,0,0
175,0,0,0,0,0,0,0,0,0
176,0,0,0,0,0,0,0,0,0
177,0,0,0,0,0,0,0,0,0
178,0,0,0,0,0,0,0,0,0
179,0,0,0,0,0,0,0,0,0
180,0,0,0,0,0,0,0,0,0
181,0,0,0,0,0,0,0,0,0
182,0,0,0,0,0,0,0,0,0
183,0,0,0,0,0,0,0,0,0
184,0,0,0,0,0,0,0,0,0
185,0,0,0,0,0,0,0,0,0
186,0,0,0,0,0,0,0,0,0
187,0,0,0,0,0,0,0,0,0
188,0,0,0,0,0,0,0,0,0
189,0,0,0,0,0,0,0,0,0
190,0,0,0,0,0,0,0,0,0
191,0,0,0,0,0,0,0,0,0
192,0,0,0,0,0,0,0,0,0
193,0,0,0,0,0,0,0,0,0
194,0,0,0,0,0,0,0,0,0
195,0,0,0,0,0,0,0,0,0
196,0,0,0,0,0,0,0,0,0
197,0,0,0,0,0,0,0,0,0
198,0,0,0,0,0,0,0,0,0
199,0,0,0,0,0,0,0,0,0
200,0,0,0,0,0,0,0,0,0
201,0,0,0,0,0,0,0,0,0
202,0,0,0,0,0,0,0,0,0
203,0,0,0,0,0,0,0,0,0
204,0,0,0,0,0,0,0,0,0
205,0,0,0,0,0,0,0,0,0
206,0,0,0,0,0,0,0,0,0
207,0,0,0,0,0,0,0,0,0
208,0,0,0,0,0,0,0,0,0
209,0,0,0,0,0,0,0,0,0
210,0,0,0,0,0,0,0,0,0
211,0,0,0,0,0,0,0,0,0
212,0,0,0,0,0,0,0,0,0
213,0,0,0,0,0,0,0,0,0
214,0,0,0,0,0,0,0,0,0
215,0,0,0,0,0,0,0,0,0
216,0,0,0,0,0,0,0,0,0
217,0,0,0,0,0,0,0,0,0
218,0,0,0,0,0,0,0,0,0
219,0,0,0,0,0,0,0,0,0
220,0,0,0,0,0,0,0,0,0
221,0,0,0,0,0,0,0,0,0
222,0,0,0,0,0,0,0,0,0
223,0,0,0,0,0,0,0,0,0
224,0,0,0,0,0,0,0,0,0
225,0,0,0,0,0,0,0,0,0
226,0,0,0,0,0,0,0,0,0
227,0,0,0,0,0,0,0,0,0
228,0,0,0,0,0,0,0,0,0
229,0,0,0,0,0,0,0,0,0
230,0,0,0,0,0,0,0,0,0
231,0,0,0,0,0,0,0,0,0
232,0,0,0,0,0,0,0,0,0
233,0,0,0,0,0,0,0,0,0
234,0,0,0,0,0,0,0,0,0
235,0,0,0,0,0,0,0,0,0
236,0,0,0,0,0,0,0,0,0
237,0,0,0,0,0,0,0,0,0
238,0,0,0,0,0,0,0,0,0
239,0,0,0,0,0,0,0,0,0
240,0,0,0,0,0,0,0,0,0
241,0,0,0,0,0,0,0,0,0
242,0,0,0,0,0,0,0,0,0
243,0,0,0,0,0,0,0,0,0
244,0,0,0,0,0,0,0,0,0
245,0,0,0,0,0,0,0,0,0
246,0,0,0,0,0,0,0,0,0
247,0,0,0,0,0,0,0,0,0
248,0,0,0,0,0,0,0,0,0
249,0,0,0,0,0,0,0,0,0
250,0,0,0,0,0,0,0,0,0
251,0,0,0,0,0,0,0,0,0
252,0,0,0,0,0,0,0,0,0
253,0,0,0,0,0,0,0,0,0
254,0,0,0,0,0,0,0,0,0
255,0,0,0,0,0,0,0,0,0
256,0,0,0,0,0,0,0,0,0
257,0,0,0,0,0,0,0,0,0
258,0,0,0,0,0,0,0,0,0
259,0,0,0,0,0,0,0,0,0
260,0,0,0,0,0,0,0,0,0
261,0,0,0,0,0,0,0,0,0
262,0,0,0,0,0,0,0,0,0
263,0,0,0,0,0,0,0,0,0
264,0,0,0,0,0,0,0,0,0
265,0,0,0,0,0,0,0,0,0
266,0,0,0,0,0,0,0,0,0
267,0,0,0,0,0,0,0,0,0
268,0,0,0,0,0,0,0,0,0
269,0,0,0,0,0,0,0,0,0
270,0,0,0,0,0,0,0,0,0
271,0,0,0,0,0,0,0,0,0
272,0,0,0,0,0,0,0,0,0
273,0,0,0,0,0,0,0,0,0
274,0,0,0,0,0,0,0,0,0
275,0,0,0,0,0,0,0,0,0
276,0,0,0,0,0,0,0,0,0
277,0,0,0,0,0,0,0,0,0
278,0,0,0,0,0,0,0,0,0
279,0,0,0,0,0,0,0,0,0
280,0,0,0,0,0,0,0,0,0
281,0,0,0,0,0,0,0,0,0
282,0,0,0,0,0,0,0,0,0
283,0,0,0,0,0,0,0,0,0
284,0,0,0,0,0,0,0,0,0
285,0,0,0,0,0,0,0,0,0
286,0,0,0,0,0,0,0,0,0
287,0,0,0,0,0,0,0,0,0
288,0,0,0,0,0,0,0,0,0
289,0,0,0,0,0,0,0,0,0
290,0,0,0,0,0,0,0,0,0
291,0,0,0,0,0,0,0,0,0
292,0,0,0,0,0,0,0,0,0
293,0,0,0,0,0,0,0,0,0
294,0,0,0,0,0,0,0,0,0
295,0,0,0,0,0,0,0,0,0
296,0,0,0,0,0,0,0,0,0
297,0,0,0,0,0,0,0,0,0
298,0,0,0,0,0,0,0,0,0
299,0,0,0,0,0,0,0,0,0
300,0,0,0,0,0,0,0,0,0
301,0,0,0,0,0,0,0,0,0
302,0,0,0,0,0,0,0,0,0
303,0,0,0,0,0,0,0,0,0
304,0,0,0,0,0,0,0,0,0
305,0,0,0,0,0,0,0,0,0
306,0,0,0,0,0,0,0,0,0
307,0,0,0,0,0,0,0,0,0
308,0,0,0,0,0,0,0,0,0
309,0,0,0,0,0,0,0,0,0
310,0,0,0,0,0,0,0,0,0
311,0,0,0,0,0,0,0,0,0
312,0,0,0,0,0,0,0,0,0
313,0,0,0,0,0,0,0,0,0
314,0,0,0,0,0,0,0,0,0
315,0,0,0,0,0,0,0,0,0
316,0,0,0,0,0,0,0,0,0
317,0,0,0,0,0,0,0,0,0
318,0,0,0,0,0,0,0,0,0
319,0,0,0,0,0,0,0,0,0
320,0,0,0,0,0,0,0,0,0
321,0,0,0,0,0,0,0,0,0
322,0,0,0,0,0,0,0,0,0
323,0,0,0,0,0,0,0,0,0
324,0,0,0,0,0,0,0,0,0
325,0,0,0,0,0,0,0,0,0
326,0,0,0,0,0,0,0,0,0
327,0,0,0,0,0,0,0,0,0
328,0,0,0,0,0,0,0,0,0
329,0,0,0,0,0,0,0,0,0
330,0,0,0,0,0,0,0,0,0
331,0,0,0,0,0,0,0,0,0
332,0,0,0,0,0,0,0,0,0
333,0,0,0,0,0,0,0,0,0
334,0,0,0,0,0,0,0,0,0
335,0,0,0,0,0,0,0,0,0
336,0,0,0,0,0,0,0,0,0
337,0,0,0,0,0,0,0,0,0
338,0,0,0,0,0,0,0,0,0
339,0,0,0,0,0,0,0,0,0
340,0,0,0,0,0,0,0,0,0
341,0,0,0,0,0,0,0,0,0
342,0,0,0,0,0,0,0,0,0
343,0,0,0,0,0,0,0,0,0
344,0,0,0,0,0,0,0,0,0
345,0,0,0,0,0,0,0,0,0
346,0,0,0,0,0,0,0,0,0
347,0,0,0,0,0,0,0,0,0
348,0,0,0,0,0,0,0,0,0
349,0,0,0,0,0,0,0,0,0
350,0,0,0,0,0,0,0,0,0
351,0,0,0,0,0,0,0,0,0
352,0,0,0,0,0,0,0,0,0
353,0,0,0,0,0,0,0,0,0
354,0,0,0,0,0,0,0,0,0
355,0,0,0,0,0,0,0,0,0
356,0,0,0,0,0,0,0,0,0
357,0,0,0,0,0,0,0,0,0
358,0,0,0,0,0,0,0,0,0
359,0,0,0,0,0,0,0,0,0
360,0,0,0,0,0,0,0,0,0
361,0,0,0,0,0,0,0,0,0
362,0,0,0,0,0,0,0,0,0
363,0,0,0,0,0,0,0,0,0
364,0,0,0,0,0,0,0,0,0
365,0,0,0,0,0,0,0,0,0
366,0,0,0,0,0,0,0,0,0
367,0,0,0,0,0,0,0,0,0
368,0,0,0,0,0,0,0,0,0
369,0,0,0,0,0,0,0,0,0
370,0,0,0,0,0,0,0,0,0
371,0,0,0,0,0,0,0,0,0
372,0,0,0,0,0,0,0,0,0
373,0,0,0,0,0,0,0,0,0
374,0,0,0,0,0,0,0,0,0
375,0,0,0,0,0,0,0,0,0
376,0,0,0,0,0,0,0,0,0
377,0,0,0,0,0,0,0,0,0
378,0,0,0,0,0,0,0,0,0
379,0,0,0,0,0,0,0,0,0
380,0,0,0,0,0,0,0,0,0
381,0,0,0,0,0,0,0,0,0
382,0,0,0,0,0,0,0,0,0
383,0,0,0,0,0,0,0,0,0
384,0,0,0,0,0,0,0,0,0
385,0,0,0,0,0,0,0,0,0
386,0,0,0,0,0,0,0,0,0
387,0,0,0,0,0,0,0,0,0
388,0,0,0,0,0,0,0,0,0
389,0,0,0,0,0,0,0,0,0
390,0,0,0,0,0,0,0,0,0
391,0,0,0,0,0,0,0,0,0
392,0,0,0,0,0,0,0,0,0
393,0,0,0,0,0,0,0,0,0
394,0,0,0,0,0,0,0,0,0
395,0,0,0,0,0,0,0,0,0
396,0,0,0,0,0,0,0,0,0
397,0,0,0,0,0,0,0,0,0
398,0,0,0,0,0,0,0,0,0
399,0,0,0,0,0,0,0,0,0
400,0,0,0,0,0,0,0,0,0
401,0,0,0,0,0,0,0,0,0
402,0,0,0,0,0,0,0,0,0
403,0,0,0,0,0,0,0,0,0
404,0,0,0,0,0,0,0,0,0
405,0,0,0,0,0,0,0,0,0
406,0,0,0,0,0,0,0,0,0
407,0,0,0,0,0,0,0,0,0
408,0,0,0,0,0,0,0,0,0
409,0,0,0,0,0,0,0,0,0
410,0,0,0,0,0,0,0,0,0
411,0,0,0,0,0,0,0,0,0
412,0,0,0,0,0,0,0,0,0
413,0,0,0,0,0,0,0,0,0
414,0,0,0,0,0,0,0,0,0
415,0,0,0,0,0,0,0,0,0
416,0,0,0,0,0,0,0,0,0
417,0,0,0,0,0,0,0,0,0
418,0,0,0,0,0,0,0,0,0
419,0,0,0,0,0,0,0,0,0
420,0,0,0,0,0,0,0,0,0
421,0,0,0,0,0,0,0,0,0
422,0,0,0,0,0,0,0,0,0
423,0,0,0,0,0,0,0,0,0
424,0,0,0,0,0,0,0,0,0
425,0,0,0,0,0,0,0,0,0
426,0,0,0,0,0,0,0,0,0
427,0,0,0,0,0,0,0,0,0
428,0,0,0,0,0,0,0,0,0
429,0,0,0,0,0,0,0,0,0
430,0,0,0,0,0,0,0,0,0
431,0,0,0,0,0,0,0,0,0
432,0,0,0,0,0,0,0,0,0
433,0,0,0,0,0,0,0,0,0
434,0,0,0,0,0,0,0,0,0
435,0,0,0,0,0,0,0,0,0
436,0,0,0,0,0,0,0,0,0
437,0,0,0,0,0,0,0,0,0
438,0,0,0,0,0,0,0,0,0
439,0,0,0,0,0,0,0,0,0
440,0,0,0,0,0,0,0,0,0
441,0,0,0,0,0,0,0,0,0
442,0,0,0,0,0,0,0,0,0
443,0,0,0,0,0,0,0,0,0
444,0,0,0,0,0,0,0,0,0
445,0,0,0,0,0,0,0,0,0
446,0,0,0,0,0,0,0,0,0
447,0,0,0,0,0,0,0,0,0
448,0,0,0,0,0,0,0,0,0
449,0,0,0,0,0,0,0,0,0
450,0,0,0,0,0,0,0,0,0
451,0,0,0,0,0,0,0,0,0
452,0,0,0,0,0,0,0,0,0
453,0,0,0,0,0,0,0,0,0
454,0,0,0,0,0,0,0,0,0
455,0,0,0,0,0,0,0,0,0
456,0,0,0,0,0,0,0,0,0
457,0,0,0,0,0,0,0,0,0
458,0,0,0,0,0,0,0,0,0
459,0,0,0,0,0,0,0,0,0
460,0,0,0,0,0,0,0,0,0
461,0,0,0,0,0,0,0,0,0
462,0,0,0,0,0,0,0,0,0
463,0,0,0,0,0,0,0,0,0
464,0,0,0,0,0,0,0,0,0
465,0,0,0,0,0,0,0,0,0
466,0,0,0,0,0,0,0,0,0
467,0,0,0,0,0,0,0,0,0
468,0,0,0,0,0,0,0,0,0
469,0,0,0,0,0,0,0,0,0
470,0,0,0,0,0,0,0,0,0
471,0,0,0,0,0,0,0,0,0
472,0,0,0,0,0,0,0,0,0
473,0,0,0,0,0,0,0,0,0
474,0,0,0,0,0,0,0,0,0
475,0,0,0,0,0,0,0,0,0
476,0,0,0,0,0,0,0,0,0
477,0,0,0,0,0,0,0,0,0
478,0,0,0,0,0,0,0,0,0
479,0,0,0,0,0,0,0,0,0
480,0,0,0,0,0,0,0,0,0
481,0,0,0,0,0,0,0,0,0
482,0,0,0,0,0,0,0,0,0
483,0,0,0,0,0,0,0,0,0
484,0,0,0,0,0,0,0,0,0
485,0,0,0,0,0,0,0,0,0
486,0,0,0,0,0,0,0,0,0
487,0,0,0,0,0,0,0,0,0
488,0,0,0,0,0,0,0,0,0
489,0,0,0,0,0,0,0,0,0
490,0,0,0,0,0,0,0,0,0
491,0,0,0,0,0,0,0,0,0
492,0,0,0,0,0,0,0,0,0
493,0,0,0,0,0,0,0,0,0
494,0,0,0,0,0,0,0,0,0
495,0,0,0,0,0,0,0,0,0
496,0,0,0,0,0,0,0,0,0
497,0,0,0,0,0,0,0,0,0
498,0,0,0,0,0,0,0,0,0
499,0,0,0,0,0,0,0,0,0
500,0,0,0,0,0,0,0,0,0
501,0,0,0,0,0,0,0,0,0
502,0,0,0,0,0,0,0,0,0
503,0,0,0,0,0,0,0,0,0
504,0,0,0,0,0,0,0,0,0
505,0,0,0,0,0,0,0,0,0
506,0,0,0,0,0,0,0,0,0
507,0,0,0,0,0,0,0,0,0
508,0,0,0,0,0,0,0,0,0
509,0,0,0,0,0,0,0,0,0
510,0,0,0,0,0,0,0,0,0
511,0,0,0,0,0,0,0,0,0
512,0,0,0,0,0,0,0,0,0
513,0,0,0,0,0,0,0,0,0
514,0,0,0,0,0,0,0,0,0
515,0,0,0,0,0,0,0,0,0
516,0,0,0,0,0,0,0,0,0
517,0,0,0,0,0,0,0,0,0
518,0,0,0,0,0,0,0,0,0
519,0,0,0,0,0,0,0,0,0
520,0,0,0,0,0,0,0,0,0
521,0,0,0,0,0,0,0,0,0
522,0,0,0,0,0,0,0,0,0
523,0,0,0,0,0,0,0,0,0
524,0,0,0,0,0,0,0,0,0
525,0,0,0,0,0,0,0,0,0
526,0,0,0,0,0,0,0,0,0
527,0,0,0,0,0,0,0,0,0
528,0,0,0,0,0,0,0,0,0
529,0,0,0,0,0,0,0,0,0
530,0,0,0,0,0,0,0,0,0
531,0,0,0,0,0,0,0,0,0
532,0,0,0,0,0,0,0,0,0
533,0,0,0,0,0,0,0,0,0
534,0,0,0,0,0,0,0,0,0
535,0,0,0,0,0,0,0,0,0
536,0,0,0,0,0,0,0,0,0
537,0,0,0,0,0,0,0,0,0
538,0,0,0,0,0,0,0,0,0
539,0,0,0,0,0,0,0,0,0
540,0,0,0,0,0,0,0,0,0
541,0,0,0,0,0,0,0,0,0
542,0,0,0,0,0,0,0,0,0
543,0,0,0,0,0,0,0,0,0
544,0,0,0,0,0,0,0,0,0
545,0,0,0,0,0,0,0,0,0
546,0,0,0,0,0,0,0,0,0
547,0,0,0,0,0,0,0,0,0
548,0,0,0,0,0,0,0,0,0
549,0,0,0,0,0,0,0,0,0
550,0,0,0,0,0,0,0,0,0
551,0,0,0,0,0,0,0,0,0
552,0,0,0,0,0,0,0,0,0
553,0,0,0,0,0,0,0,0,0
554,0,0,0,0,0,0,0,0,0
555,0,0,0,0,0,0,0,0,0
556,0,0,0,0,0,0,0,0,0
557,0,0,0,0,0,0,0,0,0
558,0,0,0,0,0,0,0,0,0
559,0,0,0,0,0,0,0,0,0
560,0,0,0,0,0,0,0,0,0
561,0,0,0,0,0,0,0,0,0
562,0,0,0,0,0,0,0,0,0
563,0,0,0,0,0,0,0,0,0
564,0,0,0,0,0,0,0,0,0
565,0,0,0,0,0,0,0,0,0
566,0,0,0,0,0,0,0,0,0
567,0,0,0,0,0,0,0,0,0
568,0,0,0,0,0,0,0,0,0
569,0,0,0,0,0,0,0,0,0
570,0,0,0,0,0,0,0,0,0
571,0,0,0,0,0,0,0,0,0
572,0,0,0,0,0,0,0,0,0
573,0,0,0,0,0,0,0,0,0
574,0,0,0,0,0,0,0,0,0
575,0,0,0,0,0,0,0,0,0
576,0,0,0,0,0,0,0,0,0
577,0,0,0,0,0,0,0,0,0
578,0,0,0,0,0,0,0,0,0
579,0,0,0,0,0,0,0,0,0
580,0,0,0,0,0,0,0,0,0
581,0,0,0,0,0,0,0,0,0
582,0,0,0,0,0,0,0,0,0
583,0,0,0,0,0,0,0,0,0
584,0,0,0,0,0,0,0,0,0
585,0,0,0,0,0,0,0,0,0
586,0,0,0,0,0,0,0,0,0
587,0,0,0,0,0,0,0,0,0
588,0,0,0,0,0,0,0,0,0
589,0,0,0,0,0,0,0,0,0
590,0,0,0,0,0,0,0,0,0
591,0,0,0,0,0,0,0,0,0
592,0,0,0,0,0,0,0,0,0
593,0,0,0,0,0,0,0,0,0
594,0,0,0,0,0,0,0,0,0
595,0,0,0,0,0,0,0,0,0
596,0,0,0,0,0,0,0,0,0
597,0,0,0,0,0,0,0,0,0
598,0,0,0,0,0,0,0,0,0
599,0,0,0,0,0,0,0,0,0
600,0,0,0,0,0,0,0,0,0
601,0,0,0,0,0,0,0,0,0
602,0,0,0,0,0,0,0,0,0
603,0,0,0,0,0,0,0,0,0
604,0,0,0,0,0,0,0,0,0
605,0,0,0,0,0,0,0,0,0
606,0,0,0,0,0,0,0,0,0
607,0,0,0,0,0,0,0,0,0
608,0,0,0,0,0,0,0,0,0
609,0,0,0,0,0,0,0,0,0
610,0,0,0,0,0,0,0,0,0
611,0,0,0,0,0,0,0,0,0
612,0,0,0,0,0,0,0,0,0
613,0,0,0,0,0,0,0,0,0
614,0,0,0,0,0,0,0,0,0
615,0,0,0,0,0,0,0,0,0
616,0,0,0,0,0,0,0,0,0
617,0,0,0,0,0,0,0,0,0
618,0,0,0,0,0,0,0,0,0
619,0,0,0,0,0,0,0,0,0
620,0,0,0,0,0,0,0,0,0
621,0,0,0,0,0,0,0,0,0
622,0,0,0,0,0,0,0,0,0
623,0,0,0,0,0,0,0,0,0
624,0,0,0,0,0,0,0,0,0
625,0,0,0,0,0,0,0,0,0
626,0,0,0,0,0,0,0,0,0
627,0,0,0,0,0,0,0,0,0
628,0,0,0,0,0,0,0,0,0
629,0,0,0,0,0,0,0,0,0
630,0,0,0,0,0,0,0,0,0
631,0,0,0,0,0,0,0,0,0
632,0,0,0,0,0,0,0,0,0
633,0,0,0,0,0,0,0,0,0
634,0,0,0,0,0,0,0,0,0
635,0,0,0,0,0,0,0,0,0
636,0,0,0,0,0,0,0,0,0
637,0,0,0,0,0,0,0,0,0
638,0,0,0,0,0,0,0,0,0
639,0,0,0,0,0,0,0,0,0
640,0,0,0,0,0,0,0,0,0
641,0,0,0,0,0,0,0,0,0
642,0,0,0,0,0,0,0,0,0
643,0,0,0,0,0,0,0,0,0
644,0,0,0,0,0,0,0,0,0
645,0,0,0,0,0,0,0,0,0
646,0,0,0,0,0,0,0,0,0
647,0,0,0,0,0,0,0,0,0
648,0,0,0,0,0,0,0,0,0
649,0,0,0,0,0,0,0,0,0
650,0,0,0,0,0,0,0,0,0
651,0,0,0,0,0,0,0,0,0
652,0,0,0,0,0,0,0,0,0
653,0,0,0,0,0,0,0,0,0
654,0,0,0,0,0,0,0,0,0
655,0,0,0,0,0,0,0,0,0
656,0,0,0,0,0,0,0,0,0
657,0,0,0,0,0,0,0,0,0
658,0,0,0,0,0,0,0,0,0
659,0,0,0,0,0,0,0,0,0
660,0,0,0,0,0,0,0,0,0
661,0,0,0,0,0,0,0,0,0
662,0,0,0,0,0,0,0,0,0
663,0,0,0,0,0,0,0,0,0
664,0,0,0,0,0,0,0,0,0
665,0,0,0,0,0,0,0,0,0
666,0,0,0,0,0,0,0,0,0
667,0,0,0,0,0,0,0,0,0
668,0,0,0,0,0,0,0,0,0
669,0,0,0,0,0,0,0,0,0
670,0,0,0,0,0,0,0,0,0
671,0,0,0,0,0,0,0,0,0
672,0,0,0,0,0,0,0,0,0
673,0,0,0,0,0,0,0,0,0
674,0,0,0,0,0,0,0,0,0
675,0,0,0,0,0,0,0,0,0
676,0,0,0,0,0,0,0,0,0
677,0,0,0,0,0,0,0,0,0
678,0,0,0,0,0,0,0,0,0
679,0,0,0,0,0,0,0,0,0
680,0,0,0,0,0,0,0,0,0
681,0,0,0,0,0,0,0,0,0
682,0,0,0,0,0,0,0,0,0
683,0,0,0,0,0,0,0,0,0
684,0,0,0,0,0,0,0,0,0
685,0,0,0,0,0,0,0,0,0
686,0,0,0,0,0,0,0,0,0
687,0,0,0,0,0,0,0,0,0
688,0,0,0,0,0,0,0,0,0
689,0,0,0,0,0,0,0,0,0
690,0,0,0,0,0,0,0,0,0
691,0,0,0,0,0,0,0,0,0
692,0,0,0,0,0,0,0,0,0
693,0,0,0,0,0,0,0,0,0
694,0,0,0,0,0,0,0,0,0
695,0,0,0,0,0,0,0,0,0
696,0,0,0,0,0,0,0,0,0
697,0,0,0,0,0,0,0,0,0
698,0,0,0,0,0,0,0,0,0
699,0,0,0,0,0,0,0,0,0
700,0,0,0,0,0,0,0,0,0
701,0,0,0,0,0,0,0,0,0
702,0,0,0,0,0,0,0,0,0
703,0,0,0,0,0,0,0,0,0
704,0,0,0,0,0,0,0,0,0
705,0,0,0,0,0,0,0,0,0
706,0,0,0,0,0,0,0,0,0
707,0,0,0,0,0,0,0,0,0
708,0,0,0,0,0,0,0,0,0
709,0,0,0,0,0,0,0,0,0
710,0,0,0,0,0,0,0,0,0
711,0,0,0,0,0,0,0,0,0
712,0,0,0,0,0,0,0,0,0
713,0,0,0,0,0,0,0,0,0
714,0,0,0,0,0,0,0,0,0
715,0,0,0,0,0,0,0,0,0
716,0,0,0,0,0,0,0,0,0
717,0,0,0,0,0,0,0,0,0
718,0,0,0,0,0,0,0,0,0
719,0,0,0,0,0,0,0,0,0
720,0,0,0,0,0,0,0,0,0
721,0,0,0,0,0,0,0,0,0
722,0,0,0,0,0,0,0,0,0
723,0,0,0,0,0,0,0,0,0
724,0,0,0,0,0,0,0,0,0
725,0,0,0,0,0,0,0,0,0
726,0,0,0,0,0,0,0,0,0
727,0,0,0,0,0,0,0,0,0
728,0,0,0,0,0,0,0,0,0
729,0,0,0,0,0,0,0,0,0
730,0,0,0,0,0,0,0,0,0
731,0,0,0,0,0,0,0,0,0
732,0,0,0,0,0,0,0,0,0
733,0,0,0,0,0,0,0,0,0
734,0,0,0,0,0,0,0,0,0
735,0,0,0,0,0,0,0,0,0
736,0,0,0,0,0,0,0,0,0
737,0,0,0,0,0,0,0,0,0
738,0,0,0,0,0,0,0,0,0
739,0,0,0,0,0,0,0,0,0
740,0,0,0,0,0,0,0,0,0
741,0,0,0,0,0,0,0,0,0
742,0,0,0,0,0,0,0,0,0
743,0,0,0,0,0,0,0,0,0
744,0,0,0,0,0,0,0,0,0
745,0,0,0,0,0,0,0,0,0
746,0,0,0,0,0,0,0,0,0
747,0,0,0,0,0,0,0,0,0
748,0,0,0,0,0,0,0,0,0
749,0,0,0,0,0,0,0,0,0
750,0,0,0,0,0,0,0,0,0
0,194,7257,201425,4077983,57373546,517292847,2626655236,5935079656,3356972874
1,74,2575,58685,972715,11210459,82849548,345045744,640198276,297731855
2,56,1715,33268,466212,4550378,28368245,99243911,153936501,59547870
3,37,963,16864,209431,1806645,9919358,30497009,41404151,13933112
4,23,578,8386,87512,636721,2956371,7709827,8901002,2553196
5,18,420,5537,52039,338554,1419422,3353771,3527525,925897
6,13,227,2735,23071,133519,497030,1039859,965934,221520
7,11,149,1492,11659,60549,202718,380213,314919,63522
8,11,126,1108,7759,36066,108666,183843,135776,23978
9,10,89,741,4599,19434,52865,80396,52895,8260
10,10,75,588,3294,13076,33232,46773,28122,3919
11,8,58,473,2557,9713,23594,31430,17721,2258
12,8,50,380,1955,6815,15072,18412,9480,1016
13,8,34,260,1302,4340,9441,11267,5772,637
14,8,34,239,1210,3897,8180,9392,4518,452
15,8,32,221,1023,3021,5890,6369,2813,258
16,8,31,186,842,2369,4309,4363,1778,164
17,8,31,185,819,2272,4121,4132,1681,157
18,8,24,121,482,1366,2471,2407,944,93
19,8,24,119,442,1252,2176,2070,813,76
20,6,22,89,291,767,1185,1025,401,36
21,5,16,42,106,297,499,462,197,22
22,5,15,37,94,269,441,395,158,19
23,5,15,35,81,230,394,370,152,18
24,4,9,21,51,135,244,225,58,10
25,4,7,21,45,97,198,185,46,7
26,2,3,9,22,39,66,75,15,5
27,2,3,9,20,35,57,60,13,4
28,2,3,7,17,26,40,43,5,2
29,2,3,7,17,26,40,43,5,2
30,2,3,7,17,26,40,43,5,2
31,2,2,7,16,25,39,42,5,2
32,2,2,7,16,25,39,42,5,2
33,2,2,7,12,21,27,30,3,0
34,2,0,6,8,15,21,23,3,0
35,2,0,3,7,12,19,16,1,0
36,2,0,3,7,8,16,15,1,0
37,2,0,3,5,8,9,11,1,0
38,2,0,3,5,4,8,9,0,0
39,2,0,3,5,4,7,7,0,0
40,2,0,3,3,4,4,5,0,0
41,2,0,3,3,4,4,5,0,0
42,1,0,3,3,4,4,3,0,0
43,1,0,3,3,4,4,3,0,0
44,1,0,3,3,4,4,3,0,0
45,1,0,3,3,4,4,3,0,0
46,1,0,3,3,4,4,3,0,0
47,1,0,3,3,4,4,2,0,0
48,1,0,3,3,4,4,2,0,0
49,1,0,3,3,4,4,2,0,0
50,1,0,3,3,4,4,2,0,0
51,1,0,3,3,4,4,2,0,0
52,0,0,0,0,0,0,0,0,0
53,0,0,0,0,0,0,0,0,0
54,0,0,0,0,0,0,0,0,0
55,0,0,0,0,0,0,0,0,0
56,0,0,0,0,0,0,0,0,0
57,0,0,0,0,0,0,0,0,0
58,0,0,0,0,0,0,0,0,0
59,0,0,0,0,0,0,0,0,0
60,0,0,0,0,0,0,0,0,0
61,0,0,0,0,0,0,0,0,0
62,0,0,0,0,0,0,0,0,0
63,0,0,0,0,0,0,0,0,0
64,0,0,0,0,0,0,0,0,0
65,0,0,0,0,0,0,0,0,0
66,0,0,0,0,0,0,0,0,0
67,0,0,0,0,0,0,0,0,0
68,0,0,0,0,0,0,0,0,0
69,0,0,0,0,0,0,0,0,0
70,0,0,0,0,0,0,0,0,0
71,0,0,0,0,0,0,0,0,0
72,0,0,0,0,0,0,0,0,0
73,0,0,0,0,0,0,0,0,0
74,0,0,0,0,0,0,0,0,0
75,0,0,0,0,0,0,0,0,0
76,0,0,0,0,0,0,0,0,0
77,0,0,0,0,0,0,0,0,0
78,0,0,0,0,0,0,0,0,0
79,0,0,0,0,0,0,0,0,0
80,0,0,0,0,0,0,0,0,0
81,0,0,0,0,0,0,0,0,0
82,0,0,0,0,0,0,0,0,0
83,0,0,0,0,0,0,0,0,0
84,0,0,0,0,0,0,0,0,0
85,0,0,0,0,0,0,0,0,0
86,0,0,0,0,0,0,0,0,0
87,0,0,0,0,0,0,0,0,0
88,0,0,0,0,0,0,0,0,0
89,0,0,0,0,0,0,0,0,0
90,0,0,0,0,0,0,0,0,0
91,0,0,0,0,0,0,0,0,0
92,0,0,0,0,0,0,0,0,0
93,0,0,0,0,0,0,0,0,0
94,0,0,0,0,0,0,0,0,0
95,0,0,0,0,0,0,0,0,0
96,0,0,0,0,0,0,0,0,0
97,0,0,0,0,0,0,0,0,0
98,0,0,0,0,0,0,0,0,0
99,0,0,0,0,0,0,0,0,0
100,0,0,0,0,0,0,0,0,0
101,0,0,0,0,0,0,0,0,0
102,0,0,0,0,0,0,0,0,0
103,0,0,0,0,0,0,0,0,0
104,0,0,0,0,0,0,0,0,0
105,0,0,0,0,0,0,0,0,0
106,0,0,0,0,0,0,0,0,0
107,0,0,0,0,0,0,0,0,0
108,0,0,0,0,0,0,0,0,0
109,0,0,0,0,0,0,0,0,0
110,0,0,0,0,0,0,0,0,0
111,0,0,0,0,0,0,0,0,0
112,0,0,0,0,0,0,0,0,0
113,0,0,0,0,0,0,0,0,0
114,0,0,0,0,0,0,0,0,0
115,0,0,0,0,0,0,0,0,0
116,0,0,0,0,0,0,0,0,0
117,0,0,0,0,0,0,0,0,0
118,0,0,0,0,0,0,0,0,0
119,0,0,0,0,0,0,0,0,0
120,0,0,0,0,0,0,0,0,0
121,0,0,0,0,0,0,0,0,0
122,0,0,0,0,0,0,0,0,0
123,0,0,0,0,0,0,0,0,0
124,0,0,0,0,0,0,0,0,0
125,0,0,0,0,0,0,0,0,0
126,0,0,0,0,0,0,0,0,0
127,0,0,0,0,0,0,0,0,0
128,0,0,0,0,0,0,0,0,0
129,0,0,0,0,0,0,0,0,0
130,0,0,0,0,0,0,0,0,0
131,0,0,0,0,0,0,0,0,0
132,0,0,0,0,0,0,0,0,0
133,0,0,0,0,0,0,0,0,0
134,0,0,0,0,0,0,0,0,0
135,0,0,0,0,0,0,0,0,0
136,0,0,0,0,0,0,0,0,0
137,0,0,0,0,0,0,0,0,0
138,0,0,0,0,0,0,0,0,0
139,0,0,0,0,0,0,0,0,0
140,0,0,0,0,0,0,0,0,0
141,0,0,0,0,0,0,0,0,0
142,0,0,0,0,0,0,0,0,0
143,0,0,0,0,0,0,0,0,0
144,0,0,0,0,0,0,0,0,0
145,0,0,0,0,0,0,0,0,0
146,0,0,0,0,0,0,0,0,0
147,0,0,0,0,0,0,0,0,0
148,0,0,0,0,0,0,0,0,0
149,0,0,0,0,0,0,0,0,0
150,0,0,0,0,0,0,0,0,0
151,0,0,0,0,0,0,0,0,0
152,0,0,0,0,0,0,0,0,0
153,0,0,0,0,0,0,0,0,0
154,0,0,0,0,0,0,0,0,0
155,0,0,0,0,0,0,0,0,0
156,0,0,0,0,0,0,0,0,0
157,0,0,0,0,0,0,0,0,0
158,0,0,0,0,0,0,0,0,0
159,0,0,0,0,0,0,0,0,0
160,0,0,0,0,0,0,0,0,0
161,0,0,0,0,0,0,0,0,0
162,0,0,0,0,0,0,0,0,0
163,0,0,0,0,0,0,0,0,0
164,0,0,0,0,0,0,0,0,0
165,0,0,0,0,0,0,0,0,0
166,0,0,0,0,0,0,0,0,0
167,0,0,0,0,0,0,0,0,0
168,0,0,0,0,0,0,0,0,0
169,0,0,0,0,0,0,0,0,0
170,0,0,0,0,0,0,0,0,0
171,0,0,0,0,0,0,0,0,0
172,0,0,0,0,0,0,0,0,0
173,0,0,0,0,0,0,0,0,0
174,0,0,0,0,0,0,0,0,0
175,0,0,0,0,0,0,0,0,0
176,0,0,0,0,0,0,0,0,0
177,0,0,0,0,0,0,0,0,0
178,0,0,0,0,0,0,0,0,0
179,0,0,0,0,0,0,0,0,0
180,0,0,0,0,0,0,0,0,0
181,0,0,0,0,0,0,0,0,0
182,0,0,0,0,0,0,0,0,0
183,0,0,0,0,0,0,0,0,0
184,0,0,0,0,0,0,0,0,0
185,0,0,0,0,0,0,0,0,0
186,0,0,0,0,0,0,0,0,0
187,0,0,0,0,0,0,0,0,0
188,0,0,0,0,0,0,0,0,0
189,0,0,0,0,0,0,0,0,0
190,0,0,0,0,0,0,0,0,0
191,0,0,0,0,0,0,0,0,0
192,0,0,0,0,0,0,0,0,0
193,0,0,0,0,0,0,0,0,0
194,0,0,0,0,0,0,0,0,0
195,0,0,0,0,0,0,0,0,0
196,0,0,0,0,0,0,0,0,0
197,0,0,0,0,0,0,0,0,0
198,0,0,0,0,0,0,0,0,0
199,0,0,0,0,0,0,0,0,0
200,0,0,0,0,0,0,0,0,0
201,0,0,0,0,0,0,0,0,0
202,0,0,0,0,0,0,0,0,0
203,0,0,0,0,0,0,0,0,0
204,0,0,0,0,0,0,0,0,0
205,0,0,0,0,0,0,0,0,0
206,0,0,0,0,0,0,0,0,0
207,0,0,0,0,0,0,0,0,0
208,0,0,0,0,0,0,0,0,0
209,0,0,0,0,0,0,0,0,0
210,0,0,0,0,0,0,0,0,0
211,0,0,0,0,0,0,0,0,0
212,0,0,0,0,0,0,0,0,0
213,0,0,0,0,0,0,0,0,0
214,0,0,0,0,0,0,0,0,0
215,0,0,0,0,0,0,0,0,0
216,0,0,0,0,0,0,0,0,0
217,0,0,0,0,0,0,0,0,0
218,0,0,0,0,0,0,0,0,0
219,0,0,0,0,0,0,0,0,0
220,0,0,0,0,0,0,0,0,0
221,0,0,0,0,0,0,0,0,0
222,0,0,0,0,0,0,0,0,0
223,0,0,0,0,0,0,0,0,0
224,0,0,0,0,0,0,0,0,0
225,0,0,0,0,0,0,0,0,0
226,0,0,0,0,0,0,0,0,0
227,0,0,0,0,0,0,0,0,0
228,0,0,0,0,0,0,0,0,0
229,0,0,0,0,0,0,0,0,0
230,0,0,0,0,0,0,0,0,0
231,0,0,0,0,0,0,0,0,0
232,0,0,0,0,0,0,0,0,0
233,0,0,0,0,0,0,0,0,0
234,0,0,0,0,0,0,0,0,0
235,0,0,0,0,0,0,0,0,0
236,0,0,0,0,0,0,0,0,0
237,0,0,0,0,0,0,0,0,0
238,0,0,0,0,0,0,0,0,0
239,0,0,0,0,0,0,0,0,0
240,0,0,0,0,0,0,0,0,0
241,0,0,0,0,0,0,0,0,0
242,0,0,0,0,0,0,0,0,0
243,0,0,0,0,0,0,0,0,0
244,0,0,0,0,0,0,0,0,0
245,0,0,0,0,0,0,0,0,0
246,0,0,0,0,0,0,0,0,0
247,0,0,0,0,0,0,0,0,0
248,0,0,0,0,0,0,0,0,0
249,0,0,0,0,0,0,0,0,0
250,0,0,0,0,0,0,0,0,0
251,0,0,0,0,0,0,0,0,0
252,0,0,0,0,0,0,0,0,0
253,0,0,0,0,0,0,0,0,0
254,0,0,0,0,0,0,0,0,0
255,0,0,0,0,0,0,0,0,0
256,0,0,0,0,0,0,0,0,0
257,0,0,0,0,0,0,0,0,0
258,0,0,0,0,0,0,0,0,0
259,0,0,0,0,0,0,0,0,0
260,0,0,0,0,0,0,0,0,0
261,0,0,0,0,0,0,0,0,0
262,0,0,0,0,0,0,0,0,0
263,0,0,0,0,0,0,0,0,0
264,0,0,0,0,0,0,0,0,0
265,0,0,0,0,0,0,0,0,0
266,0,0,0,0,0,0,0,0,0
267,0,0,0,0,0,0,0,0,0
268,0,0,0,0,0,0,0,0,0
269,0,0,0,0,0,0,0,0,0
270,0,0,0,0,0,0,0,0,0
271,0,0,0,0,0,0,0,0,0
272,0,0,0,0,0,0,0,0,0
273,0,0,0,0,0,0,0,0,0
274,0,0,0,0,0,0,0,0,0
275,0,0,0,0,0,0,0,0,0
276,0,0,0,0,0,0,0,0,0
277,0,0,0,0,0,0,0,0,0
278,0,0,0,0,0,0,0,0,0
279,0,0,0,0,0,0,0,0,0
280,0,0,0,0,0,0,0,0,0
281,0,0,0,0,0,0,0,0,0
282,0,0,0,0,0,0,0,0,0
283,0,0,0,0,0,0,0,0,0
284,0,0,0,0,0,0,0,0,0
285,0,0,0,0,0,0,0,0,0
286,0,0,0,0,0,0,0,0,0
287,0,0,0,0,0,0,0,0,0
288,0,0,0,0,0,0,0,0,0
289,0,0,0,0,0,0,0,0,0
290,0,0,0,0,0,0,0,0,0
291,0,0,0,0,0,0,0,0,0
292,0,0,0,0,0,0,0,0,0
293,0,0,0,0,0,0,0,0,0
294,0,0,0,0,0,0,0,0,0
295,0,0,0,0,0,0,0,0,0
296,0,0,0,0,0,0,0,0,0
297,0,0,0,0,0,0,0,0,0
298,0,0,0,0,0,0,0,0,0
299,0,0,0,0,0,0,0,0,0
300,0,0,0,0,0,0,0,0,0
301,0,0,0,0,0,0,0,0,0
302,0,0,0,0,0,0,0,0,0
303,0,0,0,0,0,0,0,0,0
304,0,0,0,0,0,0,0,0,0
305,0,0,0,0,0,0,0,0,0
306,0,0,0,0,0,0,0,0,0
307,0,0,0,0,0,0,0,0,0
308,0,0,0,0,0,0,0,0,0
309,0,0,0,0,0,0,0,0,0
310,0,0,0,0,0,0,0,0,0
311,0,0,0,0,0,0,0,0,0
312,0,0,0,0,0,0,0,0,0
313,0,0,0,0,0,0,0,0,0
314,0,0,0,0,0,0,0,0,0
315,0,0,0,0,0,0,0,0,0
316,0,0,0,0,0,0,0,0,0
317,0,0,0,0,0,0,0,0,0
318,0,0,0,0,0,0,0,0,0
319,0,0,0,0,0,0,0,0,0
320,0,0,0,0,0,0,0,0,0
321,0,0,0,0,0,0,0,0,0
322,0,0,0,0,0,0,0,0,0
323,0,0,0,0,0,0,0,0,0
324,0,0,0,0,0,0,0,0,0
325,0,0,0,0,0,0,0,0,0
326,0,0,0,0,0,0,0,0,0
327,0,0,0,0,0,0,0,0,0
328,0,0,0,0,0,0,0,0,0
329,0,0,0,0,0,0,0,0,0
330,0,0,0,0,0,0,0,0,0
331,0,0,0,0,0,0,0,0,0
332,0,0,0,0,0,0,0,0,0
333,0,0,0,0,0,0,0,0,0
334,0,0,0,0,0,0,0,0,0
335,0,0,0,0,0,0,0,0,0
336,0,0,0,0,0,0,0,0,0
337,0,0,0,0,0,0,0,0,0
338,0,0,0,0,0,0,0,0,0
339,0,0,0,0,0,0,0,0,0
340,0,0,0,0,0,0,0,0,0
341,0,0,0,0,0,0,0,0,0
342,0,0,0,0,0,0,0,0,0
343,0,0,0,0,0,0,0,0,0
344,0,0,0,0,0,0,0,0,0
345,0,0,0,0,0,0,0,0,0
346,0,0,0,0,0,0,0,0,0
347,0,0,0,0,0,0,0,0,0
348,0,0,0,0,0,0,0,0,0
349,0,0,0,0,0,0,0,0,0
350,0,0,0,0,0,0,0,0,0
351,0,0,0,0,0,0,0,0,0
352,0,0,0,0,0,0,0,0,0
353,0,0,0,0,0,0,0,0,0
354,0,0,0,0,0,0,0,0,0
355,0,0,0,0,0,0,0,0,0
356,0,0,0,0,0,0,0,0,0
357,0,0,0,0,0,0,0,0,0
358,0,0,0,0,0,0,0,0,0
359,0,0,0,0,0,0,0,0,0
360,0,0,0,0,0,0,0,0,0
361,0,0,0,0,0,0,0,0,0
362,0,0,0,0,0,0,0,0,0
363,0,0,0,0,0,0,0,0,0
364,0,0,0,0,0,0,0,0,0
365,0,0,0,0,0,0,0,0,0
366,0,0,0,0,0,0,0,0,0
367,0,0,0,0,0,0,0,0,0
368,0,0,0,0,0,0,0,0,0
369,0,0,0,0,0,0,0,0,0
370,0,0,0,0,0,0,0,0,0
371,0,0,0,0,0,0,0,0,0
372,0,0,0,0,0,0,0,0,0
373,0,0,0,0,0,0,0,0,0
374,0,0,0,0,0,0,0,0,0
375,0,0,0,0,0,0,0,0,0
376,0,0,0,0,0,0,0,0,0
377,0,0,0,0,0,0,0,0,0
378,0,0,0,0,0,0,0,0,0
379,0,0,0,0,0,0,0,0,0
380,0,0,0,0,0,0,0,0,0
381,0,0,0,0,0,0,0,0,0
382,0,0,0,0,0,0,0,0,0
383,0,0,0,0,0,0,0,0,0
384,0,0,0,0,0,0,0,0,0
385,0,0,0,0,0,0,0,0,0
386,0,0,0,0,0,0,0,0,0
387,0,0,0,0,0,0,0,0,0
388,0,0,0,0,0,0,0,0,0
389,0,0,0,0,0,0,0,0,0
390,0,0,0,0,0,0,0,0,0
391,0,0,0,0,0,0,0,0,0
392,0,0,0,0,0,0,0,0,0
393,0,0,0,0,0,0,0,0,0
394,0,0,0,0,0,0,0,0,0
395,0,0,0,0,0,0,0,0,0
396,0,0,0,0,0,0,0,0,0
397,0,0,0,0,0,0,0,0,0
398,0,0,0,0,0,0,0,0,0
399,0,0,0,0,0,0,0,0,0
400,0,0,0,0,0,0,0,0,0
401,0,0,0,0,0,0,0,0,0
402,0,0,0,0,0,0,0,0,0
403,0,0,0,0,0,0,0,0,0
404,0,0,0,0,0,0,0,0,0
405,0,0,0,0,0,0,0,0,0
406,0,0,0,0,0,0,0,0,0
407,0,0,0,0,0,0,0,0,0
408,0,0,0,0,0,0,0,0,0
409,0,0,0,0,0,0,0,0,0
410,0,0,0,0,0,0,0,0,0
411,0,0,0,0,0,0,0,0,0
412,0,0,0,0,0,0,0,0,0
413,0,0,0,0,0,0,0,0,0
414,0,0,0,0,0,0,0,0,0
415,0,0,0,0,0,0,0,0,0
416,0,0,0,0,0,0,0,0,0
417,0,0,0,0,0,0,0,0,0
418,0,0,0,0,0,0,0,0,0
419,0,0,0,0,0,0,0,0,0
420,0,0,0,0,0,0,0,0,0
421,0,0,0,0,0,0,0,0,0
422,0,0,0,0,0,0,0,0,0
423,0,0,0,0,0,0,0,0,0
424,0,0,0,0,0,0,0,0,0
425,0,0,0,0,0,0,0,0,0
426,0,0,0,0,0,0,0,0,0
427,0,0,0,0,0,0,0,0,0
428,0,0,0,0,0,0,0,0,0
429,0,0,0,0,0,0,0,0,0
430,0,0,0,0,0,0,0,0,0
431,0,0,0,0,0,0,0,0,0
432,0,0,0,0,0,0,0,0,0
433,0,0,0,0,0,0,0,0,0
434,0,0,0,0,0,0,0,0,0
435,0,0,0,0,0,0,0,0,0
436,0,0,0,0,0,0,0,0,0
437,0,0,0,0,0,0,0,0,0
438,0,0,0,0,0,0,0,0,0
439,0,0,0,0,0,0,0,0,0
440,0,0,0,0,0,0,0,0,0
441,0,0,0,0,0,0,0,0,0
442,0,0,0,0,0,0,0,0,0
443,0,0,0,0,0,0,0,0,0
444,0,0,0,0,0,0,0,0,0
445,0,0,0,0,0,0,0,0,0
446,0,0,0,0,0,0,0,0,0
447,0,0,0,0,0,0,0,0,0
448,0,0,0,0,0,0,0,0,0
449,0,0,0,0,0,0,0,0,0
450,0,0,0,0,0,0,0,0,0
451,0,0,0,0,0,0,0,0,0
452,0,0,0,0,0,0,0,0,0
453,0,0,0,0,0,0,0,0,0
454,0,0,0,0,0,0,0,0,0
455,0,0,0,0,0,0,0,0,0
456,0,0,0,0,0,0,0,0,0
457,0,0,0,0,0,0,0,0,0
458,0,0,0,0,0,0,0,0,0
459,0,0,0,0,0,0,0,0,0
460,0,0,0,0,0,0,0,0,0
461,0,0,0,0,0,0,0,0,0
462,0,0,0,0,0,0,0,0,0
463,0,0,0,0,0,0,0,0,0
464,0,0,0,0,0,0,0,0,0
465,0,0,0,0,0,0,0,0,0
466,0,0,0,0,0,0,0,0,0
467,0,0,0,0,0,0,0,0,0
468,0,0,0,0,0,0,0,0,0
469,0,0,0,0,0,0,0,0,0
470,0,0,0,0,0,0,0,0,0
471,0,0,0,0,0,0,0,0,0
472,0,0,0,0,0,0,0,0,0
473,0,0,0,0,0,0,0,0,0
474,0,0,0,0,0,0,0,0,0
475,0,0,0,0,0,0,0,0,0
476,0,0,0,0,0,0,0,0,0
477,0,0,0,0,0,0,0,0,0
478,0,0,0,0,0,0,0,0,0
479,0,0,0,0,0,0,0,0,0
480,0,0,0,0,0,0,0,0,0
481,0,0,0,0,0,0,0,0,0
482,0,0,0,0,0,0,0,0,0
483,0,0,0,0,0,0,0,0,0
484,0,0,0,0,0,0,0,0,0
485,0,0,0,0,0,0,0,0,0
486,0,0,0,0,0,0,0,0,0
487,0,0,0,0,0,0,0,0,0
488,0,0,0,0,0,0,0,0,0
489,0,0,0,0,0,0,0,0,0
490,0,0,0,0,0,0,0,0,0
491,0,0,0,0,0,0,0,0,0
492,0,0,0,0,0,0,0,0,0
493,0,0,0,0,0,0,0,0,0
494,0,0,0,0,0,0,0,0,0
495,0,0,0,0,0,0,0,0,0
496,0,0,0,0,0,0,0,0,0
497,0,0,0,0,0,0,0,0,0
498,0,0,0,0,0,0,0,0,0
499,0,0,0,0,0,0,0,0,0
500,0,0,0,0,0,0,0,0,0
501,0,0,0,0,0,0,0,0,0
502,0,0,0,0,0,0,0,0,0
503,0,0,0,0,0,0,0,0,0
504,0,0,0,0,0,0,0,0,0
505,0,0,0,0,0,0,0,0,0
506,0,0,0,0,0,0,0,0,0
507,0,0,0,0,0,0,0,0,0
508,0,0,0,0,0,0,0,0,0
509,0,0,0,0,0,0,0,0,0
510,0,0,0,0,0,0,0,0,0
511,0,0,0,0,0,0,0,0,0
512,0,0,0,0,0,0,0,0,0
513,0,0,0,0,0,0,0,0,0
514,0,0,0,0,0,0,0,0,0
515,0,0,0,0,0,0,0,0,0
516,0,0,0,0,0,0,0,0,0
517,0,0,0,0,0,0,0,0,0
518,0,0,0,0,0,0,0,0,0
519,0,0,0,0,0,0,0,0,0
520,0,0,0,0,0,0,0,0,0
521,0,0,0,0,0,0,0,0,0
522,0,0,0,0,0,0,0,0,0
523,0,0,0,0,0,0,0,0,0
524,0,0,0,0,0,0,0,0,0
525,0,0,0,0,0,0,0,0,0
526,0,0,0,0,0,0,0,0,0
527,0,0,0,0,0,0,0,0,0
528,0,0,0,0,0,0,0,0,0
529,0,0,0,0,0,0,0,0,0
530,0,0,0,0,0,0,0,0,0
531,0,0,0,0,0,0,0,0,0
532,0,0,0,0,0,0,0,0,0
533,0,0,0,0,0,0,0,0,0
534,0,0,0,0,0,0,0,0,0
535,0,0,0,0,0,0,0,0,0
536,0,0,0,0,0,0,0,0,0
537,0,0,0,0,0,0,0,0,0
538,0,0,0,0,0,0,0,0,0
539,0,0,0,0,0,0,0,0,0
540,0,0,0,0,0,0,0,0,0
541,0,0,0,0,0,0,0,0,0
542,0,0,0,0,0,0,0,0,0
543,0,0,0,0,0,0,0,0,0
544,0,0,0,0,0,0,0,0,0
545,0,0,0,0,0,0,0,0,0
546,0,0,0,0,0,0,0,0,0
547,0,0,0,0,0,0,0,0,0
548,0,0,0,0,0,0,0,0,0
549,0,0,0,0,0,0,0,0,0
550,0,0,0,0,0,0,0,0,0
551,0,0,0,0,0,0,0,0,0
552,0,0,0,0,0,0,0,0,0
553,0,0,0,0,0,0,0,0,0
554,0,0,0,0,0,0,0,0,0
555,0,0,0,0,0,0,0,0,0
556,0,0,0,0,0,0,0,0,0
557,0,0,0,0,0,0,0,0,0
558,0,0,0,0,0,0,0,0,0
559,0,0,0,0,0,0,0,0,0
560,0,0,0,0,0,0,0,0,0
561,0,0,0,0,0,0,0,0,0
562,0,0,0,0,0,0,0,0,0
563,0,0,0,0,0,0,0,0,0
564,0,0,0,0,0,0,0,0,0
565,0,0,0,0,0,0,0,0,0
566,0,0,0,0,0,0,0,0,0
567,0,0,0,0,0,0,0,0,0
568,0,0,0,0,0,0,0,0,0
569,0,0,0,0,0,0,0,0,0
570,0,0,0,0,0,0,0,0,0
571,0,0,0,0,0,0,0,0,0
572,0,0,0,0,0,0,0,0,0
573,0,0,0,0,0,0,0,0,0
574,0,0,0,0,0,0,0,0,0
575,0,0,0,0,0,0,0,0,0
576,0,0,0,0,0,0,0,0,0
577,0,0,0,0,0,0,0,0,0
578,0,0,0,0,0,0,0,0,0
579,0,0,0,0,0,0,0,0,0
580,0,0,0,0,0,0,0,0,0
581,0,0,0,0,0,0,0,0,0
582,0,0,0,0,0,0,0,0,0
583,0,0,0,0,0,0,0,0,0
584,0,0,0,0,0,0,0,0,0
585,0,0,0,0,0,0,0,0,0
586,0,0,0,0,0,0,0,0,0
587,0,0,0,0,0,0,0,0,0
588,0,0,0,0,0,0,0,0,0
589,0,0,0,0,0,0,0,0,0
590,0,0,0,0,0,0,0,0,0
591,0,0,0,0,0,0,0,0,0
592,0,0,0,0,0,0,0,0,0
593,0,0,0,0,0,0,0,0,0
594,0,0,0,0,0,0,0,0,0
595,0,0,0,0,0,0,0,0,0
596,0,0,0,0,0,0,0,0,0
597,0,0,0,0,0,0,0,0,0
598,0,0,0,0,0,0,0,0,0
599,0,0,0,0,0,0,0,0,0
600,0,0,0,0,0,0,0,0,0
601,0,0,0,0,0,0,0,0,0
602,0,0,0,0,0,0,0,0,0
603,0,0,0,0,0,0,0,0,0
604,0,0,0,0,0,0,0,0,0
605,0,0,0,0,0,0,0,0,0
606,0,0,0,0,0,0,0,0,0
607,0,0,0,0,0,0,0,0,0
608,0,0,0,0,0,0,0,0,0
609,0,0,0,0,0,0,0,0,0
610,0,0,0,0,0,0,0,0,0
611,0,0,0,0,0,0,0,0,0
612,0,0,0,0,0,0,0,0,0
613,0,0,0,0,0,0,0,0,0
614,0,0,0,0,0,0,0,0,0
615,0,0,0,0,0,0,0,0,0
616,0,0,0,0,0,0,0,0,0
617,0,0,0,0,0,0,0,0,0
618,0,0,0,0,0,0,0,0,0
619,0,0,0,0,0,0,0,0,0
620,0,0,0,0,0,0,0,0,0
621,0,0,0,0,0,0,0,0,0
622,0,0,0,0,0,0,0,0,0
623,0,0,0,0,0,0,0,0,0
624,0,0,0,0,0,0,0,0,0
625,0,0,0,0,0,0,0,0,0
626,0,0,0,0,0,0,0,0,0
627,0,0,0,0,0,0,0,0,0
628,0,0,0,0,0,0,0,0,0
629,0,0,0,0,0,0,0,0,0
630,0,0,0,0,0,0,0,0,0
631,0,0,0,0,0,0,0,0,0
632,0,0,0,0,0,0,0,0,0
633,0,0,0,0,0,0,0,0,0
634,0,0,0,0,0,0,0,0,0
635,0,0,0,0,0,0,0,0,0
636,0,0,0,0,0,0,0,0,0
637,0,0,0,0,0,0,0,0,0
638,0,0,0,0,0,0,0,0,0
639,0,0,0,0,0,0,0,0,0
640,0,0,0,0,0,0,0,0,0
641,0,0,0,0,0,0,0,0,0
642,0,0,0,0,0,0,0,0,0
643,0,0,0,0,0,0,0,0,0
644,0,0,0,0,0,0,0,0,0
645,0,0,0,0,0,0,0,0,0
646,0,0,0,0,0,0,0,0,0
647,0,0,0,0,0,0,0,0,0
648,0,0,0,0,0,0,0,0,0
649,0,0,0,0,0,0,0,0,0
650,0,0,0,0,0,0,0,0,0
651,0,0,0,0,0,0,0,0,0
652,0,0,0,0,0,0,0,0,0
653,0,0,0,0,0,0,0,0,0
654,0,0,0,0,0,0,0,0,0
655,0,0,0,0,0,0,0,0,0
656,0,0,0,0,0,0,0,0,0
657,0,0,0,0,0,0,0,0,0
658,0,0,0,0,0,0,0,0,0
659,0,0,0,0,0,0,0,0,0
660,0,0,0,0,0,0,0,0,0
661,0,0,0,0,0,0,0,0,0
662,0,0,0,0,0,0,0,0,0
663,0,0,0,0,0,0,0,0,0
664,0,0,0,0,0,0,0,0,0
665,0,0,0,0,0,0,0,0,0
666,0,0,0,0,0,0,0,0,0
667,0,0,0,0,0,0,0,0,0
668,0,0,0,0,0,0,0,0,0
669,0,0,0,0,0,0,0,0,0
670,0,0,0,0,0,0,0,0,0
671,0,0,0,0,0,0,0,0,0
672,0,0,0,0,0,0,0,0,0
673,0,0,0,0,0,0,0,0,0
674,0,0,0,0,0,0,0,0,0
675,0,0,0,0,0,0,0,0,0
676,0,0,0,0,0,0,0,0,0
677,0,0,0,0,0,0,0,0,0
678,0,0,0,0,0,0,0,0,0
679,0,0,0,0,0,0,0,0,0
680,0,0,0,0,0,0,0,0,0
681,0,0,0,0,0,0,0,0,0
682,0,0,0,0,0,0,0,0,0
683,0,0,0,0,0,0,0,0,0
684,0,0,0,0,0,0,0,0,0
685,0,0,0,0,0,0,0,0,0
686,0,0,0,0,0,0,0,0,0
687,0,0,0,0,0,0,0,0,0
688,0,0,0,0,0,0,0,0,0
689,0,0,0,0,0,0,0,0,0
690,0,0,0,0,0,0,0,0,0
691,0,0,0,0,0,0,0,0,0
692,0,0,0,0,0,0,0,0,0
693,0,0,0,0,0,0,0,0,0
694,0,0,0,0,0,0,0,0,0
695,0,0,0,0,0,0,0,0,0
696,0,0,0,0,0,0,0,0,0
697,0,0,0,0,0,0,0,0,0
698,0,0,0,0,0,0,0,0,0
699,0,0,0,0,0,0,0,0,0
700,0,0,0,0,0,0,0,0,0
701,0,0,0,0,0,0,0,0,0
702,0,0,0,0,0,0,0,0,0
703,0,0,0,0,0,0,0,0,0
704,0,0,0,0,0,0,0,0,0
705,0,0,0,0,0,0,0,0,0
706,0,0,0,0,0,0,0,0,0
707,0,0,0,0,0,0,0,0,0
708,0,0,0,0,0,0,0,0,0
709,0,0,0,0,0,0,0,0,0
710,0,0,0,0,0,0,0,0,0
711,0,0,0,0,0,0,0,0,0
712,0,0,0,0,0,0,0,0,0
713,0,0,0,0,0,0,0,0,0
714,0,0,0,0,0,0,0,0,0
715,0,0,0,0,0,0,0,0,0
716,0,0,0,0,0,0,0,0,0
717,0,0,0,0,0,0,0,0,0
718,0,0,0,0,0,0,0,0,0
719,0,0,0,0,0,0,0,0,0
720,0,0,0,0,0,0,0,0,0
721,0,0,0,0,0,0,0,0,0
722,0,0,0,0,0,0,0,0,0
723,0,0,0,0,0,0,0,0,0
724,0,0,0,0,0,0,0,0,0
725,0,0,0,0,0,0,0,0,0
726,0,0,0,0,0,0,0,0,0
727,0,0,0,0,0,0,0,0,0
728,0,0,0,0,0,0,0,0,0
729,0,0,0,0,0,0,0,0,0
730,0,0,0,0,0,0,0,0,0
731,0,0,0,0,0,0,0,0,0
732,0,0,0,0,0,0,0,0,0
733,0,0,0,0,0,0,0,0,0
734,0,0,0,0,0,0,0,0,0
735,0,0,0,0,0,0,0,0,0
736,0,0,0,0,0,0,0,0,0
737,0,0,0,0,0,0,0,0,0
738,0,0,0,0,0,0,0,0,0
739,0,0,0,0,0,0,0,0,0
740,0,0,0,0,0,0,0,0,0
741,0,0,0,0,0,0,0,0,0
742,0,0,0,0,0,0,0,0,0
743,0,0,0,0,0,0,0,0,0
744,0,0,0,0,0,0,0,0,0
745,0,0,0,0,0,0,0,0,0
746,0,0,0,0,0,0,0,0,0
747,0,0,0,0,0,0,0,0,0
748,0,0,0,0,0,0,0,0,0
749,0,0,0,0,0,0,0,0,0
750,0,0,0,0,0,0,0,0,0
0,194,7257,201425,4077983,57373546,517292847,2626655236,5935079656,3356972874
1,113,3161,70216,1135697,12786342,92383649,376371037,683406176,311044347
2,80,1766,32366,430978,4008974,23885021,80107912,119576726,44728978
3,45,781,12749,148624,1210940,6342953,18778573,24842689,8258828
4,28,454,6238,62679,433205,1930064,4869429,5493508,1558689
5,10,234,3021,25603,151180,573063,1231160,1181479,283607
6,5,136,1531,12326,68774,243383,486319,435960,98163
7,2,49,475,3499,18557,61632,114761,94648,19367
8,2,44,396,2639,12884,39440,67710,51768,9906
9,2,37,289,1764,7886,22207,34864,24848,4447
10,2,31,207,1171,4703,11915,16887,10532,1703
11,1,23,98,478,1769,4525,6447,4023,609
12,0,19,79,359,1241,3027,4093,2416,320
13,0,12,61,267,912,2183,2872,1723,224
14,0,12,60,258,861,2046,2682,1617,210
15,0,7,28,106,272,586,666,368,47
16,0,7,27,95,226,435,447,228,20
17,0,6,26,88,208,389,389,193,14
18,0,5,22,68,161,283,280,148,12
19,0,5,20,52,129,217,198,102,5
20,0,5,19,48,109,167,140,65,2
21,0,5,18,47,98,147,124,57,2
22,0,0,0,0,0,0,0,0,0
23,0,0,0,0,0,0,0,0,0
24,0,0,0,0,0,0,0,0,0
25,0,0,0,0,0,0,0,0,0
26,0,0,0,0,0,0,0,0,0
27,0,0,0,0,0,0,0,0,0
28,0,0,0,0,0,0,0,0,0
29,0,0,0,0,0,0,0,0,0
30,0,0,0,0,0,0,0,0,0
31,0,0,0,0,0,0,0,0,0
32,0,0,0,0,0,0,0,0,0
33,0,0,0,0,0,0,0,0,0
34,0,0,0,0,0,0,0,0,0
35,0,0,0,0,0,0,0,0,0
36,0,0,0,0,0,0,0,0,0
37,0,0,0,0,0,0,0,0,0
38,0,0,0,0,0,0,0,0,0
39,0,0,0,0,0,0,0,0,0
40,0,0,0,0,0,0,0,0,0
41,0,0,0,0,0,0,0,0,0
42,0,0,0,0,0,0,0,0,0
43,0,0,0,0,0,0,0,0,0
44,0,0,0,0,0,0,0,0,0
45,0,0,0,0,0,0,0,0,0
46,0,0,0,0,0,0,0,0,0
47,0,0,0,0,0,0,0,0,0
48,0,0,0,0,0,0,0,0,0
49,0,0,0,0,0,0,0,0,0
50,0,0,0,0,0,0,0,0,0
51,0,0,0,0,0,0,0,0,0
52,0,0,0,0,0,0,0,0,0
53,0,0,0,0,0,0,0,0,0
54,0,0,0,0,0,0,0,0,0
55,0,0,0,0,0,0,0,0,0
56,0,0,0,0,0,0,0,0,0
57,0,0,0,0,0,0,0,0,0
58,0,0,0,0,0,0,0,0,0
59,0,0,0,0,0,0,0,0,0
60,0,0,0,0,0,0,0,0,0
61,0,0,0,0,0,0,0,0,0
62,0,0,0,0,0,0,0,0,0
63,0,0,0,0,0,0,0,0,0
64,0,0,0,0,0,0,0,0,0
65,0,0,0,0,0,0,0,0,0
66,0,0,0,0,0,0,0,0,0
67,0,0,0,0,0,0,0,0,0
68,0,0,0,0,0,0,0,0,0
69,0,0,0,0,0,0,0,0,0
70,0,0,0,0,0,0,0,0,0
71,0,0,0,0,0,0,0,0,0
72,0,0,0,0,0,0,0,0,0
73,0,0,0,0,0,0,0,0,0
74,0,0,0,0,0,0,0,0,0
75,0,0,0,0,0,0,0,0,0
76,0,0,0,0,0,0,0,0,0
77,0,0,0,0,0,0,0,0,0
78,0,0,0,0,0,0,0,0,0
79,0,0,0,0,0,0,0,0,0
80,0,0,0,0,0,0,0,0,0
81,0,0,0,0,0,0,0,0,0
82,0,0,0,0,0,0,0,0,0
83,0,0,0,0,0,0,0,0,0
84,0,0,0,0,0,0,0,0,0
85,0,0,0,0,0,0,0,0,0
86,0,0,0,0,0,0,0,0,0
87,0,0,0,0,0,0,0,0,0
88,0,0,0,0,0,0,0,0,0
89,0,0,0,0,0,0,0,0,0
90,0,0,0,0,0,0,0,0,0
91,0,0,0,0,0,0,0,0,0
92,0,0,0,0,0,0,0,0,0
93,0,0,0,0,0,0,0,0,0
94,0,0,0,0,0,0,0,0,0
95,0,0,0,0,0,0,0,0,0
96,0,0,0,0,0,0,0,0,0
97,0,0,0,0,0,0,0,0,0
98,0,0,0,0,0,0,0,0,0
99,0,0,0,0,0,0,0,0,0
100,0,0,0,0,0,0,0,0,0
101,0,0,0,0,0,0,0,0,0
102,0,0,0,0,0,0,0,0,0
103,0,0,0,0,0,0,0,0,0
104,0,0,0,0,0,0,0,0,0
105,0,0,0,0,0,0,0,0,0
106,0,0,0,0,0,0,0,0,0
107,0,0,0,0,0,0,0,0,0
108,0,0,0,0,0,0,0,0,0
109,0,0,0,0,0,0,0,0,0
110,0,0,0,0,0,0,0,0,0
111,0,0,0,0,0,0,0,0,0
112,0,0,0,0,0,0,0,0,0
113,0,0,0,0,0,0,0,0,0
114,0,0,0,0,0,0,0,0,0
115,0,0,0,0,0,0,0,0,0
116,0,0,0,0,0,0,0,0,0
117,0,0,0,0,0,0,0,0,0
118,0,0,0,0,0,0,0,0,0
119,0,0,0,0,0,0,0,0,0
120,0,0,0,0,0,0,0,0,0
121,0,0,0,0,0,0,0,0,0
122,0,0,0,0,0,0,0,0,0
123,0,0,0,0,0,0,0,0,0
124,0,0,0,0,0,0,0,0,0
125,0,0,0,0,0,0,0,0,0
126,0,0,0,0,0,0,0,0,0
127,0,0,0,0,0,0,0,0,0
128,0,0,0,0,0,0,0,0,0
129,0,0,0,0,0,0,0,0,0
130,0,0,0,0,0,0,0,0,0
131,0,0,0,0,0,0,0,0,0
132,0,0,0,0,0,0,0,0,0
133,0,0,0,0,0,0,0,0,0
134,0,0,0,0,0,0,0,0,0
135,0,0,0,0,0,0,0,0,0
136,0,0,0,0,0,0,0,0,0
137,0,0,0,0,0,0,0,0,0
138,0,0,0,0,0,0,0,0,0
139,0,0,0,0,0,0,0,0,0
140,0,0,0,0,0,0,0,0,0
141,0,0,0,0,0,0,0,0,0
142,0,0,0,0,0,0,0,0,0
143,0,0,0,0,0,0,0,0,0
144,0,0,0,0,0,0,0,0,0
145,0,0,0,0,0,0,0,0,0
146,0,0,0,0,0,0,0,0,0
147,0,0,0,0,0,0,0,0,0
148,0,0,0,0,0,0,0,0,0
149,0,0,0,0,0,0,0,0,0
150,0,0,0,0,0,0,0,0,0
151,0,0,0,0,0,0,0,0,0
152,0,0,0,0,0,0,0,0,0
153,0,0,0,0,0,0,0,0,0
154,0,0,0,0,0,0,0,0,0
155,0,0,0,0,0,0,0,0,0
156,0,0,0,0,0,0,0,0,0
157,0,0,0,0,0,0,0,0,0
158,0,0,0,0,0,0,0,0,0
159,0,0,0,0,0,0,0,0,0
160,0,0,0,0,0,0,0,0,0
161,0,0,0,0,0,0,0,0,0
162,0,0,0,0,0,0,0,0,0
163,0,0,0,0,0,0,0,0,0
164,0,0,0,0,0,0,0,0,0
165,0,0,0,0,0,0,0,0,0
166,0,0,0,0,0,0,0,0,0
167,0,0,0,0,0,0,0,0,0
168,0,0,0,0,0,0,0,0,0
169,0,0,0,0,0,0,0,0,0
170,0,0,0,0,0,0,0,0,0
171,0,0,0,0,0,0,0,0,0
172,0,0,0,0,0,0,0,0,0
173,0,0,0,0,0,0,0,0,0
174,0,0,0,0,0,0,0,0,0
175,0,0,0,0,0,0,0,0,0
176,0,0,0,0,0,0,0,0,0
177,0,0,0,0,0,0,0,0,0
178,0,0,0,0,0,0,0,0,0
179,0,0,0,0,0,0,0,0,0
180,0,0,0,0,0,0,0,0,0
181,0,0,0,0,0,0,0,0,0
182,0,0,0,0,0,0,0,0,0
183,0,0,0,0,0,0,0,0,0
184,0,0,0,0,0,0,0,0,0
185,0,0,0,0,0,0,0,0,0
186,0,0,0,0,0,0,0,0,0
187,0,0,0,0,0,0,0,0,0
188,0,0,0,0,0,0,0,0,0
189,0,0,0,0,0,0,0,0,0
190,0,0,0,0,0,0,0,0,0
191,0,0,0,0,0,0,0,0,0
192,0,0,0,0,0,0,0,0,0
193,0,0,0,0,0,0,0,0,0
194,0,0,0,0,0,0,0,0,0
195,0,0,0,0,0,0,0,0,0
196,0,0,0,0,0,0,0,0,0
197,0,0,0,0,0,0,0,0,0
198,0,0,0,0,0,0,0,0,0
199,0,0,0,0,0,0,0,0,0
200,0,0,0,0,0,0,0,0,0
201,0,0,0,0,0,0,0,0,0
202,0,0,0,0,0,0,0,0,0
203,0,0,0,0,0,0,0,0,0
204,0,0,0,0,0,0,0,0,0
205,0,0,0,0,0,0,0,0,0
206,0,0,0,0,0,0,0,0,0
207,0,0,0,0,0,0,0,0,0
208,0,0,0,0,0,0,0,0,0
209,0,0,0,0,0,0,0,0,0
210,0,0,0,0,0,0,0,0,0
211,0,0,0,0,0,0,0,0,0
212,0,0,0,0,0,0,0,0,0
213,0,0,0,0,0,0,0,0,0
214,0,0,0,0,0,0,0,0,0
215,0,0,0,0,0,0,0,0,0
216,0,0,0,0,0,0,0,0,0
217,0,0,0,0,0,0,0,0,0
218,0,0,0,0,0,0,0,0,0
219,0,0,0,0,0,0,0,0,0
220,0,0,0,0,0,0,0,0,0
221,0,0,0,0,0,0,0,0,0
222,0,0,0,0,0,0,0,0,0
223,0,0,0,0,0,0,0,0,0
224,0,0,0,0,0,0,0,0,0
225,0,0,0,0,0,0,0,0,0
226,0,0,0,0,0,0,0,0,0
227,0,0,0,0,0,0,0,0,0
228,0,0,0,0,0,0,0,0,0
229,0,0,0,0,0,0,0,0,0
230,0,0,0,0,0,0,0,0,0
231,0,0,0,0,0,0,0,0,0
232,0,0,0,0,0,0,0,0,0
233,0,0,0,0,0,0,0,0,0
234,0,0,0,0,0,0,0,0,0
235,0,0,0,0,0,0,0,0,0
236,0,0,0,0,0,0,0,0,0
237,0,0,0,0,0,0,0,0,0
238,0,0,0,0,0,0,0,0,0
239,0,0,0,0,0,0,0,0,0
240,0,0,0,0,0,0,0,0,0
241,0,0,0,0,0,0,0,0,0
242,0,0,0,0,0,0,0,0,0
243,0,0,0,0,0,0,0,0,0
244,0,0,0,0,0,0,0,0,0
245,0,0,0,0,0,0,0,0,0
246,0,0,0,0,0,0,0,0,0
247,0,0,0,0,0,0,0,0,0
248,0,0,0,0,0,0,0,0,0
249,0,0,0,0,0,0,0,0,0
250,0,0,0,0,0,0,0,0,0
251,0,0,0,0,0,0,0,0,0
252,0,0,0,0,0,0,0,0,0
253,0,0,0,0,0,0,0,0,0
254,0,0,0,0,0,0,0,0,0
255,0,0,0,0,0,0,0,0,0
256,0,0,0,0,0,0,0,0,0
257,0,0,0,0,0,0,0,0,0
258,0,0,0,0,0,0,0,0,0
259,0,0,0,0,0,0,0,0,0
260,0,0,0,0,0,0,0,0,0
261,0,0,0,0,0,0,0,0,0
262,0,0,0,0,0,0,0,0,0
263,0,0,0,0,0,0,0,0,0
264,0,0,0,0,0,0,0,0,0
265,0,0,0,0,0,0,0,0,0
266,0,0,0,0,0,0,0,0,0
267,0,0,0,0,0,0,0,0,0
268,0,0,0,0,0,0,0,0,0
269,0,0,0,0,0,0,0,0,0
270,0,0,0,0,0,0,0,0,0
271,0,0,0,0,0,0,0,0,0
272,0,0,0,0,0,0,0,0,0
273,0,0,0,0,0,0,0,0,0
274,0,0,0,0,0,0,0,0,0
275,0,0,0,0,0,0,0,0,0
276,0,0,0,0,0,0,0,0,0
277,0,0,0,0,0,0,0,0,0
278,0,0,0,0,0,0,0,0,0
279,0,0,0,0,0,0,0,0,0
280,0,0,0,0,0,0,0,0,0
281,0,0,0,0,0,0,0,0,0
282,0,0,0,0,0,0,0,0,0
283,0,0,0,0,0,0,0,0,0
284,0,0,0,0,0,0,0,0,0
285,0,0,0,0,0,0,0,0,0
286,0,0,0,0,0,0,0,0,0
287,0,0,0,0,0,0,0,0,0
288,0,0,0,0,0,0,0,0,0
289,0,0,0,0,0,0,0,0,0
290,0,0,0,0,0,0,0,0,0
291,0,0,0,0,0,0,0,0,0
292,0,0,0,0,0,0,0,0,0
293,0,0,0,0,0,0,0,0,0
294,0,0,0,0,0,0,0,0,0
295,0,0,0,0,0,0,0,0,0
296,0,0,0,0,0,0,0,0,0
297,0,0,0,0,0,0,0,0,0
298,0,0,0,0,0,0,0,0,0
299,0,0,0,0,0,0,0,0,0
300,0,0,0,0,0,0,0,0,0
301,0,0,0,0,0,0,0,0,0
302,0,0,0,0,0,0,0,0,0
303,0,0,0,0,0,0,0,0,0
304,0,0,0,0,0,0,0,0,0
305,0,0,0,0,0,0,0,0,0
306,0,0,0,0,0,0,0,0,0
307,0,0,0,0,0,0,0,0,0
308,0,0,0,0,0,0,0,0,0
309,0,0,0,0,0,0,0,0,0
310,0,0,0,0,0,0,0,0,0
311,0,0,0,0,0,0,0,0,0
312,0,0,0,0,0,0,0,0,0
313,0,0,0,0,0,0,0,0,0
314,0,0,0,0,0,0,0,0,0
315,0,0,0,0,0,0,0,0,0
316,0,0,0,0,0,0,0,0,0
317,0,0,0,0,0,0,0,0,0
318,0,0,0,0,0,0,0,0,0
319,0,0,0,0,0,0,0,0,0
320,0,0,0,0,0,0,0,0,0
321,0,0,0,0,0,0,0,0,0
322,0,0,0,0,0,0,0,0,0
323,0,0,0,0,0,0,0,0,0
324,0,0,0,0,0,0,0,0,0
325,0,0,0,0,0,0,0,0,0
326,0,0,0,0,0,0,0,0,0
327,0,0,0,0,0,0,0,0,0
328,0,0,0,0,0,0,0,0,0
329,0,0,0,0,0,0,0,0,0
330,0,0,0,0,0,0,0,0,0
331,0,0,0,0,0,0,0,0,0
332,0,0,0,0,0,0,0,0,0
333,0,0,0,0,0,0,0,0,0
334,0,0,0,0,0,0,0,0,0
335,0,0,0,0,0,0,0,0,0
336,0,0,0,0,0,0,0,0,0
337,0,0,0,0,0,0,0,0,0
338,0,0,0,0,0,0,0,0,0
339,0,0,0,0,0,0,0,0,0
340,0,0,0,0,0,0,0,0,0
341,0,0,0,0,0,0,0,0,0
342,0,0,0,0,0,0,0,0,0
343,0,0,0,0,0,0,0,0,0
344,0,0,0,0,0,0,0,0,0
345,0,0,0,0,0,0,0,0,0
346,0,0,0,0,0,0,0,0,0
347,0,0,0,0,0,0,0,0,0
348,0,0,0,0,0,0,0,0,0
349,0,0,0,0,0,0,0,0,0
350,0,0,0,0,0,0,0,0,0
351,0,0,0,0,0,0,0,0,0
352,0,0,0,0,0,0,0,0,0
353,0,0,0,0,0,0,0,0,0
354,0,0,0,0,0,0,0,0,0
355,0,0,0,0,0,0,0,0,0
356,0,0,0,0,0,0,0,0,0
357,0,0,0,0,0,0,0,0,0
358,0,0,0,0,0,0,0,0,0
359,0,0,0,0,0,0,0,0,0
360,0,0,0,0,0,0,0,0,0
361,0,0,0,0,0,0,0,0,0
362,0,0,0,0,0,0,0,0,0
363,0,0,0,0,0,0,0,0,0
364,0,0,0,0,0,0,0,0,0
365,0,0,0,0,0,0,0,0,0
366,0,0,0,0,0,0,0,0,0
367,0,0,0,0,0,0,0,0,0
368,0,0,0,0,0,0,0,0,0
369,0,0,0,0,0,0,0,0,0
370,0,0,0,0,0,0,0,0,0
371,0,0,0,0,0,0,0,0,0
372,0,0,0,0,0,0,0,0,0
373,0,0,0,0,0,0,0,0,0
374,0,0,0,0,0,0,0,0,0
375,0,0,0,0,0,0,0,0,0
376,0,0,0,0,0,0,0,0,0
377,0,0,0,0,0,0,0,0,0
378,0,0,0,0,0,0,0,0,0
379,0,0,0,0,0,0,0,0,0
380,0,0,0,0,0,0,0,0,0
381,0,0,0,0,0,0,0,0,0
382,0,0,0,0,0,0,0,0,0
383,0,0,0,0,0,0,0,0,0
384,0,0,0,0,0,0,0,0,0
385,0,0,0,0,0,0,0,0,0
386,0,0,0,0,0,0,0,0,0
387,0,0,0,0,0,0,0,0,0
388,0,0,0,0,0,0,0,0,0
389,0,0,0,0,0,0,0,0,0
390,0,0,0,0,0,0,0,0,0
391,0,0,0,0,0,0,0,0,0
392,0,0,0,0,0,0,0,0,0
393,0,0,0,0,0,0,0,0,0
394,0,0,0,0,0,0,0,0,0
395,0,0,0,0,0,0,0,0,0
396,0,0,0,0,0,0,0,0,0
397,0,0,0,0,0,0,0,0,0
398,0,0,0,0,0,0,0,0,0
399,0,0,0,0,0,0,0,0,0
400,0,0,0,0,0,0,0,0,0
401,0,0,0,0,0,0,0,0,0
402,0,0,0,0,0,0,0,0,0
403,0,0,0,0,0,0,0,0,0
404,0,0,0,0,0,0,0,0,0
405,0,0,0,0,0,0,0,0,0
406,0,0,0,0,0,0,0,0,0
407,0,0,0,0,0,0,0,0,0
408,0,0,0,0,0,0,0,0,0
409,0,0,0,0,0,0,0,0,0
410,0,0,0,0,0,0,0,0,0
411,0,0,0,0,0,0,0,0,0
412,0,0,0,0,0,0,0,0,0
413,0,0,0,0,0,0,0,0,0
414,0,0,0,0,0,0,0,0,0
415,0,0,0,0,0,0,0,0,0
416,0,0,0,0,0,0,0,0,0
417,0,0,0,0,0,0,0,0,0
418,0,0,0,0,0,0,0,0,0
419,0,0,0,0,0,0,0,0,0
420,0,0,0,0,0,0,0,0,0
421,0,0,0,0,0,0,0,0,0
422,0,0,0,0,0,0,0,0,0
423,0,0,0,0,0,0,0,0,0
424,0,0,0,0,0,0,0,0,0
425,0,0,0,0,0,0,0,0,0
426,0,0,0,0,0,0,0,0,0
427,0,0,0,0,0,0,0,0,0
428,0,0,0,0,0,0,0,0,0
429,0,0,0,0,0,0,0,0,0
430,0,0,0,0,0,0,0,0,0
431,0,0,0,0,0,0,0,0,0
432,0,0,0,0,0,0,0,0,0
433,0,0,0,0,0,0,0,0,0
434,0,0,0,0,0,0,0,0,0
435,0,0,0,0,0,0,0,0,0
436,0,0,0,0,0,0,0,0,0
437,0,0,0,0,0,0,0,0,0
438,0,0,0,0,0,0,0,0,0
439,0,0,0,0,0,0,0,0,0
440,0,0,0,0,0,0,0,0,0
441,0,0,0,0,0,0,0,0,0
442,0,0,0,0,0,0,0,0,0
443,0,0,0,0,0,0,0,0,0
444,0,0,0,0,0,0,0,0,0
445,0,0,0,0,0,0,0,0,0
446,0,0,0,0,0,0,0,0,0
447,0,0,0,0,0,0,0,0,0
448,0,0,0,0,0,0,0,0,0
449,0,0,0,0,0,0,0,0,0
450,0,0,0,0,0,0,0,0,0
451,0,0,0,0,0,0,0,0,0
452,0,0,0,0,0,0,0,0,0
453,0,0,0,0,0,0,0,0,0
454,0,0,0,0,0,0,0,0,0
455,0,0,0,0,0,0,0,0,0
456,0,0,0,0,0,0,0,0,0
457,0,0,0,0,0,0,0,0,0
458,0,0,0,0,0,0,0,0,0
459,0,0,0,0,0,0,0,0,0
460,0,0,0,0,0,0,0,0,0
461,0,0,0,0,0,0,0,0,0
462,0,0,0,0,0,0,0,0,0
463,0,0,0,0,0,0,0,0,0
464,0,0,0,0,0,0,0,0,0
465,0,0,0,0,0,0,0,0,0
466,0,0,0,0,0,0,0,0,0
467,0,0,0,0,0,0,0,0,0
468,0,0,0,0,0,0,0,0,0
469,0,0,0,0,0,0,0,0,0
470,0,0,0,0,0,0,0,0,0
471,0,0,0,0,0,0,0,0,0
472,0,0,0,0,0,0,0,0,0
473,0,0,0,0,0,0,0,0,0
474,0,0,0,0,0,0,0,0,0
475,0,0,0,0,0,0,0,0,0
476,0,0,0,0,0,0,0,0,0
477,0,0,0,0,0,0,0,0,0
478,0,0,0,0,0,0,0,0,0
479,0,0,0,0,0,0,0,0,0
480,0,0,0,0,0,0,0,0,0
481,0,0,0,0,0,0,0,0,0
482,0,0,0,0,0,0,0,0,0
483,0,0,0,0,0,0,0,0,0
484,0,0,0,0,0,0,0,0,0
485,0,0,0,0,0,0,0,0,0
486,0,0,0,0,0,0,0,0,0
487,0,0,0,0,0,0,0,0,0
488,0,0,0,0,0,0,0,0,0
489,0,0,0,0,0,0,0,0,0
490,0,0,0,0,0,0,0,0,0
491,0,0,0,0,0,0,0,0,0
492,0,0,0,0,0,0,0,0,0
493,0,0,0,0,0,0,0,0,0
494,0,0,0,0,0,0,0,0,0
495,0,0,0,0,0,0,0,0,0
496,0,0,0,0,0,0,0,0,0
497,0,0,0,0,0,0,0,0,0
498,0,0,0,0,0,0,0,0,0
499,0,0,0,0,0,0,0,0,0
500,0,0,0,0,0,0,0,0,0
501,0,0,0,0,0,0,0,0,0
502,0,0,0,0,0,0,0,0,0
503,0,0,0,0,0,0,0,0,0
504,0,0,0,0,0,0,0,0,0
505,0,0,0,0,0,0,0,0,0
506,0,0,0,0,0,0,0,0,0
507,0,0,0,0,0,0,0,0,0
508,0,0,0,0,0,0,0,0,0
509,0,0,0,0,0,0,0,0,0
510,0,0,0,0,0,0,0,0,0
511,0,0,0,0,0,0,0,0,0
512,0,0,0,0,0,0,0,0,0
513,0,0,0,0,0,0,0,0,0
514,0,0,0,0,0,0,0,0,0
515,0,0,0,0,0,0,0,0,0
516,0,0,0,0,0,0,0,0,0
517,0,0,0,0,0,0,0,0,0
518,0,0,0,0,0,0,0,0,0
519,0,0,0,0,0,0,0,0,0
520,0,0,0,0,0,0,0,0,0
521,0,0,0,0,0,0,0,0,0
522,0,0,0,0,0,0,0,0,0
523,0,0,0,0,0,0,0,0,0
524,0,0,0,0,0,0,0,0,0
525,0,0,0,0,0,0,0,0,0
526,0,0,0,0,0,0,0,0,0
527,0,0,0,0,0,0,0,0,0
528,0,0,0,0,0,0,0,0,0
529,0,0,0,0,0,0,0,0,0
530,0,0,0,0,0,0,0,0,0
531,0,0,0,0,0,0,0,0,0
532,0,0,0,0,0,0,0,0,0
533,0,0,0,0,0,0,0,0,0
534,0,0,0,0,0,0,0,0,0
535,0,0,0,0,0,0,0,0,0
536,0,0,0,0,0,0,0,0,0
537,0,0,0,0,0,0,0,0,0
538,0,0,0,0,0,0,0,0,0
539,0,0,0,0,0,0,0,0,0
540,0,0,0,0,0,0,0,0,0
541,0,0,0,0,0,0,0,0,0
542,0,0,0,0,0,0,0,0,0
543,0,0,0,0,0,0,0,0,0
544,0,0,0,0,0,0,0,0,0
545,0,0,0,0,0,0,0,0,0
546,0,0,0,0,0,0,0,0,0
547,0,0,0,0,0,0,0,0,0
548,0,0,0,0,0,0,0,0,0
549,0,0,0,0,0,0,0,0,0
550,0,0,0,0,0,0,0,0,0
551,0,0,0,0,0,0,0,0,0
552,0,0,0,0,0,0,0,0,0
553,0,0,0,0,0,0,0,0,0
554,0,0,0,0,0,0,0,0,0
555,0,0,0,0,0,0,0,0,0
556,0,0,0,0,0,0,0,0,0
557,0,0,0,0,0,0,0,0,0
558,0,0,0,0,0,0,0,0,0
559,0,0,0,0,0,0,0,0,0
560,0,0,0,0,0,0,0,0,0
561,0,0,0,0,0,0,0,0,0
562,0,0,0,0,0,0,0,0,0
563,0,0,0,0,0,0,0,0,0
564,0,0,0,0,0,0,0,0,0
565,0,0,0,0,0,0,0,0,0
566,0,0,0,0,0,0,0,0,0
567,0,0,0,0,0,0,0,0,0
568,0,0,0,0,0,0,0,0,0
569,0,0,0,0,0,0,0,0,0
570,0,0,0,0,0,0,0,0,0
571,0,0,0,0,0,0,0,0,0
572,0,0,0,0,0,0,0,0,0
573,0,0,0,0,0,0,0,0,0
574,0,0,0,0,0,0,0,0,0
575,0,0,0,0,0,0,0,0,0
576,0,0,0,0,0,0,0,0,0
577,0,0,0,0,0,0,0,0,0
578,0,0,0,0,0,0,0,0,0
579,0,0,0,0,0,0,0,0,0
580,0,0,0,0,0,0,0,0,0
581,0,0,0,0,0,0,0,0,0
582,0,0,0,0,0,0,0,0,0
583,0,0,0,0,0,0,0,0,0
584,0,0,0,0,0,0,0,0,0
585,0,0,0,0,0,0,0,0,0
586,0,0,0,0,0,0,0,0,0
587,0,0,0,0,0,0,0,0,0
588,0,0,0,0,0,0,0,0,0
589,0,0,0,0,0,0,0,0,0
590,0,0,0,0,0,0,0,0,0
591,0,0,0,0,0,0,0,0,0
592,0,0,0,0,0,0,0,0,0
593,0,0,0,0,0,0,0,0,0
594,0,0,0,0,0,0,0,0,0
595,0,0,0,0,0,0,0,0,0
596,0,0,0,0,0,0,0,0,0
597,0,0,0,0,0,0,0,0,0
598,0,0,0,0,0,0,0,0,0
599,0,0,0,0,0,0,0,0,0
600,0,0,0,0,0,0,0,0,0
601,0,0,0,0,0,0,0,0,0
602,0,0,0,0,0,0,0,0,0
603,0,0,0,0,0,0,0,0,0
604,0,0,0,0,0,0,0,0,0
605,0,0,0,0,0,0,0,0,0
606,0,0,0,0,0,0,0,0,0
607,0,0,0,0,0,0,0,0,0
608,0,0,0,0,0,0,0,0,0
609,0,0,0,0,0,0,0,0,0
610,0,0,0,0,0,0,0,0,0
611,0,0,0,0,0,0,0,0,0
612,0,0,0,0,0,0,0,0,0
613,0,0,0,0,0,0,0,0,0
614,0,0,0,0,0,0,0,0,0
615,0,0,0,0,0,0,0,0,0
616,0,0,0,0,0,0,0,0,0
617,0,0,0,0,0,0,0,0,0
618,0,0,0,0,0,0,0,0,0
619,0,0,0,0,0,0,0,0,0
620,0,0,0,0,0,0,0,0,0
621,0,0,0,0,0,0,0,0,0
622,0,0,0,0,0,0,0,0,0
623,0,0,0,0,0,0,0,0,0
624,0,0,0,0,0,0,0,0,0
625,0,0,0,0,0,0,0,0,0
626,0,0,0,0,0,0,0,0,0
627,0,0,0,0,0,0,0,0,0
628,0,0,0,0,0,0,0,0,0
629,0,0,0,0,0,0,0,0,0
630,0,0,0,0,0,0,0,0,0
631,0,0,0,0,0,0,0,0,0
632,0,0,0,0,0,0,0,0,0
633,0,0,0,0,0,0,0,0,0
634,0,0,0,0,0,0,0,0,0
635,0,0,0,0,0,0,0,0,0
636,0,0,0,0,0,0,0,0,0
637,0,0,0,0,0,0,0,0,0
638,0,0,0,0,0,0,0,0,0
639,0,0,0,0,0,0,0,0,0
640,0,0,0,0,0,0,0,0,0
641,0,0,0,0,0,0,0,0,0
642,0,0,0,0,0,0,0,0,0
643,0,0,0,0,0,0,0,0,0
644,0,0,0,0,0,0,0,0,0
645,0,0,0,0,0,0,0,0,0
646,0,0,0,0,0,0,0,0,0
647,0,0,0,0,0,0,0,0,0
648,0,0,0,0,0,0,0,0,0
649,0,0,0,0,0,0,0,0,0
650,0,0,0,0,0,0,0,0,0
651,0,0,0,0,0,0,0,0,0
652,0,0,0,0,0,0,0,0,0
653,0,0,0,0,0,0,0,0,0
654,0,0,0,0,0,0,0,0,0
655,0,0,0,0,0,0,0,0,0
656,0,0,0,0,0,0,0,0,0
657,0,0,0,0,0,0,0,0,0
658,0,0,0,0,0,0,0,0,0
659,0,0,0,0,0,0,0,0,0
660,0,0,0,0,0,0,0,0,0
661,0,0,0,0,0,0,0,0,0
662,0,0,0,0,0,0,0,0,0
663,0,0,0,0,0,0,0,0,0
664,0,0,0,0,0,0,0,0,0
665,0,0,0,0,0,0,0,0,0
666,0,0,0,0,0,0,0,0,0
667,0,0,0,0,0,0,0,0,0
668,0,0,0,0,0,0,0,0,0
669,0,0,0,0,0,0,0,0,0
670,0,0,0,0,0,0,0,0,0
671,0,0,0,0,0,0,0,0,0
672,0,0,0,0,0,0,0,0,0
673,0,0,0,0,0,0,0,0,0
674,0,0,0,0,0,0,0,0,0
675,0,0,0,0,0,0,0,0,0
676,0,0,0,0,0,0,0,0,0
677,0,0,0,0,0,0,0,0,0
678,0,0,0,0,0,0,0,0,0
679,0,0,0,0,0,0,0,0,0
680,0,0,0,0,0,0,0,0,0
681,0,0,0,0,0,0,0,0,0
682,0,0,0,0,0,0,0,0,0
683,0,0,0,0,0,0,0,0,0
684,0,0,0,0,0,0,0,0,0
685,0,0,0,0,0,0,0,0,0
686,0,0,0,0,0,0,0,0,0
687,0,0,0,0,0,0,0,0,0
688,0,0,0,0,0,0,0,0,0
689,0,0,0,0,0,0,0,0,0
690,0,0,0,0,0,0,0,0,0
691,0,0,0,0,0,0,0,0,0
692,0,0,0,0,0,0,0,0,0
693,0,0,0,0,0,0,0,0,0
694,0,0,0,0,0,0,0,0,0
695,0,0,0,0,0,0,0,0,0
696,0,0,0,0,0,0,0,0,0
697,0,0,0,0,0,0,0,0,0
698,0,0,0,0,0,0,0,0,0
699,0,0,0,0,0,0,0,0,0
700,0,0,0,0,0,0,0,0,0
701,0,0,0,0,0,0,0,0,0
702,0,0,0,0,0,0,0,0,0
703,0,0,0,0,0,0,0,0,0
704,0,0,0,0,0,0,0,0,0
705,0,0,0,0,0,0,0,0,0
706,0,0,0,0,0,0,0,0,0
707,0,0,0,0,0,0,0,0,0
708,0,0,0,0,0,0,0,0,0
709,0,0,0,0,0,0,0,0,0
710,0,0,0,0,0,0,0,0,0
711,0,0,0,0,0,0,0,0,0
712,0,0,0,0,0,0,0,0,0
713,0,0,0,0,0,0,0,0,0
714,0,0,0,0,0,0,0,0,0
715,0,0,0,0,0,0,0,0,0
716,0,0,0,0,0,0,0,0,0
717,0,0,0,0,0,0,0,0,0
718,0,0,0,0,0,0,0,0,0
719,0,0,0,0,0,0,0,0,0
720,0,0,0,0,0,0,0,0,0
721,0,0,0,0,0,0,0,0,0
722,0,0,0,0,0,0,0,0,0
723,0,0,0,0,0,0,0,0,0
724,0,0,0,0,0,0,0,0,0
725,0,0,0,0,0,0,0,0,0
726,0,0,0,0,0,0,0,0,0
727,0,0,0,0,0,0,0,0,0
728,0,0,0,0,0,0,0,0,0
729,0,0,0,0,0,0,0,0,0
730,0,0,0,0,0,0,0,0,0
731,0,0,0,0,0,0,0,0,0
732,0,0,0,0,0,0,0,0,0
733,0,0,0,0,0,0,0,0,0
734,0,0,0,0,0,0,0,0,0
735,0,0,0,0,0,0,0,0,0
736,0,0,0,0,0,0,0,0,0
737,0,0,0,0,0,0,0,0,0
738,0,0,0,0,0,0,0,0,0
739,0,0,0,0,0,0,0,0,0
740,0,0,0,0,0,0,0,0,0
741,0,0,0,0,0,0,0,0,0
742,0,0,0,0,0,0,0,0,0
743,0,0,0,0,0,0,0,0,0
744,0,0,0,0,0,0,0,0,0
745,0,0,0,0,0,0,0,0,0
746,0,0,0,0,0,0,0,0,0
747,0,0,0,0,0,0,0,0,0
748,0,0,0,0,0,0,0,0,0
749,0,0,0,0,0,0,0,0,0
750,0,0,0,0,0,0,0,0,0
0,194,7257,201425,4077983,57373546,517292847,2626655236,5935079656,3356972874
1,72,2701,59452,941531,10335369,72897625,290043080,513770791,227788085
2,51,1285,21953,278799,2445380,13744383,43569698,61537222,21787339
3,30,670,9700,108785,837491,4131750,11508493,14352101,4516658
4,25,457,5848,58014,396838,1740196,4309887,4777869,1334412
5,18,292,3522,32349,201644,808233,1838656,1875307,482072
6,13,231,2403,19662,110006,395545,804066,731790,169180
7,7,142,1108,7857,36558,109630,183586,133806,24418
8,5,116,857,5346,22396,61715,94957,64078,10910
9,5,70,474,2715,10580,27397,38810,23753,3500
10,3,46,271,1360,4394,9911,12111,6744,952
11,3,33,188,858,2594,5292,6023,3075,383
12,3,26,142,563,1555,3030,3419,1736,214
13,3,26,140,537,1450,2719,2928,1419,167
14,3,25,130,424,1088,2006,2101,1028,105
15,3,25,129,421,1069,1951,2036,1000,104
16,3,20,103,285,689,1060,1038,502,59
17,3,15,82,195,465,752,744,392,44
18,3,14,64,115,266,408,385,184,23
19,3,12,58,106,244,365,346,169,19
20,2,10,41,71,122,179,158,60,2
21,0,4,14,28,28,38,46,19,0
22,0,4,11,17,18,23,31,13,0
23,0,4,11,17,18,23,31,13,0
24,0,3,8,11,13,17,16,8,0
25,0,3,8,11,13,17,16,8,0
26,0,1,4,5,5,11,11,6,0
27,0,1,4,5,5,11,11,6,0
28,0,1,4,5,5,11,11,6,0
29,0,1,4,5,5,11,11,6,0
30,0,1,4,5,5,11,11,6,0
31,0,1,4,5,5,11,9,6,0
32,0,0,0,0,0,0,0,0,0
33,0,0,0,0,0,0,0,0,0
34,0,0,0,0,0,0,0,0,0
35,0,0,0,0,0,0,0,0,0
36,0,0,0,0,0,0,0,0,0
37,0,0,0,0,0,0,0,0,0
38,0,0,0,0,0,0,0,0,0
39,0,0,0,0,0,0,0,0,0
40,0,0,0,0,0,0,0,0,0
41,0,0,0,0,0,0,0,0,0
42,0,0,0,0,0,0,0,0,0
43,0,0,0,0,0,0,0,0,0
44,0,0,0,0,0,0,0,0,0
45,0,0,0,0,0,0,0,0,0
46,0,0,0,0,0,0,0,0,0
47,0,0,0,0,0,0,0,0,0
48,0,0,0,0,0,0,0,0,0
49,0,0,0,0,0,0,0,0,0
50,0,0,0,0,0,0,0,0,0
51,0,0,0,0,0,0,0,0,0
52,0,0,0,0,0,0,0,0,0
53,0,0,0,0,0,0,0,0,0
54,0,0,0,0,0,0,0,0,0
55,0,0,0,0,0,0,0,0,0
56,0,0,0,0,0,0,0,0,0
57,0,0,0,0,0,0,0,0,0
58,0,0,0,0,0,0,0,0,0
59,0,0,0,0,0,0,0,0,0
60,0,0,0,0,0,0,0,0,0
61,0,0,0,0,0,0,0,0,0
62,0,0,0,0,0,0,0,0,0
63,0,0,0,0,0,0,0,0,0
64,0,0,0,0,0,0,0,0,0
65,0,0,0,0,0,0,0,0,0
66,0,0,0,0,0,0,0,0,0
67,0,0,0,0,0,0,0,0,0
68,0,0,0,0,0,0,0,0,0
69,0,0,0,0,0,0,0,0,0
70,0,0,0,0,0,0,0,0,0
71,0,0,0,0,0,0,0,0,0
72,0,0,0,0,0,0,0,0,0
73,0,0,0,0,0,0,0,0,0
74,0,0,0,0,0,0,0,0,0
75,0,0,0,0,0,0,0,0,0
76,0,0,0,0,0,0,0,0,0
77,0,0,0,0,0,0,0,0,0
78,0,0,0,0,0,0,0,0,0
79,0,0,0,0,0,0,0,0,0
80,0,0,0,0,0,0,0,0,0
81,0,0,0,0,0,0,0,0,0
82,0,0,0,0,0,0,0,0,0
83,0,0,0,0,0,0,0,0,0
84,0,0,0,0,0,0,0,0,0
85,0,0,0,0,0,0,0,0,0
86,0,0,0,0,0,0,0,0,0
87,0,0,0,0,0,0,0,0,0
88,0,0,0,0,0,0,0,0,0
89,0,0,0,0,0,0,0,0,0
90,0,0,0,0,0,0,0,0,0
91,0,0,0,0,0,0,0,0,0
92,0,0,0,0,0,0,0,0,0
93,0,0,0,0,0,0,0,0,0
94,0,0,0,0,0,0,0,0,0
95,0,0,0,0,0,0,0,0,0
96,0,0,0,0,0,0,0,0,0
97,0,0,0,0,0,0,0,0,0
98,0,0,0,0,0,0,0,0,0
99,0,0,0,0,0,0,0,0,0
100,0,0,0,0,0,0,0,0,0
101,0,0,0,0,0,0,0,0,0
102,0,0,0,0,0,0,0,0,0
103,0,0,0,0,0,0,0,0,0
104,0,0,0,0,0,0,0,0,0
105,0,0,0,0,0,0,0,0,0
106,0,0,0,0,0,0,0,0,0
107,0,0,0,0,0,0,0,0,0
108,0,0,0,0,0,0,0,0,0
109,0,0,0,0,0,0,0,0,0
110,0,0,0,0,0,0,0,0,0
111,0,0,0,0,0,0,0,0,0
112,0,0,0,0,0,0,0,0,0
113,0,0,0,0,0,0,0,0,0
114,0,0,0,0,0,0,0,0,0
115,0,0,0,0,0,0,0,0,0
116,0,0,0,0,0,0,0,0,0
117,0,0,0,0,0,0,0,0,0
118,0,0,0,0,0,0,0,0,0
119,0,0,0,0,0,0,0,0,0
120,0,0,0,0,0,0,0,0,0
121,0,0,0,0,0,0,0,0,0
122,0,0,0,0,0,0,0,0,0
123,0,0,0,0,0,0,0,0,0
124,0,0,0,0,0,0,0,0,0
125,0,0,0,0,0,0,0,0,0
126,0,0,0,0,0,0,0,0,0
127,0,0,0,0,0,0,0,0,0
128,0,0,0,0,0,0,0,0,0
129,0,0,0,0,0,0,0,0,0
130,0,0,0,0,0,0,0,0,0
131,0,0,0,0,0,0,0,0,0
132,0,0,0,0,0,0,0,0,0
133,0,0,0,0,0,0,0,0,0
134,0,0,0,0,0,0,0,0,0
135,0,0,0,0,0,0,0,0,0
136,0,0,0,0,0,0,0,0,0
137,0,0,0,0,0,0,0,0,0
138,0,0,0,0,0,0,0,0,0
139,0,0,0,0,0,0,0,0,0
140,0,0,0,0,0,0,0,0,0
141,0,0,0,0,0,0,0,0,0
142,0,0,0,0,0,0,0,0,0
143,0,0,0,0,0,0,0,0,0
144,0,0,0,0,0,0,0,0,0
145,0,0,0,0,0,0,0,0,0
146,0,0,0,0,0,0,0,0,0
147,0,0,0,0,0,0,0,0,0
148,0,0,0,0,0,0,0,0,0
149,0,0,0,0,0,0,0,0,0
150,0,0,0,0,0,0,0,0,0
151,0,0,0,0,0,0,0,0,0
152,0,0,0,0,0,0,0,0,0
153,0,0,0,0,0,0,0,0,0
154,0,0,0,0,0,0,0,0,0
155,0,0,0,0,0,0,0,0,0
156,0,0,0,0,0,0,0,0,0
157,0,0,0,0,0,0,0,0,0
158,0,0,0,0,0,0,0,0,0
159,0,0,0,0,0,0,0,0,0
160,0,0,0,0,0,0,0,0,0
161,0,0,0,0,0,0,0,0,0
162,0,0,0,0,0,0,0,0,0
163,0,0,0,0,0,0,0,0,0
164,0,0,0,0,0,0,0,0,0
165,0,0,0,0,0,0,0,0,0
166,0,0,0,0,0,0,0,0,0
167,0,0,0,0,0,0,0,0,0
168,0,0,0,0,0,0,0,0,0
169,0,0,0,0,0,0,0,0,0
170,0,0,0,0,0,0,0,0,0
171,0,0,0,0,0,0,0,0,0
172,0,0,0,0,0,0,0,0,0
173,0,0,0,0,0,0,0,0,0
174,0,0,0,0,0,0,0,0,0
175,0,0,0,0,0,0,0,0,0
176,0,0,0,0,0,0,0,0,0
177,0,0,0,0,0,0,0,0,0
178,0,0,0,0,0,0,0,0,0
179,0,0,0,0,0,0,0,0,0
180,0,0,0,0,0,0,0,0,0
181,0,0,0,0,0,0,0,0,0
182,0,0,0,0,0,0,0,0,0
183,0,0,0,0,0,0,0,0,0
184,0,0,0,0,0,0,0,0,0
185,0,0,0,0,0,0,0,0,0
186,0,0,0,0,0,0,0,0,0
187,0,0,0,0,0,0,0,0,0
188,0,0,0,0,0,0,0,0,0
189,0,0,0,0,0,0,0,0,0
190,0,0,0,0,0,0,0,0,0
191,0,0,0,0,0,0,0,0,0
192,0,0,0,0,0,0,0,0,0
193,0,0,0,0,0,0,0,0,0
194,0,0,0,0,0,0,0,0,0
195,0,0,0,0,0,0,0,0,0
196,0,0,0,0,0,0,0,0,0
197,0,0,0,0,0,0,0,0,0
198,0,0,0,0,0,0,0,0,0
199,0,0,0,0,0,0,0,0,0
200,0,0,0,0,0,0,0,0,0
201,0,0,0,0,0,0,0,0,0
202,0,0,0,0,0,0,0,0,0
203,0,0,0,0,0,0,0,0,0
204,0,0,0,0,0,0,0,0,0
205,0,0,0,0,0,0,0,0,0
206,0,0,0,0,0,0,0,0,0
207,0,0,0,0,0,0,0,0,0
208,0,0,0,0,0,0,0,0,0
209,0,0,0,0,0,0,0,0,0
210,0,0,0,0,0,0,0,0,0
211,0,0,0,0,0,0,0,0,0
212,0,0,0,0,0,0,0,0,0
213,0,0,0,0,0,0,0,0,0
214,0,0,0,0,0,0,0,0,0
215,0,0,0,0,0,0,0,0,0
216,0,0,0,0,0,0,0,0,0
217,0,0,0,0,0,0,0,0,0
218,0,0,0,0,0,0,0,0,0
219,0,0,0,0,0,0,0,0,0
220,0,0,0,0,0,0,0,0,0
221,0,0,0,0,0,0,0,0,0
222,0,0,0,0,0,0,0,0,0
223,0,0,0,0,0,0,0,0,0
224,0,0,0,0,0,0,0,0,0
225,0,0,0,0,0,0,0,0,0
226,0,0,0,0,0,0,0,0,0
227,0,0,0,0,0,0,0,0,0
228,0,0,0,0,0,0,0,0,0
229,0,0,0,0,0,0,0,0,0
230,0,0,0,0,0,0,0,0,0
231,0,0,0,0,0,0,0,0,0
232,0,0,0,0,0,0,0,0,0
233,0,0,0,0,0,0,0,0,0
234,0,0,0,0,0,0,0,0,0
235,0,0,0,0,0,0,0,0,0
236,0,0,0,0,0,0,0,0,0
237,0,0,0,0,0,0,0,0,0
238,0,0,0,0,0,0,0,0,0
239,0,0,0,0,0,0,0,0,0
240,0,0,0,0,0,0,0,0,0
241,0,0,0,0,0,0,0,0,0
242,0,0,0,0,0,0,0,0,0
243,0,0,0,0,0,0,0,0,0
244,0,0,0,0,0,0,0,0,0
245,0,0,0,0,0,0,0,0,0
246,0,0,0,0,0,0,0,0,0
247,0,0,0,0,0,0,0,0,0
248,0,0,0,0,0,0,0,0,0
249,0,0,0,0,0,0,0,0,0
250,0,0,0,0,0,0,0,0,0
251,0,0,0,0,0,0,0,0,0
252,0,0,0,0,0,0,0,0,0
253,0,0,0,0,0,0,0,0,0
254,0,0,0,0,0,0,0,0,0
255,0,0,0,0,0,0,0,0,0
256,0,0,0,0,0,0,0,0,0
257,0,0,0,0,0,0,0,0,0
258,0,0,0,0,0,0,0,0,0
259,0,0,0,0,0,0,0,0,0
260,0,0,0,0,0,0,0,0,0
261,0,0,0,0,0,0,0,0,0
262,0,0,0,0,0,0,0,0,0
263,0,0,0,0,0,0,0,0,0
264,0,0,0,0,0,0,0,0,0
265,0,0,0,0,0,0,0,0,0
266,0,0,0,0,0,0,0,0,0
267,0,0,0,0,0,0,0,0,0
268,0,0,0,0,0,0,0,0,0
269,0,0,0,0,0,0,0,0,0
270,0,0,0,0,0,0,0,0,0
271,0,0,0,0,0,0,0,0,0
272,0,0,0,0,0,0,0,0,0
273,0,0,0,0,0,0,0,0,0
274,0,0,0,0,0,0,0,0,0
275,0,0,0,0,0,0,0,0,0
276,0,0,0,0,0,0,0,0,0
277,0,0,0,0,0,0,0,0,0
278,0,0,0,0,0,0,0,0,0
279,0,0,0,0,0,0,0,0,0
280,0,0,0,0,0,0,0,0,0
281,0,0,0,0,0,0,0,0,0
282,0,0,0,0,0,0,0,0,0
283,0,0,0,0,0,0,0,0,0
284,0,0,0,0,0,0,0,0,0
285,0,0,0,0,0,0,0,0,0
286,0,0,0,0,0,0,0,0,0
287,0,0,0,0,0,0,0,0,0
288,0,0,0,0,0,0,0,0,0
289,0,0,0,0,0,0,0,0,0
290,0,0,0,0,0,0,0,0,0
291,0,0,0,0,0,0,0,0,0
292,0,0,0,0,0,0,0,0,0
293,0,0,0,0,0,0,0,0,0
294,0,0,0,0,0,0,0,0,0
295,0,0,0,0,0,0,0,0,0
296,0,0,0,0,0,0,0,0,0
297,0,0,0,0,0,0,0,0,0
298,0,0,0,0,0,0,0,0,0
299,0,0,0,0,0,0,0,0,0
300,0,0,0,0,0,0,0,0,0
301,0,0,0,0,0,0,0,0,0
302,0,0,0,0,0,0,0,0,0
303,0,0,0,0,0,0,0,0,0
304,0,0,0,0,0,0,0,0,0
305,0,0,0,0,0,0,0,0,0
306,0,0,0,0,0,0,0,0,0
307,0,0,0,0,0,0,0,0,0
308,0,0,0,0,0,0,0,0,0
309,0,0,0,0,0,0,0,0,0
310,0,0,0,0,0,0,0,0,0
311,0,0,0,0,0,0,0,0,0
312,0,0,0,0,0,0,0,0,0
313,0,0,0,0,0,0,0,0,0
314,0,0,0,0,0,0,0,0,0
315,0,0,0,0,0,0,0,0,0
316,0,0,0,0,0,0,0,0,0
317,0,0,0,0,0,0,0,0,0
318,0,0,0,0,0,0,0,0,0
319,0,0,0,0,0,0,0,0,0
320,0,0,0,0,0,0,0,0,0
321,0,0,0,0,0,0,0,0,0
322,0,0,0,0,0,0,0,0,0
323,0,0,0,0,0,0,0,0,0
324,0,0,0,0,0,0,0,0,0
325,0,0,0,0,0,0,0,0,0
326,0,0,0,0,0,0,0,0,0
327,0,0,0,0,0,0,0,0,0
328,0,0,0,0,0,0,0,0,0
329,0,0,0,0,0,0,0,0,0
330,0,0,0,0,0,0,0,0,0
331,0,0,0,0,0,0,0,0,0
332,0,0,0,0,0,0,0,0,0
333,0,0,0,0,0,0,0,0,0
334,0,0,0,0,0,0,0,0,0
335,0,0,0,0,0,0,0,0,0
336,0,0,0,0,0,0,0,0,0
337,0,0,0,0,0,0,0,0,0
338,0,0,0,0,0,0,0,0,0
339,0,0,0,0,0,0,0,0,0
340,0,0,0,0,0,0,0,0,0
341,0,0,0,0,0,0,0,0,0
342,0,0,0,0,0,0,0,0,0
343,0,0,0,0,0,0,0,0,0
344,0,0,0,0,0,0,0,0,0
345,0,0,0,0,0,0,0,0,0
346,0,0,0,0,0,0,0,0,0
347,0,0,0,0,0,0,0,0,0
348,0,0,0,0,0,0,0,0,0
349,0,0,0,0,0,0,0,0,0
350,0,0,0,0,0,0,0,0,0
351,0,0,0,0,0,0,0,0,0
352,0,0,0,0,0,0,0,0,0
353,0,0,0,0,0,0,0,0,0
354,0,0,0,0,0,0,0,0,0
355,0,0,0,0,0,0,0,0,0
356,0,0,0,0,0,0,0,0,0
357,0,0,0,0,0,0,0,0,0
358,0,0,0,0,0,0,0,0,0
359,0,0,0,0,0,0,0,0,0
360,0,0,0,0,0,0,0,0,0
361,0,0,0,0,0,0,0,0,0
362,0,0,0,0,0,0,0,0,0
363,0,0,0,0,0,0,0,0,0
364,0,0,0,0,0,0,0,0,0
365,0,0,0,0,0,0,0,0,0
366,0,0,0,0,0,0,0,0,0
367,0,0,0,0,0,0,0,0,0
368,0,0,0,0,0,0,0,0,0
369,0,0,0,0,0,0,0,0,0
370,0,0,0,0,0,0,0,0,0
371,0,0,0,0,0,0,0,0,0
372,0,0,0,0,0,0,0,0,0
373,0,0,0,0,0,0,0,0,0
374,0,0,0,0,0,0,0,0,0
375,0,0,0,0,0,0,0,0,0
376,0,0,0,0,0,0,0,0,0
377,0,0,0,0,0,0,0,0,0
378,0,0,0,0,0,0,0,0,0
379,0,0,0,0,0,0,0,0,0
380,0,0,0,0,0,0,0,0,0
381,0,0,0,0,0,0,0,0,0
382,0,0,0,0,0,0,0,0,0
383,0,0,0,0,0,0,0,0,0
384,0,0,0,0,0,0,0,0,0
385,0,0,0,0,0,0,0,0,0
386,0,0,0,0,0,0,0,0,0
387,0,0,0,0,0,0,0,0,0
388,0,0,0,0,0,0,0,0,0
389,0,0,0,0,0,0,0,0,0
390,0,0,0,0,0,0,0,0,0
391,0,0,0,0,0,0,0,0,0
392,0,0,0,0,0,0,0,0,0
393,0,0,0,0,0,0,0,0,0
394,0,0,0,0,0,0,0,0,0
395,0,0,0,0,0,0,0,0,0
396,0,0,0,0,0,0,0,0,0
397,0,0,0,0,0,0,0,0,0
398,0,0,0,0,0,0,0,0,0
399,0,0,0,0,0,0,0,0,0
400,0,0,0,0,0,0,0,0,0
401,0,0,0,0,0,0,0,0,0
402,0,0,0,0,0,0,0,0,0
403,0,0,0,0,0,0,0,0,0
404,0,0,0,0,0,0,0,0,0
405,0,0,0,0,0,0,0,0,0
406,0,0,0,0,0,0,0,0,0
407,0,0,0,0,0,0,0,0,0
408,0,0,0,0,0,0,0,0,0
409,0,0,0,0,0,0,0,0,0
410,0,0,0,0,0,0,0,0,0
411,0,0,0,0,0,0,0,0,0
412,0,0,0,0,0,0,0,0,0
413,0,0,0,0,0,0,0,0,0
414,0,0,0,0,0,0,0,0,0
415,0,0,0,0,0,0,0,0,0
416,0,0,0,0,0,0,0,0,0
417,0,0,0,0,0,0,0,0,0
418,0,0,0,0,0,0,0,0,0
419,0,0,0,0,0,0,0,0,0
420,0,0,0,0,0,0,0,0,0
421,0,0,0,0,0,0,0,0,0
422,0,0,0,0,0,0,0,0,0
423,0,0,0,0,0,0,0,0,0
424,0,0,0,0,0,0,0,0,0
425,0,0,0,0,0,0,0,0,0
426,0,0,0,0,0,0,0,0,0
427,0,0,0,0,0,0,0,0,0
428,0,0,0,0,0,0,0,0,0
429,0,0,0,0,0,0,0,0,0
430,0,0,0,0,0,0,0,0,0
431,0,0,0,0,0,0,0,0,0
432,0,0,0,0,0,0,0,0,0
433,0,0,0,0,0,0,0,0,0
434,0,0,0,0,0,0,0,0,0
435,0,0,0,0,0,0,0,0,0
436,0,0,0,0,0,0,0,0,0
437,0,0,0,0,0,0,0,0,0
438,0,0,0,0,0,0,0,0,0
439,0,0,0,0,0,0,0,0,0
440,0,0,0,0,0,0,0,0,0
441,0,0,0,0,0,0,0,0,0
442,0,0,0,0,0,0,0,0,0
443,0,0,0,0,0,0,0,0,0
444,0,0,0,0,0,0,0,0,0
445,0,0,0,0,0,0,0,0,0
446,0,0,0,0,0,0,0,0,0
447,0,0,0,0,0,0,0,0,0
448,0,0,0,0,0,0,0,0,0
449,0,0,0,0,0,0,0,0,0
450,0,0,0,0,0,0,0,0,0
451,0,0,0,0,0,0,0,0,0
452,0,0,0,0,0,0,0,0,0
453,0,0,0,0,0,0,0,0,0
454,0,0,0,0,0,0,0,0,0
455,0,0,0,0,0,0,0,0,0
456,0,0,0,0,0,0,0,0,0
457,0,0,0,0,0,0,0,0,0
458,0,0,0,0,0,0,0,0,0
459,0,0,0,0,0,0,0,0,0
460,0,0,0,0,0,0,0,0,0
461,0,0,0,0,0,0,0,0,0
462,0,0,0,0,0,0,0,0,0
463,0,0,0,0,0,0,0,0,0
464,0,0,0,0,0,0,0,0,0
465,0,0,0,0,0,0,0,0,0
466,0,0,0,0,0,0,0,0,0
467,0,0,0,0,0,0,0,0,0
468,0,0,0,0,0,0,0,0,0
469,0,0,0,0,0,0,0,0,0
470,0,0,0,0,0,0,0,0,0
471,0,0,0,0,0,0,0,0,0
472,0,0,0,0,0,0,0,0,0
473,0,0,0,0,0,0,0,0,0
474,0,0,0,0,0,0,0,0,0
475,0,0,0,0,0,0,0,0,0
476,0,0,0,0,0,0,0,0,0
477,0,0,0,0,0,0,0,0,0
478,0,0,0,0,0,0,0,0,0
479,0,0,0,0,0,0,0,0,0
480,0,0,0,0,0,0,0,0,0
481,0,0,0,0,0,0,0,0,0
482,0,0,0,0,0,0,0,0,0
483,0,0,0,0,0,0,0,0,0
484,0,0,0,0,0,0,0,0,0
485,0,0,0,0,0,0,0,0,0
486,0,0,0,0,0,0,0,0,0
487,0,0,0,0,0,0,0,0,0
488,0,0,0,0,0,0,0,0,0
489,0,0,0,0,0,0,0,0,0
490,0,0,0,0,0,0,0,0,0
491,0,0,0,0,0,0,0,0,0
492,0,0,0,0,0,0,0,0,0
493,0,0,0,0,0,0,0,0,0
494,0,0,0,0,0,0,0,0,0
495,0,0,0,0,0,0,0,0,0
496,0,0,0,0,0,0,0,0,0
497,0,0,0,0,0,0,0,0,0
498,0,0,0,0,0,0,0,0,0
499,0,0,0,0,0,0,0,0,0
500,0,0,0,0,0,0,0,0,0
501,0,0,0,0,0,0,0,0,0
502,0,0,0,0,0,0,0,0,0
503,0,0,0,0,0,0,0,0,0
504,0,0,0,0,0,0,0,0,0
505,0,0,0,0,0,0,0,0,0
506,0,0,0,0,0,0,0,0,0
507,0,0,0,0,0,0,0,0,0
508,0,0,0,0,0,0,0,0,0
509,0,0,0,0,0,0,0,0,0
510,0,0,0,0,0,0,0,0,0
511,0,0,0,0,0,0,0,0,0
512,0,0,0,0,0,0,0,0,0
513,0,0,0,0,0,0,0,0,0
514,0,0,0,0,0,0,0,0,0
515,0,0,0,0,0,0,0,0,0
516,0,0,0,0,0,0,0,0,0
517,0,0,0,0,0,0,0,0,0
518,0,0,0,0,0,0,0,0,0
519,0,0,0,0,0,0,0,0,0
520,0,0,0,0,0,0,0,0,0
521,0,0,0,0,0,0,0,0,0
522,0,0,0,0,0,0,0,0,0
523,0,0,0,0,0,0,0,0,0
524,0,0,0,0,0,0,0,0,0
525,0,0,0,0,0,0,0,0,0
526,0,0,0,0,0,0,0,0,0
527,0,0,0,0,0,0,0,0,0
528,0,0,0,0,0,0,0,0,0
529,0,0,0,0,0,0,0,0,0
530,0,0,0,0,0,0,0,0,0
531,0,0,0,0,0,0,0,0,0
532,0,0,0,0,0,0,0,0,0
533,0,0,0,0,0,0,0,0,0
534,0,0,0,0,0,0,0,0,0
535,0,0,0,0,0,0,0,0,0
536,0,0,0,0,0,0,0,0,0
537,0,0,0,0,0,0,0,0,0
538,0,0,0,0,0,0,0,0,0
539,0,0,0,0,0,0,0,0,0
540,0,0,0,0,0,0,0,0,0
541,0,0,0,0,0,0,0,0,0
542,0,0,0,0,0,0,0,0,0
543,0,0,0,0,0,0,0,0,0
544,0,0,0,0,0,0,0,0,0
545,0,0,0,0,0,0,0,0,0
546,0,0,0,0,0,0,0,0,0
547,0,0,0,0,0,0,0,0,0
548,0,0,0,0,0,0,0,0,0
549,0,0,0,0,0,0,0,0,0
550,0,0,0,0,0,0,0,0,0
551,0,0,0,0,0,0,0,0,0
552,0,0,0,0,0,0,0,0,0
553,0,0,0,0,0,0,0,0,0
554,0,0,0,0,0,0,0,0,0
555,0,0,0,0,0,0,0,0,0
556,0,0,0,0,0,0,0,0,0
557,0,0,0,0,0,0,0,0,0
558,0,0,0,0,0,0,0,0,0
559,0,0,0,0,0,0,0,0,0
560,0,0,0,0,0,0,0,0,0
561,0,0,0,0,0,0,0,0,0
562,0,0,0,0,0,0,0,0,0
563,0,0,0,0,0,0,0,0,0
564,0,0,0,0,0,0,0,0,0
565,0,0,0,0,0,0,0,0,0
566,0,0,0,0,0,0,0,0,0
567,0,0,0,0,0,0,0,0,0
568,0,0,0,0,0,0,0,0,0
569,0,0,0,0,0,0,0,0,0
570,0,0,0,0,0,0,0,0,0
571,0,0,0,0,0,0,0,0,0
572,0,0,0,0,0,0,0,0,0
573,0,0,0,0,0,0,0,0,0
574,0,0,0,0,0,0,0,0,0
575,0,0,0,0,0,0,0,0,0
576,0,0,0,0,0,0,0,0,0
577,0,0,0,0,0,0,0,0,0
578,0,0,0,0,0,0,0,0,0
579,0,0,0,0,0,0,0,0,0
580,0,0,0,0,0,0,0,0,0
581,0,0,0,0,0,0,0,0,0
582,0,0,0,0,0,0,0,0,0
583,0,0,0,0,0,0,0,0,0
584,0,0,0,0,0,0,0,0,0
585,0,0,0,0,0,0,0,0,0
586,0,0,0,0,0,0,0,0,0
587,0,0,0,0,0,0,0,0,0
588,0,0,0,0,0,0,0,0,0
589,0,0,0,0,0,0,0,0,0
590,0,0,0,0,0,0,0,0,0
591,0,0,0,0,0,0,0,0,0
592,0,0,0,0,0,0,0,0,0
593,0,0,0,0,0,0,0,0,0
594,0,0,0,0,0,0,0,0,0
595,0,0,0,0,0,0,0,0,0
596,0,0,0,0,0,0,0,0,0
597,0,0,0,0,0,0,0,0,0
598,0,0,0,0,0,0,0,0,0
599,0,0,0,0,0,0,0,0,0
600,0,0,0,0,0,0,0,0,0
601,0,0,0,0,0,0,0,0,0
602,0,0,0,0,0,0,0,0,0
603,0,0,0,0,0,0,0,0,0
604,0,0,0,0,0,0,0,0,0
605,0,0,0,0,0,0,0,0,0
606,0,0,0,0,0,0,0,0,0
607,0,0,0,0,0,0,0,0,0
608,0,0,0,0,0,0,0,0,0
609,0,0,0,0,0,0,0,0,0
610,0,0,0,0,0,0,0,0,0
611,0,0,0,0,0,0,0,0,0
612,0,0,0,0,0,0,0,0,0
613,0,0,0,0,0,0,0,0,0
614,0,0,0,0,0,0,0,0,0
615,0,0,0,0,0,0,0,0,0
616,0,0,0,0,0,0,0,0,0
617,0,0,0,0,0,0,0,0,0
618,0,0,0,0,0,0,0,0,0
619,0,0,0,0,0,0,0,0,0
620,0,0,0,0,0,0,0,0,0
621,0,0,0,0,0,0,0,0,0
622,0,0,0,0,0,0,0,0,0
623,0,0,0,0,0,0,0,0,0
624,0,0,0,0,0,0,0,0,0
625,0,0,0,0,0,0,0,0,0
626,0,0,0,0,0,0,0,0,0
627,0,0,0,0,0,0,0,0,0
628,0,0,0,0,0,0,0,0,0
629,0,0,0,0,0,0,0,0,0
630,0,0,0,0,0,0,0,0,0
631,0,0,0,0,0,0,0,0,0
632,0,0,0,0,0,0,0,0,0
633,0,0,0,0,0,0,0,0,0
634,0,0,0,0,0,0,0,0,0
635,0,0,0,0,0,0,0,0,0
636,0,0,0,0,0,0,0,0,0
637,0,0,0,0,0,0,0,0,0
638,0,0,0,0,0,0,0,0,0
639,0,0,0,0,0,0,0,0,0
640,0,0,0,0,0,0,0,0,0
641,0,0,0,0,0,0,0,0,0
642,0,0,0,0,0,0,0,0,0
643,0,0,0,0,0,0,0,0,0
644,0,0,0,0,0,0,0,0,0
645,0,0,0,0,0,0,0,0,0
646,0,0,0,0,0,0,0,0,0
647,0,0,0,0,0,0,0,0,0
648,0,0,0,0,0,0,0,0,0
649,0,0,0,0,0,0,0,0,0
650,0,0,0,0,0,0,0,0,0
651,0,0,0,0,0,0,0,0,0
652,0,0,0,0,0,0,0,0,0
653,0,0,0,0,0,0,0,0,0
654,0,0,0,0,0,0,0,0,0
655,0,0,0,0,0,0,0,0,0
656,0,0,0,0,0,0,0,0,0
657,0,0,0,0,0,0,0,0,0
658,0,0,0,0,0,0,0,0,0
659,0,0,0,0,0,0,0,0,0
660,0,0,0,0,0,0,0,0,0
661,0,0,0,0,0,0,0,0,0
662,0,0,0,0,0,0,0,0,0
663,0,0,0,0,0,0,0,0,0
664,0,0,0,0,0,0,0,0,0
665,0,0,0,0,0,0,0,0,0
666,0,0,0,0,0,0,0,0,0
667,0,0,0,0,0,0,0,0,0
668,0,0,0,0,0,0,0,0,0
669,0,0,0,0,0,0,0,0,0
670,0,0,0,0,0,0,0,0,0
671,0,0,0,0,0,0,0,0,0
672,0,0,0,0,0,0,0,0,0
673,0,0,0,0,0,0,0,0,0
674,0,0,0,0,0,0,0,0,0
675,0,0,0,0,0,0,0,0,0
676,0,0,0,0,0,0,0,0,0
677,0,0,0,0,0,0,0,0,0
678,0,0,0,0,0,0,0,0,0
679,0,0,0,0,0,0,0,0,0
680,0,0,0,0,0,0,0,0,0
681,0,0,0,0,0,0,0,0,0
682,0,0,0,0,0,0,0,0,0
683,0,0,0,0,0,0,0,0,0
684,0,0,0,0,0,0,0,0,0
685,0,0,0,0,0,0,0,0,0
686,0,0,0,0,0,0,0,0,0
687,0,0,0,0,0,0,0,0,0
688,0,0,0,0,0,0,0,0,0
689,0,0,0,0,0,0,0,0,0
690,0,0,0,0,0,0,0,0,0
691,0,0,0,0,0,0,0,0,0
692,0,0,0,0,0,0,0,0,0
693,0,0,0,0,0,0,0,0,0
694,0,0,0,0,0,0,0,0,0
695,0,0,0,0,0,0,0,0,0
696,0,0,0,0,0,0,0,0,0
697,0,0,0,0,0,0,0,0,0
698,0,0,0,0,0,0,0,0,0
699,0,0,0,0,0,0,0,0,0
700,0,0,0,0,0,0,0,0,0
701,0,0,0,0,0,0,0,0,0
702,0,0,0,0,0,0,0,0,0
703,0,0,0,0,0,0,0,0,0
704,0,0,0,0,0,0,0,0,0
705,0,0,0,0,0,0,0,0,0
706,0,0,0,0,0,0,0,0,0
707,0,0,0,0,0,0,0,0,0
708,0,0,0,0,0,0,0,0,0
709,0,0,0,0,0,0,0,0,0
710,0,0,0,0,0,0,0,0,0
711,0,0,0,0,0,0,0,0,0
712,0,0,0,0,0,0,0,0,0
713,0,0,0,0,0,0,0,0,0
714,0,0,0,0,0,0,0,0,0
715,0,0,0,0,0,0,0,0,0
716,0,0,0,0,0,0,0,0,0
717,0,0,0,0,0,0,0,0,0
718,0,0,0,0,0,0,0,0,0
719,0,0,0,0,0,0,0,0,0
720,0,0,0,0,0,0,0,0,0
721,0,0,0,0,0,0,0,0,0
722,0,0,0,0,0,0,0,0,0
723,0,0,0,0,0,0,0,0,0
724,0,0,0,0,0,0,0,0,0
725,0,0,0,0,0,0,0,0,0
726,0,0,0,0,0,0,0,0,0
727,0,0,0,0,0,0,0,0,0
728,0,0,0,0,0,0,0,0,0
729,0,0,0,0,0,0,0,0,0
730,0,0,0,0,0,0,0,0,0
731,0,0,0,0,0,0,0,0,0
732,0,0,0,0,0,0,0,0,0
733,0,0,0,0,0,0,0,0,0
734,0,0,0,0,0,0,0,0,0
735,0,0,0,0,0,0,0,0,0
736,0,0,0,0,0,0,0,0,0
737,0,0,0,0,0,0,0,0,0
738,0,0,0,0,0,0,0,0,0
739,0,0,0,0,0,0,0,0,0
740,0,0,0,0,0,0,0,0,0
741,0,0,0,0,0,0,0,0,0
742,0,0,0,0,0,0,0,0,0
743,0,0,0,0,0,0,0,0,0
744,0,0,0,0,0,0,0,0,0
745,0,0,0,0,0,0,0,0,0
746,0,0,0,0,0,0,0,0,0
747,0,0,0,0,0,0,0,0,0
748,0,0,0,0,0,0,0,0,0
749,0,0,0,0,0,0,0,0,0
750,0,0,0,0,0,0,0,0,0
0,194,7257,201425,4077983,57373546,517292847,2626655236,5935079656,3356972874
1,106,3073,66773,1060702,11700794,82598758,327947687,578653789,255263685
2,63,1376,22920,278638,2373935,12977683,39980504,54970543,18965079
3,50,917,13088,137094,1005571,4725343,12543218,14894992,4454802
4,27,440,5474,48519,303097,1212735,2741594,2776350,707621
5,17,253,3021,24752,143580,531410,1110806,1039356,243696
6,16,218,2413,17811,94343,320409,616513,534345,116315
7,14,151,1613,10640,50611,154512,266548,206991,40837
8,12,98,981,5758,24932,69177,106250,72394,12484
9,10,79,740,3847,15309,39165,55315,34567,5409
10,6,65,555,2672,9725,22998,30287,17735,2606
11,5,42,308,1282,4281,9414,11172,6354,860
12,2,24,185,753,2535,5169,5873,3171,389
13,2,22,165,645,2065,4133,4561,2416,285
14,2,22,158,608,1867,3674,3952,2013,216
15,1,15,87,353,1024,2012,2206,1130,128
16,1,13,79,313,867,1558,1597,718,74
17,1,12,70,276,726,1242,1215,518,56
18,1,12,70,269,700,1197,1163,497,52
19,1,9,58,176,409,589,480,157,8
20,1,8,50,156,346,454,348,106,5
21,1,8,50,156,340,445,339,102,5
22,0,7,26,84,183,224,152,37,2
23,0,7,25,82,177,216,143,35,2
24,0,7,20,67,132,148,65,16,0
25,0,6,18,49,106,107,41,10,0
26,0,6,18,49,106,107,41,10,0
27,0,1,3,8,19,5,8,0,0
28,0,1,3,8,19,5,8,0,0
29,0,1,3,5,14,5,3,0,0
30,0,1,3,5,14,5,3,0,0
31,0,1,3,5,11,3,2,0,0
32,0,1,3,5,11,2,2,0,0
33,0,1,2,2,4,2,0,0,0
34,0,1,1,2,2,2,0,0,0
35,0,1,1,2,0,0,0,0,0
36,0,1,1,2,0,0,0,0,0
37,0,1,1,2,0,0,0,0,0
38,0,1,1,2,0,0,0,0,0
39,0,1,1,2,0,0,0,0,0
40,0,1,1,2,0,0,0,0,0
41,0,1,1,2,0,0,0,0,0
42,0,1,1,2,0,0,0,0,0
43,0,0,1,0,0,0,0,0,0
44,0,0,1,0,0,0,0,0,0
45,0,0,1,0,0,0,0,0,0
46,0,0,1,0,0,0,0,0,0
47,0,0,1,0,0,0,0,0,0
48,0,0,1,0,0,0,0,0,0
49,0,0,1,0,0,0,0,0,0
50,0,0,1,0,0,0,0,0,0
51,0,0,1,0,0,0,0,0,0
52,0,0,1,0,0,0,0,0,0
53,0,0,0,0,0,0,0,0,0
54,0,0,0,0,0,0,0,0,0
55,0,0,0,0,0,0,0,0,0
56,0,0,0,0,0,0,0,0,0
57,0,0,0,0,0,0,0,0,0
58,0,0,0,0,0,0,0,0,0
59,0,0,0,0,0,0,0,0,0
60,0,0,0,0,0,0,0,0,0
61,0,0,0,0,0,0,0,0,0
62,0,0,0,0,0,0,0,0,0
63,0,0,0,0,0,0,0,0,0
64,0,0,0,0,0,0,0,0,0
65,0,0,0,0,0,0,0,0,0
66,0,0,0,0,0,0,0,0,0
67,0,0,0,0,0,0,0,0,0
68,0,0,0,0,0,0,0,0,0
69,0,0,0,0,0,0,0,0,0
70,0,0,0,0,0,0,0,0,0
71,0,0,0,0,0,0,0,0,0
72,0,0,0,0,0,0,0,0,0
73,0,0,0,0,0,0,0,0,0
74,0,0,0,0,0,0,0,0,0
75,0,0,0,0,0,0,0,0,0
76,0,0,0,0,0,0,0,0,0
77,0,0,0,0,0,0,0,0,0
78,0,0,0,0,0,0,0,0,0
79,0,0,0,0,0,0,0,0,0
80,0,0,0,0,0,0,0,0,0
81,0,0,0,0,0,0,0,0,0
82,0,0,0,0,0,0,0,0,0
83,0,0,0,0,0,0,0,0,0
84,0,0,0,0,0,0,0,0,0
85,0,0,0,0,0,0,0,0,0
86,0,0,0,0,0,0,0,0,0
87,0,0,0,0,0,0,0,0,0
88,0,0,0,0,0,0,0,0,0
89,0,0,0,0,0,0,0,0,0
90,0,0,0,0,0,0,0,0,0
91,0,0,0,0,0,0,0,0,0
92,0,0,0,0,0,0,0,0,0
93,0,0,0,0,0,0,0,0,0
94,0,0,0,0,0,0,0,0,0
95,0,0,0,0,0,0,0,0,0
96,0,0,0,0,0,0,0,0,0
97,0,0,0,0,0,0,0,0,0
98,0,0,0,0,0,0,0,0,0
99,0,0,0,0,0,0,0,0,0
100,0,0,0,0,0,0,0,0,0
101,0,0,0,0,0,0,0,0,0
102,0,0,0,0,0,0,0,0,0
103,0,0,0,0,0,0,0,0,0
104,0,0,0,0,0,0,0,0,0
105,0,0,0,0,0,0,0,0,0
106,0,0,0,0,0,0,0,0,0
107,0,0,0,0,0,0,0,0,0
108,0,0,0,0,0,0,0,0,0
109,0,0,0,0,0,0,0,0,0
110,0,0,0,0,0,0,0,0,0
111,0,0,0,0,0,0,0,0,0
112,0,0,0,0,0,0,0,0,0
113,0,0,0,0,0,0,0,0,0
114,0,0,0,0,0,0,0,0,0
115,0,0,0,0,0,0,0,0,0
116,0,0,0,0,0,0,0,0,0
117,0,0,0,0,0,0,0,0,0
118,0,0,0,0,0,0,0,0,0
119,0,0,0,0,0,0,0,0,0
120,0,0,0,0,0,0,0,0,0
121,0,0,0,0,0,0,0,0,0
122,0,0,0,0,0,0,0,0,0
123,0,0,0,0,0,0,0,0,0
124,0,0,0,0,0,0,0,0,0
125,0,0,0,0,0,0,0,0,0
126,0,0,0,0,0,0,0,0,0
127,0,0,0,0,0,0,0,0,0
128,0,0,0,0,0,0,0,0,0
129,0,0,0,0,0,0,0,0,0
130,0,0,0,0,0,0,0,0,0
131,0,0,0,0,0,0,0,0,0
132,0,0,0,0,0,0,0,0,0
133,0,0,0,0,0,0,0,0,0
134,0,0,0,0,0,0,0,0,0
135,0,0,0,0,0,0,0,0,0
136,0,0,0,0,0,0,0,0,0
137,0,0,0,0,0,0,0,0,0
138,0,0,0,0,0,0,0,0,0
139,0,0,0,0,0,0,0,0,0
140,0,0,0,0,0,0,0,0,0
141,0,0,0,0,0,0,0,0,0
142,0,0,0,0,0,0,0,0,0
143,0,0,0,0,0,0,0,0,0
144,0,0,0,0,0,0,0,0,0
145,0,0,0,0,0,0,0,0,0
146,0,0,0,0,0,0,0,0,0
147,0,0,0,0,0,0,0,0,0
148,0,0,0,0,0,0,0,0,0
149,0,0,0,0,0,0,0,0,0
150,0,0,0,0,0,0,0,0,0
151,0,0,0,0,0,0,0,0,0
152,0,0,0,0,0,0,0,0,0
153,0,0,0,0,0,0,0,0,0
154,0,0,0,0,0,0,0,0,0
155,0,0,0,0,0,0,0,0,0
156,0,0,0,0,0,0,0,0,0
157,0,0,0,0,0,0,0,0,0
158,0,0,0,0,0,0,0,0,0
159,0,0,0,0,0,0,0,0,0
160,0,0,0,0,0,0,0,0,0
161,0,0,0,0,0,0,0,0,0
162,0,0,0,0,0,0,0,0,0
163,0,0,0,0,0,0,0,0,0
164,0,0,0,0,0,0,0,0,0
165,0,0,0,0,0,0,0,0,0
166,0,0,0,0,0,0,0,0,0
167,0,0,0,0,0,0,0,0,0
168,0,0,0,0,0,0,0,0,0
169,0,0,0,0,0,0,0,0,0
170,0,0,0,0,0,0,0,0,0
171,0,0,0,0,0,0,0,0,0
172,0,0,0,0,0,0,0,0,0
173,0,0,0,0,0,0,0,0,0
174,0,0,0,0,0,0,0,0,0
175,0,0,0,0,0,0,0,0,0
176,0,0,0,0,0,0,0,0,0
177,0,0,0,0,0,0,0,0,0
178,0,0,0,0,0,0,0,0,0
179,0,0,0,0,0,0,0,0,0
180,0,0,0,0,0,0,0,0,0
181,0,0,0,0,0,0,0,0,0
182,0,0,0,0,0,0,0,0,0
183,0,0,0,0,0,0,0,0,0
184,0,0,0,0,0,0,0,0,0
185,0,0,0,0,0,0,0,0,0
186,0,0,0,0,0,0,0,0,0
187,0,0,0,0,0,0,0,0,0
188,0,0,0,0,0,0,0,0,0
189,0,0,0,0,0,0,0,0,0
190,0,0,0,0,0,0,0,0,0
191,0,0,0,0,0,0,0,0,0
192,0,0,0,0,0,0,0,0,0
193,0,0,0,0,0,0,0,0,0
194,0,0,0,0,0,0,0,0,0
195,0,0,0,0,0,0,0,0,0
196,0,0,0,0,0,0,0,0,0
197,0,0,0,0,0,0,0,0,0
198,0,0,0,0,0,0,0,0,0
199,0,0,0,0,0,0,0,0,0
200,0,0,0,0,0,0,0,0,0
201,0,0,0,0,0,0,0,0,0
202,0,0,0,0,0,0,0,0,0
203,0,0,0,0,0,0,0,0,0
204,0,0,0,0,0,0,0,0,0
205,0,0,0,0,0,0,0,0,0
206,0,0,0,0,0,0,0,0,0
207,0,0,0,0,0,0,0,0,0
208,0,0,0,0,0,0,0,0,0
209,0,0,0,0,0,0,0,0,0
210,0,0,0,0,0,0,0,0,0
211,0,0,0,0,0,0,0,0,0
212,0,0,0,0,0,0,0,0,0
213,0,0,0,0,0,0,0,0,0
214,0,0,0,0,0,0,0,0,0
215,0,0,0,0,0,0,0,0,0
216,0,0,0,0,0,0,0,0,0
217,0,0,0,0,0,0,0,0,0
218,0,0,0,0,0,0,0,0,0
219,0,0,0,0,0,0,0,0,0
220,0,0,0,0,0,0,0,0,0
221,0,0,0,0,0,0,0,0,0
222,0,0,0,0,0,0,0,0,0
223,0,0,0,0,0,0,0,0,0
224,0,0,0,0,0,0,0,0,0
225,0,0,0,0,0,0,0,0,0
226,0,0,0,0,0,0,0,0,0
227,0,0,0,0,0,0,0,0,0
228,0,0,0,0,0,0,0,0,0
229,0,0,0,0,0,0,0,0,0
230,0,0,0,0,0,0,0,0,0
231,0,0,0,0,0,0,0,0,0
232,0,0,0,0,0,0,0,0,0
233,0,0,0,0,0,0,0,0,0
234,0,0,0,0,0,0,0,0,0
235,0,0,0,0,0,0,0,0,0
236,0,0,0,0,0,0,0,0,0
237,0,0,0,0,0,0,0,0,0
238,0,0,0,0,0,0,0,0,0
239,0,0,0,0,0,0,0,0,0
240,0,0,0,0,0,0,0,0,0
241,0,0,0,0,0,0,0,0,0
242,0,0,0,0,0,0,0,0,0
243,0,0,0,0,0,0,0,0,0
244,0,0,0,0,0,0,0,0,0
245,0,0,0,0,0,0,0,0,0
246,0,0,0,0,0,0,0,0,0
247,0,0,0,0,0,0,0,0,0
248,0,0,0,0,0,0,0,0,0
249,0,0,0,0,0,0,0,0,0
250,0,0,0,0,0,0,0,0,0
251,0,0,0,0,0,0,0,0,0
252,0,0,0,0,0,0,0,0,0
253,0,0,0,0,0,0,0,0,0
254,0,0,0,0,0,0,0,0,0
255,0,0,0,0,0,0,0,0,0
256,0,0,0,0,0,0,0,0,0
257,0,0,0,0,0,0,0,0,0
258,0,0,0,0,0,0,0,0,0
259,0,0,0,0,0,0,0,0,0
260,0,0,0,0,0,0,0,0,0
261,0,0,0,0,0,0,0,0,0
262,0,0,0,0,0,0,0,0,0
263,0,0,0,0,0,0,0,0,0
264,0,0,0,0,0,0,0,0,0
265,0,0,0,0,0,0,0,0,0
266,0,0,0,0,0,0,0,0,0
267,0,0,0,0,0,0,0,0,0
268,0,0,0,0,0,0,0,0,0
269,0,0,0,0,0,0,0,0,0
270,0,0,0,0,0,0,0,0,0
271,0,0,0,0,0,0,0,0,0
272,0,0,0,0,0,0,0,0,0
273,0,0,0,0,0,0,0,0,0
274,0,0,0,0,0,0,0,0,0
275,0,0,0,0,0,0,0,0,0
276,0,0,0,0,0,0,0,0,0
277,0,0,0,0,0,0,0,0,0
278,0,0,0,0,0,0,0,0,0
279,0,0,0,0,0,0,0,0,0
280,0,0,0,0,0,0,0,0,0
281,0,0,0,0,0,0,0,0,0
282,0,0,0,0,0,0,0,0,0
283,0,0,0,0,0,0,0,0,0
284,0,0,0,0,0,0,0,0,0
285,0,0,0,0,0,0,0,0,0
286,0,0,0,0,0,0,0,0,0
287,0,0,0,0,0,0,0,0,0
288,0,0,0,0,0,0,0,0,0
289,0,0,0,0,0,0,0,0,0
290,0,0,0,0,0,0,0,0,0
291,0,0,0,0,0,0,0,0,0
292,0,0,0,0,0,0,0,0,0
293,0,0,0,0,0,0,0,0,0
294,0,0,0,0,0,0,0,0,0
295,0,0,0,0,0,0,0,0,0
296,0,0,0,0,0,0,0,0,0
297,0,0,0,0,0,0,0,0,0
298,0,0,0,0,0,0,0,0,0
299,0,0,0,0,0,0,0,0,0
300,0,0,0,0,0,0,0,0,0
301,0,0,0,0,0,0,0,0,0
302,0,0,0,0,0,0,0,0,0
303,0,0,0,0,0,0,0,0,0
304,0,0,0,0,0,0,0,0,0
305,0,0,0,0,0,0,0,0,0
306,0,0,0,0,0,0,0,0,0
307,0,0,0,0,0,0,0,0,0
308,0,0,0,0,0,0,0,0,0
309,0,0,0,0,0,0,0,0,0
310,0,0,0,0,0,0,0,0,0
311,0,0,0,0,0,0,0,0,0
312,0,0,0,0,0,0,0,0,0
313,0,0,0,0,0,0,0,0,0
314,0,0,0,0,0,0,0,0,0
315,0,0,0,0,0,0,0,0,0
316,0,0,0,0,0,0,0,0,0
317,0,0,0,0,0,0,0,0,0
318,0,0,0,0,0,0,0,0,0
319,0,0,0,0,0,0,0,0,0
320,0,0,0,0,0,0,0,0,0
321,0,0,0,0,0,0,0,0,0
322,0,0,0,0,0,0,0,0,0
323,0,0,0,0,0,0,0,0,0
324,0,0,0,0,0,0,0,0,0
325,0,0,0,0,0,0,0,0,0
326,0,0,0,0,0,0,0,0,0
327,0,0,0,0,0,0,0,0,0
328,0,0,0,0,0,0,0,0,0
329,0,0,0,0,0,0,0,0,0
330,0,0,0,0,0,0,0,0,0
331,0,0,0,0,0,0,0,0,0
332,0,0,0,0,0,0,0,0,0
333,0,0,0,0,0,0,0,0,0
334,0,0,0,0,0,0,0,0,0
335,0,0,0,0,0,0,0,0,0
336,0,0,0,0,0,0,0,0,0
337,0,0,0,0,0,0,0,0,0
338,0,0,0,0,0,0,0,0,0
339,0,0,0,0,0,0,0,0,0
340,0,0,0,0,0,0,0,0,0
341,0,0,0,0,0,0,0,0,0
342,0,0,0,0,0,0,0,0,0
343,0,0,0,0,0,0,0,0,0
344,0,0,0,0,0,0,0,0,0
345,0,0,0,0,0,0,0,0,0
346,0,0,0,0,0,0,0,0,0
347,0,0,0,0,0,0,0,0,0
348,0,0,0,0,0,0,0,0,0
349,0,0,0,0,0,0,0,0,0
350,0,0,0,0,0,0,0,0,0
351,0,0,0,0,0,0,0,0,0
352,0,0,0,0,0,0,0,0,0
353,0,0,0,0,0,0,0,0,0
354,0,0,0,0,0,0,0,0,0
355,0,0,0,0,0,0,0,0,0
356,0,0,0,0,0,0,0,0,0
357,0,0,0,0,0,0,0,0,0
358,0,0,0,0,0,0,0,0,0
359,0,0,0,0,0,0,0,0,0
360,0,0,0,0,0,0,0,0,0
361,0,0,0,0,0,0,0,0,0
362,0,0,0,0,0,0,0,0,0
363,0,0,0,0,0,0,0,0,0
364,0,0,0,0,0,0,0,0,0
365,0,0,0,0,0,0,0,0,0
366,0,0,0,0,0,0,0,0,0
367,0,0,0,0,0,0,0,0,0
368,0,0,0,0,0,0,0,0,0
369,0,0,0,0,0,0,0,0,0
370,0,0,0,0,0,0,0,0,0
371,0,0,0,0,0,0,0,0,0
372,0,0,0,0,0,0,0,0,0
373,0,0,0,0,0,0,0,0,0
374,0,0,0,0,0,0,0,0,0
375,0,0,0,0,0,0,0,0,0
376,0,0,0,0,0,0,0,0,0
377,0,0,0,0,0,0,0,0,0
378,0,0,0,0,0,0,0,0,0
379,0,0,0,0,0,0,0,0,0
380,0,0,0,0,0,0,0,0,0
381,0,0,0,0,0,0,0,0,0
382,0,0,0,0,0,0,0,0,0
383,0,0,0,0,0,0,0,0,0
384,0,0,0,0,0,0,0,0,0
385,0,0,0,0,0,0,0,0,0
386,0,0,0,0,0,0,0,0,0
387,0,0,0,0,0,0,0,0,0
388,0,0,0,0,0,0,0,0,0
389,0,0,0,0,0,0,0,0,0
390,0,0,0,0,0,0,0,0,0
391,0,0,0,0,0,0,0,0,0
392,0,0,0,0,0,0,0,0,0
393,0,0,0,0,0,0,0,0,0
394,0,0,0,0,0,0,0,0,0
395,0,0,0,0,0,0,0,0,0
396,0,0,0,0,0,0,0,0,0
397,0,0,0,0,0,0,0,0,0
398,0,0,0,0,0,0,0,0,0
399,0,0,0,0,0,0,0,0,0
400,0,0,0,0,0,0,0,0,0
401,0,0,0,0,0,0,0,0,0
402,0,0,0,0,0,0,0,0,0
403,0,0,0,0,0,0,0,0,0
404,0,0,0,0,0,0,0,0,0
405,0,0,0,0,0,0,0,0,0
406,0,0,0,0,0,0,0,0,0
407,0,0,0,0,0,0,0,0,0
408,0,0,0,0,0,0,0,0,0
409,0,0,0,0,0,0,0,0,0
410,0,0,0,0,0,0,0,0,0
411,0,0,0,0,0,0,0,0,0
412,0,0,0,0,0,0,0,0,0
413,0,0,0,0,0,0,0,0,0
414,0,0,0,0,0,0,0,0,0
415,0,0,0,0,0,0,0,0,0
416,0,0,0,0,0,0,0,0,0
417,0,0,0,0,0,0,0,0,0
418,0,0,0,0,0,0,0,0,0
419,0,0,0,0,0,0,0,0,0
420,0,0,0,0,0,0,0,0,0
421,0,0,0,0,0,0,0,0,0
422,0,0,0,0,0,0,0,0,0
423,0,0,0,0,0,0,0,0,0
424,0,0,0,0,0,0,0,0,0
425,0,0,0,0,0,0,0,0,0
426,0,0,0,0,0,0,0,0,0
427,0,0,0,0,0,0,0,0,0
428,0,0,0,0,0,0,0,0,0
429,0,0,0,0,0,0,0,0,0
430,0,0,0,0,0,0,0,0,0
431,0,0,0,0,0,0,0,0,0
432,0,0,0,0,0,0,0,0,0
433,0,0,0,0,0,0,0,0,0
434,0,0,0,0,0,0,0,0,0
435,0,0,0,0,0,0,0,0,0
436,0,0,0,0,0,0,0,0,0
437,0,0,0,0,0,0,0,0,0
438,0,0,0,0,0,0,0,0,0
439,0,0,0,0,0,0,0,0,0
440,0,0,0,0,0,0,0,0,0
441,0,0,0,0,0,0,0,0,0
442,0,0,0,0,0,0,0,0,0
443,0,0,0,0,0,0,0,0,0
444,0,0,0,0,0,0,0,0,0
445,0,0,0,0,0,0,0,0,0
446,0,0,0,0,0,0,0,0,0
447,0,0,0,0,0,0,0,0,0
448,0,0,0,0,0,0,0,0,0
449,0,0,0,0,0,0,0,0,0
450,0,0,0,0,0,0,0,0,0
451,0,0,0,0,0,0,0,0,0
452,0,0,0,0,0,0,0,0,0
453,0,0,0,0,0,0,0,0,0
454,0,0,0,0,0,0,0,0,0
455,0,0,0,0,0,0,0,0,0
456,0,0,0,0,0,0,0,0,0
457,0,0,0,0,0,0,0,0,0
458,0,0,0,0,0,0,0,0,0
459,0,0,0,0,0,0,0,0,0
460,0,0,0,0,0,0,0,0,0
461,0,0,0,0,0,0,0,0,0
462,0,0,0,0,0,0,0,0,0
463,0,0,0,0,0,0,0,0,0
464,0,0,0,0,0,0,0,0,0
465,0,0,0,0,0,0,0,0,0
466,0,0,0,0,0,0,0,0,0
467,0,0,0,0,0,0,0,0,0
468,0,0,0,0,0,0,0,0,0
469,0,0,0,0,0,0,0,0,0
470,0,0,0,0,0,0,0,0,0
471,0,0,0,0,0,0,0,0,0
472,0,0,0,0,0,0,0,0,0
473,0,0,0,0,0,0,0,0,0
474,0,0,0,0,0,0,0,0,0
475,0,0,0,0,0,0,0,0,0
476,0,0,0,0,0,0,0,0,0
477,0,0,0,0,0,0,0,0,0
478,0,0,0,0,0,0,0,0,0
479,0,0,0,0,0,0,0,0,0
480,0,0,0,0,0,0,0,0,0
481,0,0,0,0,0,0,0,0,0
482,0,0,0,0,0,0,0,0,0
483,0,0,0,0,0,0,0,0,0
484,0,0,0,0,0,0,0,0,0
485,0,0,0,0,0,0,0,0,0
486,0,0,0,0,0,0,0,0,0
487,0,0,0,0,0,0,0,0,0
488,0,0,0,0,0,0,0,0,0
489,0,0,0,0,0,0,0,0,0
490,0,0,0,0,0,0,0,0,0
491,0,0,0,0,0,0,0,0,0
492,0,0,0,0,0,0,0,0,0
493,0,0,0,0,0,0,0,0,0
494,0,0,0,0,0,0,0,0,0
495,0,0,0,0,0,0,0,0,0
496,0,0,0,0,0,0,0,0,0
497,0,0,0,0,0,0,0,0,0
498,0,0,0,0,0,0,0,0,0
499,0,0,0,0,0,0,0,0,0
500,0,0,0,0,0,0,0,0,0
501,0,0,0,0,0,0,0,0,0
502,0,0,0,0,0,0,0,0,0
503,0,0,0,0,0,0,0,0,0
504,0,0,0,0,0,0,0,0,0
505,0,0,0,0,0,0,0,0,0
506,0,0,0,0,0,0,0,0,0
507,0,0,0,0,0,0,0,0,0
508,0,0,0,0,0,0,0,0,0
509,0,0,0,0,0,0,0,0,0
510,0,0,0,0,0,0,0,0,0
511,0,0,0,0,0,0,0,0,0
512,0,0,0,0,0,0,0,0,0
513,0,0,0,0,0,0,0,0,0
514,0,0,0,0,0,0,0,0,0
515,0,0,0,0,0,0,0,0,0
516,0,0,0,0,0,0,0,0,0
517,0,0,0,0,0,0,0,0,0
518,0,0,0,0,0,0,0,0,0
519,0,0,0,0,0,0,0,0,0
520,0,0,0,0,0,0,0,0,0
521,0,0,0,0,0,0,0,0,0
522,0,0,0,0,0,0,0,0,0
523,0,0,0,0,0,0,0,0,0
524,0,0,0,0,0,0,0,0,0
525,0,0,0,0,0,0,0,0,0
526,0,0,0,0,0,0,0,0,0
527,0,0,0,0,0,0,0,0,0
528,0,0,0,0,0,0,0,0,0
529,0,0,0,0,0,0,0,0,0
530,0,0,0,0,0,0,0,0,0
531,0,0,0,0,0,0,0,0,0
532,0,0,0,0,0,0,0,0,0
533,0,0,0,0,0,0,0,0,0
534,0,0,0,0,0,0,0,0,0
535,0,0,0,0,0,0,0,0,0
536,0,0,0,0,0,0,0,0,0
537,0,0,0,0,0,0,0,0,0
538,0,0,0,0,0,0,0,0,0
539,0,0,0,0,0,0,0,0,0
540,0,0,0,0,0,0,0,0,0
541,0,0,0,0,0,0,0,0,0
542,0,0,0,0,0,0,0,0,0
543,0,0,0,0,0,0,0,0,0
544,0,0,0,0,0,0,0,0,0
545,0,0,0,0,0,0,0,0,0
546,0,0,0,0,0,0,0,0,0
547,0,0,0,0,0,0,0,0,0
548,0,0,0,0,0,0,0,0,0
549,0,0,0,0,0,0,0,0,0
550,0,0,0,0,0,0,0,0,0
551,0,0,0,0,0,0,0,0,0
552,0,0,0,0,0,0,0,0,0
553,0,0,0,0,0,0,0,0,0
554,0,0,0,0,0,0,0,0,0
555,0,0,0,0,0,0,0,0,0
556,0,0,0,0,0,0,0,0,0
557,0,0,0,0,0,0,0,0,0
558,0,0,0,0,0,0,0,0,0
559,0,0,0,0,0,0,0,0,0
560,0,0,0,0,0,0,0,0,0
561,0,0,0,0,0,0,0,0,0
562,0,0,0,0,0,0,0,0,0
563,0,0,0,0,0,0,0,0,0
564,0,0,0,0,0,0,0,0,0
565,0,0,0,0,0,0,0,0,0
566,0,0,0,0,0,0,0,0,0
567,0,0,0,0,0,0,0,0,0
568,0,0,0,0,0,0,0,0,0
569,0,0,0,0,0,0,0,0,0
570,0,0,0,0,0,0,0,0,0
571,0,0,0,0,0,0,0,0,0
572,0,0,0,0,0,0,0,0,0
573,0,0,0,0,0,0,0,0,0
574,0,0,0,0,0,0,0,0,0
575,0,0,0,0,0,0,0,0,0
576,0,0,0,0,0,0,0,0,0
577,0,0,0,0,0,0,0,0,0
578,0,0,0,0,0,0,0,0,0
579,0,0,0,0,0,0,0,0,0
580,0,0,0,0,0,0,0,0,0
581,0,0,0,0,0,0,0,0,0
582,0,0,0,0,0,0,0,0,0
583,0,0,0,0,0,0,0,0,0
584,0,0,0,0,0,0,0,0,0
585,0,0,0,0,0,0,0,0,0
586,0,0,0,0,0,0,0,0,0
587,0,0,0,0,0,0,0,0,0
588,0,0,0,0,0,0,0,0,0
589,0,0,0,0,0,0,0,0,0
590,0,0,0,0,0,0,0,0,0
591,0,0,0,0,0,0,0,0,0
592,0,0,0,0,0,0,0,0,0
593,0,0,0,0,0,0,0,0,0
594,0,0,0,0,0,0,0,0,0
595,0,0,0,0,0,0,0,0,0
596,0,0,0,0,0,0,0,0,0
597,0,0,0,0,0,0,0,0,0
598,0,0,0,0,0,0,0,0,0
599,0,0,0,0,0,0,0,0,0
600,0,0,0,0,0,0,0,0,0
601,0,0,0,0,0,0,0,0,0
602,0,0,0,0,0,0,0,0,0
603,0,0,0,0,0,0,0,0,0
604,0,0,0,0,0,0,0,0,0
605,0,0,0,0,0,0,0,0,0
606,0,0,0,0,0,0,0,0,0
607,0,0,0,0,0,0,0,0,0
608,0,0,0,0,0,0,0,0,0
609,0,0,0,0,0,0,0,0,0
610,0,0,0,0,0,0,0,0,0
611,0,0,0,0,0,0,0,0,0
612,0,0,0,0,0,0,0,0,0
613,0,0,0,0,0,0,0,0,0
614,0,0,0,0,0,0,0,0,0
615,0,0,0,0,0,0,0,0,0
616,0,0,0,0,0,0,0,0,0
617,0,0,0,0,0,0,0,0,0
618,0,0,0,0,0,0,0,0,0
619,0,0,0,0,0,0,0,0,0
620,0,0,0,0,0,0,0,0,0
621,0,0,0,0,0,0,0,0,0
622,0,0,0,0,0,0,0,0,0
623,0,0,0,0,0,0,0,0,0
624,0,0,0,0,0,0,0,0,0
625,0,0,0,0,0,0,0,0,0
626,0,0,0,0,0,0,0,0,0
627,0,0,0,0,0,0,0,0,0
628,0,0,0,0,0,0,0,0,0
629,0,0,0,0,0,0,0,0,0
630,0,0,0,0,0,0,0,0,0
631,0,0,0,0,0,0,0,0,0
632,0,0,0,0,0,0,0,0,0
633,0,0,0,0,0,0,0,0,0
634,0,0,0,0,0,0,0,0,0
635,0,0,0,0,0,0,0,0,0
636,0,0,0,0,0,0,0,0,0
637,0,0,0,0,0,0,0,0,0
638,0,0,0,0,0,0,0,0,0
639,0,0,0,0,0,0,0,0,0
640,0,0,0,0,0,0,0,0,0
641,0,0,0,0,0,0,0,0,0
642,0,0,0,0,0,0,0,0,0
643,0,0,0,0,0,0,0,0,0
644,0,0,0,0,0,0,0,0,0
645,0,0,0,0,0,0,0,0,0
646,0,0,0,0,0,0,0,0,0
647,0,0,0,0,0,0,0,0,0
648,0,0,0,0,0,0,0,0,0
649,0,0,0,0,0,0,0,0,0
650,0,0,0,0,0,0,0,0,0
651,0,0,0,0,0,0,0,0,0
652,0,0,0,0,0,0,0,0,0
653,0,0,0,0,0,0,0,0,0
654,0,0,0,0,0,0,0,0,0
655,0,0,0,0,0,0,0,0,0
656,0,0,0,0,0,0,0,0,0
657,0,0,0,0,0,0,0,0,0
658,0,0,0,0,0,0,0,0,0
659,0,0,0,0,0,0,0,0,0
660,0,0,0,0,0,0,0,0,0
661,0,0,0,0,0,0,0,0,0
662,0,0,0,0,0,0,0,0,0
663,0,0,0,0,0,0,0,0,0
664,0,0,0,0,0,0,0,0,0
665,0,0,0,0,0,0,0,0,0
666,0,0,0,0,0,0,0,0,0
667,0,0,0,0,0,0,0,0,0
668,0,0,0,0,0,0,0,0,0
669,0,0,0,0,0,0,0,0,0
670,0,0,0,0,0,0,0,0,0
671,0,0,0,0,0,0,0,0,0
672,0,0,0,0,0,0,0,0,0
673,0,0,0,0,0,0,0,0,0
674,0,0,0,0,0,0,0,0,0
675,0,0,0,0,0,0,0,0,0
676,0,0,0,0,0,0,0,0,0
677,0,0,0,0,0,0,0,0,0
678,0,0,0,0,0,0,0,0,0
679,0,0,0,0,0,0,0,0,0
680,0,0,0,0,0,0,0,0,0
681,0,0,0,0,0,0,0,0,0
682,0,0,0,0,0,0,0,0,0
683,0,0,0,0,0,0,0,0,0
684,0,0,0,0,0,0,0,0,0
685,0,0,0,0,0,0,0,0,0
686,0,0,0,0,0,0,0,0,0
687,0,0,0,0,0,0,0,0,0
688,0,0,0,0,0,0,0,0,0
689,0,0,0,0,0,0,0,0,0
690,0,0,0,0,0,0,0,0,0
691,0,0,0,0,0,0,0,0,0
692,0,0,0,0,0,0,0,0,0
693,0,0,0,0,0,0,0,0,0
694,0,0,0,0,0,0,0,0,0
695,0,0,0,0,0,0,0,0,0
696,0,0,0,0,0,0,0,0,0
697,0,0,0,0,0,0,0,0,0
698,0,0,0,0,0,0,0,0,0
699,0,0,0,0,0,0,0,0,0
700,0,0,0,0,0,0,0,0,0
701,0,0,0,0,0,0,0,0,0
702,0,0,0,0,0,0,0,0,0
703,0,0,0,0,0,0,0,0,0
704,0,0,0,0,0,0,0,0,0
705,0,0,0,0,0,0,0,0,0
706,0,0,0,0,0,0,0,0,0
707,0,0,0,0,0,0,0,0,0
708,0,0,0,0,0,0,0,0,0
709,0,0,0,0,0,0,0,0,0
710,0,0,0,0,0,0,0,0,0
711,0,0,0,0,0,0,0,0,0
712,0,0,0,0,0,0,0,0,0
713,0,0,0,0,0,0,0,0,0
714,0,0,0,0,0,0,0,0,0
715,0,0,0,0,0,0,0,0,0
716,0,0,0,0,0,0,0,0,0
717,0,0,0,0,0,0,0,0,0
718,0,0,0,0,0,0,0,0,0
719,0,0,0,0,0,0,0,0,0
720,0,0,0,0,0,0,0,0,0
721,0,0,0,0,0,0,0,0,0
722,0,0,0,0,0,0,0,0,0
723,0,0,0,0,0,0,0,0,0
724,0,0,0,0,0,0,0,0,0
725,0,0,0,0,0,0,0,0,0
726,0,0,0,0,0,0,0,0,0
727,0,0,0,0,0,0,0,0,0
728,0,0,0,0,0,0,0,0,0
729,0,0,0,0,0,0,0,0,0
730,0,0,0,0,0,0,0,0,0
731,0,0,0,0,0,0,0,0,0
732,0,0,0,0,0,0,0,0,0
733,0,0,0,0,0,0,0,0,0
734,0,0,0,0,0,0,0,0,0
735,0,0,0,0,0,0,0,0,0
736,0,0,0,0,0,0,0,0,0
737,0,0,0,0,0,0,0,0,0
738,0,0,0,0,0,0,0,0,0
739,0,0,0,0,0,0,0,0,0
740,0,0,0,0,0,0,0,0,0
741,0,0,0,0,0,0,0,0,0
742,0,0,0,0,0,0,0,0,0
743,0,0,0,0,0,0,0,0,0
744,0,0,0,0,0,0,0,0,0
745,0,0,0,0,0,0,0,0,0
746,0,0,0,0,0,0,0,0,0
747,0,0,0,0,0,0,0,0,0
748,0,0,0,0,0,0,0,0,0
749,0,0,0,0,0,0,0,0,0
750,0,0,0,0,0,0,0,0,0
0,194,7257,201425,4077983,57373546,517292847,2626655236,5935079656,3356972874
1,130,3791,83696,1342304,14920446,106286147,426255613,760542763,339585441
2,53,1579,28173,376915,3482589,20657225,69041821,102769577,38333386
3,29,742,11142,130652,1067363,5586364,16466253,21572030,7075688
4,17,391,5492,58038,425571,2002371,5288694,6217365,1830398
5,15,228,2580,23622,149054,599241,1355620,1365352,345860
6,14,185,1766,14769,83896,303946,616016,553538,123567
7,13,137,1227,9180,46367,150703,273625,219884,43552
8,4,47,322,2030,9589,27469,43789,30626,5238
9,4,30,202,1166,4999,13301,20177,13440,2253
10,1,16,98,583,2180,5334,7378,4482,738
11,1,15,92,534,1799,3951,4915,2701,353
12,1,7,52,326,954,1982,2404,1400,201
13,1,6,46,264,716,1366,1463,728,95
14,1,6,44,232,616,1128,1166,536,63
15,1,5,30,125,286,383,282,96,14
16,1,5,26,106,197,265,217,78,10
17,0,0,0,0,0,0,0,0,0
18,0,0,0,0,0,0,0,0,0
19,0,0,0,0,0,0,0,0,0
20,0,0,0,0,0,0,0,0,0
21,0,0,0,0,0,0,0,0,0
22,0,0,0,0,0,0,0,0,0
23,0,0,0,0,0,0,0,0,0
24,0,0,0,0,0,0,0,0,0
25,0,0,0,0,0,0,0,0,0
26,0,0,0,0,0,0,0,0,0
27,0,0,0,0,0,0,0,0,0
28,0,0,0,0,0,0,0,0,0
29,0,0,0,0,0,0,0,0,0
30,0,0,0,0,0,0,0,0,0
31,0,0,0,0,0,0,0,0,0
32,0,0,0,0,0,0,0,0,0
33,0,0,0,0,0,0,0,0,0
34,0,0,0,0,0,0,0,0,0
35,0,0,0,0,0,0,0,0,0
36,0,0,0,0,0,0,0,0,0
37,0,0,0,0,0,0,0,0,0
38,0,0,0,0,0,0,0,0,0
39,0,0,0,0,0,0,0,0,0
40,0,0,0,0,0,0,0,0,0
41,0,0,0,0,0,0,0,0,0
42,0,0,0,0,0,0,0,0,0
43,0,0,0,0,0,0,0,0,0
44,0,0,0,0,0,0,0,0,0
45,0,0,0,0,0,0,0,0,0
46,0,0,0,0,0,0,0,0,0
47,0,0,0,0,0,0,0,0,0
48,0,0,0,0,0,0,0,0,0
49,0,0,0,0,0,0,0,0,0
50,0,0,0,0,0,0,0,0,0
51,0,0,0,0,0,0,0,0,0
52,0,0,0,0,0,0,0,0,0
53,0,0,0,0,0,0,0,0,0
54,0,0,0,0,0,0,0,0,0
55,0,0,0,0,0,0,0,0,0
56,0,0,0,0,0,0,0,0,0
57,0,0,0,0,0,0,0,0,0
58,0,0,0,0,0,0,0,0,0
59,0,0,0,0,0,0,0,0,0
60,0,0,0,0,0,0,0,0,0
61,0,0,0,0,0,0,0,0,0
62,0,0,0,0,0,0,0,0,0
63,0,0,0,0,0,0,0,0,0
64,0,0,0,0,0,0,0,0,0
65,0,0,0,0,0,0,0,0,0
66,0,0,0,0,0,0,0,0,0
67,0,0,0,0,0,0,0,0,0
68,0,0,0,0,0,0,0,0,0
69,0,0,0,0,0,0,0,0,0
70,0,0,0,0,0,0,0,0,0
71,0,0,0,0,0,0,0,0,0
72,0,0,0,0,0,0,0,0,0
73,0,0,0,0,0,0,0,0,0
74,0,0,0,0,0,0,0,0,0
75,0,0,0,0,0,0,0,0,0
76,0,0,0,0,0,0,0,0,0
77,0,0,0,0,0,0,0,0,0
78,0,0,0,0,0,0,0,0,0
79,0,0,0,0,0,0,0,0,0
80,0,0,0,0,0,0,0,0,0
81,0,0,0,0,0,0,0,0,0
82,0,0,0,0,0,0,0,0,0
83,0,0,0,0,0,0,0,0,0
84,0,0,0,0,0,0,0,0,0
85,0,0,0,0,0,0,0,0,0
86,0,0,0,0,0,0,0,0,0
87,0,0,0,0,0,0,0,0,0
88,0,0,0,0,0,0,0,0,0
89,0,0,0,0,0,0,0,0,0
90,0,0,0,0,0,0,0,0,0
91,0,0,0,0,0,0,0,0,0
92,0,0,0,0,0,0,0,0,0
93,0,0,0,0,0,0,0,0,0
94,0,0,0,0,0,0,0,0,0
95,0,0,0,0,0,0,0,0,0
96,0,0,0,0,0,0,0,0,0
97,0,0,0,0,0,0,0,0,0
98,0,0,0,0,0,0,0,0,0
99,0,0,0,0,0,0,0,0,0
100,0,0,0,0,0,0,0,0,0
101,0,0,0,0,0,0,0,0,0
102,0,0,0,0,0,0,0,0,0
103,0,0,0,0,0,0,0,0,0
104,0,0,0,0,0,0,0,0,0
105,0,0,0,0,0,0,0,0,0
106,0,0,0,0,0,0,0,0,0
107,0,0,0,0,0,0,0,0,0
108,0,0,0,0,0,0,0,0,0
109,0,0,0,0,0,0,0,0,0
110,0,0,0,0,0,0,0,0,0
111,0,0,0,0,0,0,0,0,0
112,0,0,0,0,0,0,0,0,0
113,0,0,0,0,0,0,0,0,0
114,0,0,0,0,0,0,0,0,0
115,0,0,0,0,0,0,0,0,0
116,0,0,0,0,0,0,0,0,0
117,0,0,0,0,0,0,0,0,0
118,0,0,0,0,0,0,0,0,0
119,0,0,0,0,0,0,0,0,0
120,0,0,0,0,0,0,0,0,0
121,0,0,0,0,0,0,0,0,0
122,0,0,0,0,0,0,0,0,0
123,0,0,0,0,0,0,0,0,0
124,0,0,0,0,0,0,0,0,0
125,0,0,0,0,0,0,0,0,0
126,0,0,0,0,0,0,0,0,0
127,0,0,0,0,0,0,0,0,0
128,0,0,0,0,0,0,0,0,0
129,0,0,0,0,0,0,0,0,0
130,0,0,0,0,0,0,0,0,0
131,0,0,0,0,0,0,0,0,0
132,0,0,0,0,0,0,0,0,0
133,0,0,0,0,0,0,0,0,0
134,0,0,0,0,0,0,0,0,0
135,0,0,0,0,0,0,0,0,0
136,0,0,0,0,0,0,0,0,0
137,0,0,0,0,0,0,0,0,0
138,0,0,0,0,0,0,0,0,0
139,0,0,0,0,0,0,0,0,0
140,0,0,0,0,0,0,0,0,0
141,0,0,0,0,0,0,0,0,0
142,0,0,0,0,0,0,0,0,0
143,0,0,0,0,0,0,0,0,0
144,0,0,0,0,0,0,0,0,0
145,0,0,0,0,0,0,0,0,0
146,0,0,0,0,0,0,0,0,0
147,0,0,0,0,0,0,0,0,0
148,0,0,0,0,0,0,0,0,0
149,0,0,0,0,0,0,0,0,0
150,0,0,0,0,0,0,0,0,0
151,0,0,0,0,0,0,0,0,0
152,0,0,0,0,0,0,0,0,0
153,0,0,0,0,0,0,0,0,0
154,0,0,0,0,0,0,0,0,0
155,0,0,0,0,0,0,0,0,0
156,0,0,0,0,0,0,0,0,0
157,0,0,0,0,0,0,0,0,0
158,0,0,0,0,0,0,0,0,0
159,0,0,0,0,0,0,0,0,0
160,0,0,0,0,0,0,0,0,0
161,0,0,0,0,0,0,0,0,0
162,0,0,0,0,0,0,0,0,0
163,0,0,0,0,0,0,0,0,0
164,0,0,0,0,0,0,0,0,0
165,0,0,0,0,0,0,0,0,0
166,0,0,0,0,0,0,0,0,0
167,0,0,0,0,0,0,0,0,0
168,0,0,0,0,0,0,0,0,0
169,0,0,0,0,0,0,0,0,0
170,0,0,0,0,0,0,0,0,0
171,0,0,0,0,0,0,0,0,0
172,0,0,0,0,0,0,0,0,0
173,0,0,0,0,0,0,0,0,0
174,0,0,0,0,0,0,0,0,0
175,0,0,0,0,0,0,0,0,0
176,0,0,0,0,0,0,0,0,0
177,0,0,0,0,0,0,0,0,0
178,0,0,0,0,0,0,0,0,0
179,0,0,0,0,0,0,0,0,0
180,0,0,0,0,0,0,0,0,0
181,0,0,0,0,0,0,0,0,0
182,0,0,0,0,0,0,0,0,0
183,0,0,0,0,0,0,0,0,0
184,0,0,0,0,0,0,0,0,0
185,0,0,0,0,0,0,0,0,0
186,0,0,0,0,0,0,0,0,0
187,0,0,0,0,0,0,0,0,0
188,0,0,0,0,0,0,0,0,0
189,0,0,0,0,0,0,0,0,0
190,0,0,0,0,0,0,0,0,0
191,0,0,0,0,0,0,0,0,0
192,0,0,0,0,0,0,0,0,0
193,0,0,0,0,0,0,0,0,0
194,0,0,0,0,0,0,0,0,0
195,0,0,0,0,0,0,0,0,0
196,0,0,0,0,0,0,0,0,0
197,0,0,0,0,0,0,0,0,0
198,0,0,0,0,0,0,0,0,0
199,0,0,0,0,0,0,0,0,0
200,0,0,0,0,0,0,0,0,0
201,0,0,0,0,0,0,0,0,0
202,0,0,0,0,0,0,0,0,0
203,0,0,0,0,0,0,0,0,0
204,0,0,0,0,0,0,0,0,0
205,0,0,0,0,0,0,0,0,0
206,0,0,0,0,0,0,0,0,0
207,0,0,0,0,0,0,0,0,0
208,0,0,0,0,0,0,0,0,0
209,0,0,0,0,0,0,0,0,0
210,0,0,0,0,0,0,0,0,0
211,0,0,0,0,0,0,0,0,0
212,0,0,0,0,0,0,0,0,0
213,0,0,0,0,0,0,0,0,0
214,0,0,0,0,0,0,0,0,0
215,0,0,0,0,0,0,0,0,0
216,0,0,0,0,0,0,0,0,0
217,0,0,0,0,0,0,0,0,0
218,0,0,0,0,0,0,0,0,0
219,0,0,0,0,0,0,0,0,0
220,0,0,0,0,0,0,0,0,0
221,0,0,0,0,0,0,0,0,0
222,0,0,0,0,0,0,0,0,0
223,0,0,0,0,0,0,0,0,0
224,0,0,0,0,0,0,0,0,0
225,0,0,0,0,0,0,0,0,0
226,0,0,0,0,0,0,0,0,0
227,0,0,0,0,0,0,0,0,0
228,0,0,0,0,0,0,0,0,0
229,0,0,0,0,0,0,0,0,0
230,0,0,0,0,0,0,0,0,0
231,0,0,0,0,0,0,0,0,0
232,0,0,0,0,0,0,0,0,0
233,0,0,0,0,0,0,0,0,0
234,0,0,0,0,0,0,0,0,0
235,0,0,0,0,0,0,0,0,0
236,0,0,0,0,0,0,0,0,0
237,0,0,0,0,0,0,0,0,0
238,0,0,0,0,0,0,0,0,0
239,0,0,0,0,0,0,0,0,0
240,0,0,0,0,0,0,0,0,0
241,0,0,0,0,0,0,0,0,0
242,0,0,0,0,0,0,0,0,0
243,0,0,0,0,0,0,0,0,0
244,0,0,0,0,0,0,0,0,0
245,0,0,0,0,0,0,0,0,0
246,0,0,0,0,0,0,0,0,0
247,0,0,0,0,0,0,0,0,0
248,0,0,0,0,0,0,0,0,0
249,0,0,0,0,0,0,0,0,0
250,0,0,0,0,0,0,0,0,0
251,0,0,0,0,0,0,0,0,0
252,0,0,0,0,0,0,0,0,0
253,0,0,0,0,0,0,0,0,0
254,0,0,0,0,0,0,0,0,0
255,0,0,0,0,0,0,0,0,0
256,0,0,0,0,0,0,0,0,0
257,0,0,0,0,0,0,0,0,0
258,0,0,0,0,0,0,0,0,0
259,0,0,0,0,0,0,0,0,0
260,0,0,0,0,0,0,0,0,0
261,0,0,0,0,0,0,0,0,0
262,0,0,0,0,0,0,0,0,0
263,0,0,0,0,0,0,0,0,0
264,0,0,0,0,0,0,0,0,0
265,0,0,0,0,0,0,0,0,0
266,0,0,0,0,0,0,0,0,0
267,0,0,0,0,0,0,0,0,0
268,0,0,0,0,0,0,0,0,0
269,0,0,0,0,0,0,0,0,0
270,0,0,0,0,0,0,0,0,0
271,0,0,0,0,0,0,0,0,0
272,0,0,0,0,0,0,0,0,0
273,0,0,0,0,0,0,0,0,0
274,0,0,0,0,0,0,0,0,0
275,0,0,0,0,0,0,0,0,0
276,0,0,0,0,0,0,0,0,0
277,0,0,0,0,0,0,0,0,0
278,0,0,0,0,0,0,0,0,0
279,0,0,0,0,0,0,0,0,0
280,0,0,0,0,0,0,0,0,0
281,0,0,0,0,0,0,0,0,0
282,0,0,0,0,0,0,0,0,0
283,0,0,0,0,0,0,0,0,0
284,0,0,0,0,0,0,0,0,0
285,0,0,0,0,0,0,0,0,0
286,0,0,0,0,0,0,0,0,0
287,0,0,0,0,0,0,0,0,0
288,0,0,0,0,0,0,0,0,0
289,0,0,0,0,0,0,0,0,0
290,0,0,0,0,0,0,0,0,0
291,0,0,0,0,0,0,0,0,0
292,0,0,0,0,0,0,0,0,0
293,0,0,0,0,0,0,0,0,0
294,0,0,0,0,0,0,0,0,0
295,0,0,0,0,0,0,0,0,0
296,0,0,0,0,0,0,0,0,0
297,0,0,0,0,0,0,0,0,0
298,0,0,0,0,0,0,0,0,0
299,0,0,0,0,0,0,0,0,0
300,0,0,0,0,0,0,0,0,0
301,0,0,0,0,0,0,0,0,0
302,0,0,0,0,0,0,0,0,0
303,0,0,0,0,0,0,0,0,0
304,0,0,0,0,0,0,0,0,0
305,0,0,0,0,0,0,0,0,0
306,0,0,0,0,0,0,0,0,0
307,0,0,0,0,0,0,0,0,0
308,0,0,0,0,0,0,0,0,0
309,0,0,0,0,0,0,0,0,0
310,0,0,0,0,0,0,0,0,0
311,0,0,0,0,0,0,0,0,0
312,0,0,0,0,0,0,0,0,0
313,0,0,0,0,0,0,0,0,0
314,0,0,0,0,0,0,0,0,0
315,0,0,0,0,0,0,0,0,0
316,0,0,0,0,0,0,0,0,0
317,0,0,0,0,0,0,0,0,0
318,0,0,0,0,0,0,0,0,0
319,0,0,0,0,0,0,0,0,0
320,0,0,0,0,0,0,0,0,0
321,0,0,0,0,0,0,0,0,0
322,0,0,0,0,0,0,0,0,0
323,0,0,0,0,0,0,0,0,0
324,0,0,0,0,0,0,0,0,0
325,0,0,0,0,0,0,0,0,0
326,0,0,0,0,0,0,0,0,0
327,0,0,0,0,0,0,0,0,0
328,0,0,0,0,0,0,0,0,0
329,0,0,0,0,0,0,0,0,0
330,0,0,0,0,0,0,0,0,0
331,0,0,0,0,0,0,0,0,0
332,0,0,0,0,0,0,0,0,0
333,0,0,0,0,0,0,0,0,0
334,0,0,0,0,0,0,0,0,0
335,0,0,0,0,0,0,0,0,0
336,0,0,0,0,0,0,0,0,0
337,0,0,0,0,0,0,0,0,0
338,0,0,0,0,0,0,0,0,0
339,0,0,0,0,0,0,0,0,0
340,0,0,0,0,0,0,0,0,0
341,0,0,0,0,0,0,0,0,0
342,0,0,0,0,0,0,0,0,0
343,0,0,0,0,0,0,0,0,0
344,0,0,0,0,0,0,0,0,0
345,0,0,0,0,0,0,0,0,0
346,0,0,0,0,0,0,0,0,0
347,0,0,0,0,0,0,0,0,0
348,0,0,0,0,0,0,0,0,0
349,0,0,0,0,0,0,0,0,0
350,0,0,0,0,0,0,0,0,0
351,0,0,0,0,0,0,0,0,0
352,0,0,0,0,0,0,0,0,0
353,0,0,0,0,0,0,0,0,0
354,0,0,0,0,0,0,0,0,0
355,0,0,0,0,0,0,0,0,0
356,0,0,0,0,0,0,0,0,0
357,0,0,0,0,0,0,0,0,0
358,0,0,0,0,0,0,0,0,0
359,0,0,0,0,0,0,0,0,0
360,0,0,0,0,0,0,0,0,0
361,0,0,0,0,0,0,0,0,0
362,0,0,0,0,0,0,0,0,0
363,0,0,0,0,0,0,0,0,0
364,0,0,0,0,0,0,0,0,0
365,0,0,0,0,0,0,0,0,0
366,0,0,0,0,0,0,0,0,0
367,0,0,0,0,0,0,0,0,0
368,0,0,0,0,0,0,0,0,0
369,0,0,0,0,0,0,0,0,0
370,0,0,0,0,0,0,0,0,0
371,0,0,0,0,0,0,0,0,0
372,0,0,0,0,0,0,0,0,0
373,0,0,0,0,0,0,0,0,0
374,0,0,0,0,0,0,0,0,0
375,0,0,0,0,0,0,0,0,0
376,0,0,0,0,0,0,0,0,0
377,0,0,0,0,0,0,0,0,0
378,0,0,0,0,0,0,0,0,0
379,0,0,0,0,0,0,0,0,0
380,0,0,0,0,0,0,0,0,0
381,0,0,0,0,0,0,0,0,0
382,0,0,0,0,0,0,0,0,0
383,0,0,0,0,0,0,0,0,0
384,0,0,0,0,0,0,0,0,0
385,0,0,0,0,0,0,0,0,0
386,0,0,0,0,0,0,0,0,0
387,0,0,0,0,0,0,0,0,0
388,0,0,0,0,0,0,0,0,0
389,0,0,0,0,0,0,0,0,0
390,0,0,0,0,0,0,0,0,0
391,0,0,0,0,0,0,0,0,0
392,0,0,0,0,0,0,0,0,0
393,0,0,0,0,0,0,0,0,0
394,0,0,0,0,0,0,0,0,0
395,0,0,0,0,0,0,0,0,0
396,0,0,0,0,0,0,0,0,0
397,0,0,0,0,0,0,0,0,0
398,0,0,0,0,0,0,0,0,0
399,0,0,0,0,0,0,0,0,0
400,0,0,0,0,0,0,0,0,0
401,0,0,0,0,0,0,0,0,0
402,0,0,0,0,0,0,0,0,0
403,0,0,0,0,0,0,0,0,0
404,0,0,0,0,0,0,0,0,0
405,0,0,0,0,0,0,0,0,0
406,0,0,0,0,0,0,0,0,0
407,0,0,0,0,0,0,0,0,0
408,0,0,0,0,0,0,0,0,0
409,0,0,0,0,0,0,0,0,0
410,0,0,0,0,0,0,0,0,0
411,0,0,0,0,0,0,0,0,0
412,0,0,0,0,0,0,0,0,0
413,0,0,0,0,0,0,0,0,0
414,0,0,0,0,0,0,0,0,0
415,0,0,0,0,0,0,0,0,0
416,0,0,0,0,0,0,0,0,0
417,0,0,0,0,0,0,0,0,0
418,0,0,0,0,0,0,0,0,0
419,0,0,0,0,0,0,0,0,0
420,0,0,0,0,0,0,0,0,0
421,0,0,0,0,0,0,0,0,0
422,0,0,0,0,0,0,0,0,0
423,0,0,0,0,0,0,0,0,0
424,0,0,0,0,0,0,0,0,0
425,0,0,0,0,0,0,0,0,0
426,0,0,0,0,0,0,0,0,0
427,0,0,0,0,0,0,0,0,0
428,0,0,0,0,0,0,0,0,0
429,0,0,0,0,0,0,0,0,0
430,0,0,0,0,0,0,0,0,0
431,0,0,0,0,0,0,0,0,0
432,0,0,0,0,0,0,0,0,0
433,0,0,0,0,0,0,0,0,0
434,0,0,0,0,0,0,0,0,0
435,0,0,0,0,0,0,0,0,0
436,0,0,0,0,0,0,0,0,0
437,0,0,0,0,0,0,0,0,0
438,0,0,0,0,0,0,0,0,0
439,0,0,0,0,0,0,0,0,0
440,0,0,0,0,0,0,0,0,0
441,0,0,0,0,0,0,0,0,0
442,0,0,0,0,0,0,0,0,0
443,0,0,0,0,0,0,0,0,0
444,0,0,0,0,0,0,0,0,0
445,0,0,0,0,0,0,0,0,0
446,0,0,0,0,0,0,0,0,0
447,0,0,0,0,0,0,0,0,0
448,0,0,0,0,0,0,0,0,0
449,0,0,0,0,0,0,0,0,0
450,0,0,0,0,0,0,0,0,0
451,0,0,0,0,0,0,0,0,0
452,0,0,0,0,0,0,0,0,0
453,0,0,0,0,0,0,0,0,0
454,0,0,0,0,0,0,0,0,0
455,0,0,0,0,0,0,0,0,0
456,0,0,0,0,0,0,0,0,0
457,0,0,0,0,0,0,0,0,0
458,0,0,0,0,0,0,0,0,0
459,0,0,0,0,0,0,0,0,0
460,0,0,0,0,0,0,0,0,0
461,0,0,0,0,0,0,0,0,0
462,0,0,0,0,0,0,0,0,0
463,0,0,0,0,0,0,0,0,0
464,0,0,0,0,0,0,0,0,0
465,0,0,0,0,0,0,0,0,0
466,0,0,0,0,0,0,0,0,0
467,0,0,0,0,0,0,0,0,0
468,0,0,0,0,0,0,0,0,0
469,0,0,0,0,0,0,0,0,0
470,0,0,0,0,0,0,0,0,0
471,0,0,0,0,0,0,0,0,0
472,0,0,0,0,0,0,0,0,0
473,0,0,0,0,0,0,0,0,0
474,0,0,0,0,0,0,0,0,0
475,0,0,0,0,0,0,0,0,0
476,0,0,0,0,0,0,0,0,0
477,0,0,0,0,0,0,0,0,0
478,0,0,0,0,0,0,0,0,0
479,0,0,0,0,0,0,0,0,0
480,0,0,0,0,0,0,0,0,0
481,0,0,0,0,0,0,0,0,0
482,0,0,0,0,0,0,0,0,0
483,0,0,0,0,0,0,0,0,0
484,0,0,0,0,0,0,0,0,0
485,0,0,0,0,0,0,0,0,0
486,0,0,0,0,0,0,0,0,0
487,0,0,0,0,0,0,0,0,0
488,0,0,0,0,0,0,0,0,0
489,0,0,0,0,0,0,0,0,0
490,0,0,0,0,0,0,0,0,0
491,0,0,0,0,0,0,0,0,0
492,0,0,0,0,0,0,0,0,0
493,0,0,0,0,0,0,0,0,0
494,0,0,0,0,0,0,0,0,0
495,0,0,0,0,0,0,0,0,0
496,0,0,0,0,0,0,0,0,0
497,0,0,0,0,0,0,0,0,0
498,0,0,0,0,0,0,0,0,0
499,0,0,0,0,0,0,0,0,0
500,0,0,0,0,0,0,0,0,0
501,0,0,0,0,0,0,0,0,0
502,0,0,0,0,0,0,0,0,0
503,0,0,0,0,0,0,0,0,0
504,0,0,0,0,0,0,0,0,0
505,0,0,0,0,0,0,0,0,0
506,0,0,0,0,0,0,0,0,0
507,0,0,0,0,0,0,0,0,0
508,0,0,0,0,0,0,0,0,0
509,0,0,0,0,0,0,0,0,0
510,0,0,0,0,0,0,0,0,0
511,0,0,0,0,0,0,0,0,0
512,0,0,0,0,0,0,0,0,0
513,0,0,0,0,0,0,0,0,0
514,0,0,0,0,0,0,0,0,0
515,0,0,0,0,0,0,0,0,0
516,0,0,0,0,0,0,0,0,0
517,0,0,0,0,0,0,0,0,0
518,0,0,0,0,0,0,0,0,0
519,0,0,0,0,0,0,0,0,0
520,0,0,0,0,0,0,0,0,0
521,0,0,0,0,0,0,0,0,0
522,0,0,0,0,0,0,0,0,0
523,0,0,0,0,0,0,0,0,0
524,0,0,0,0,0,0,0,0,0
525,0,0,0,0,0,0,0,0,0
526,0,0,0,0,0,0,0,0,0
527,0,0,0,0,0,0,0,0,0
528,0,0,0,0,0,0,0,0,0
529,0,0,0,0,0,0,0,0,0
530,0,0,0,0,0,0,0,0,0
531,0,0,0,0,0,0,0,0,0
532,0,0,0,0,0,0,0,0,0
533,0,0,0,0,0,0,0,0,0
534,0,0,0,0,0,0,0,0,0
535,0,0,0,0,0,0,0,0,0
536,0,0,0,0,0,0,0,0,0
537,0,0,0,0,0,0,0,0,0
538,0,0,0,0,0,0,0,0,0
539,0,0,0,0,0,0,0,0,0
540,0,0,0,0,0,0,0,0,0
541,0,0,0,0,0,0,0,0,0
542,0,0,0,0,0,0,0,0,0
543,0,0,0,0,0,0,0,0,0
544,0,0,0,0,0,0,0,0,0
545,0,0,0,0,0,0,0,0,0
546,0,0,0,0,0,0,0,0,0
547,0,0,0,0,0,0,0,0,0
548,0,0,0,0,0,0,0,0,0
549,0,0,0,0,0,0,0,0,0
550,0,0,0,0,0,0,0,0,0
551,0,0,0,0,0,0,0,0,0
552,0,0,0,0,0,0,0,0,0
553,0,0,0,0,0,0,0,0,0
554,0,0,0,0,0,0,0,0,0
555,0,0,0,0,0,0,0,0,0
556,0,0,0,0,0,0,0,0,0
557,0,0,0,0,0,0,0,0,0
558,0,0,0,0,0,0,0,0,0
559,0,0,0,0,0,0,0,0,0
560,0,0,0,0,0,0,0,0,0
561,0,0,0,0,0,0,0,0,0
562,0,0,0,0,0,0,0,0,0
563,0,0,0,0,0,0,0,0,0
564,0,0,0,0,0,0,0,0,0
565,0,0,0,0,0,0,0,0,0
566,0,0,0,0,0,0,0,0,0
567,0,0,0,0,0,0,0,0,0
568,0,0,0,0,0,0,0,0,0
569,0,0,0,0,0,0,0,0,0
570,0,0,0,0,0,0,0,0,0
571,0,0,0,0,0,0,0,0,0
572,0,0,0,0,0,0,0,0,0
573,0,0,0,0,0,0,0,0,0
574,0,0,0,0,0,0,0,0,0
575,0,0,0,0,0,0,0,0,0
576,0,0,0,0,0,0,0,0,0
577,0,0,0,0,0,0,0,0,0
578,0,0,0,0,0,0,0,0,0
579,0,0,0,0,0,0,0,0,0
580,0,0,0,0,0,0,0,0,0
581,0,0,0,0,0,0,0,0,0
582,0,0,0,0,0,0,0,0,0
583,0,0,0,0,0,0,0,0,0
584,0,0,0,0,0,0,0,0,0
585,0,0,0,0,0,0,0,0,0
586,0,0,0,0,0,0,0,0,0
587,0,0,0,0,0,0,0,0,0
588,0,0,0,0,0,0,0,0,0
589,0,0,0,0,0,0,0,0,0
590,0,0,0,0,0,0,0,0,0
591,0,0,0,0,0,0,0,0,0
592,0,0,0,0,0,0,0,0,0
593,0,0,0,0,0,0,0,0,0
594,0,0,0,0,0,0,0,0,0
595,0,0,0,0,0,0,0,0,0
596,0,0,0,0,0,0,0,0,0
597,0,0,0,0,0,0,0,0,0
598,0,0,0,0,0,0,0,0,0
599,0,0,0,0,0,0,0,0,0
600,0,0,0,0,0,0,0,0,0
601,0,0,0,0,0,0,0,0,0
602,0,0,0,0,0,0,0,0,0
603,0,0,0,0,0,0,0,0,0
604,0,0,0,0,0,0,0,0,0
605,0,0,0,0,0,0,0,0,0
606,0,0,0,0,0,0,0,0,0
607,0,0,0,0,0,0,0,0,0
608,0,0,0,0,0,0,0,0,0
609,0,0,0,0,0,0,0,0,0
610,0,0,0,0,0,0,0,0,0
611,0,0,0,0,0,0,0,0,0
612,0,0,0,0,0,0,0,0,0
613,0,0,0,0,0,0,0,0,0
614,0,0,0,0,0,0,0,0,0
615,0,0,0,0,0,0,0,0,0
616,0,0,0,0,0,0,0,0,0
617,0,0,0,0,0,0,0,0,0
618,0,0,0,0,0,0,0,0,0
619,0,0,0,0,0,0,0,0,0
620,0,0,0,0,0,0,0,0,0
621,0,0,0,0,0,0,0,0,0
622,0,0,0,0,0,0,0,0,0
623,0,0,0,0,0,0,0,0,0
624,0,0,0,0,0,0,0,0,0
625,0,0,0,0,0,0,0,0,0
626,0,0,0,0,0,0,0,0,0
627,0,0,0,0,0,0,0,0,0
628,0,0,0,0,0,0,0,0,0
629,0,0,0,0,0,0,0,0,0
630,0,0,0,0,0,0,0,0,0
631,0,0,0,0,0,0,0,0,0
632,0,0,0,0,0,0,0,0,0
633,0,0,0,0,0,0,0,0,0
634,0,0,0,0,0,0,0,0,0
635,0,0,0,0,0,0,0,0,0
636,0,0,0,0,0,0,0,0,0
637,0,0,0,0,0,0,0,0,0
638,0,0,0,0,0,0,0,0,0
639,0,0,0,0,0,0,0,0,0
640,0,0,0,0,0,0,0,0,0
641,0,0,0,0,0,0,0,0,0
642,0,0,0,0,0,0,0,0,0
643,0,0,0,0,0,0,0,0,0
644,0,0,0,0,0,0,0,0,0
645,0,0,0,0,0,0,0,0,0
646,0,0,0,0,0,0,0,0,0
647,0,0,0,0,0,0,0,0,0
648,0,0,0,0,0,0,0,0,0
649,0,0,0,0,0,0,0,0,0
650,0,0,0,0,0,0,0,0,0
651,0,0,0,0,0,0,0,0,0
652,0,0,0,0,0,0,0,0,0
653,0,0,0,0,0,0,0,0,0
654,0,0,0,0,0,0,0,0,0
655,0,0,0,0,0,0,0,0,0
656,0,0,0,0,0,0,0,0,0
657,0,0,0,0,0,0,0,0,0
658,0,0,0,0,0,0,0,0,0
659,0,0,0,0,0,0,0,0,0
660,0,0,0,0,0,0,0,0,0
661,0,0,0,0,0,0,0,0,0
662,0,0,0,0,0,0,0,0,0
663,0,0,0,0,0,0,0,0,0
664,0,0,0,0,0,0,0,0,0
665,0,0,0,0,0,0,0,0,0
666,0,0,0,0,0,0,0,0,0
667,0,0,0,0,0,0,0,0,0
668,0,0,0,0,0,0,0,0,0
669,0,0,0,0,0,0,0,0,0
670,0,0,0,0,0,0,0,0,0
671,0,0,0,0,0,0,0,0,0
672,0,0,0,0,0,0,0,0,0
673,0,0,0,0,0,0,0,0,0
674,0,0,0,0,0,0,0,0,0
675,0,0,0,0,0,0,0,0,0
676,0,0,0,0,0,0,0,0,0
677,0,0,0,0,0,0,0,0,0
678,0,0,0,0,0,0,0,0,0
679,0,0,0,0,0,0,0,0,0
680,0,0,0,0,0,0,0,0,0
681,0,0,0,0,0,0,0,0,0
682,0,0,0,0,0,0,0,0,0
683,0,0,0,0,0,0,0,0,0
684,0,0,0,0,0,0,0,0,0
685,0,0,0,0,0,0,0,0,0
686,0,0,0,0,0,0,0,0,0
687,0,0,0,0,0,0,0,0,0
688,0,0,0,0,0,0,0,0,0
689,0,0,0,0,0,0,0,0,0
690,0,0,0,0,0,0,0,0,0
691,0,0,0,0,0,0,0,0,0
692,0,0,0,0,0,0,0,0,0
693,0,0,0,0,0,0,0,0,0
694,0,0,0,0,0,0,0,0,0
695,0,0,0,0,0,0,0,0,0
696,0,0,0,0,0,0,0,0,0
697,0,0,0,0,0,0,0,0,0
698,0,0,0,0,0,0,0,0,0
699,0,0,0,0,0,0,0,0,0
700,0,0,0,0,0,0,0,0,0
701,0,0,0,0,0,0,0,0,0
702,0,0,0,0,0,0,0,0,0
703,0,0,0,0,0,0,0,0,0
704,0,0,0,0,0,0,0,0,0
705,0,0,0,0,0,0,0,0,0
706,0,0,0,0,0,0,0,0,0
707,0,0,0,0,0,0,0,0,0
708,0,0,0,0,0,0,0,0,0
709,0,0,0,0,0,0,0,0,0
710,0,0,0,0,0,0,0,0,0
711,0,0,0,0,0,0,0,0,0
712,0,0,0,0,0,0,0,0,0
713,0,0,0,0,0,0,0,0,0
714,0,0,0,0,0,0,0,0,0
715,0,0,0,0,0,0,0,0,0
716,0,0,0,0,0,0,0,0,0
717,0,0,0,0,0,0,0,0,0
718,0,0,0,0,0,0,0,0,0
719,0,0,0,0,0,0,0,0,0
720,0,0,0,0,0,0,0,0,0
721,0,0,0,0,0,0,0,0,0
722,0,0,0,0,0,0,0,0,0
723,0,0,0,0,0,0,0,0,0
724,0,0,0,0,0,0,0,0,0
725,0,0,0,0,0,0,0,0,0
726,0,0,0,0,0,0,0,0,0
727,0,0,0,0,0,0,0,0,0
728,0,0,0,0,0,0,0,0,0
729,0,0,0,0,0,0,0,0,0
730,0,0,0,0,0,0,0,0,0
731,0,0,0,0,0,0,0,0,0
732,0,0,0,0,0,0,0,0,0
733,0,0,0,0,0,0,0,0,0
734,0,0,0,0,0,0,0,0,0
735,0,0,0,0,0,0,0,0,0
736,0,0,0,0,0,0,0,0,0
737,0,0,0,0,0,0,0,0,0
738,0,0,0,0,0,0,0,0,0
739,0,0,0,0,0,0,0,0,0
740,0,0,0,0,0,0,0,0,0
741,0,0,0,0,0,0,0,0,0
742,0,0,0,0,0,0,0,0,0
743,0,0,0,0,0,0,0,0,0
744,0,0,0,0,0,0,0,0,0
745,0,0,0,0,0,0,0,0,0
746,0,0,0,0,0,0,0,0,0
747,0,0,0,0,0,0,0,0,0
748,0,0,0,0,0,0,0,0,0
749,0,0,0,0,0,0,0,0,0
750,0,0,0,0,0,0,0,0,0
0,194,7257,201425,4077983,57373546,517292847,2626655236,5935079656,3356972874
1,113,3134,66043,1016050,10847525,73980041,283486569,482469815,205294425
2,78,1744,29207,361681,3104217,17066685,52868493,72928129,25204456
3,35,767,11078,121095,908694,4360283,11780537,14133274,4235404
4,29,585,7231,70883,477506,2065593,5026667,5448127,1479381
5,17,319,3451,29344,171735,636012,1324807,1233402,289239
6,11,221,2141,16408,84727,277624,511964,418684,85231
7,10,140,1344,10179,51057,163328,293701,234141,46420
8,9,78,775,5942,29040,90062,155472,118337,22329
9,4,58,533,3592,15771,43728,69333,48400,8379
10,3,44,374,2256,9156,22841,32642,20524,3197
11,3,27,260,1578,6166,14983,20272,11915,1694
12,2,21,217,1204,4405,9785,11852,6261,763
13,1,17,153,759,2552,5423,6246,3230,357
14,1,12,84,371,1244,2507,2630,1291,147
15,1,9,52,212,712,1319,1289,586,58
16,1,8,48,189,611,1112,1070,472,41
17,1,7,39,151,468,814,773,331,26
18,0,7,32,123,394,701,675,292,23
19,0,6,24,91,273,434,384,155,7
20,0,4,21,75,211,324,256,100,5
21,0,4,18,65,185,284,232,90,5
22,0,4,16,53,146,214,168,67,4
23,0,3,13,37,90,135,101,35,2
24,0,3,13,37,90,133,97,33,2
25,0,2,8,14,30,46,28,10,1
26,0,2,7,14,29,42,27,8,1
27,0,2,7,14,26,38,23,7,1
28,0,2,7,13,24,22,18,5,1
29,0,2,7,13,24,22,18,5,1
30,0,2,3,7,10,13,8,3,0
31,0,2,3,7,10,13,8,3,0
32,0,2,3,7,10,13,8,3,0
33,0,2,3,7,4,10,8,3,0
34,0,2,3,7,4,10,8,3,0
35,0,2,3,7,4,10,8,3,0
36,0,2,3,7,4,10,8,3,0
37,0,0,2,2,2,2,3,1,0
38,0,0,2,2,2,2,3,1,0
39,0,0,2,2,2,2,3,1,0
40,0,0,2,2,2,2,3,1,0
41,0,0,2,2,2,2,3,1,0
42,0,0,2,2,2,2,3,1,0
43,0,0,2,2,2,2,3,1,0
44,0,0,2,2,2,2,3,1,0
45,0,0,2,2,2,2,3,1,0
46,0,0,2,2,2,2,3,1,0
47,0,0,2,2,2,1,3,1,0
48,0,0,2,2,2,1,3,1,0
49,0,0,2,2,2,1,3,1,0
50,0,0,2,2,2,1,3,1,0
51,0,0,2,2,2,1,3,1,0
52,0,0,2,2,2,1,3,1,0
53,0,0,2,2,2,1,3,1,0
54,0,0,2,2,2,1,3,1,0
55,0,0,2,2,2,1,3,1,0
56,0,0,2,2,2,1,3,1,0
57,0,0,2,1,2,1,3,1,0
58,0,0,2,1,1,1,3,1,0
59,0,0,2,1,1,1,3,1,0
60,0,0,2,1,1,1,3,1,0
61,0,0,2,1,1,0,0,0,0
62,0,0,2,1,1,0,0,0,0
63,0,0,2,1,1,0,0,0,0
64,0,0,2,1,1,0,0,0,0
65,0,0,2,1,1,0,0,0,0
66,0,0,2,1,1,0,0,0,0
67,0,0,2,1,0,0,0,0,0
68,0,0,1,0,0,0,0,0,0
69,0,0,1,0,0,0,0,0,0
70,0,0,1,0,0,0,0,0,0
71,0,0,1,0,0,0,0,0,0
72,0,0,1,0,0,0,0,0,0
73,0,0,1,0,0,0,0,0,0
74,0,0,1,0,0,0,0,0,0
75,0,0,1,0,0,0,0,0,0
76,0,0,1,0,0,0,0,0,0
77,0,0,1,0,0,0,0,0,0
78,0,0,1,0,0,0,0,0,0
79,0,0,1,0,0,0,0,0,0
80,0,0,1,0,0,0,0,0,0
81,0,0,1,0,0,0,0,0,0
82,0,0,1,0,0,0,0,0,0
83,0,0,1,0,0,0,0,0,0
84,0,0,1,0,0,0,0,0,0
85,0,0,0,0,0,0,0,0,0
86,0,0,0,0,0,0,0,0,0
87,0,0,0,0,0,0,0,0,0
88,0,0,0,0,0,0,0,0,0
89,0,0,0,0,0,0,0,0,0
90,0,0,0,0,0,0,0,0,0
91,0,0,0,0,0,0,0,0,0
92,0,0,0,0,0,0,0,0,0
93,0,0,0,0,0,0,0,0,0
94,0,0,0,0,0,0,0,0,0
95,0,0,0,0,0,0,0,0,0
96,0,0,0,0,0,0,0,0,0
97,0,0,0,0,0,0,0,0,0
98,0,0,0,0,0,0,0,0,0
99,0,0,0,0,0,0,0,0,0
100,0,0,0,0,0,0,0,0,0
101,0,0,0,0,0,0,0,0,0
102,0,0,0,0,0,0,0,0,0
103,0,0,0,0,0,0,0,0,0
104,0,0,0,0,0,0,0,0,0
105,0,0,0,0,0,0,0,0,0
106,0,0,0,0,0,0,0,0,0
107,0,0,0,0,0,0,0,0,0
108,0,0,0,0,0,0,0,0,0
109,0,0,0,0,0,0,0,0,0
110,0,0,0,0,0,0,0,0,0
111,0,0,0,0,0,0,0,0,0
112,0,0,0,0,0,0,0,0,0
113,0,0,0,0,0,0,0,0,0
114,0,0,0,0,0,0,0,0,0
115,0,0,0,0,0,0,0,0,0
116,0,0,0,0,0,0,0,0,0
117,0,0,0,0,0,0,0,0,0
118,0,0,0,0,0,0,0,0,0
119,0,0,0,0,0,0,0,0,0
120,0,0,0,0,0,0,0,0,0
121,0,0,0,0,0,0,0,0,0
122,0,0,0,0,0,0,0,0,0
123,0,0,0,0,0,0,0,0,0
124,0,0,0,0,0,0,0,0,0
125,0,0,0,0,0,0,0,0,0
126,0,0,0,0,0,0,0,0,0
127,0,0,0,0,0,0,0,0,0
128,0,0,0,0,0,0,0,0,0
129,0,0,0,0,0,0,0,0,0
130,0,0,0,0,0,0,0,0,0
131,0,0,0,0,0,0,0,0,0
132,0,0,0,0,0,0,0,0,0
133,0,0,0,0,0,0,0,0,0
134,0,0,0,0,0,0,0,0,0
135,0,0,0,0,0,0,0,0,0
136,0,0,0,0,0,0,0,0,0
137,0,0,0,0,0,0,0,0,0
138,0,0,0,0,0,0,0,0,0
139,0,0,0,0,0,0,0,0,0
140,0,0,0,0,0,0,0,0,0
141,0,0,0,0,0,0,0,0,0
142,0,0,0,0,0,0,0,0,0
143,0,0,0,0,0,0,0,0,0
144,0,0,0,0,0,0,0,0,0
145,0,0,0,0,0,0,0,0,0
146,0,0,0,0,0,0,0,0,0
147,0,0,0,0,0,0,0,0,0
148,0,0,0,0,0,0,0,0,0
149,0,0,0,0,0,0,0,0,0
150,0,0,0,0,0,0,0,0,0
151,0,0,0,0,0,0,0,0,0
152,0,0,0,0,0,0,0,0,0
153,0,0,0,0,0,0,0,0,0
154,0,0,0,0,0,0,0,0,0
155,0,0,0,0,0,0,0,0,0
156,0,0,0,0,0,0,0,0,0
157,0,0,0,0,0,0,0,0,0
158,0,0,0,0,0,0,0,0,0
159,0,0,0,0,0,0,0,0,0
160,0,0,0,0,0,0,0,0,0
161,0,0,0,0,0,0,0,0,0
162,0,0,0,0,0,0,0,0,0
163,0,0,0,0,0,0,0,0,0
164,0,0,0,0,0,0,0,0,0
165,0,0,0,0,0,0,0,0,0
166,0,0,0,0,0,0,0,0,0
167,0,0,0,0,0,0,0,0,0
168,0,0,0,0,0,0,0,0,0
169,0,0,0,0,0,0,0,0,0
170,0,0,0,0,0,0,0,0,0
171,0,0,0,0,0,0,0,0,0
172,0,0,0,0,0,0,0,0,0
173,0,0,0,0,0,0,0,0,0
174,0,0,0,0,0,0,0,0,0
175,0,0,0,0,0,0,0,0,0
176,0,0,0,0,0,0,0,0,0
177,0,0,0,0,0,0,0,0,0
178,0,0,0,0,0,0,0,0,0
179,0,0,0,0,0,0,0,0,0
180,0,0,0,0,0,0,0,0,0
181,0,0,0,0,0,0,0,0,0
182,0,0,0,0,0,0,0,0,0
183,0,0,0,0,0,0,0,0,0
184,0,0,0,0,0,0,0,0,0
185,0,0,0,0,0,0,0,0,0
186,0,0,0,0,0,0,0,0,0
187,0,0,0,0,0,0,0,0,0
188,0,0,0,0,0,0,0,0,0
189,0,0,0,0,0,0,0,0,0
190,0,0,0,0,0,0,0,0,0
191,0,0,0,0,0,0,0,0,0
192,0,0,0,0,0,0,0,0,0
193,0,0,0,0,0,0,0,0,0
194,0,0,0,0,0,0,0,0,0
195,0,0,0,0,0,0,0,0,0
196,0,0,0,0,0,0,0,0,0
197,0,0,0,0,0,0,0,0,0
198,0,0,0,0,0,0,0,0,0
199,0,0,0,0,0,0,0,0,0
200,0,0,0,0,0,0,0,0,0
201,0,0,0,0,0,0,0,0,0
202,0,0,0,0,0,0,0,0,0
203,0,0,0,0,0,0,0,0,0
204,0,0,0,0,0,0,0,0,0
205,0,0,0,0,0,0,0,0,0
206,0,0,0,0,0,0,0,0,0
207,0,0,0,0,0,0,0,0,0
208,0,0,0,0,0,0,0,0,0
209,0,0,0,0,0,0,0,0,0
210,0,0,0,0,0,0,0,0,0
211,0,0,0,0,0,0,0,0,0
212,0,0,0,0,0,0,0,0,0
213,0,0,0,0,0,0,0,0,0
214,0,0,0,0,0,0,0,0,0
215,0,0,0,0,0,0,0,0,0
216,0,0,0,0,0,0,0,0,0
217,0,0,0,0,0,0,0,0,0
218,0,0,0,0,0,0,0,0,0
219,0,0,0,0,0,0,0,0,0
220,0,0,0,0,0,0,0,0,0
221,0,0,0,0,0,0,0,0,0
222,0,0,0,0,0,0,0,0,0
223,0,0,0,0,0,0,0,0,0
224,0,0,0,0,0,0,0,0,0
225,0,0,0,0,0,0,0,0,0
226,0,0,0,0,0,0,0,0,0
227,0,0,0,0,0,0,0,0,0
228,0,0,0,0,0,0,0,0,0
229,0,0,0,0,0,0,0,0,0
230,0,0,0,0,0,0,0,0,0
231,0,0,0,0,0,0,0,0,0
232,0,0,0,0,0,0,0,0,0
233,0,0,0,0,0,0,0,0,0
234,0,0,0,0,0,0,0,0,0
235,0,0,0,0,0,0,0,0,0
236,0,0,0,0,0,0,0,0,0
237,0,0,0,0,0,0,0,0,0
238,0,0,0,0,0,0,0,0,0
239,0,0,0,0,0,0,0,0,0
240,0,0,0,0,0,0,0,0,0
241,0,0,0,0,0,0,0,0,0
242,0,0,0,0,0,0,0,0,0
243,0,0,0,0,0,0,0,0,0
244,0,0,0,0,0,0,0,0,0
245,0,0,0,0,0,0,0,0,0
246,0,0,0,0,0,0,0,0,0
247,0,0,0,0,0,0,0,0,0
248,0,0,0,0,0,0,0,0,0
249,0,0,0,0,0,0,0,0,0
250,0,0,0,0,0,0,0,0,0
251,0,0,0,0,0,0,0,0,0
252,0,0,0,0,0,0,0,0,0
253,0,0,0,0,0,0,0,0,0
254,0,0,0,0,0,0,0,0,0
255,0,0,0,0,0,0,0,0,0
256,0,0,0,0,0,0,0,0,0
257,0,0,0,0,0,0,0,0,0
258,0,0,0,0,0,0,0,0,0
259,0,0,0,0,0,0,0,0,0
260,0,0,0,0,0,0,0,0,0
261,0,0,0,0,0,0,0,0,0
262,0,0,0,0,0,0,0,0,0
263,0,0,0,0,0,0,0,0,0
264,0,0,0,0,0,0,0,0,0
265,0,0,0,0,0,0,0,0,0
266,0,0,0,0,0,0,0,0,0
267,0,0,0,0,0,0,0,0,0
268,0,0,0,0,0,0,0,0,0
269,0,0,0,0,0,0,0,0,0
270,0,0,0,0,0,0,0,0,0
271,0,0,0,0,0,0,0,0,0
272,0,0,0,0,0,0,0,0,0
273,0,0,0,0,0,0,0,0,0
274,0,0,0,0,0,0,0,0,0
275,0,0,0,0,0,0,0,0,0
276,0,0,0,0,0,0,0,0,0
277,0,0,0,0,0,0,0,0,0
278,0,0,0,0,0,0,0,0,0
279,0,0,0,0,0,0,0,0,0
280,0,0,0,0,0,0,0,0,0
281,0,0,0,0,0,0,0,0,0
282,0,0,0,0,0,0,0,0,0
283,0,0,0,0,0,0,0,0,0
284,0,0,0,0,0,0,0,0,0
285,0,0,0,0,0,0,0,0,0
286,0,0,0,0,0,0,0,0,0
287,0,0,0,0,0,0,0,0,0
288,0,0,0,0,0,0,0,0,0
289,0,0,0,0,0,0,0,0,0
290,0,0,0,0,0,0,0,0,0
291,0,0,0,0,0,0,0,0,0
292,0,0,0,0,0,0,0,0,0
293,0,0,0,0,0,0,0,0,0
294,0,0,0,0,0,0,0,0,0
295,0,0,0,0,0,0,0,0,0
296,0,0,0,0,0,0,0,0,0
297,0,0,0,0,0,0,0,0,0
298,0,0,0,0,0,0,0,0,0
299,0,0,0,0,0,0,0,0,0
300,0,0,0,0,0,0,0,0,0
301,0,0,0,0,0,0,0,0,0
302,0,0,0,0,0,0,0,0,0
303,0,0,0,0,0,0,0,0,0
304,0,0,0,0,0,0,0,0,0
305,0,0,0,0,0,0,0,0,0
306,0,0,0,0,0,0,0,0,0
307,0,0,0,0,0,0,0,0,0
308,0,0,0,0,0,0,0,0,0
309,0,0,0,0,0,0,0,0,0
310,0,0,0,0,0,0,0,0,0
311,0,0,0,0,0,0,0,0,0
312,0,0,0,0,0,0,0,0,0
313,0,0,0,0,0,0,0,0,0
314,0,0,0,0,0,0,0,0,0
315,0,0,0,0,0,0,0,0,0
316,0,0,0,0,0,0,0,0,0
317,0,0,0,0,0,0,0,0,0
318,0,0,0,0,0,0,0,0,0
319,0,0,0,0,0,0,0,0,0
320,0,0,0,0,0,0,0,0,0
321,0,0,0,0,0,0,0,0,0
322,0,0,0,0,0,0,0,0,0
323,0,0,0,0,0,0,0,0,0
324,0,0,0,0,0,0,0,0,0
325,0,0,0,0,0,0,0,0,0
326,0,0,0,0,0,0,0,0,0
327,0,0,0,0,0,0,0,0,0
328,0,0,0,0,0,0,0,0,0
329,0,0,0,0,0,0,0,0,0
330,0,0,0,0,0,0,0,0,0
331,0,0,0,0,0,0,0,0,0
332,0,0,0,0,0,0,0,0,0
333,0,0,0,0,0,0,0,0,0
334,0,0,0,0,0,0,0,0,0
335,0,0,0,0,0,0,0,0,0
336,0,0,0,0,0,0,0,0,0
337,0,0,0,0,0,0,0,0,0
338,0,0,0,0,0,0,0,0,0
339,0,0,0,0,0,0,0,0,0
340,0,0,0,0,0,0,0,0,0
341,0,0,0,0,0,0,0,0,0
342,0,0,0,0,0,0,0,0,0
343,0,0,0,0,0,0,0,0,0
344,0,0,0,0,0,0,0,0,0
345,0,0,0,0,0,0,0,0,0
346,0,0,0,0,0,0,0,0,0
347,0,0,0,0,0,0,0,0,0
348,0,0,0,0,0,0,0,0,0
349,0,0,0,0,0,0,0,0,0
350,0,0,0,0,0,0,0,0,0
351,0,0,0,0,0,0,0,0,0
352,0,0,0,0,0,0,0,0,0
353,0,0,0,0,0,0,0,0,0
354,0,0,0,0,0,0,0,0,0
355,0,0,0,0,0,0,0,0,0
356,0,0,0,0,0,0,0,0,0
357,0,0,0,0,0,0,0,0,0
358,0,0,0,0,0,0,0,0,0
359,0,0,0,0,0,0,0,0,0
360,0,0,0,0,0,0,0,0,0
361,0,0,0,0,0,0,0,0,0
362,0,0,0,0,0,0,0,0,0
363,0,0,0,0,0,0,0,0,0
364,0,0,0,0,0,0,0,0,0
365,0,0,0,0,0,0,0,0,0
366,0,0,0,0,0,0,0,0,0
367,0,0,0,0,0,0,0,0,0
368,0,0,0,0,0,0,0,0,0
369,0,0,0,0,0,0,0,0,0
370,0,0,0,0,0,0,0,0,0
371,0,0,0,0,0,0,0,0,0
372,0,0,0,0,0,0,0,0,0
373,0,0,0,0,0,0,0,0,0
374,0,0,0,0,0,0,0,0,0
375,0,0,0,0,0,0,0,0,0
376,0,0,0,0,0,0,0,0,0
377,0,0,0,0,0,0,0,0,0
378,0,0,0,0,0,0,0,0,0
379,0,0,0,0,0,0,0,0,0
380,0,0,0,0,0,0,0,0,0
381,0,0,0,0,0,0,0,0,0
382,0,0,0,0,0,0,0,0,0
383,0,0,0,0,0,0,0,0,0
384,0,0,0,0,0,0,0,0,0
385,0,0,0,0,0,0,0,0,0
386,0,0,0,0,0,0,0,0,0
387,0,0,0,0,0,0,0,0,0
388,0,0,0,0,0,0,0,0,0
389,0,0,0,0,0,0,0,0,0
390,0,0,0,0,0,0,0,0,0
391,0,0,0,0,0,0,0,0,0
392,0,0,0,0,0,0,0,0,0
393,0,0,0,0,0,0,0,0,0
394,0,0,0,0,0,0,0,0,0
395,0,0,0,0,0,0,0,0,0
396,0,0,0,0,0,0,0,0,0
397,0,0,0,0,0,0,0,0,0
398,0,0,0,0,0,0,0,0,0
399,0,0,0,0,0,0,0,0,0
400,0,0,0,0,0,0,0,0,0
401,0,0,0,0,0,0,0,0,0
402,0,0,0,0,0,0,0,0,0
403,0,0,0,0,0,0,0,0,0
404,0,0,0,0,0,0,0,0,0
405,0,0,0,0,0,0,0,0,0
406,0,0,0,0,0,0,0,0,0
407,0,0,0,0,0,0,0,0,0
408,0,0,0,0,0,0,0,0,0
409,0,0,0,0,0,0,0,0,0
410,0,0,0,0,0,0,0,0,0
411,0,0,0,0,0,0,0,0,0
412,0,0,0,0,0,0,0,0,0
413,0,0,0,0,0,0,0,0,0
414,0,0,0,0,0,0,0,0,0
415,0,0,0,0,0,0,0,0,0
416,0,0,0,0,0,0,0,0,0
417,0,0,0,0,0,0,0,0,0
418,0,0,0,0,0,0,0,0,0
419,0,0,0,0,0,0,0,0,0
420,0,0,0,0,0,0,0,0,0
421,0,0,0,0,0,0,0,0,0
422,0,0,0,0,0,0,0,0,0
423,0,0,0,0,0,0,0,0,0
424,0,0,0,0,0,0,0,0,0
425,0,0,0,0,0,0,0,0,0
426,0,0,0,0,0,0,0,0,0
427,0,0,0,0,0,0,0,0,0
428,0,0,0,0,0,0,0,0,0
429,0,0,0,0,0,0,0,0,0
430,0,0,0,0,0,0,0,0,0
431,0,0,0,0,0,0,0,0,0
432,0,0,0,0,0,0,0,0,0
433,0,0,0,0,0,0,0,0,0
434,0,0,0,0,0,0,0,0,0
435,0,0,0,0,0,0,0,0,0
436,0,0,0,0,0,0,0,0,0
437,0,0,0,0,0,0,0,0,0
438,0,0,0,0,0,0,0,0,0
439,0,0,0,0,0,0,0,0,0
440,0,0,0,0,0,0,0,0,0
441,0,0,0,0,0,0,0,0,0
442,0,0,0,0,0,0,0,0,0
443,0,0,0,0,0,0,0,0,0
444,0,0,0,0,0,0,0,0,0
445,0,0,0,0,0,0,0,0,0
446,0,0,0,0,0,0,0,0,0
447,0,0,0,0,0,0,0,0,0
448,0,0,0,0,0,0,0,0,0
449,0,0,0,0,0,0,0,0,0
450,0,0,0,0,0,0,0,0,0
451,0,0,0,0,0,0,0,0,0
452,0,0,0,0,0,0,0,0,0
453,0,0,0,0,0,0,0,0,0
454,0,0,0,0,0,0,0,0,0
455,0,0,0,0,0,0,0,0,0
456,0,0,0,0,0,0,0,0,0
457,0,0,0,0,0,0,0,0,0
458,0,0,0,0,0,0,0,0,0
459,0,0,0,0,0,0,0,0,0
460,0,0,0,0,0,0,0,0,0
461,0,0,0,0,0,0,0,0,0
462,0,0,0,0,0,0,0,0,0
463,0,0,0,0,0,0,0,0,0
464,0,0,0,0,0,0,0,0,0
465,0,0,0,0,0,0,0,0,0
466,0,0,0,0,0,0,0,0,0
467,0,0,0,0,0,0,0,0,0
468,0,0,0,0,0,0,0,0,0
469,0,0,0,0,0,0,0,0,0
470,0,0,0,0,0,0,0,0,0
471,0,0,0,0,0,0,0,0,0
472,0,0,0,0,0,0,0,0,0
473,0,0,0,0,0,0,0,0,0
474,0,0,0,0,0,0,0,0,0
475,0,0,0,0,0,0,0,0,0
476,0,0,0,0,0,0,0,0,0
477,0,0,0,0,0,0,0,0,0
478,0,0,0,0,0,0,0,0,0
479,0,0,0,0,0,0,0,0,0
480,0,0,0,0,0,0,0,0,0
481,0,0,0,0,0,0,0,0,0
482,0,0,0,0,0,0,0,0,0
483,0,0,0,0,0,0,0,0,0
484,0,0,0,0,0,0,0,0,0
485,0,0,0,0,0,0,0,0,0
486,0,0,0,0,0,0,0,0,0
487,0,0,0,0,0,0,0,0,0
488,0,0,0,0,0,0,0,0,0
489,0,0,0,0,0,0,0,0,0
490,0,0,0,0,0,0,0,0,0
491,0,0,0,0,0,0,0,0,0
492,0,0,0,0,0,0,0,0,0
493,0,0,0,0,0,0,0,0,0
494,0,0,0,0,0,0,0,0,0
495,0,0,0,0,0,0,0,0,0
496,0,0,0,0,0,0,0,0,0
497,0,0,0,0,0,0,0,0,0
498,0,0,0,0,0,0,0,0,0
499,0,0,0,0,0,0,0,0,0
500,0,0,0,0,0,0,0,0,0
501,0,0,0,0,0,0,0,0,0
502,0,0,0,0,0,0,0,0,0
503,0,0,0,0,0,0,0,0,0
504,0,0,0,0,0,0,0,0,0
505,0,0,0,0,0,0,0,0,0
506,0,0,0,0,0,0,0,0,0
507,0,0,0,0,0,0,0,0,0
508,0,0,0,0,0,0,0,0,0
509,0,0,0,0,0,0,0,0,0
510,0,0,0,0,0,0,0,0,0
511,0,0,0,0,0,0,0,0,0
512,0,0,0,0,0,0,0,0,0
513,0,0,0,0,0,0,0,0,0
514,0,0,0,0,0,0,0,0,0
515,0,0,0,0,0,0,0,0,0
516,0,0,0,0,0,0,0,0,0
517,0,0,0,0,0,0,0,0,0
518,0,0,0,0,0,0,0,0,0
519,0,0,0,0,0,0,0,0,0
520,0,0,0,0,0,0,0,0,0
521,0,0,0,0,0,0,0,0,0
522,0,0,0,0,0,0,0,0,0
523,0,0,0,0,0,0,0,0,0
524,0,0,0,0,0,0,0,0,0
525,0,0,0,0,0,0,0,0,0
526,0,0,0,0,0,0,0,0,0
527,0,0,0,0,0,0,0,0,0
528,0,0,0,0,0,0,0,0,0
529,0,0,0,0,0,0,0,0,0
530,0,0,0,0,0,0,0,0,0
531,0,0,0,0,0,0,0,0,0
532,0,0,0,0,0,0,0,0,0
533,0,0,0,0,0,0,0,0,0
534,0,0,0,0,0,0,0,0,0
535,0,0,0,0,0,0,0,0,0
536,0,0,0,0,0,0,0,0,0
537,0,0,0,0,0,0,0,0,0
538,0,0,0,0,0,0,0,0,0
539,0,0,0,0,0,0,0,0,0
540,0,0,0,0,0,0,0,0,0
541,0,0,0,0,0,0,0,0,0
542,0,0,0,0,0,0,0,0,0
543,0,0,0,0,0,0,0,0,0
544,0,0,0,0,0,0,0,0,0
545,0,0,0,0,0,0,0,0,0
546,0,0,0,0,0,0,0,0,0
547,0,0,0,0,0,0,0,0,0
548,0,0,0,0,0,0,0,0,0
549,0,0,0,0,0,0,0,0,0
550,0,0,0,0,0,0,0,0,0
551,0,0,0,0,0,0,0,0,0
552,0,0,0,0,0,0,0,0,0
553,0,0,0,0,0,0,0,0,0
554,0,0,0,0,0,0,0,0,0
555,0,0,0,0,0,0,0,0,0
556,0,0,0,0,0,0,0,0,0
557,0,0,0,0,0,0,0,0,0
558,0,0,0,0,0,0,0,0,0
559,0,0,0,0,0,0,0,0,0
560,0,0,0,0,0,0,0,0,0
561,0,0,0,0,0,0,0,0,0
562,0,0,0,0,0,0,0,0,0
563,0,0,0,0,0,0,0,0,0
564,0,0,0,0,0,0,0,0,0
565,0,0,0,0,0,0,0,0,0
566,0,0,0,0,0,0,0,0,0
567,0,0,0,0,0,0,0,0,0
568,0,0,0,0,0,0,0,0,0
569,0,0,0,0,0,0,0,0,0
570,0,0,0,0,0,0,0,0,0
571,0,0,0,0,0,0,0,0,0
572,0,0,0,0,0,0,0,0,0
573,0,0,0,0,0,0,0,0,0
574,0,0,0,0,0,0,0,0,0
575,0,0,0,0,0,0,0,0,0
576,0,0,0,0,0,0,0,0,0
577,0,0,0,0,0,0,0,0,0
578,0,0,0,0,0,0,0,0,0
579,0,0,0,0,0,0,0,0,0
580,0,0,0,0,0,0,0,0,0
581,0,0,0,0,0,0,0,0,0
582,0,0,0,0,0,0,0,0,0
583,0,0,0,0,0,0,0,0,0
584,0,0,0,0,0,0,0,0,0
585,0,0,0,0,0,0,0,0,0
586,0,0,0,0,0,0,0,0,0
587,0,0,0,0,0,0,0,0,0
588,0,0,0,0,0,0,0,0,0
589,0,0,0,0,0,0,0,0,0
590,0,0,0,0,0,0,0,0,0
591,0,0,0,0,0,0,0,0,0
592,0,0,0,0,0,0,0,0,0
593,0,0,0,0,0,0,0,0,0
594,0,0,0,0,0,0,0,0,0
595,0,0,0,0,0,0,0,0,0
596,0,0,0,0,0,0,0,0,0
597,0,0,0,0,0,0,0,0,0
598,0,0,0,0,0,0,0,0,0
599,0,0,0,0,0,0,0,0,0
600,0,0,0,0,0,0,0,0,0
601,0,0,0,0,0,0,0,0,0
602,0,0,0,0,0,0,0,0,0
603,0,0,0,0,0,0,0,0,0
604,0,0,0,0,0,0,0,0,0
605,0,0,0,0,0,0,0,0,0
606,0,0,0,0,0,0,0,0,0
607,0,0,0,0,0,0,0,0,0
608,0,0,0,0,0,0,0,0,0
609,0,0,0,0,0,0,0,0,0
610,0,0,0,0,0,0,0,0,0
611,0,0,0,0,0,0,0,0,0
612,0,0,0,0,0,0,0,0,0
613,0,0,0,0,0,0,0,0,0
614,0,0,0,0,0,0,0,0,0
615,0,0,0,0,0,0,0,0,0
616,0,0,0,0,0,0,0,0,0
617,0,0,0,0,0,0,0,0,0
618,0,0,0,0,0,0,0,0,0
619,0,0,0,0,0,0,0,0,0
620,0,0,0,0,0,0,0,0,0
621,0,0,0,0,0,0,0,0,0
622,0,0,0,0,0,0,0,0,0
623,0,0,0,0,0,0,0,0,0
624,0,0,0,0,0,0,0,0,0
625,0,0,0,0,0,0,0,0,0
626,0,0,0,0,0,0,0,0,0
627,0,0,0,0,0,0,0,0,0
628,0,0,0,0,0,0,0,0,0
629,0,0,0,0,0,0,0,0,0
630,0,0,0,0,0,0,0,0,0
631,0,0,0,0,0,0,0,0,0
632,0,0,0,0,0,0,0,0,0
633,0,0,0,0,0,0,0,0,0
634,0,0,0,0,0,0,0,0,0
635,0,0,0,0,0,0,0,0,0
636,0,0,0,0,0,0,0,0,0
637,0,0,0,0,0,0,0,0,0
638,0,0,0,0,0,0,0,0,0
639,0,0,0,0,0,0,0,0,0
640,0,0,0,0,0,0,0,0,0
641,0,0,0,0,0,0,0,0,0
642,0,0,0,0,0,0,0,0,0
643,0,0,0,0,0,0,0,0,0
644,0,0,0,0,0,0,0,0,0
645,0,0,0,0,0,0,0,0,0
646,0,0,0,0,0,0,0,0,0
647,0,0,0,0,0,0,0,0,0
648,0,0,0,0,0,0,0,0,0
649,0,0,0,0,0,0,0,0,0
650,0,0,0,0,0,0,0,0,0
651,0,0,0,0,0,0,0,0,0
652,0,0,0,0,0,0,0,0,0
653,0,0,0,0,0,0,0,0,0
654,0,0,0,0,0,0,0,0,0
655,0,0,0,0,0,0,0,0,0
656,0,0,0,0,0,0,0,0,0
657,0,0,0,0,0,0,0,0,0
658,0,0,0,0,0,0,0,0,0
659,0,0,0,0,0,0,0,0,0
660,0,0,0,0,0,0,0,0,0
661,0,0,0,0,0,0,0,0,0
662,0,0,0,0,0,0,0,0,0
663,0,0,0,0,0,0,0,0,0
664,0,0,0,0,0,0,0,0,0
665,0,0,0,0,0,0,0,0,0
666,0,0,0,0,0,0,0,0,0
667,0,0,0,0,0,0,0,0,0
668,0,0,0,0,0,0,0,0,0
669,0,0,0,0,0,0,0,0,0
670,0,0,0,0,0,0,0,0,0
671,0,0,0,0,0,0,0,0,0
672,0,0,0,0,0,0,0,0,0
673,0,0,0,0,0,0,0,0,0
674,0,0,0,0,0,0,0,0,0
675,0,0,0,0,0,0,0,0,0
676,0,0,0,0,0,0,0,0,0
677,0,0,0,0,0,0,0,0,0
678,0,0,0,0,0,0,0,0,0
679,0,0,0,0,0,0,0,0,0
680,0,0,0,0,0,0,0,0,0
681,0,0,0,0,0,0,0,0,0
682,0,0,0,0,0,0,0,0,0
683,0,0,0,0,0,0,0,0,0
684,0,0,0,0,0,0,0,0,0
685,0,0,0,0,0,0,0,0,0
686,0,0,0,0,0,0,0,0,0
687,0,0,0,0,0,0,0,0,0
688,0,0,0,0,0,0,0,0,0
689,0,0,0,0,0,0,0,0,0
690,0,0,0,0,0,0,0,0,0
691,0,0,0,0,0,0,0,0,0
692,0,0,0,0,0,0,0,0,0
693,0,0,0,0,0,0,0,0,0
694,0,0,0,0,0,0,0,0,0
695,0,0,0,0,0,0,0,0,0
696,0,0,0,0,0,0,0,0,0
697,0,0,0,0,0,0,0,0,0
698,0,0,0,0,0,0,0,0,0
699,0,0,0,0,0,0,0,0,0
700,0,0,0,0,0,0,0,0,0
701,0,0,0,0,0,0,0,0,0
702,0,0,0,0,0,0,0,0,0
703,0,0,0,0,0,0,0,0,0
704,0,0,0,0,0,0,0,0,0
705,0,0,0,0,0,0,0,0,0
706,0,0,0,0,0,0,0,0,0
707,0,0,0,0,0,0,0,0,0
708,0,0,0,0,0,0,0,0,0
709,0,0,0,0,0,0,0,0,0
710,0,0,0,0,0,0,0,0,0
711,0,0,0,0,0,0,0,0,0
712,0,0,0,0,0,0,0,0,0
713,0,0,0,0,0,0,0,0,0
714,0,0,0,0,0,0,0,0,0
715,0,0,0,0,0,0,0,0,0
716,0,0,0,0,0,0,0,0,0
717,0,0,0,0,0,0,0,0,0
718,0,0,0,0,0,0,0,0,0
719,0,0,0,0,0,0,0,0,0
720,0,0,0,0,0,0,0,0,0
721,0,0,0,0,0,0,0,0,0
722,0,0,0,0,0,0,0,0,0
723,0,0,0,0,0,0,0,0,0
724,0,0,0,0,0,0,0,0,0
725,0,0,0,0,0,0,0,0,0
726,0,0,0,0,0,0,0,0,0
727,0,0,0,0,0,0,0,0,0
728,0,0,0,0,0,0,0,0,0
729,0,0,0,0,0,0,0,0,0
730,0,0,0,0,0,0,0,0,0
731,0,0,0,0,0,0,0,0,0
732,0,0,0,0,0,0,0,0,0
733,0,0,0,0,0,0,0,0,0
734,0,0,0,0,0,0,0,0,0
735,0,0,0,0,0,0,0,0,0
736,0,0,0,0,0,0,0,0,0
737,0,0,0,0,0,0,0,0,0
738,0,0,0,0,0,0,0,0,0
739,0,0,0,0,0,0,0,0,0
740,0,0,0,0,0,0,0,0,0
741,0,0,0,0,0,0,0,0,0
742,0,0,0,0,0,0,0,0,0
743,0,0,0,0,0,0,0,0,0
744,0,0,0,0,0,0,0,0,0
745,0,0,0,0,0,0,0,0,0
746,0,0,0,0,0,0,0,0,0
747,0,0,0,0,0,0,0,0,0
748,0,0,0,0,0,0,0,0,0
749,0,0,0,0,0,0,0,0,0
750,0,0,0,0,0,0,0,0,0
0,194,7257,201425,4077983,57373546,517292847,2626655236,5935079656,3356972874
1,98,2750,60974,980783,10987256,78878988,318911287,574015331,258806451
2,61,1329,23967,318470,2950980,17460449,58068807,85797722,31700494
3,30,601,8639,94405,724984,3537884,9677221,11712378,3528235
4,24,448,5902,56628,381579,1639493,3948992,4211989,1124673
5,10,245,2792,23321,135419,502598,1047520,967127,224047
6,9,164,1661,12442,64915,213781,393807,321811,66124
7,5,96,788,5140,25041,77303,131812,99716,18601
8,3,67,503,2983,13006,36071,55644,38566,6504
9,3,55,373,2016,7715,18767,25360,15234,2203
10,2,35,211,1144,4085,9707,12863,7358,1022
11,2,20,109,544,1995,4636,5789,3021,378
12,2,13,68,323,1194,2771,3433,1701,201
13,1,11,49,220,756,1704,2003,968,115
14,1,11,41,164,520,1017,1098,463,51
15,1,11,38,148,414,789,824,325,28
16,1,7,18,79,182,293,241,78,4
17,1,5,17,68,149,190,139,44,3
18,1,3,10,33,68,86,83,24,2
19,1,3,8,25,59,67,67,19,1
20,1,3,8,25,59,65,67,19,1
21,1,3,8,21,50,54,49,7,0
22,1,3,8,19,46,53,44,7,0
23,0,3,8,19,46,53,44,7,0
24,0,1,8,19,46,53,44,7,0
25,0,1,8,19,44,46,41,4,0
26,0,1,6,10,30,40,40,4,0
27,0,1,4,9,27,40,39,4,0
28,0,1,2,4,12,22,19,2,0
29,0,1,2,4,12,22,19,2,0
30,0,1,2,4,8,10,4,0,0
31,0,1,2,3,7,8,2,0,0
32,0,1,2,3,7,8,2,0,0
33,0,1,2,2,4,8,2,0,0
34,0,1,2,2,4,8,2,0,0
35,0,1,2,2,4,8,2,0,0
36,0,1,2,2,4,8,2,0,0
37,0,0,2,2,4,8,2,0,0
38,0,0,2,2,4,8,2,0,0
39,0,0,0,0,0,0,0,0,0
40,0,0,0,0,0,0,0,0,0
41,0,0,0,0,0,0,0,0,0
42,0,0,0,0,0,0,0,0,0
43,0,0,0,0,0,0,0,0,0
44,0,0,0,0,0,0,0,0,0
45,0,0,0,0,0,0,0,0,0
46,0,0,0,0,0,0,0,0,0
47,0,0,0,0,0,0,0,0,0
48,0,0,0,0,0,0,0,0,0
49,0,0,0,0,0,0,0,0,0
50,0,0,0,0,0,0,0,0,0
51,0,0,0,0,0,0,0,0,0
52,0,0,0,0,0,0,0,0,0
53,0,0,0,0,0,0,0,0,0
54,0,0,0,0,0,0,0,0,0
55,0,0,0,0,0,0,0,0,0
56,0,0,0,0,0,0,0,0,0
57,0,0,0,0,0,0,0,0,0
58,0,0,0,0,0,0,0,0,0
59,0,0,0,0,0,0,0,0,0
60,0,0,0,0,0,0,0,0,0
61,0,0,0,0,0,0,0,0,0
62,0,0,0,0,0,0,0,0,0
63,0,0,0,0,0,0,0,0,0
64,0,0,0,0,0,0,0,0,0
65,0,0,0,0,0,0,0,0,0
66,0,0,0,0,0,0,0,0,0
67,0,0,0,0,0,0,0,0,0
68,0,0,0,0,0,0,0,0,0
69,0,0,0,0,0,0,0,0,0
70,0,0,0,0,0,0,0,0,0
71,0,0,0,0,0,0,0,0,0
72,0,0,0,0,0,0,0,0,0
73,0,0,0,0,0,0,0,0,0
74,0,0,0,0,0,0,0,0,0
75,0,0,0,0,0,0,0,0,0
76,0,0,0,0,0,0,0,0,0
77,0,0,0,0,0,0,0,0,0
78,0,0,0,0,0,0,0,0,0
79,0,0,0,0,0,0,0,0,0
80,0,0,0,0,0,0,0,0,0
81,0,0,0,0,0,0,0,0,0
82,0,0,0,0,0,0,0,0,0
83,0,0,0,0,0,0,0,0,0
84,0,0,0,0,0,0,0,0,0
85,0,0,0,0,0,0,0,0,0
86,0,0,0,0,0,0,0,0,0
87,0,0,0,0,0,0,0,0,0
88,0,0,0,0,0,0,0,0,0
89,0,0,0,0,0,0,0,0,0
90,0,0,0,0,0,0,0,0,0
91,0,0,0,0,0,0,0,0,0
92,0,0,0,0,0,0,0,0,0
93,0,0,0,0,0,0,0,0,0
94,0,0,0,0,0,0,0,0,0
95,0,0,0,0,0,0,0,0,0
96,0,0,0,0,0,0,0,0,0
97,0,0,0,0,0,0,0,0,0
98,0,0,0,0,0,0,0,0,0
99,0,0,0,0,0,0,0,0,0
100,0,0,0,0,0,0,0,0,0
101,0,0,0,0,0,0,0,0,0
102,0,0,0,0,0,0,0,0,0
103,0,0,0,0,0,0,0,0,0
104,0,0,0,0,0,0,0,0,0
105,0,0,0,0,0,0,0,0,0
106,0,0,0,0,0,0,0,0,0
107,0,0,0,0,0,0,0,0,0
108,0,0,0,0,0,0,0,0,0
109,0,0,0,0,0,0,0,0,0
110,0,0,0,0,0,0,0,0,0
111,0,0,0,0,0,0,0,0,0
112,0,0,0,0,0,0,0,0,0
113,0,0,0,0,0,0,0,0,0
114,0,0,0,0,0,0,0,0,0
115,0,0,0,0,0,0,0,0,0
116,0,0,0,0,0,0,0,0,0
117,0,0,0,0,0,0,0,0,0
118,0,0,0,0,0,0,0,0,0
119,0,0,0,0,0,0,0,0,0
120,0,0,0,0,0,0,0,0,0
121,0,0,0,0,0,0,0,0,0
122,0,0,0,0,0,0,0,0,0
123,0,0,0,0,0,0,0,0,0
124,0,0,0,0,0,0,0,0,0
125,0,0,0,0,0,0,0,0,0
126,0,0,0,0,0,0,0,0,0
127,0,0,0,0,0,0,0,0,0
128,0,0,0,0,0,0,0,0,0
129,0,0,0,0,0,0,0,0,0
130,0,0,0,0,0,0,0,0,0
131,0,0,0,0,0,0,0,0,0
132,0,0,0,0,0,0,0,0,0
133,0,0,0,0,0,0,0,0,0
134,0,0,0,0,0,0,0,0,0
135,0,0,0,0,0,0,0,0,0
136,0,0,0,0,0,0,0,0,0
137,0,0,0,0,0,0,0,0,0
138,0,0,0,0,0,0,0,0,0
139,0,0,0,0,0,0,0,0,0
140,0,0,0,0,0,0,0,0,0
141,0,0,0,0,0,0,0,0,0
142,0,0,0,0,0,0,0,0,0
143,0,0,0,0,0,0,0,0,0
144,0,0,0,0,0,0,0,0,0
145,0,0,0,0,0,0,0,0,0
146,0,0,0,0,0,0,0,0,0
147,0,0,0,0,0,0,0,0,0
148,0,0,0,0,0,0,0,0,0
149,0,0,0,0,0,0,0,0,0
150,0,0,0,0,0,0,0,0,0
151,0,0,0,0,0,0,0,0,0
152,0,0,0,0,0,0,0,0,0
153,0,0,0,0,0,0,0,0,0
154,0,0,0,0,0,0,0,0,0
155,0,0,0,0,0,0,0,0,0
156,0,0,0,0,0,0,0,0,0
157,0,0,0,0,0,0,0,0,0
158,0,0,0,0,0,0,0,0,0
159,0,0,0,0,0,0,0,0,0
160,0,0,0,0,0,0,0,0,0
161,0,0,0,0,0,0,0,0,0
162,0,0,0,0,0,0,0,0,0
163,0,0,0,0,0,0,0,0,0
164,0,0,0,0,0,0,0,0,0
165,0,0,0,0,0,0,0,0,0
166,0,0,0,0,0,0,0,0,0
167,0,0,0,0,0,0,0,0,0
168,0,0,0,0,0,0,0,0,0
169,0,0,0,0,0,0,0,0,0
170,0,0,0,0,0,0,0,0,0
171,0,0,0,0,0,0,0,0,0
172,0,0,0,0,0,0,0,0,0
173,0,0,0,0,0,0,0,0,0
174,0,0,0,0,0,0,0,0,0
175,0,0,0,0,0,0,0,0,0
176,0,0,0,0,0,0,0,0,0
177,0,0,0,0,0,0,0,0,0
178,0,0,0,0,0,0,0,0,0
179,0,0,0,0,0,0,0,0,0
180,0,0,0,0,0,0,0,0,0
181,0,0,0,0,0,0,0,0,0
182,0,0,0,0,0,0,0,0,0
183,0,0,0,0,0,0,0,0,0
184,0,0,0,0,0,0,0,0,0
185,0,0,0,0,0,0,0,0,0
186,0,0,0,0,0,0,0,0,0
187,0,0,0,0,0,0,0,0,0
188,0,0,0,0,0,0,0,0,0
189,0,0,0,0,0,0,0,0,0
190,0,0,0,0,0,0,0,0,0
191,0,0,0,0,0,0,0,0,0
192,0,0,0,0,0,0,0,0,0
193,0,0,0,0,0,0,0,0,0
194,0,0,0,0,0,0,0,0,0
195,0,0,0,0,0,0,0,0,0
196,0,0,0,0,0,0,0,0,0
197,0,0,0,0,0,0,0,0,0
198,0,0,0,0,0,0,0,0,0
199,0,0,0,0,0,0,0,0,0
200,0,0,0,0,0,0,0,0,0
201,0,0,0,0,0,0,0,0,0
202,0,0,0,0,0,0,0,0,0
203,0,0,0,0,0,0,0,0,0
204,0,0,0,0,0,0,0,0,0
205,0,0,0,0,0,0,0,0,0
206,0,0,0,0,0,0,0,0,0
207,0,0,0,0,0,0,0,0,0
208,0,0,0,0,0,0,0,0,0
209,0,0,0,0,0,0,0,0,0
210,0,0,0,0,0,0,0,0,0
211,0,0,0,0,0,0,0,0,0
212,0,0,0,0,0,0,0,0,0
213,0,0,0,0,0,0,0,0,0
214,0,0,0,0,0,0,0,0,0
215,0,0,0,0,0,0,0,0,0
216,0,0,0,0,0,0,0,0,0
217,0,0,0,0,0,0,0,0,0
218,0,0,0,0,0,0,0,0,0
219,0,0,0,0,0,0,0,0,0
220,0,0,0,0,0,0,0,0,0
221,0,0,0,0,0,0,0,0,0
222,0,0,0,0,0,0,0,0,0
223,0,0,0,0,0,0,0,0,0
224,0,0,0,0,0,0,0,0,0
225,0,0,0,0,0,0,0,0,0
226,0,0,0,0,0,0,0,0,0
227,0,0,0,0,0,0,0,0,0
228,0,0,0,0,0,0,0,0,0
229,0,0,0,0,0,0,0,0,0
230,0,0,0,0,0,0,0,0,0
231,0,0,0,0,0,0,0,0,0
232,0,0,0,0,0,0,0,0,0
233,0,0,0,0,0,0,0,0,0
234,0,0,0,0,0,0,0,0,0
235,0,0,0,0,0,0,0,0,0
236,0,0,0,0,0,0,0,0,0
237,0,0,0,0,0,0,0,0,0
238,0,0,0,0,0,0,0,0,0
239,0,0,0,0,0,0,0,0,0
240,0,0,0,0,0,0,0,0,0
241,0,0,0,0,0,0,0,0,0
242,0,0,0,0,0,0,0,0,0
243,0,0,0,0,0,0,0,0,0
244,0,0,0,0,0,0,0,0,0
245,0,0,0,0,0,0,0,0,0
246,0,0,0,0,0,0,0,0,0
247,0,0,0,0,0,0,0,0,0
248,0,0,0,0,0,0,0,0,0
249,0,0,0,0,0,0,0,0,0
250,0,0,0,0,0,0,0,0,0
251,0,0,0,0,0,0,0,0,0
252,0,0,0,0,0,0,0,0,0
253,0,0,0,0,0,0,0,0,0
254,0,0,0,0,0,0,0,0,0
255,0,0,0,0,0,0,0,0,0
256,0,0,0,0,0,0,0,0,0
257,0,0,0,0,0,0,0,0,0
258,0,0,0,0,0,0,0,0,0
259,0,0,0,0,0,0,0,0,0
260,0,0,0,0,0,0,0,0,0
261,0,0,0,0,0,0,0,0,0
262,0,0,0,0,0,0,0,0,0
263,0,0,0,0,0,0,0,0,0
264,0,0,0,0,0,0,0,0,0
265,0,0,0,0,0,0,0,0,0
266,0,0,0,0,0,0,0,0,0
267,0,0,0,0,0,0,0,0,0
268,0,0,0,0,0,0,0,0,0
269,0,0,0,0,0,0,0,0,0
270,0,0,0,0,0,0,0,0,0
271,0,0,0,0,0,0,0,0,0
272,0,0,0,0,0,0,0,0,0
273,0,0,0,0,0,0,0,0,0
274,0,0,0,0,0,0,0,0,0
275,0,0,0,0,0,0,0,0,0
276,0,0,0,0,0,0,0,0,0
277,0,0,0,0,0,0,0,0,0
278,0,0,0,0,0,0,0,0,0
279,0,0,0,0,0,0,0,0,0
280,0,0,0,0,0,0,0,0,0
281,0,0,0,0,0,0,0,0,0
282,0,0,0,0,0,0,0,0,0
283,0,0,0,0,0,0,0,0,0
284,0,0,0,0,0,0,0,0,0
285,0,0,0,0,0,0,0,0,0
286,0,0,0,0,0,0,0,0,0
287,0,0,0,0,0,0,0,0,0
288,0,0,0,0,0,0,0,0,0
289,0,0,0,0,0,0,0,0,0
290,0,0,0,0,0,0,0,0,0
291,0,0,0,0,0,0,0,0,0
292,0,0,0,0,0,0,0,0,0
293,0,0,0,0,0,0,0,0,0
294,0,0,0,0,0,0,0,0,0
295,0,0,0,0,0,0,0,0,0
296,0,0,0,0,0,0,0,0,0
297,0,0,0,0,0,0,0,0,0
298,0,0,0,0,0,0,0,0,0
299,0,0,0,0,0,0,0,0,0
300,0,0,0,0,0,0,0,0,0
301,0,0,0,0,0,0,0,0,0
302,0,0,0,0,0,0,0,0,0
303,0,0,0,0,0,0,0,0,0
304,0,0,0,0,0,0,0,0,0
305,0,0,0,0,0,0,0,0,0
306,0,0,0,0,0,0,0,0,0
307,0,0,0,0,0,0,0,0,0
308,0,0,0,0,0,0,0,0,0
309,0,0,0,0,0,0,0,0,0
310,0,0,0,0,0,0,0,0,0
311,0,0,0,0,0,0,0,0,0
312,0,0,0,0,0,0,0,0,0
313,0,0,0,0,0,0,0,0,0
314,0,0,0,0,0,0,0,0,0
315,0,0,0,0,0,0,0,0,0
316,0,0,0,0,0,0,0,0,0
317,0,0,0,0,0,0,0,0,0
318,0,0,0,0,0,0,0,0,0
319,0,0,0,0,0,0,0,0,0
320,0,0,0,0,0,0,0,0,0
321,0,0,0,0,0,0,0,0,0
322,0,0,0,0,0,0,0,0,0
323,0,0,0,0,0,0,0,0,0
324,0,0,0,0,0,0,0,0,0
325,0,0,0,0,0,0,0,0,0
326,0,0,0,0,0,0,0,0,0
327,0,0,0,0,0,0,0,0,0
328,0,0,0,0,0,0,0,0,0
329,0,0,0,0,0,0,0,0,0
330,0,0,0,0,0,0,0,0,0
331,0,0,0,0,0,0,0,0,0
332,0,0,0,0,0,0,0,0,0
333,0,0,0,0,0,0,0,0,0
334,0,0,0,0,0,0,0,0,0
335,0,0,0,0,0,0,0,0,0
336,0,0,0,0,0,0,0,0,0
337,0,0,0,0,0,0,0,0,0
338,0,0,0,0,0,0,0,0,0
339,0,0,0,0,0,0,0,0,0
340,0,0,0,0,0,0,0,0,0
341,0,0,0,0,0,0,0,0,0
342,0,0,0,0,0,0,0,0,0
343,0,0,0,0,0,0,0,0,0
344,0,0,0,0,0,0,0,0,0
345,0,0,0,0,0,0,0,0,0
346,0,0,0,0,0,0,0,0,0
347,0,0,0,0,0,0,0,0,0
348,0,0,0,0,0,0,0,0,0
349,0,0,0,0,0,0,0,0,0
350,0,0,0,0,0,0,0,0,0
351,0,0,0,0,0,0,0,0,0
352,0,0,0,0,0,0,0,0,0
353,0,0,0,0,0,0,0,0,0
354,0,0,0,0,0,0,0,0,0
355,0,0,0,0,0,0,0,0,0
356,0,0,0,0,0,0,0,0,0
357,0,0,0,0,0,0,0,0,0
358,0,0,0,0,0,0,0,0,0
359,0,0,0,0,0,0,0,0,0
360,0,0,0,0,0,0,0,0,0
361,0,0,0,0,0,0,0,0,0
362,0,0,0,0,0,0,0,0,0
363,0,0,0,0,0,0,0,0,0
364,0,0,0,0,0,0,0,0,0
365,0,0,0,0,0,0,0,0,0
366,0,0,0,0,0,0,0,0,0
367,0,0,0,0,0,0,0,0,0
368,0,0,0,0,0,0,0,0,0
369,0,0,0,0,0,0,0,0,0
370,0,0,0,0,0,0,0,0,0
371,0,0,0,0,0,0,0,0,0
372,0,0,0,0,0,0,0,0,0
373,0,0,0,0,0,0,0,0,0
374,0,0,0,0,0,0,0,0,0
375,0,0,0,0,0,0,0,0,0
376,0,0,0,0,0,0,0,0,0
377,0,0,0,0,0,0,0,0,0
378,0,0,0,0,0,0,0,0,0
379,0,0,0,0,0,0,0,0,0
380,0,0,0,0,0,0,0,0,0
381,0,0,0,0,0,0,0,0,0
382,0,0,0,0,0,0,0,0,0
383,0,0,0,0,0,0,0,0,0
384,0,0,0,0,0,0,0,0,0
385,0,0,0,0,0,0,0,0,0
386,0,0,0,0,0,0,0,0,0
387,0,0,0,0,0,0,0,0,0
388,0,0,0,0,0,0,0,0,0
389,0,0,0,0,0,0,0,0,0
390,0,0,0,0,0,0,0,0,0
391,0,0,0,0,0,0,0,0,0
392,0,0,0,0,0,0,0,0,0
393,0,0,0,0,0,0,0,0,0
394,0,0,0,0,0,0,0,0,0
395,0,0,0,0,0,0,0,0,0
396,0,0,0,0,0,0,0,0,0
397,0,0,0,0,0,0,0,0,0
398,0,0,0,0,0,0,0,0,0
399,0,0,0,0,0,0,0,0,0
400,0,0,0,0,0,0,0,0,0
401,0,0,0,0,0,0,0,0,0
402,0,0,0,0,0,0,0,0,0
403,0,0,0,0,0,0,0,0,0
404,0,0,0,0,0,0,0,0,0
405,0,0,0,0,0,0,0,0,0
406,0,0,0,0,0,0,0,0,0
407,0,0,0,0,0,0,0,0,0
408,0,0,0,0,0,0,0,0,0
409,0,0,0,0,0,0,0,0,0
410,0,0,0,0,0,0,0,0,0
411,0,0,0,0,0,0,0,0,0
412,0,0,0,0,0,0,0,0,0
413,0,0,0,0,0,0,0,0,0
414,0,0,0,0,0,0,0,0,0
415,0,0,0,0,0,0,0,0,0
416,0,0,0,0,0,0,0,0,0
417,0,0,0,0,0,0,0,0,0
418,0,0,0,0,0,0,0,0,0
419,0,0,0,0,0,0,0,0,0
420,0,0,0,0,0,0,0,0,0
421,0,0,0,0,0,0,0,0,0
422,0,0,0,0,0,0,0,0,0
423,0,0,0,0,0,0,0,0,0
424,0,0,0,0,0,0,0,0,0
425,0,0,0,0,0,0,0,0,0
426,0,0,0,0,0,0,0,0,0
427,0,0,0,0,0,0,0,0,0
428,0,0,0,0,0,0,0,0,0
429,0,0,0,0,0,0,0,0,0
430,0,0,0,0,0,0,0,0,0
431,0,0,0,0,0,0,0,0,0
432,0,0,0,0,0,0,0,0,0
433,0,0,0,0,0,0,0,0,0
434,0,0,0,0,0,0,0,0,0
435,0,0,0,0,0,0,0,0,0
436,0,0,0,0,0,0,0,0,0
437,0,0,0,0,0,0,0,0,0
438,0,0,0,0,0,0,0,0,0
439,0,0,0,0,0,0,0,0,0
440,0,0,0,0,0,0,0,0,0
441,0,0,0,0,0,0,0,0,0
442,0,0,0,0,0,0,0,0,0
443,0,0,0,0,0,0,0,0,0
444,0,0,0,0,0,0,0,0,0
445,0,0,0,0,0,0,0,0,0
446,0,0,0,0,0,0,0,0,0
447,0,0,0,0,0,0,0,0,0
448,0,0,0,0,0,0,0,0,0
449,0,0,0,0,0,0,0,0,0
450,0,0,0,0,0,0,0,0,0
451,0,0,0,0,0,0,0,0,0
452,0,0,0,0,0,0,0,0,0
453,0,0,0,0,0,0,0,0,0
454,0,0,0,0,0,0,0,0,0
455,0,0,0,0,0,0,0,0,0
456,0,0,0,0,0,0,0,0,0
457,0,0,0,0,0,0,0,0,0
458,0,0,0,0,0,0,0,0,0
459,0,0,0,0,0,0,0,0,0
460,0,0,0,0,0,0,0,0,0
461,0,0,0,0,0,0,0,0,0
462,0,0,0,0,0,0,0,0,0
463,0,0,0,0,0,0,0,0,0
464,0,0,0,0,0,0,0,0,0
465,0,0,0,0,0,0,0,0,0
466,0,0,0,0,0,0,0,0,0
467,0,0,0,0,0,0,0,0,0
468,0,0,0,0,0,0,0,0,0
469,0,0,0,0,0,0,0,0,0
470,0,0,0,0,0,0,0,0,0
471,0,0,0,0,0,0,0,0,0
472,0,0,0,0,0,0,0,0,0
473,0,0,0,0,0,0,0,0,0
474,0,0,0,0,0,0,0,0,0
475,0,0,0,0,0,0,0,0,0
476,0,0,0,0,0,0,0,0,0
477,0,0,0,0,0,0,0,0,0
478,0,0,0,0,0,0,0,0,0
479,0,0,0,0,0,0,0,0,0
480,0,0,0,0,0,0,0,0,0
481,0,0,0,0,0,0,0,0,0
482,0,0,0,0,0,0,0,0,0
483,0,0,0,0,0,0,0,0,0
484,0,0,0,0,0,0,0,0,0
485,0,0,0,0,0,0,0,0,0
486,0,0,0,0,0,0,0,0,0
487,0,0,0,0,0,0,0,0,0
488,0,0,0,0,0,0,0,0,0
489,0,0,0,0,0,0,0,0,0
490,0,0,0,0,0,0,0,0,0
491,0,0,0,0,0,0,0,0,0
492,0,0,0,0,0,0,0,0,0
493,0,0,0,0,0,0,0,0,0
494,0,0,0,0,0,0,0,0,0
495,0,0,0,0,0,0,0,0,0
496,0,0,0,0,0,0,0,0,0
497,0,0,0,0,0,0,0,0,0
498,0,0,0,0,0,0,0,0,0
499,0,0,0,0,0,0,0,0,0
500,0,0,0,0,0,0,0,0,0
501,0,0,0,0,0,0,0,0,0
502,0,0,0,0,0,0,0,0,0
503,0,0,0,0,0,0,0,0,0
504,0,0,0,0,0,0,0,0,0
505,0,0,0,0,0,0,0,0,0
506,0,0,0,0,0,0,0,0,0
507,0,0,0,0,0,0,0,0,0
508,0,0,0,0,0,0,0,0,0
509,0,0,0,0,0,0,0,0,0
510,0,0,0,0,0,0,0,0,0
511,0,0,0,0,0,0,0,0,0
512,0,0,0,0,0,0,0,0,0
513,0,0,0,0,0,0,0,0,0
514,0,0,0,0,0,0,0,0,0
515,0,0,0,0,0,0,0,0,0
516,0,0,0,0,0,0,0,0,0
517,0,0,0,0,0,0,0,0,0
518,0,0,0,0,0,0,0,0,0
519,0,0,0,0,0,0,0,0,0
520,0,0,0,0,0,0,0,0,0
521,0,0,0,0,0,0,0,0,0
522,0,0,0,0,0,0,0,0,0
523,0,0,0,0,0,0,0,0,0
524,0,0,0,0,0,0,0,0,0
525,0,0,0,0,0,0,0,0,0
526,0,0,0,0,0,0,0,0,0
527,0,0,0,0,0,0,0,0,0
528,0,0,0,0,0,0,0,0,0
529,0,0,0,0,0,0,0,0,0
530,0,0,0,0,0,0,0,0,0
531,0,0,0,0,0,0,0,0,0
532,0,0,0,0,0,0,0,0,0
533,0,0,0,0,0,0,0,0,0
534,0,0,0,0,0,0,0,0,0
535,0,0,0,0,0,0,0,0,0
536,0,0,0,0,0,0,0,0,0
537,0,0,0,0,0,0,0,0,0
538,0,0,0,0,0,0,0,0,0
539,0,0,0,0,0,0,0,0,0
540,0,0,0,0,0,0,0,0,0
541,0,0,0,0,0,0,0,0,0
542,0,0,0,0,0,0,0,0,0
543,0,0,0,0,0,0,0,0,0
544,0,0,0,0,0,0,0,0,0
545,0,0,0,0,0,0,0,0,0
546,0,0,0,0,0,0,0,0,0
547,0,0,0,0,0,0,0,0,0
548,0,0,0,0,0,0,0,0,0
549,0,0,0,0,0,0,0,0,0
550,0,0,0,0,0,0,0,0,0
551,0,0,0,0,0,0,0,0,0
552,0,0,0,0,0,0,0,0,0
553,0,0,0,0,0,0,0,0,0
554,0,0,0,0,0,0,0,0,0
555,0,0,0,0,0,0,0,0,0
556,0,0,0,0,0,0,0,0,0
557,0,0,0,0,0,0,0,0,0
558,0,0,0,0,0,0,0,0,0
559,0,0,0,0,0,0,0,0,0
560,0,0,0,0,0,0,0,0,0
561,0,0,0,0,0,0,0,0,0
562,0,0,0,0,0,0,0,0,0
563,0,0,0,0,0,0,0,0,0
564,0,0,0,0,0,0,0,0,0
565,0,0,0,0,0,0,0,0,0
566,0,0,0,0,0,0,0,0,0
567,0,0,0,0,0,0,0,0,0
568,0,0,0,0,0,0,0,0,0
569,0,0,0,0,0,0,0,0,0
570,0,0,0,0,0,0,0,0,0
571,0,0,0,0,0,0,0,0,0
572,0,0,0,0,0,0,0,0,0
573,0,0,0,0,0,0,0,0,0
574,0,0,0,0,0,0,0,0,0
575,0,0,0,0,0,0,0,0,0
576,0,0,0,0,0,0,0,0,0
577,0,0,0,0,0,0,0,0,0
578,0,0,0,0,0,0,0,0,0
579,0,0,0,0,0,0,0,0,0
580,0,0,0,0,0,0,0,0,0
581,0,0,0,0,0,0,0,0,0
582,0,0,0,0,0,0,0,0,0
583,0,0,0,0,0,0,0,0,0
584,0,0,0,0,0,0,0,0,0
585,0,0,0,0,0,0,0,0,0
586,0,0,0,0,0,0,0,0,0
587,0,0,0,0,0,0,0,0,0
588,0,0,0,0,0,0,0,0,0
589,0,0,0,0,0,0,0,0,0
590,0,0,0,0,0,0,0,0,0
591,0,0,0,0,0,0,0,0,0
592,0,0,0,0,0,0,0,0,0
593,0,0,0,0,0,0,0,0,0
594,0,0,0,0,0,0,0,0,0
595,0,0,0,0,0,0,0,0,0
596,0,0,0,0,0,0,0,0,0
597,0,0,0,0,0,0,0,0,0
598,0,0,0,0,0,0,0,0,0
599,0,0,0,0,0,0,0,0,0
600,0,0,0,0,0,0,0,0,0
601,0,0,0,0,0,0,0,0,0
602,0,0,0,0,0,0,0,0,0
603,0,0,0,0,0,0,0,0,0
604,0,0,0,0,0,0,0,0,0
605,0,0,0,0,0,0,0,0,0
606,0,0,0,0,0,0,0,0,0
607,0,0,0,0,0,0,0,0,0
608,0,0,0,0,0,0,0,0,0
609,0,0,0,0,0,0,0,0,0
610,0,0,0,0,0,0,0,0,0
611,0,0,0,0,0,0,0,0,0
612,0,0,0,0,0,0,0,0,0
613,0,0,0,0,0,0,0,0,0
614,0,0,0,0,0,0,0,0,0
615,0,0,0,0,0,0,0,0,0
616,0,0,0,0,0,0,0,0,0
617,0,0,0,0,0,0,0,0,0
618,0,0,0,0,0,0,0,0,0
619,0,0,0,0,0,0,0,0,0
620,0,0,0,0,0,0,0,0,0
621,0,0,0,0,0,0,0,0,0
622,0,0,0,0,0,0,0,0,0
623,0,0,0,0,0,0,0,0,0
624,0,0,0,0,0,0,0,0,0
625,0,0,0,0,0,0,0,0,0
626,0,0,0,0,0,0,0,0,0
627,0,0,0,0,0,0,0,0,0
628,0,0,0,0,0,0,0,0,0
629,0,0,0,0,0,0,0,0,0
630,0,0,0,0,0,0,0,0,0
631,0,0,0,0,0,0,0,0,0
632,0,0,0,0,0,0,0,0,0
633,0,0,0,0,0,0,0,0,0
634,0,0,0,0,0,0,0,0,0
635,0,0,0,0,0,0,0,0,0
636,0,0,0,0,0,0,0,0,0
637,0,0,0,0,0,0,0,0,0
638,0,0,0,0,0,0,0,0,0
639,0,0,0,0,0,0,0,0,0
640,0,0,0,0,0,0,0,0,0
641,0,0,0,0,0,0,0,0,0
642,0,0,0,0,0,0,0,0,0
643,0,0,0,0,0,0,0,0,0
644,0,0,0,0,0,0,0,0,0
645,0,0,0,0,0,0,0,0,0
646,0,0,0,0,0,0,0,0,0
647,0,0,0,0,0,0,0,0,0
648,0,0,0,0,0,0,0,0,0
649,0,0,0,0,0,0,0,0,0
650,0,0,0,0,0,0,0,0,0
651,0,0,0,0,0,0,0,0,0
652,0,0,0,0,0,0,0,0,0
653,0,0,0,0,0,0,0,0,0
654,0,0,0,0,0,0,0,0,0
655,0,0,0,0,0,0,0,0,0
656,0,0,0,0,0,0,0,0,0
657,0,0,0,0,0,0,0,0,0
658,0,0,0,0,0,0,0,0,0
659,0,0,0,0,0,0,0,0,0
660,0,0,0,0,0,0,0,0,0
661,0,0,0,0,0,0,0,0,0
662,0,0,0,0,0,0,0,0,0
663,0,0,0,0,0,0,0,0,0
664,0,0,0,0,0,0,0,0,0
665,0,0,0,0,0,0,0,0,0
666,0,0,0,0,0,0,0,0,0
667,0,0,0,0,0,0,0,0,0
668,0,0,0,0,0,0,0,0,0
669,0,0,0,0,0,0,0,0,0
670,0,0,0,0,0,0,0,0,0
671,0,0,0,0,0,0,0,0,0
672,0,0,0,0,0,0,0,0,0
673,0,0,0,0,0,0,0,0,0
674,0,0,0,0,0,0,0,0,0
675,0,0,0,0,0,0,0,0,0
676,0,0,0,0,0,0,0,0,0
677,0,0,0,0,0,0,0,0,0
678,0,0,0,0,0,0,0,0,0
679,0,0,0,0,0,0,0,0,0
680,0,0,0,0,0,0,0,0,0
681,0,0,0,0,0,0,0,0,0
682,0,0,0,0,0,0,0,0,0
683,0,0,0,0,0,0,0,0,0
684,0,0,0,0,0,0,0,0,0
685,0,0,0,0,0,0,0,0,0
686,0,0,0,0,0,0,0,0,0
687,0,0,0,0,0,0,0,0,0
688,0,0,0,0,0,0,0,0,0
689,0,0,0,0,0,0,0,0,0
690,0,0,0,0,0,0,0,0,0
691,0,0,0,0,0,0,0,0,0
692,0,0,0,0,0,0,0,0,0
693,0,0,0,0,0,0,0,0,0
694,0,0,0,0,0,0,0,0,0
695,0,0,0,0,0,0,0,0,0
696,0,0,0,0,0,0,0,0,0
697,0,0,0,0,0,0,0,0,0
698,0,0,0,0,0,0,0,0,0
699,0,0,0,0,0,0,0,0,0
700,0,0,0,0,0,0,0,0,0
701,0,0,0,0,0,0,0,0,0
702,0,0,0,0,0,0,0,0,0
703,0,0,0,0,0,0,0,0,0
704,0,0,0,0,0,0,0,0,0
705,0,0,0,0,0,0,0,0,0
706,0,0,0,0,0,0,0,0,0
707,0,0,0,0,0,0,0,0,0
708,0,0,0,0,0,0,0,0,0
709,0,0,0,0,0,0,0,0,0
710,0,0,0,0,0,0,0,0,0
711,0,0,0,0,0,0,0,0,0
712,0,0,0,0,0,0,0,0,0
713,0,0,0,0,0,0,0,0,0
714,0,0,0,0,0,0,0,0,0
715,0,0,0,0,0,0,0,0,0
716,0,0,0,0,0,0,0,0,0
717,0,0,0,0,0,0,0,0,0
718,0,0,0,0,0,0,0,0,0
719,0,0,0,0,0,0,0,0,0
720,0,0,0,0,0,0,0,0,0
721,0,0,0,0,0,0,0,0,0
722,0,0,0,0,0,0,0,0,0
723,0,0,0,0,0,0,0,0,0
724,0,0,0,0,0,0,0,0,0
725,0,0,0,0,0,0,0,0,0
726,0,0,0,0,0,0,0,0,0
727,0,0,0,0,0,0,0,0,0
728,0,0,0,0,0,0,0,0,0
729,0,0,0,0,0,0,0,0,0
730,0,0,0,0,0,0,0,0,0
731,0,0,0,0,0,0,0,0,0
732,0,0,0,0,0,0,0,0,0
733,0,0,0,0,0,0,0,0,0
734,0,0,0,0,0,0,0,0,0
735,0,0,0,0,0,0,0,0,0
736,0,0,0,0,0,0,0,0,0
737,0,0,0,0,0,0,0,0,0
738,0,0,0,0,0,0,0,0,0
739,0,0,0,0,0,0,0,0,0
740,0,0,0,0,0,0,0,0,0
741,0,0,0,0,0,0,0,0,0
742,0,0,0,0,0,0,0,0,0
743,0,0,0,0,0,0,0,0,0
744,0,0,0,0,0,0,0,0,0
745,0,0,0,0,0,0,0,0,0
746,0,0,0,0,0,0,0,0,0
747,0,0,0,0,0,0,0,0,0
748,0,0,0,0,0,0,0,0,0
749,0,0,0,0,0,0,0,0,0
750,0,0,0,0,0,0,0,0,0
0,194,7257,201425,4077983,57373546,517292847,2626655236,5935079656,3356972874
1,105,3229,72635,1184016,13445054,98006737,402986692,738507149,339303364
2,66,1659,30534,416502,3936097,23832596,81251912,123230115,46769866
3,37,800,12330,139781,1086751,5417939,15218577,19030021,5970363
4,24,483,6478,63652,438015,1946231,4884599,5466223,1536761
5,17,256,3018,25347,148117,560160,1191535,1123382,266043
6,12,181,1953,15316,84801,299290,593285,516851,111994
7,8,107,1027,7177,37047,120935,222750,179260,36090
8,6,82,694,4562,21860,65254,109549,81173,15175
9,6,72,508,3138,14205,39802,61786,41999,7201
10,6,59,384,2321,10237,28070,41622,26915,4458
11,5,52,311,1786,7358,19069,26873,16226,2431
12,5,52,298,1635,6466,16338,22211,12894,1884
13,5,47,243,1151,4038,8900,10308,5141,648
14,4,39,168,810,2748,5852,6698,3343,393
15,3,26,131,585,1849,3525,3693,1711,187
16,3,18,98,420,1303,2418,2505,1192,118
17,3,18,89,380,1156,2085,2056,932,89
18,1,9,36,163,576,913,886,407,32
19,1,9,36,154,545,806,700,276,20
20,1,4,29,110,399,525,459,153,13
21,1,4,28,102,358,418,352,98,9
22,1,4,24,93,300,328,277,74,7
23,1,4,23,84,278,286,218,62,5
24,1,4,20,70,231,216,173,48,5
25,1,4,20,70,231,216,173,48,5
26,1,4,20,63,203,199,146,45,4
27,0,3,16,49,150,152,119,34,4
28,0,2,14,41,126,130,106,28,3
29,0,2,14,41,126,130,106,28,3
30,0,2,12,21,81,80,54,19,0
31,0,2,12,21,81,80,54,19,0
32,0,2,12,16,71,66,34,12,0
33,0,2,9,16,60,58,30,7,0
34,0,2,9,16,60,58,30,7,0
35,0,2,9,14,43,44,20,5,0
36,0,2,9,14,43,44,20,5,0
37,0,1,2,5,8,6,0,0,0
38,0,1,2,5,8,6,0,0,0
39,0,0,0,0,0,0,0,0,0
40,0,0,0,0,0,0,0,0,0
41,0,0,0,0,0,0,0,0,0
42,0,0,0,0,0,0,0,0,0
43,0,0,0,0,0,0,0,0,0
44,0,0,0,0,0,0,0,0,0
45,0,0,0,0,0,0,0,0,0
46,0,0,0,0,0,0,0,0,0
47,0,0,0,0,0,0,0,0,0
48,0,0,0,0,0,0,0,0,0
49,0,0,0,0,0,0,0,0,0
50,0,0,0,0,0,0,0,0,0
51,0,0,0,0,0,0,0,0,0
52,0,0,0,0,0,0,0,0,0
53,0,0,0,0,0,0,0,0,0
54,0,0,0,0,0,0,0,0,0
55,0,0,0,0,0,0,0,0,0
56,0,0,0,0,0,0,0,0,0
57,0,0,0,0,0,0,0,0,0
58,0,0,0,0,0,0,0,0,0
59,0,0,0,0,0,0,0,0,0
60,0,0,0,0,0,0,0,0,0
61,0,0,0,0,0,0,0,0,0
62,0,0,0,0,0,0,0,0,0
63,0,0,0,0,0,0,0,0,0
64,0,0,0,0,0,0,0,0,0
65,0,0,0,0,0,0,0,0,0
66,0,0,0,0,0,0,0,0,0
67,0,0,0,0,0,0,0,0,0
68,0,0,0,0,0,0,0,0,0
69,0,0,0,0,0,0,0,0,0
70,0,0,0,0,0,0,0,0,0
71,0,0,0,0,0,0,0,0,0
72,0,0,0,0,0,0,0,0,0
73,0,0,0,0,0,0,0,0,0
74,0,0,0,0,0,0,0,0,0
75,0,0,0,0,0,0,0,0,0
76,0,0,0,0,0,0,0,0,0
77,0,0,0,0,0,0,0,0,0
78,0,0,0,0,0,0,0,0,0
79,0,0,0,0,0,0,0,0,0
80,0,0,0,0,0,0,0,0,0
81,0,0,0,0,0,0,0,0,0
82,0,0,0,0,0,0,0,0,0
83,0,0,0,0,0,0,0,0,0
84,0,0,0,0,0,0,0,0,0
85,0,0,0,0,0,0,0,0,0
86,0,0,0,0,0,0,0,0,0
87,0,0,0,0,0,0,0,0,0
88,0,0,0,0,0,0,0,0,0
89,0,0,0,0,0,0,0,0,0
90,0,0,0,0,0,0,0,0,0
91,0,0,0,0,0,0,0,0,0
92,0,0,0,0,0,0,0,0,0
93,0,0,0,0,0,0,0,0,0
94,0,0,0,0,0,0,0,0,0
95,0,0,0,0,0,0,0,0,0
96,0,0,0,0,0,0,0,0,0
97,0,0,0,0,0,0,0,0,0
98,0,0,0,0,0,0,0,0,0
99,0,0,0,0,0,0,0,0,0
100,0,0,0,0,0,0,0,0,0
101,0,0,0,0,0,0,0,0,0
102,0,0,0,0,0,0,0,0,0
103,0,0,0,0,0,0,0,0,0
104,0,0,0,0,0,0,0,0,0
105,0,0,0,0,0,0,0,0,0
106,0,0,0,0,0,0,0,0,0
107,0,0,0,0,0,0,0,0,0
108,0,0,0,0,0,0,0,0,0
109,0,0,0,0,0,0,0,0,0
110,0,0,0,0,0,0,0,0,0
111,0,0,0,0,0,0,0,0,0
112,0,0,0,0,0,0,0,0,0
113,0,0,0,0,0,0,0,0,0
114,0,0,0,0,0,0,0,0,0
115,0,0,0,0,0,0,0,0,0
116,0,0,0,0,0,0,0,0,0
117,0,0,0,0,0,0,0,0,0
118,0,0,0,0,0,0,0,0,0
119,0,0,0,0,0,0,0,0,0
120,0,0,0,0,0,0,0,0,0
121,0,0,0,0,0,0,0,0,0
122,0,0,0,0,0,0,0,0,0
123,0,0,0,0,0,0,0,0,0
124,0,0,0,0,0,0,0,0,0
125,0,0,0,0,0,0,0,0,0
126,0,0,0,0,0,0,0,0,0
127,0,0,0,0,0,0,0,0,0
128,0,0,0,0,0,0,0,0,0
129,0,0,0,0,0,0,0,0,0
130,0,0,0,0,0,0,0,0,0
131,0,0,0,0,0,0,0,0,0
132,0,0,0,0,0,0,0,0,0
133,0,0,0,0,0,0,0,0,0
134,0,0,0,0,0,0,0,0,0
135,0,0,0,0,0,0,0,0,0
136,0,0,0,0,0,0,0,0,0
137,0,0,0,0,0,0,0,0,0
138,0,0,0,0,0,0,0,0,0
139,0,0,0,0,0,0,0,0,0
140,0,0,0,0,0,0,0,0,0
141,0,0,0,0,0,0,0,0,0
142,0,0,0,0,0,0,0,0,0
143,0,0,0,0,0,0,0,0,0
144,0,0,0,0,0,0,0,0,0
145,0,0,0,0,0,0,0,0,0
146,0,0,0,0,0,0,0,0,0
147,0,0,0,0,0,0,0,0,0
148,0,0,0,0,0,0,0,0,0
149,0,0,0,0,0,0,0,0,0
150,0,0,0,0,0,0,0,0,0
151,0,0,0,0,0,0,0,0,0
152,0,0,0,0,0,0,0,0,0
153,0,0,0,0,0,0,0,0,0
154,0,0,0,0,0,0,0,0,0
155,0,0,0,0,0,0,0,0,0
156,0,0,0,0,0,0,0,0,0
157,0,0,0,0,0,0,0,0,0
158,0,0,0,0,0,0,0,0,0
159,0,0,0,0,0,0,0,0,0
160,0,0,0,0,0,0,0,0,0
161,0,0,0,0,0,0,0,0,0
162,0,0,0,0,0,0,0,0,0
163,0,0,0,0,0,0,0,0,0
164,0,0,0,0,0,0,0,0,0
165,0,0,0,0,0,0,0,0,0
166,0,0,0,0,0,0,0,0,0
167,0,0,0,0,0,0,0,0,0
168,0,0,0,0,0,0,0,0,0
169,0,0,0,0,0,0,0,0,0
170,0,0,0,0,0,0,0,0,0
171,0,0,0,0,0,0,0,0,0
172,0,0,0,0,0,0,0,0,0
173,0,0,0,0,0,0,0,0,0
174,0,0,0,0,0,0,0,0,0
175,0,0,0,0,0,0,0,0,0
176,0,0,0,0,0,0,0,0,0
177,0,0,0,0,0,0,0,0,0
178,0,0,0,0,0,0,0,0,0
179,0,0,0,0,0,0,0,0,0
180,0,0,0,0,0,0,0,0,0
181,0,0,0,0,0,0,0,0,0
182,0,0,0,0,0,0,0,0,0
183,0,0,0,0,0,0,0,0,0
184,0,0,0,0,0,0,0,0,0
185,0,0,0,0,0,0,0,0,0
186,0,0,0,0,0,0,0,0,0
187,0,0,0,0,0,0,0,0,0
188,0,0,0,0,0,0,0,0,0
189,0,0,0,0,0,0,0,0,0
190,0,0,0,0,0,0,0,0,0
191,0,0,0,0,0,0,0,0,0
192,0,0,0,0,0,0,0,0,0
193,0,0,0,0,0,0,0,0,0
194,0,0,0,0,0,0,0,0,0
195,0,0,0,0,0,0,0,0,0
196,0,0,0,0,0,0,0,0,0
197,0,0,0,0,0,0,0,0,0
198,0,0,0,0,0,0,0,0,0
199,0,0,0,0,0,0,0,0,0
200,0,0,0,0,0,0,0,0,0
201,0,0,0,0,0,0,0,0,0
202,0,0,0,0,0,0,0,0,0
203,0,0,0,0,0,0,0,0,0
204,0,0,0,0,0,0,0,0,0
205,0,0,0,0,0,0,0,0,0
206,0,0,0,0,0,0,0,0,0
207,0,0,0,0,0,0,0,0,0
208,0,0,0,0,0,0,0,0,0
209,0,0,0,0,0,0,0,0,0
210,0,0,0,0,0,0,0,0,0
211,0,0,0,0,0,0,0,0,0
212,0,0,0,0,0,0,0,0,0
213,0,0,0,0,0,0,0,0,0
214,0,0,0,0,0,0,0,0,0
215,0,0,0,0,0,0,0,0,0
216,0,0,0,0,0,0,0,0,0
217,0,0,0,0,0,0,0,0,0
218,0,0,0,0,0,0,0,0,0
219,0,0,0,0,0,0,0,0,0
220,0,0,0,0,0,0,0,0,0
221,0,0,0,0,0,0,0,0,0
222,0,0,0,0,0,0,0,0,0
223,0,0,0,0,0,0,0,0,0
224,0,0,0,0,0,0,0,0,0
225,0,0,0,0,0,0,0,0,0
226,0,0,0,0,0,0,0,0,0
227,0,0,0,0,0,0,0,0,0
228,0,0,0,0,0,0,0,0,0
229,0,0,0,0,0,0,0,0,0
230,0,0,0,0,0,0,0,0,0
231,0,0,0,0,0,0,0,0,0
232,0,0,0,0,0,0,0,0,0
233,0,0,0,0,0,0,0,0,0
234,0,0,0,0,0,0,0,0,0
235,0,0,0,0,0,0,0,0,0
236,0,0,0,0,0,0,0,0,0
237,0,0,0,0,0,0,0,0,0
238,0,0,0,0,0,0,0,0,0
239,0,0,0,0,0,0,0,0,0
240,0,0,0,0,0,0,0,0,0
241,0,0,0,0,0,0,0,0,0
242,0,0,0,0,0,0,0,0,0
243,0,0,0,0,0,0,0,0,0
244,0,0,0,0,0,0,0,0,0
245,0,0,0,0,0,0,0,0,0
246,0,0,0,0,0,0,0,0,0
247,0,0,0,0,0,0,0,0,0
248,0,0,0,0,0,0,0,0,0
249,0,0,0,0,0,0,0,0,0
250,0,0,0,0,0,0,0,0,0
251,0,0,0,0,0,0,0,0,0
252,0,0,0,0,0,0,0,0,0
253,0,0,0,0,0,0,0,0,0
254,0,0,0,0,0,0,0,0,0
255,0,0,0,0,0,0,0,0,0
256,0,0,0,0,0,0,0,0,0
257,0,0,0,0,0,0,0,0,0
258,0,0,0,0,0,0,0,0,0
259,0,0,0,0,0,0,0,0,0
260,0,0,0,0,0,0,0,0,0
261,0,0,0,0,0,0,0,0,0
262,0,0,0,0,0,0,0,0,0
263,0,0,0,0,0,0,0,0,0
264,0,0,0,0,0,0,0,0,0
265,0,0,0,0,0,0,0,0,0
266,0,0,0,0,0,0,0,0,0
267,0,0,0,0,0,0,0,0,0
268,0,0,0,0,0,0,0,0,0
269,0,0,0,0,0,0,0,0,0
270,0,0,0,0,0,0,0,0,0
271,0,0,0,0,0,0,0,0,0
272,0,0,0,0,0,0,0,0,0
273,0,0,0,0,0,0,0,0,0
274,0,0,0,0,0,0,0,0,0
275,0,0,0,0,0,0,0,0,0
276,0,0,0,0,0,0,0,0,0
277,0,0,0,0,0,0,0,0,0
278,0,0,0,0,0,0,0,0,0
279,0,0,0,0,0,0,0,0,0
280,0,0,0,0,0,0,0,0,0
281,0,0,0,0,0,0,0,0,0
282,0,0,0,0,0,0,0,0,0
283,0,0,0,0,0,0,0,0,0
284,0,0,0,0,0,0,0,0,0
285,0,0,0,0,0,0,0,0,0
286,0,0,0,0,0,0,0,0,0
287,0,0,0,0,0,0,0,0,0
288,0,0,0,0,0,0,0,0,0
289,0,0,0,0,0,0,0,0,0
290,0,0,0,0,0,0,0,0,0
291,0,0,0,0,0,0,0,0,0
292,0,0,0,0,0,0,0,0,0
293,0,0,0,0,0,0,0,0,0
294,0,0,0,0,0,0,0,0,0
295,0,0,0,0,0,0,0,0,0
296,0,0,0,0,0,0,0,0,0
297,0,0,0,0,0,0,0,0,0
298,0,0,0,0,0,0,0,0,0
299,0,0,0,0,0,0,0,0,0
300,0,0,0,0,0,0,0,0,0
301,0,0,0,0,0,0,0,0,0
302,0,0,0,0,0,0,0,0,0
303,0,0,0,0,0,0,0,0,0
304,0,0,0,0,0,0,0,0,0
305,0,0,0,0,0,0,0,0,0
306,0,0,0,0,0,0,0,0,0
307,0,0,0,0,0,0,0,0,0
308,0,0,0,0,0,0,0,0,0
309,0,0,0,0,0,0,0,0,0
310,0,0,0,0,0,0,0,0,0
311,0,0,0,0,0,0,0,0,0
312,0,0,0,0,0,0,0,0,0
313,0,0,0,0,0,0,0,0,0
314,0,0,0,0,0,0,0,0,0
315,0,0,0,0,0,0,0,0,0
316,0,0,0,0,0,0,0,0,0
317,0,0,0,0,0,0,0,0,0
318,0,0,0,0,0,0,0,0,0
319,0,0,0,0,0,0,0,0,0
320,0,0,0,0,0,0,0,0,0
321,0,0,0,0,0,0,0,0,0
322,0,0,0,0,0,0,0,0,0
323,0,0,0,0,0,0,0,0,0
324,0,0,0,0,0,0,0,0,0
325,0,0,0,0,0,0,0,0,0
326,0,0,0,0,0,0,0,0,0
327,0,0,0,0,0,0,0,0,0
328,0,0,0,0,0,0,0,0,0
329,0,0,0,0,0,0,0,0,0
330,0,0,0,0,0,0,0,0,0
331,0,0,0,0,0,0,0,0,0
332,0,0,0,0,0,0,0,0,0
333,0,0,0,0,0,0,0,0,0
334,0,0,0,0,0,0,0,0,0
335,0,0,0,0,0,0,0,0,0
336,0,0,0,0,0,0,0,0,0
337,0,0,0,0,0,0,0,0,0
338,0,0,0,0,0,0,0,0,0
339,0,0,0,0,0,0,0,0,0
340,0,0,0,0,0,0,0,0,0
341,0,0,0,0,0,0,0,0,0
342,0,0,0,0,0,0,0,0,0
343,0,0,0,0,0,0,0,0,0
344,0,0,0,0,0,0,0,0,0
345,0,0,0,0,0,0,0,0,0
346,0,0,0,0,0,0,0,0,0
347,0,0,0,0,0,0,0,0,0
348,0,0,0,0,0,0,0,0,0
349,0,0,0,0,0,0,0,0,0
350,0,0,0,0,0,0,0,0,0
351,0,0,0,0,0,0,0,0,0
352,0,0,0,0,0,0,0,0,0
353,0,0,0,0,0,0,0,0,0
354,0,0,0,0,0,0,0,0,0
355,0,0,0,0,0,0,0,0,0
356,0,0,0,0,0,0,0,0,0
357,0,0,0,0,0,0,0,0,0
358,0,0,0,0,0,0,0,0,0
359,0,0,0,0,0,0,0,0,0
360,0,0,0,0,0,0,0,0,0
361,0,0,0,0,0,0,0,0,0
362,0,0,0,0,0,0,0,0,0
363,0,0,0,0,0,0,0,0,0
364,0,0,0,0,0,0,0,0,0
365,0,0,0,0,0,0,0,0,0
366,0,0,0,0,0,0,0,0,0
367,0,0,0,0,0,0,0,0,0
368,0,0,0,0,0,0,0,0,0
369,0,0,0,0,0,0,0,0,0
370,0,0,0,0,0,0,0,0,0
371,0,0,0,0,0,0,0,0,0
372,0,0,0,0,0,0,0,0,0
373,0,0,0,0,0,0,0,0,0
374,0,0,0,0,0,0,0,0,0
375,0,0,0,0,0,0,0,0,0
376,0,0,0,0,0,0,0,0,0
377,0,0,0,0,0,0,0,0,0
378,0,0,0,0,0,0,0,0,0
379,0,0,0,0,0,0,0,0,0
380,0,0,0,0,0,0,0,0,0
381,0,0,0,0,0,0,0,0,0
382,0,0,0,0,0,0,0,0,0
383,0,0,0,0,0,0,0,0,0
384,0,0,0,0,0,0,0,0,0
385,0,0,0,0,0,0,0,0,0
386,0,0,0,0,0,0,0,0,0
387,0,0,0,0,0,0,0,0,0
388,0,0,0,0,0,0,0,0,0
389,0,0,0,0,0,0,0,0,0
390,0,0,0,0,0,0,0,0,0
391,0,0,0,0,0,0,0,0,0
392,0,0,0,0,0,0,0,0,0
393,0,0,0,0,0,0,0,0,0
394,0,0,0,0,0,0,0,0,0
395,0,0,0,0,0,0,0,0,0
396,0,0,0,0,0,0,0,0,0
397,0,0,0,0,0,0,0,0,0
398,0,0,0,0,0,0,0,0,0
399,0,0,0,0,0,0,0,0,0
400,0,0,0,0,0,0,0,0,0
401,0,0,0,0,0,0,0,0,0
402,0,0,0,0,0,0,0,0,0
403,0,0,0,0,0,0,0,0,0
404,0,0,0,0,0,0,0,0,0
405,0,0,0,0,0,0,0,0,0
406,0,0,0,0,0,0,0,0,0
407,0,0,0,0,0,0,0,0,0
408,0,0,0,0,0,0,0,0,0
409,0,0,0,0,0,0,0,0,0
410,0,0,0,0,0,0,0,0,0
411,0,0,0,0,0,0,0,0,0
412,0,0,0,0,0,0,0,0,0
413,0,0,0,0,0,0,0,0,0
414,0,0,0,0,0,0,0,0,0
415,0,0,0,0,0,0,0,0,0
416,0,0,0,0,0,0,0,0,0
417,0,0,0,0,0,0,0,0,0
418,0,0,0,0,0,0,0,0,0
419,0,0,0,0,0,0,0,0,0
420,0,0,0,0,0,0,0,0,0
421,0,0,0,0,0,0,0,0,0
422,0,0,0,0,0,0,0,0,0
423,0,0,0,0,0,0,0,0,0
424,0,0,0,0,0,0,0,0,0
425,0,0,0,0,0,0,0,0,0
426,0,0,0,0,0,0,0,0,0
427,0,0,0,0,0,0,0,0,0
428,0,0,0,0,0,0,0,0,0
429,0,0,0,0,0,0,0,0,0
430,0,0,0,0,0,0,0,0,0
431,0,0,0,0,0,0,0,0,0
432,0,0,0,0,0,0,0,0,0
433,0,0,0,0,0,0,0,0,0
434,0,0,0,0,0,0,0,0,0
435,0,0,0,0,0,0,0,0,0
436,0,0,0,0,0,0,0,0,0
437,0,0,0,0,0,0,0,0,0
438,0,0,0,0,0,0,0,0,0
439,0,0,0,0,0,0,0,0,0
440,0,0,0,0,0,0,0,0,0
441,0,0,0,0,0,0,0,0,0
442,0,0,0,0,0,0,0,0,0
443,0,0,0,0,0,0,0,0,0
444,0,0,0,0,0,0,0,0,0
445,0,0,0,0,0,0,0,0,0
446,0,0,0,0,0,0,0,0,0
447,0,0,0,0,0,0,0,0,0
448,0,0,0,0,0,0,0,0,0
449,0,0,0,0,0,0,0,0,0
450,0,0,0,0,0,0,0,0,0
451,0,0,0,0,0,0,0,0,0
452,0,0,0,0,0,0,0,0,0
453,0,0,0,0,0,0,0,0,0
454,0,0,0,0,0,0,0,0,0
455,0,0,0,0,0,0,0,0,0
456,0,0,0,0,0,0,0,0,0
457,0,0,0,0,0,0,0,0,0
458,0,0,0,0,0,0,0,0,0
459,0,0,0,0,0,0,0,0,0
460,0,0,0,0,0,0,0,0,0
461,0,0,0,0,0,0,0,0,0
462,0,0,0,0,0,0,0,0,0
463,0,0,0,0,0,0,0,0,0
464,0,0,0,0,0,0,0,0,0
465,0,0,0,0,0,0,0,0,0
466,0,0,0,0,0,0,0,0,0
467,0,0,0,0,0,0,0,0,0
468,0,0,0,0,0,0,0,0,0
469,0,0,0,0,0,0,0,0,0
470,0,0,0,0,0,0,0,0,0
471,0,0,0,0,0,0,0,0,0
472,0,0,0,0,0,0,0,0,0
473,0,0,0,0,0,0,0,0,0
474,0,0,0,0,0,0,0,0,0
475,0,0,0,0,0,0,0,0,0
476,0,0,0,0,0,0,0,0,0
477,0,0,0,0,0,0,0,0,0
478,0,0,0,0,0,0,0,0,0
479,0,0,0,0,0,0,0,0,0
480,0,0,0,0,0,0,0,0,0
481,0,0,0,0,0,0,0,0,0
482,0,0,0,0,0,0,0,0,0
483,0,0,0,0,0,0,0,0,0
484,0,0,0,0,0,0,0,0,0
485,0,0,0,0,0,0,0,0,0
486,0,0,0,0,0,0,0,0,0
487,0,0,0,0,0,0,0,0,0
488,0,0,0,0,0,0,0,0,0
489,0,0,0,0,0,0,0,0,0
490,0,0,0,0,0,0,0,0,0
491,0,0,0,0,0,0,0,0,0
492,0,0,0,0,0,0,0,0,0
493,0,0,0,0,0,0,0,0,0
494,0,0,0,0,0,0,0,0,0
495,0,0,0,0,0,0,0,0,0
496,0,0,0,0,0,0,0,0,0
497,0,0,0,0,0,0,0,0,0
498,0,0,0,0,0,0,0,0,0
499,0,0,0,0,0,0,0,0,0
500,0,0,0,0,0,0,0,0,0
501,0,0,0,0,0,0,0,0,0
502,0,0,0,0,0,0,0,0,0
503,0,0,0,0,0,0,0,0,0
504,0,0,0,0,0,0,0,0,0
505,0,0,0,0,0,0,0,0,0
506,0,0,0,0,0,0,0,0,0
507,0,0,0,0,0,0,0,0,0
508,0,0,0,0,0,0,0,0,0
509,0,0,0,0,0,0,0,0,0
510,0,0,0,0,0,0,0,0,0
511,0,0,0,0,0,0,0,0,0
512,0,0,0,0,0,0,0,0,0
513,0,0,0,0,0,0,0,0,0
514,0,0,0,0,0,0,0,0,0
515,0,0,0,0,0,0,0,0,0
516,0,0,0,0,0,0,0,0,0
517,0,0,0,0,0,0,0,0,0
518,0,0,0,0,0,0,0,0,0
519,0,0,0,0,0,0,0,0,0
520,0,0,0,0,0,0,0,0,0
521,0,0,0,0,0,0,0,0,0
522,0,0,0,0,0,0,0,0,0
523,0,0,0,0,0,0,0,0,0
524,0,0,0,0,0,0,0,0,0
525,0,0,0,0,0,0,0,0,0
526,0,0,0,0,0,0,0,0,0
527,0,0,0,0,0,0,0,0,0
528,0,0,0,0,0,0,0,0,0
529,0,0,0,0,0,0,0,0,0
530,0,0,0,0,0,0,0,0,0
531,0,0,0,0,0,0,0,0,0
532,0,0,0,0,0,0,0,0,0
533,0,0,0,0,0,0,0,0,0
534,0,0,0,0,0,0,0,0,0
535,0,0,0,0,0,0,0,0,0
536,0,0,0,0,0,0,0,0,0
537,0,0,0,0,0,0,0,0,0
538,0,0,0,0,0,0,0,0,0
539,0,0,0,0,0,0,0,0,0
540,0,0,0,0,0,0,0,0,0
541,0,0,0,0,0,0,0,0,0
542,0,0,0,0,0,0,0,0,0
543,0,0,0,0,0,0,0,0,0
544,0,0,0,0,0,0,0,0,0
545,0,0,0,0,0,0,0,0,0
546,0,0,0,0,0,0,0,0,0
547,0,0,0,0,0,0,0,0,0
548,0,0,0,0,0,0,0,0,0
549,0,0,0,0,0,0,0,0,0
550,0,0,0,0,0,0,0,0,0
551,0,0,0,0,0,0,0,0,0
552,0,0,0,0,0,0,0,0,0
553,0,0,0,0,0,0,0,0,0
554,0,0,0,0,0,0,0,0,0
555,0,0,0,0,0,0,0,0,0
556,0,0,0,0,0,0,0,0,0
557,0,0,0,0,0,0,0,0,0
558,0,0,0,0,0,0,0,0,0
559,0,0,0,0,0,0,0,0,0
560,0,0,0,0,0,0,0,0,0
561,0,0,0,0,0,0,0,0,0
562,0,0,0,0,0,0,0,0,0
563,0,0,0,0,0,0,0,0,0
564,0,0,0,0,0,0,0,0,0
565,0,0,0,0,0,0,0,0,0
566,0,0,0,0,0,0,0,0,0
567,0,0,0,0,0,0,0,0,0
568,0,0,0,0,0,0,0,0,0
569,0,0,0,0,0,0,0,0,0
570,0,0,0,0,0,0,0,0,0
571,0,0,0,0,0,0,0,0,0
572,0,0,0,0,0,0,0,0,0
573,0,0,0,0,0,0,0,0,0
574,0,0,0,0,0,0,0,0,0
575,0,0,0,0,0,0,0,0,0
576,0,0,0,0,0,0,0,0,0
577,0,0,0,0,0,0,0,0,0
578,0,0,0,0,0,0,0,0,0
579,0,0,0,0,0,0,0,0,0
580,0,0,0,0,0,0,0,0,0
581,0,0,0,0,0,0,0,0,0
582,0,0,0,0,0,0,0,0,0
583,0,0,0,0,0,0,0,0,0
584,0,0,0,0,0,0,0,0,0
585,0,0,0,0,0,0,0,0,0
586,0,0,0,0,0,0,0,0,0
587,0,0,0,0,0,0,0,0,0
588,0,0,0,0,0,0,0,0,0
589,0,0,0,0,0,0,0,0,0
590,0,0,0,0,0,0,0,0,0
591,0,0,0,0,0,0,0,0,0
592,0,0,0,0,0,0,0,0,0
593,0,0,0,0,0,0,0,0,0
594,0,0,0,0,0,0,0,0,0
595,0,0,0,0,0,0,0,0,0
596,0,0,0,0,0,0,0,0,0
597,0,0,0,0,0,0,0,0,0
598,0,0,0,0,0,0,0,0,0
599,0,0,0,0,0,0,0,0,0
600,0,0,0,0,0,0,0,0,0
601,0,0,0,0,0,0,0,0,0
602,0,0,0,0,0,0,0,0,0
603,0,0,0,0,0,0,0,0,0
604,0,0,0,0,0,0,0,0,0
605,0,0,0,0,0,0,0,0,0
606,0,0,0,0,0,0,0,0,0
607,0,0,0,0,0,0,0,0,0
608,0,0,0,0,0,0,0,0,0
609,0,0,0,0,0,0,0,0,0
610,0,0,0,0,0,0,0,0,0
611,0,0,0,0,0,0,0,0,0
612,0,0,0,0,0,0,0,0,0
613,0,0,0,0,0,0,0,0,0
614,0,0,0,0,0,0,0,0,0
615,0,0,0,0,0,0,0,0,0
616,0,0,0,0,0,0,0,0,0
617,0,0,0,0,0,0,0,0,0
618,0,0,0,0,0,0,0,0,0
619,0,0,0,0,0,0,0,0,0
620,0,0,0,0,0,0,0,0,0
621,0,0,0,0,0,0,0,0,0
622,0,0,0,0,0,0,0,0,0
623,0,0,0,0,0,0,0,0,0
624,0,0,0,0,0,0,0,0,0
625,0,0,0,0,0,0,0,0,0
626,0,0,0,0,0,0,0,0,0
627,0,0,0,0,0,0,0,0,0
628,0,0,0,0,0,0,0,0,0
629,0,0,0,0,0,0,0,0,0
630,0,0,0,0,0,0,0,0,0
631,0,0,0,0,0,0,0,0,0
632,0,0,0,0,0,0,0,0,0
633,0,0,0,0,0,0,0,0,0
634,0,0,0,0,0,0,0,0,0
635,0,0,0,0,0,0,0,0,0
636,0,0,0,0,0,0,0,0,0
637,0,0,0,0,0,0,0,0,0
638,0,0,0,0,0,0,0,0,0
639,0,0,0,0,0,0,0,0,0
640,0,0,0,0,0,0,0,0,0
641,0,0,0,0,0,0,0,0,0
642,0,0,0,0,0,0,0,0,0
643,0,0,0,0,0,0,0,0,0
644,0,0,0,0,0,0,0,0,0
645,0,0,0,0,0,0,0,0,0
646,0,0,0,0,0,0,0,0,0
647,0,0,0,0,0,0,0,0,0
648,0,0,0,0,0,0,0,0,0
649,0,0,0,0,0,0,0,0,0
650,0,0,0,0,0,0,0,0,0
651,0,0,0,0,0,0,0,0,0
652,0,0,0,0,0,0,0,0,0
653,0,0,0,0,0,0,0,0,0
654,0,0,0,0,0,0,0,0,0
655,0,0,0,0,0,0,0,0,0
656,0,0,0,0,0,0,0,0,0
657,0,0,0,0,0,0,0,0,0
658,0,0,0,0,0,0,0,0,0
659,0,0,0,0,0,0,0,0,0
660,0,0,0,0,0,0,0,0,0
661,0,0,0,0,0,0,0,0,0
662,0,0,0,0,0,0,0,0,0
663,0,0,0,0,0,0,0,0,0
664,0,0,0,0,0,0,0,0,0
665,0,0,0,0,0,0,0,0,0
666,0,0,0,0,0,0,0,0,0
667,0,0,0,0,0,0,0,0,0
668,0,0,0,0,0,0,0,0,0
669,0,0,0,0,0,0,0,0,0
670,0,0,0,0,0,0,0,0,0
671,0,0,0,0,0,0,0,0,0
672,0,0,0,0,0,0,0,0,0
673,0,0,0,0,0,0,0,0,0
674,0,0,0,0,0,0,0,0,0
675,0,0,0,0,0,0,0,0,0
676,0,0,0,0,0,0,0,0,0
677,0,0,0,0,0,0,0,0,0
678,0,0,0,0,0,0,0,0,0
679,0,0,0,0,0,0,0,0,0
680,0,0,0,0,0,0,0,0,0
681,0,0,0,0,0,0,0,0,0
682,0,0,0,0,0,0,0,0,0
683,0,0,0,0,0,0,0,0,0
684,0,0,0,0,0,0,0,0,0
685,0,0,0,0,0,0,0,0,0
686,0,0,0,0,0,0,0,0,0
687,0,0,0,0,0,0,0,0,0
688,0,0,0,0,0,0,0,0,0
689,0,0,0,0,0,0,0,0,0
690,0,0,0,0,0,0,0,0,0
691,0,0,0,0,0,0,0,0,0
692,0,0,0,0,0,0,0,0,0
693,0,0,0,0,0,0,0,0,0
694,0,0,0,0,0,0,0,0,0
695,0,0,0,0,0,0,0,0,0
696,0,0,0,0,0,0,0,0,0
697,0,0,0,0,0,0,0,0,0
698,0,0,0,0,0,0,0,0,0
699,0,0,0,0,0,0,0,0,0
700,0,0,0,0,0,0,0,0,0
701,0,0,0,0,0,0,0,0,0
702,0,0,0,0,0,0,0,0,0
703,0,0,0,0,0,0,0,0,0
704,0,0,0,0,0,0,0,0,0
705,0,0,0,0,0,0,0,0,0
706,0,0,0,0,0,0,0,0,0
707,0,0,0,0,0,0,0,0,0
708,0,0,0,0,0,0,0,0,0
709,0,0,0,0,0,0,0,0,0
710,0,0,0,0,0,0,0,0,0
711,0,0,0,0,0,0,0,0,0
712,0,0,0,0,0,0,0,0,0
713,0,0,0,0,0,0,0,0,0
714,0,0,0,0,0,0,0,0,0
715,0,0,0,0,0,0,0,0,0
716,0,0,0,0,0,0,0,0,0
717,0,0,0,0,0,0,0,0,0
718,0,0,0,0,0,0,0,0,0
719,0,0,0,0,0,0,0,0,0
720,0,0,0,0,0,0,0,0,0
721,0,0,0,0,0,0,0,0,0
722,0,0,0,0,0,0,0,0,0
723,0,0,0,0,0,0,0,0,0
724,0,0,0,0,0,0,0,0,0
725,0,0,0,0,0,0,0,0,0
726,0,0,0,0,0,0,0,0,0
727,0,0,0,0,0,0,0,0,0
728,0,0,0,0,0,0,0,0,0
729,0,0,0,0,0,0,0,0,0
730,0,0,0,0,0,0,0,0,0
731,0,0,0,0,0,0,0,0,0
732,0,0,0,0,0,0,0,0,0
733,0,0,0,0,0,0,0,0,0
734,0,0,0,0,0,0,0,0,0
735,0,0,0,0,0,0,0,0,0
736,0,0,0,0,0,0,0,0,0
737,0,0,0,0,0,0,0,0,0
738,0,0,0,0,0,0,0,0,0
739,0,0,0,0,0,0,0,0,0
740,0,0,0,0,0,0,0,0,0
741,0,0,0,0,0,0,0,0,0
742,0,0,0,0,0,0,0,0,0
743,0,0,0,0,0,0,0,0,0
744,0,0,0,0,0,0,0,0,0
745,0,0,0,0,0,0,0,0,0
746,0,0,0,0,0,0,0,0,0
747,0,0,0,0,0,0,0,0,0
748,0,0,0,0,0,0,0,0,0
749,0,0,0,0,0,0,0,0,0
750,0,0,0,0,0,0,0,0,0
0,194,7257,201425,4077983,57373546,517292847,2626655236,5935079656,3356972874
1,80,2411,51942,827973,9160526,64788090,257351315,453646697,199619653
2,53,1271,21768,278279,2470461,14058209,45100465,64513062,23155035
3,35,677,9749,105358,795151,3856285,10561653,12905416,3956490
4,20,349,4134,37714,244110,1015942,2392467,2521424,669411
5,8,130,1303,9937,53485,185093,361529,313211,69087
6,6,113,1019,7131,35636,114191,206707,164834,32999
7,5,98,845,5461,25136,74355,124270,91088,16788
8,4,81,580,3449,14229,37992,57581,38408,6642
9,3,71,478,2718,10814,28065,41048,26439,4395
10,0,47,285,1375,5020,12099,16504,9979,1621
11,0,42,228,1132,3897,8804,11471,6505,977
12,0,32,147,714,2186,4313,4939,2387,278
13,0,16,82,390,1073,2037,2168,993,96
14,0,14,66,295,749,1360,1325,588,64
15,0,14,59,254,590,1031,908,386,38
16,0,13,54,205,468,766,671,254,28
17,0,13,54,196,454,704,629,230,25
18,0,12,52,183,417,653,583,212,23
19,0,10,48,172,391,609,554,198,23
20,0,6,22,67,150,194,169,63,7
21,0,6,22,67,138,186,138,54,7
22,0,6,19,48,93,117,76,26,5
23,0,2,3,14,24,35,20,9,3
24,0,2,3,14,22,35,20,9,3
25,0,2,3,14,19,35,19,9,3
26,0,0,0,0,0,0,0,0,0
27,0,0,0,0,0,0,0,0,0
28,0,0,0,0,0,0,0,0,0
29,0,0,0,0,0,0,0,0,0
30,0,0,0,0,0,0,0,0,0
31,0,0,0,0,0,0,0,0,0
32,0,0,0,0,0,0,0,0,0
33,0,0,0,0,0,0,0,0,0
34,0,0,0,0,0,0,0,0,0
35,0,0,0,0,0,0,0,0,0
36,0,0,0,0,0,0,0,0,0
37,0,0,0,0,0,0,0,0,0
38,0,0,0,0,0,0,0,0,0
39,0,0,0,0,0,0,0,0,0
40,0,0,0,0,0,0,0,0,0
41,0,0,0,0,0,0,0,0,0
42,0,0,0,0,0,0,0,0,0
43,0,0,0,0,0,0,0,0,0
44,0,0,0,0,0,0,0,0,0
45,0,0,0,0,0,0,0,0,0
46,0,0,0,0,0,0,0,0,0
47,0,0,0,0,0,0,0,0,0
48,0,0,0,0,0,0,0,0,0
49,0,0,0,0,0,0,0,0,0
50,0,0,0,0,0,0,0,0,0
51,0,0,0,0,0,0,0,0,0
52,0,0,0,0,0,0,0,0,0
53,0,0,0,0,0,0,0,0,0
54,0,0,0,0,0,0,0,0,0
55,0,0,0,0,0,0,0,0,0
56,0,0,0,0,0,0,0,0,0
57,0,0,0,0,0,0,0,0,0
58,0,0,0,0,0,0,0,0,0
59,0,0,0,0,0,0,0,0,0
60,0,0,0,0,0,0,0,0,0
61,0,0,0,0,0,0,0,0,0
62,0,0,0,0,0,0,0,0,0
63,0,0,0,0,0,0,0,0,0
64,0,0,0,0,0,0,0,0,0
65,0,0,0,0,0,0,0,0,0
66,0,0,0,0,0,0,0,0,0
67,0,0,0,0,0,0,0,0,0
68,0,0,0,0,0,0,0,0,0
69,0,0,0,0,0,0,0,0,0
70,0,0,0,0,0,0,0,0,0
71,0,0,0,0,0,0,0,0,0
72,0,0,0,0,0,0,0,0,0
73,0,0,0,0,0,0,0,0,0
74,0,0,0,0,0,0,0,0,0
75,0,0,0,0,0,0,0,0,0
76,0,0,0,0,0,0,0,0,0
77,0,0,0,0,0,0,0,0,0
78,0,0,0,0,0,0,0,0,0
79,0,0,0,0,0,0,0,0,0
80,0,0,0,0,0,0,0,0,0
81,0,0,0,0,0,0,0,0,0
82,0,0,0,0,0,0,0,0,0
83,0,0,0,0,0,0,0,0,0
84,0,0,0,0,0,0,0,0,0
85,0,0,0,0,0,0,0,0,0
86,0,0,0,0,0,0,0,0,0
87,0,0,0,0,0,0,0,0,0
88,0,0,0,0,0,0,0,0,0
89,0,0,0,0,0,0,0,0,0
90,0,0,0,0,0,0,0,0,0
91,0,0,0,0,0,0,0,0,0
92,0,0,0,0,0,0,0,0,0
93,0,0,0,0,0,0,0,0,0
94,0,0,0,0,0,0,0,0,0
95,0,0,0,0,0,0,0,0,0
96,0,0,0,0,0,0,0,0,0
97,0,0,0,0,0,0,0,0,0
98,0,0,0,0,0,0,0,0,0
99,0,0,0,0,0,0,0,0,0
100,0,0,0,0,0,0,0,0,0
101,0,0,0,0,0,0,0,0,0
102,0,0,0,0,0,0,0,0,0
103,0,0,0,0,0,0,0,0,0
104,0,0,0,0,0,0,0,0,0
105,0,0,0,0,0,0,0,0,0
106,0,0,0,0,0,0,0,0,0
107,0,0,0,0,0,0,0,0,0
108,0,0,0,0,0,0,0,0,0
109,0,0,0,0,0,0,0,0,0
110,0,0,0,0,0,0,0,0,0
111,0,0,0,0,0,0,0,0,0
112,0,0,0,0,0,0,0,0,0
113,0,0,0,0,0,0,0,0,0
114,0,0,0,0,0,0,0,0,0
115,0,0,0,0,0,0,0,0,0
116,0,0,0,0,0,0,0,0,0
117,0,0,0,0,0,0,0,0,0
118,0,0,0,0,0,0,0,0,0
119,0,0,0,0,0,0,0,0,0
120,0,0,0,0,0,0,0,0,0
121,0,0,0,0,0,0,0,0,0
122,0,0,0,0,0,0,0,0,0
123,0,0,0,0,0,0,0,0,0
124,0,0,0,0,0,0,0,0,0
125,0,0,0,0,0,0,0,0,0
126,0,0,0,0,0,0,0,0,0
127,0,0,0,0,0,0,0,0,0
128,0,0,0,0,0,0,0,0,0
129,0,0,0,0,0,0,0,0,0
130,0,0,0,0,0,0,0,0,0
131,0,0,0,0,0,0,0,0,0
132,0,0,0,0,0,0,0,0,0
133,0,0,0,0,0,0,0,0,0
134,0,0,0,0,0,0,0,0,0
135,0,0,0,0,0,0,0,0,0
136,0,0,0,0,0,0,0,0,0
137,0,0,0,0,0,0,0,0,0
138,0,0,0,0,0,0,0,0,0
139,0,0,0,0,0,0,0,0,0
140,0,0,0,0,0,0,0,0,0
141,0,0,0,0,0,0,0,0,0
142,0,0,0,0,0,0,0,0,0
143,0,0,0,0,0,0,0,0,0
144,0,0,0,0,0,0,0,0,0
145,0,0,0,0,0,0,0,0,0
146,0,0,0,0,0,0,0,0,0
147,0,0,0,0,0,0,0,0,0
148,0,0,0,0,0,0,0,0,0
149,0,0,0,0,0,0,0,0,0
150,0,0,0,0,0,0,0,0,0
151,0,0,0,0,0,0,0,0,0
152,0,0,0,0,0,0,0,0,0
153,0,0,0,0,0,0,0,0,0
154,0,0,0,0,0,0,0,0,0
155,0,0,0,0,0,0,0,0,0
156,0,0,0,0,0,0,0,0,0
157,0,0,0,0,0,0,0,0,0
158,0,0,0,0,0,0,0,0,0
159,0,0,0,0,0,0,0,0,0
160,0,0,0,0,0,0,0,0,0
161,0,0,0,0,0,0,0,0,0
162,0,0,0,0,0,0,0,0,0
163,0,0,0,0,0,0,0,0,0
164,0,0,0,0,0,0,0,0,0
165,0,0,0,0,0,0,0,0,0
166,0,0,0,0,0,0,0,0,0
167,0,0,0,0,0,0,0,0,0
168,0,0,0,0,0,0,0,0,0
169,0,0,0,0,0,0,0,0,0
170,0,0,0,0,0,0,0,0,0
171,0,0,0,0,0,0,0,0,0
172,0,0,0,0,0,0,0,0,0
173,0,0,0,0,0,0,0,0,0
174,0,0,0,0,0,0,0,0,0
175,0,0,0,0,0,0,0,0,0
176,0,0,0,0,0,0,0,0,0
177,0,0,0,0,0,0,0,0,0
178,0,0,0,0,0,0,0,0,0
179,0,0,0,0,0,0,0,0,0
180,0,0,0,0,0,0,0,0,0
181,0,0,0,0,0,0,0,0,0
182,0,0,0,0,0,0,0,0,0
183,0,0,0,0,0,0,0,0,0
184,0,0,0,0,0,0,0,0,0
185,0,0,0,0,0,0,0,0,0
186,0,0,0,0,0,0,0,0,0
187,0,0,0,0,0,0,0,0,0
188,0,0,0,0,0,0,0,0,0
189,0,0,0,0,0,0,0,0,0
190,0,0,0,0,0,0,0,0,0
191,0,0,0,0,0,0,0,0,0
192,0,0,0,0,0,0,0,0,0
193,0,0,0,0,0,0,0,0,0
194,0,0,0,0,0,0,0,0,0
195,0,0,0,0,0,0,0,0,0
196,0,0,0,0,0,0,0,0,0
197,0,0,0,0,0,0,0,0,0
198,0,0,0,0,0,0,0,0,0
199,0,0,0,0,0,0,0,0,0
200,0,0,0,0,0,0,0,0,0
201,0,0,0,0,0,0,0,0,0
202,0,0,0,0,0,0,0,0,0
203,0,0,0,0,0,0,0,0,0
204,0,0,0,0,0,0,0,0,0
205,0,0,0,0,0,0,0,0,0
206,0,0,0,0,0,0,0,0,0
207,0,0,0,0,0,0,0,0,0
208,0,0,0,0,0,0,0,0,0
209,0,0,0,0,0,0,0,0,0
210,0,0,0,0,0,0,0,0,0
211,0,0,0,0,0,0,0,0,0
212,0,0,0,0,0,0,0,0,0
213,0,0,0,0,0,0,0,0,0
214,0,0,0,0,0,0,0,0,0
215,0,0,0,0,0,0,0,0,0
216,0,0,0,0,0,0,0,0,0
217,0,0,0,0,0,0,0,0,0
218,0,0,0,0,0,0,0,0,0
219,0,0,0,0,0,0,0,0,0
220,0,0,0,0,0,0,0,0,0
221,0,0,0,0,0,0,0,0,0
222,0,0,0,0,0,0,0,0,0
223,0,0,0,0,0,0,0,0,0
224,0,0,0,0,0,0,0,0,0
225,0,0,0,0,0,0,0,0,0
226,0,0,0,0,0,0,0,0,0
227,0,0,0,0,0,0,0,0,0
228,0,0,0,0,0,0,0,0,0
229,0,0,0,0,0,0,0,0,0
230,0,0,0,0,0,0,0,0,0
231,0,0,0,0,0,0,0,0,0
232,0,0,0,0,0,0,0,0,0
233,0,0,0,0,0,0,0,0,0
234,0,0,0,0,0,0,0,0,0
235,0,0,0,0,0,0,0,0,0
236,0,0,0,0,0,0,0,0,0
237,0,0,0,0,0,0,0,0,0
238,0,0,0,0,0,0,0,0,0
239,0,0,0,0,0,0,0,0,0
240,0,0,0,0,0,0,0,0,0
241,0,0,0,0,0,0,0,0,0
242,0,0,0,0,0,0,0,0,0
243,0,0,0,0,0,0,0,0,0
244,0,0,0,0,0,0,0,0,0
245,0,0,0,0,0,0,0,0,0
246,0,0,0,0,0,0,0,0,0
247,0,0,0,0,0,0,0,0,0
248,0,0,0,0,0,0,0,0,0
249,0,0,0,0,0,0,0,0,0
250,0,0,0,0,0,0,0,0,0
251,0,0,0,0,0,0,0,0,0
252,0,0,0,0,0,0,0,0,0
253,0,0,0,0,0,0,0,0,0
254,0,0,0,0,0,0,0,0,0
255,0,0,0,0,0,0,0,0,0
256,0,0,0,0,0,0,0,0,0
257,0,0,0,0,0,0,0,0,0
258,0,0,0,0,0,0,0,0,0
259,0,0,0,0,0,0,0,0,0
260,0,0,0,0,0,0,0,0,0
261,0,0,0,0,0,0,0,0,0
262,0,0,0,0,0,0,0,0,0
263,0,0,0,0,0,0,0,0,0
264,0,0,0,0,0,0,0,0,0
265,0,0,0,0,0,0,0,0,0
266,0,0,0,0,0,0,0,0,0
267,0,0,0,0,0,0,0,0,0
268,0,0,0,0,0,0,0,0,0
269,0,0,0,0,0,0,0,0,0
270,0,0,0,0,0,0,0,0,0
271,0,0,0,0,0,0,0,0,0
272,0,0,0,0,0,0,0,0,0
273,0,0,0,0,0,0,0,0,0
274,0,0,0,0,0,0,0,0,0
275,0,0,0,0,0,0,0,0,0
276,0,0,0,0,0,0,0,0,0
277,0,0,0,0,0,0,0,0,0
278,0,0,0,0,0,0,0,0,0
279,0,0,0,0,0,0,0,0,0
280,0,0,0,0,0,0,0,0,0
281,0,0,0,0,0,0,0,0,0
282,0,0,0,0,0,0,0,0,0
283,0,0,0,0,0,0,0,0,0
284,0,0,0,0,0,0,0,0,0
285,0,0,0,0,0,0,0,0,0
286,0,0,0,0,0,0,0,0,0
287,0,0,0,0,0,0,0,0,0
288,0,0,0,0,0,0,0,0,0
289,0,0,0,0,0,0,0,0,0
290,0,0,0,0,0,0,0,0,0
291,0,0,0,0,0,0,0,0,0
292,0,0,0,0,0,0,0,0,0
293,0,0,0,0,0,0,0,0,0
294,0,0,0,0,0,0,0,0,0
295,0,0,0,0,0,0,0,0,0
296,0,0,0,0,0,0,0,0,0
297,0,0,0,0,0,0,0,0,0
298,0,0,0,0,0,0,0,0,0
299,0,0,0,0,0,0,0,0,0
300,0,0,0,0,0,0,0,0,0
301,0,0,0,0,0,0,0,0,0
302,0,0,0,0,0,0,0,0,0
303,0,0,0,0,0,0,0,0,0
304,0,0,0,0,0,0,0,0,0
305,0,0,0,0,0,0,0,0,0
306,0,0,0,0,0,0,0,0,0
307,0,0,0,0,0,0,0,0,0
308,0,0,0,0,0,0,0,0,0
309,0,0,0,0,0,0,0,0,0
310,0,0,0,0,0,0,0,0,0
311,0,0,0,0,0,0,0,0,0
312,0,0,0,0,0,0,0,0,0
313,0,0,0,0,0,0,0,0,0
314,0,0,0,0,0,0,0,0,0
315,0,0,0,0,0,0,0,0,0
316,0,0,0,0,0,0,0,0,0
317,0,0,0,0,0,0,0,0,0
318,0,0,0,0,0,0,0,0,0
319,0,0,0,0,0,0,0,0,0
320,0,0,0,0,0,0,0,0,0
321,0,0,0,0,0,0,0,0,0
322,0,0,0,0,0,0,0,0,0
323,0,0,0,0,0,0,0,0,0
324,0,0,0,0,0,0,0,0,0
325,0,0,0,0,0,0,0,0,0
326,0,0,0,0,0,0,0,0,0
327,0,0,0,0,0,0,0,0,0
328,0,0,0,0,0,0,0,0,0
329,0,0,0,0,0,0,0,0,0
330,0,0,0,0,0,0,0,0,0
331,0,0,0,0,0,0,0,0,0
332,0,0,0,0,0,0,0,0,0
333,0,0,0,0,0,0,0,0,0
334,0,0,0,0,0,0,0,0,0
335,0,0,0,0,0,0,0,0,0
336,0,0,0,0,0,0,0,0,0
337,0,0,0,0,0,0,0,0,0
338,0,0,0,0,0,0,0,0,0
339,0,0,0,0,0,0,0,0,0
340,0,0,0,0,0,0,0,0,0
341,0,0,0,0,0,0,0,0,0
342,0,0,0,0,0,0,0,0,0
343,0,0,0,0,0,0,0,0,0
344,0,0,0,0,0,0,0,0,0
345,0,0,0,0,0,0,0,0,0
346,0,0,0,0,0,0,0,0,0
347,0,0,0,0,0,0,0,0,0
348,0,0,0,0,0,0,0,0,0
349,0,0,0,0,0,0,0,0,0
350,0,0,0,0,0,0,0,0,0
351,0,0,0,0,0,0,0,0,0
352,0,0,0,0,0,0,0,0,0
353,0,0,0,0,0,0,0,0,0
354,0,0,0,0,0,0,0,0,0
355,0,0,0,0,0,0,0,0,0
356,0,0,0,0,0,0,0,0,0
357,0,0,0,0,0,0,0,0,0
358,0,0,0,0,0,0,0,0,0
359,0,0,0,0,0,0,0,0,0
360,0,0,0,0,0,0,0,0,0
361,0,0,0,0,0,0,0,0,0
362,0,0,0,0,0,0,0,0,0
363,0,0,0,0,0,0,0,0,0
364,0,0,0,0,0,0,0,0,0
365,0,0,0,0,0,0,0,0,0
366,0,0,0,0,0,0,0,0,0
367,0,0,0,0,0,0,0,0,0
368,0,0,0,0,0,0,0,0,0
369,0,0,0,0,0,0,0,0,0
370,0,0,0,0,0,0,0,0,0
371,0,0,0,0,0,0,0,0,0
372,0,0,0,0,0,0,0,0,0
373,0,0,0,0,0,0,0,0,0
374,0,0,0,0,0,0,0,0,0
375,0,0,0,0,0,0,0,0,0
376,0,0,0,0,0,0,0,0,0
377,0,0,0,0,0,0,0,0,0
378,0,0,0,0,0,0,0,0,0
379,0,0,0,0,0,0,0,0,0
380,0,0,0,0,0,0,0,0,0
381,0,0,0,0,0,0,0,0,0
382,0,0,0,0,0,0,0,0,0
383,0,0,0,0,0,0,0,0,0
384,0,0,0,0,0,0,0,0,0
385,0,0,0,0,0,0,0,0,0
386,0,0,0,0,0,0,0,0,0
387,0,0,0,0,0,0,0,0,0
388,0,0,0,0,0,0,0,0,0
389,0,0,0,0,0,0,0,0,0
390,0,0,0,0,0,0,0,0,0
391,0,0,0,0,0,0,0,0,0
392,0,0,0,0,0,0,0,0,0
393,0,0,0,0,0,0,0,0,0
394,0,0,0,0,0,0,0,0,0
395,0,0,0,0,0,0,0,0,0
396,0,0,0,0,0,0,0,0,0
397,0,0,0,0,0,0,0,0,0
398,0,0,0,0,0,0,0,0,0
399,0,0,0,0,0,0,0,0,0
400,0,0,0,0,0,0,0,0,0
401,0,0,0,0,0,0,0,0,0
402,0,0,0,0,0,0,0,0,0
403,0,0,0,0,0,0,0,0,0
404,0,0,0,0,0,0,0,0,0
405,0,0,0,0,0,0,0,0,0
406,0,0,0,0,0,0,0,0,0
407,0,0,0,0,0,0,0,0,0
408,0,0,0,0,0,0,0,0,0
409,0,0,0,0,0,0,0,0,0
410,0,0,0,0,0,0,0,0,0
411,0,0,0,0,0,0,0,0,0
412,0,0,0,0,0,0,0,0,0
413,0,0,0,0,0,0,0,0,0
414,0,0,0,0,0,0,0,0,0
415,0,0,0,0,0,0,0,0,0
416,0,0,0,0,0,0,0,0,0
417,0,0,0,0,0,0,0,0,0
418,0,0,0,0,0,0,0,0,0
419,0,0,0,0,0,0,0,0,0
420,0,0,0,0,0,0,0,0,0
421,0,0,0,0,0,0,0,0,0
422,0,0,0,0,0,0,0,0,0
423,0,0,0,0,0,0,0,0,0
424,0,0,0,0,0,0,0,0,0
425,0,0,0,0,0,0,0,0,0
426,0,0,0,0,0,0,0,0,0
427,0,0,0,0,0,0,0,0,0
428,0,0,0,0,0,0,0,0,0
429,0,0,0,0,0,0,0,0,0
430,0,0,0,0,0,0,0,0,0
431,0,0,0,0,0,0,0,0,0
432,0,0,0,0,0,0,0,0,0
433,0,0,0,0,0,0,0,0,0
434,0,0,0,0,0,0,0,0,0
435,0,0,0,0,0,0,0,0,0
436,0,0,0,0,0,0,0,0,0
437,0,0,0,0,0,0,0,0,0
438,0,0,0,0,0,0,0,0,0
439,0,0,0,0,0,0,0,0,0
440,0,0,0,0,0,0,0,0,0
441,0,0,0,0,0,0,0,0,0
442,0,0,0,0,0,0,0,0,0
443,0,0,0,0,0,0,0,0,0
444,0,0,0,0,0,0,0,0,0
445,0,0,0,0,0,0,0,0,0
446,0,0,0,0,0,0,0,0,0
447,0,0,0,0,0,0,0,0,0
448,0,0,0,0,0,0,0,0,0
449,0,0,0,0,0,0,0,0,0
450,0,0,0,0,0,0,0,0,0
451,0,0,0,0,0,0,0,0,0
452,0,0,0,0,0,0,0,0,0
453,0,0,0,0,0,0,0,0,0
454,0,0,0,0,0,0,0,0,0
455,0,0,0,0,0,0,0,0,0
456,0,0,0,0,0,0,0,0,0
457,0,0,0,0,0,0,0,0,0
458,0,0,0,0,0,0,0,0,0
459,0,0,0,0,0,0,0,0,0
460,0,0,0,0,0,0,0,0,0
461,0,0,0,0,0,0,0,0,0
462,0,0,0,0,0,0,0,0,0
463,0,0,0,0,0,0,0,0,0
464,0,0,0,0,0,0,0,0,0
465,0,0,0,0,0,0,0,0,0
466,0,0,0,0,0,0,0,0,0
467,0,0,0,0,0,0,0,0,0
468,0,0,0,0,0,0,0,0,0
469,0,0,0,0,0,0,0,0,0
470,0,0,0,0,0,0,0,0,0
471,0,0,0,0,0,0,0,0,0
472,0,0,0,0,0,0,0,0,0
473,0,0,0,0,0,0,0,0,0
474,0,0,0,0,0,0,0,0,0
475,0,0,0,0,0,0,0,0,0
476,0,0,0,0,0,0,0,0,0
477,0,0,0,0,0,0,0,0,0
478,0,0,0,0,0,0,0,0,0
479,0,0,0,0,0,0,0,0,0
480,0,0,0,0,0,0,0,0,0
481,0,0,0,0,0,0,0,0,0
482,0,0,0,0,0,0,0,0,0
483,0,0,0,0,0,0,0,0,0
484,0,0,0,0,0,0,0,0,0
485,0,0,0,0,0,0,0,0,0
486,0,0,0,0,0,0,0,0,0
487,0,0,0,0,0,0,0,0,0
488,0,0,0,0,0,0,0,0,0
489,0,0,0,0,0,0,0,0,0
490,0,0,0,0,0,0,0,0,0
491,0,0,0,0,0,0,0,0,0
492,0,0,0,0,0,0,0,0,0
493,0,0,0,0,0,0,0,0,0
494,0,0,0,0,0,0,0,0,0
495,0,0,0,0,0,0,0,0,0
496,0,0,0,0,0,0,0,0,0
497,0,0,0,0,0,0,0,0,0
498,0,0,0,0,0,0,0,0,0
499,0,0,0,0,0,0,0,0,0
500,0,0,0,0,0,0,0,0,0
501,0,0,0,0,0,0,0,0,0
502,0,0,0,0,0,0,0,0,0
503,0,0,0,0,0,0,0,0,0
504,0,0,0,0,0,0,0,0,0
505,0,0,0,0,0,0,0,0,0
506,0,0,0,0,0,0,0,0,0
507,0,0,0,0,0,0,0,0,0
508,0,0,0,0,0,0,0,0,0
509,0,0,0,0,0,0,0,0,0
510,0,0,0,0,0,0,0,0,0
511,0,0,0,0,0,0,0,0,0
512,0,0,0,0,0,0,0,0,0
513,0,0,0,0,0,0,0,0,0
514,0,0,0,0,0,0,0,0,0
515,0,0,0,0,0,0,0,0,0
516,0,0,0,0,0,0,0,0,0
517,0,0,0,0,0,0,0,0,0
518,0,0,0,0,0,0,0,0,0
519,0,0,0,0,0,0,0,0,0
520,0,0,0,0,0,0,0,0,0
521,0,0,0,0,0,0,0,0,0
522,0,0,0,0,0,0,0,0,0
523,0,0,0,0,0,0,0,0,0
524,0,0,0,0,0,0,0,0,0
525,0,0,0,0,0,0,0,0,0
526,0,0,0,0,0,0,0,0,0
527,0,0,0,0,0,0,0,0,0
528,0,0,0,0,0,0,0,0,0
529,0,0,0,0,0,0,0,0,0
530,0,0,0,0,0,0,0,0,0
531,0,0,0,0,0,0,0,0,0
532,0,0,0,0,0,0,0,0,0
533,0,0,0,0,0,0,0,0,0
534,0,0,0,0,0,0,0,0,0
535,0,0,0,0,0,0,0,0,0
536,0,0,0,0,0,0,0,0,0
537,0,0,0,0,0,0,0,0,0
538,0,0,0,0,0,0,0,0,0
539,0,0,0,0,0,0,0,0,0
540,0,0,0,0,0,0,0,0,0
541,0,0,0,0,0,0,0,0,0
542,0,0,0,0,0,0,0,0,0
543,0,0,0,0,0,0,0,0,0
544,0,0,0,0,0,0,0,0,0
545,0,0,0,0,0,0,0,0,0
546,0,0,0,0,0,0,0,0,0
547,0,0,0,0,0,0,0,0,0
548,0,0,0,0,0,0,0,0,0
549,0,0,0,0,0,0,0,0,0
550,0,0,0,0,0,0,0,0,0
551,0,0,0,0,0,0,0,0,0
552,0,0,0,0,0,0,0,0,0
553,0,0,0,0,0,0,0,0,0
554,0,0,0,0,0,0,0,0,0
555,0,0,0,0,0,0,0,0,0
556,0,0,0,0,0,0,0,0,0
557,0,0,0,0,0,0,0,0,0
558,0,0,0,0,0,0,0,0,0
559,0,0,0,0,0,0,0,0,0
560,0,0,0,0,0,0,0,0,0
561,0,0,0,0,0,0,0,0,0
562,0,0,0,0,0,0,0,0,0
563,0,0,0,0,0,0,0,0,0
564,0,0,0,0,0,0,0,0,0
565,0,0,0,0,0,0,0,0,0
566,0,0,0,0,0,0,0,0,0
567,0,0,0,0,0,0,0,0,0
568,0,0,0,0,0,0,0,0,0
569,0,0,0,0,0,0,0,0,0
570,0,0,0,0,0,0,0,0,0
571,0,0,0,0,0,0,0,0,0
572,0,0,0,0,0,0,0,0,0
573,0,0,0,0,0,0,0,0,0
574,0,0,0,0,0,0,0,0,0
575,0,0,0,0,0,0,0,0,0
576,0,0,0,0,0,0,0,0,0
577,0,0,0,0,0,0,0,0,0
578,0,0,0,0,0,0,0,0,0
579,0,0,0,0,0,0,0,0,0
580,0,0,0,0,0,0,0,0,0
581,0,0,0,0,0,0,0,0,0
582,0,0,0,0,0,0,0,0,0
583,0,0,0,0,0,0,0,0,0
584,0,0,0,0,0,0,0,0,0
585,0,0,0,0,0,0,0,0,0
586,0,0,0,0,0,0,0,0,0
587,0,0,0,0,0,0,0,0,0
588,0,0,0,0,0,0,0,0,0
589,0,0,0,0,0,0,0,0,0
590,0,0,0,0,0,0,0,0,0
591,0,0,0,0,0,0,0,0,0
592,0,0,0,0,0,0,0,0,0
593,0,0,0,0,0,0,0,0,0
594,0,0,0,0,0,0,0,0,0
595,0,0,0,0,0,0,0,0,0
596,0,0,0,0,0,0,0,0,0
597,0,0,0,0,0,0,0,0,0
598,0,0,0,0,0,0,0,0,0
599,0,0,0,0,0,0,0,0,0
600,0,0,0,0,0,0,0,0,0
601,0,0,0,0,0,0,0,0,0
602,0,0,0,0,0,0,0,0,0
603,0,0,0,0,0,0,0,0,0
604,0,0,0,0,0,0,0,0,0
605,0,0,0,0,0,0,0,0,0
606,0,0,0,0,0,0,0,0,0
607,0,0,0,0,0,0,0,0,0
608,0,0,0,0,0,0,0,0,0
609,0,0,0,0,0,0,0,0,0
610,0,0,0,0,0,0,0,0,0
611,0,0,0,0,0,0,0,0,0
612,0,0,0,0,0,0,0,0,0
613,0,0,0,0,0,0,0,0,0
614,0,0,0,0,0,0,0,0,0
615,0,0,0,0,0,0,0,0,0
616,0,0,0,0,0,0,0,0,0
617,0,0,0,0,0,0,0,0,0
618,0,0,0,0,0,0,0,0,0
619,0,0,0,0,0,0,0,0,0
620,0,0,0,0,0,0,0,0,0
621,0,0,0,0,0,0,0,0,0
622,0,0,0,0,0,0,0,0,0
623,0,0,0,0,0,0,0,0,0
624,0,0,0,0,0,0,0,0,0
625,0,0,0,0,0,0,0,0,0
626,0,0,0,0,0,0,0,0,0
627,0,0,0,0,0,0,0,0,0
628,0,0,0,0,0,0,0,0,0
629,0,0,0,0,0,0,0,0,0
630,0,0,0,0,0,0,0,0,0
631,0,0,0,0,0,0,0,0,0
632,0,0,0,0,0,0,0,0,0
633,0,0,0,0,0,0,0,0,0
634,0,0,0,0,0,0,0,0,0
635,0,0,0,0,0,0,0,0,0
636,0,0,0,0,0,0,0,0,0
637,0,0,0,0,0,0,0,0,0
638,0,0,0,0,0,0,0,0,0
639,0,0,0,0,0,0,0,0,0
640,0,0,0,0,0,0,0,0,0
641,0,0,0,0,0,0,0,0,0
642,0,0,0,0,0,0,0,0,0
643,0,0,0,0,0,0,0,0,0
644,0,0,0,0,0,0,0,0,0
645,0,0,0,0,0,0,0,0,0
646,0,0,0,0,0,0,0,0,0
647,0,0,0,0,0,0,0,0,0
648,0,0,0,0,0,0,0,0,0
649,0,0,0,0,0,0,0,0,0
650,0,0,0,0,0,0,0,0,0
651,0,0,0,0,0,0,0,0,0
652,0,0,0,0,0,0,0,0,0
653,0,0,0,0,0,0,0,0,0
654,0,0,0,0,0,0,0,0,0
655,0,0,0,0,0,0,0,0,0
656,0,0,0,0,0,0,0,0,0
657,0,0,0,0,0,0,0,0,0
658,0,0,0,0,0,0,0,0,0
659,0,0,0,0,0,0,0,0,0
660,0,0,0,0,0,0,0,0,0
661,0,0,0,0,0,0,0,0,0
662,0,0,0,0,0,0,0,0,0
663,0,0,0,0,0,0,0,0,0
664,0,0,0,0,0,0,0,0,0
665,0,0,0,0,0,0,0,0,0
666,0,0,0,0,0,0,0,0,0
667,0,0,0,0,0,0,0,0,0
668,0,0,0,0,0,0,0,0,0
669,0,0,0,0,0,0,0,0,0
670,0,0,0,0,0,0,0,0,0
671,0,0,0,0,0,0,0,0,0
672,0,0,0,0,0,0,0,0,0
673,0,0,0,0,0,0,0,0,0
674,0,0,0,0,0,0,0,0,0
675,0,0,0,0,0,0,0,0,0
676,0,0,0,0,0,0,0,0,0
677,0,0,0,0,0,0,0,0,0
678,0,0,0,0,0,0,0,0,0
679,0,0,0,0,0,0,0,0,0
680,0,0,0,0,0,0,0,0,0
681,0,0,0,0,0,0,0,0,0
682,0,0,0,0,0,0,0,0,0
683,0,0,0,0,0,0,0,0,0
684,0,0,0,0,0,0,0,0,0
685,0,0,0,0,0,0,0,0,0
686,0,0,0,0,0,0,0,0,0
687,0,0,0,0,0,0,0,0,0
688,0,0,0,0,0,0,0,0,0
689,0,0,0,0,0,0,0,0,0
690,0,0,0,0,0,0,0,0,0
691,0,0,0,0,0,0,0,0,0
692,0,0,0,0,0,0,0,0,0
693,0,0,0,0,0,0,0,0,0
694,0,0,0,0,0,0,0,0,0
695,0,0,0,0,0,0,0,0,0
696,0,0,0,0,0,0,0,0,0
697,0,0,0,0,0,0,0,0,0
698,0,0,0,0,0,0,0,0,0
699,0,0,0,0,0,0,0,0,0
700,0,0,0,0,0,0,0,0,0
701,0,0,0,0,0,0,0,0,0
702,0,0,0,0,0,0,0,0,0
703,0,0,0,0,0,0,0,0,0
704,0,0,0,0,0,0,0,0,0
705,0,0,0,0,0,0,0,0,0
706,0,0,0,0,0,0,0,0,0
707,0,0,0,0,0,0,0,0,0
708,0,0,0,0,0,0,0,0,0
709,0,0,0,0,0,0,0,0,0
710,0,0,0,0,0,0,0,0,0
711,0,0,0,0,0,0,0,0,0
712,0,0,0,0,0,0,0,0,0
713,0,0,0,0,0,0,0,0,0
714,0,0,0,0,0,0,0,0,0
715,0,0,0,0,0,0,0,0,0
716,0,0,0,0,0,0,0,0,0
717,0,0,0,0,0,0,0,0,0
718,0,0,0,0,0,0,0,0,0
719,0,0,0,0,0,0,0,0,0
720,0,0,0,0,0,0,0,0,0
721,0,0,0,0,0,0,0,0,0
722,0,0,0,0,0,0,0,0,0
723,0,0,0,0,0,0,0,0,0
724,0,0,0,0,0,0,0,0,0
725,0,0,0,0,0,0,0,0,0
726,0,0,0,0,0,0,0,0,0
727,0,0,0,0,0,0,0,0,0
728,0,0,0,0,0,0,0,0,0
729,0,0,0,0,0,0,0,0,0
730,0,0,0,0,0,0,0,0,0
731,0,0,0,0,0,0,0,0,0
732,0,0,0,0,0,0,0,0,0
733,0,0,0,0,0,0,0,0,0
734,0,0,0,0,0,0,0,0,0
735,0,0,0,0,0,0,0,0,0
736,0,0,0,0,0,0,0,0,0
737,0,0,0,0,0,0,0,0,0
738,0,0,0,0,0,0,0,0,0
739,0,0,0,0,0,0,0,0,0
740,0,0,0,0,0,0,0,0,0
741,0,0,0,0,0,0,0,0,0
742,0,0,0,0,0,0,0,0,0
743,0,0,0,0,0,0,0,0,0
744,0,0,0,0,0,0,0,0,0
745,0,0,0,0,0,0,0,0,0
746,0,0,0,0,0,0,0,0,0
747,0,0,0,0,0,0,0,0,0
748,0,0,0,0,0,0,0,0,0
749,0,0,0,0,0,0,0,0,0
750,0,0,0,0,0,0,0,0,0
0,194,7257,201425,4077983,57373546,517292847,2626655236,5935079656,3356972874
1,102,2979,67882,1099903,12356819,88880899,359701990,647269273,291217924
2,60,1355,25121,316844,2764768,15442674,48705257,68475056,24179430
3,32,719,11513,121346,873745,4051455,10623018,12429961,3650775
4,21,438,5939,51586,312813,1208651,2656385,2618622,650039
5,19,335,3739,28845,154221,523807,1016437,899547,202913
6,14,167,1762,12654,61553,193395,337401,267895,53520
7,8,113,1073,6855,29845,85517,136206,98755,18169
8,7,82,752,4211,16489,42284,59964,38989,6382
9,3,73,628,3335,12062,28555,37300,22983,3567
10,3,55,424,2073,6848,14873,17804,9989,1350
11,2,38,267,1154,3816,8026,9247,5050,635
12,1,25,181,732,2368,4963,5301,2580,264
13,1,25,168,643,1978,3968,4004,1784,156
14,1,22,136,487,1356,2521,2566,1123,96
15,1,11,56,175,504,809,724,266,18
16,1,10,49,144,369,561,492,181,12
17,1,10,42,133,313,487,416,133,9
18,1,8,35,114,255,403,331,108,9
19,0,5,26,81,187,298,262,87,8
20,0,5,26,81,187,298,262,87,8
21,0,5,26,81,187,298,262,87,8
22,0,5,21,63,126,159,129,42,5
23,0,5,21,63,126,159,129,42,5
24,0,1,9,28,43,37,37,21,2
25,0,1,9,20,37,26,32,18,2
26,0,1,9,20,36,25,28,13,2
27,0,1,9,20,36,25,24,7,1
28,0,1,9,20,36,25,24,7,1
29,0,1,9,20,36,25,24,7,1
30,0,1,8,20,28,15,8,1,0
31,0,1,8,20,28,15,8,1,0
32,0,1,6,16,22,12,8,1,0
33,0,1,6,15,22,12,8,1,0
34,0,1,6,15,22,12,8,1,0
35,0,1,6,12,20,12,7,1,0
36,0,1,6,12,20,12,7,1,0
37,0,1,4,7,11,7,4,0,0
38,0,1,4,7,10,5,4,0,0
39,0,1,4,7,10,5,4,0,0
40,0,1,4,7,10,5,4,0,0
41,0,1,4,7,10,5,4,0,0
42,0,1,4,7,10,5,4,0,0
43,0,1,4,7,10,5,4,0,0
44,0,1,3,5,9,5,4,0,0
45,0,1,3,5,9,5,4,0,0
46,0,1,3,5,9,5,2,0,0
47,0,1,3,5,9,5,2,0,0
48,0,1,2,3,7,3,2,0,0
49,0,1,2,3,7,3,2,0,0
50,0,1,2,3,7,3,2,0,0
51,0,1,2,2,6,3,1,0,0
52,0,0,0,0,0,0,0,0,0
53,0,0,0,0,0,0,0,0,0
54,0,0,0,0,0,0,0,0,0
55,0,0,0,0,0,0,0,0,0
56,0,0,0,0,0,0,0,0,0
57,0,0,0,0,0,0,0,0,0
58,0,0,0,0,0,0,0,0,0
59,0,0,0,0,0,0,0,0,0
60,0,0,0,0,0,0,0,0,0
61,0,0,0,0,0,0,0,0,0
62,0,0,0,0,0,0,0,0,0
63,0,0,0,0,0,0,0,0,0
64,0,0,0,0,0,0,0,0,0
65,0,0,0,0,0,0,0,0,0
66,0,0,0,0,0,0,0,0,0
67,0,0,0,0,0,0,0,0,0
68,0,0,0,0,0,0,0,0,0
69,0,0,0,0,0,0,0,0,0
70,0,0,0,0,0,0,0,0,0
71,0,0,0,0,0,0,0,0,0
72,0,0,0,0,0,0,0,0,0
73,0,0,0,0,0,0,0,0,0
74,0,0,0,0,0,0,0,0,0
75,0,0,0,0,0,0,0,0,0
76,0,0,0,0,0,0,0,0,0
77,0,0,0,0,0,0,0,0,0
78,0,0,0,0,0,0,0,0,0
79,0,0,0,0,0,0,0,0,0
80,0,0,0,0,0,0,0,0,0
81,0,0,0,0,0,0,0,0,0
82,0,0,0,0,0,0,0,0,0
83,0,0,0,0,0,0,0,0,0
84,0,0,0,0,0,0,0,0,0
85,0,0,0,0,0,0,0,0,0
86,0,0,0,0,0,0,0,0,0
87,0,0,0,0,0,0,0,0,0
88,0,0,0,0,0,0,0,0,0
89,0,0,0,0,0,0,0,0,0
90,0,0,0,0,0,0,0,0,0
91,0,0,0,0,0,0,0,0,0
92,0,0,0,0,0,0,0,0,0
93,0,0,0,0,0,0,0,0,0
94,0,0,0,0,0,0,0,0,0
95,0,0,0,0,0,0,0,0,0
96,0,0,0,0,0,0,0,0,0
97,0,0,0,0,0,0,0,0,0
98,0,0,0,0,0,0,0,0,0
99,0,0,0,0,0,0,0,0,0
100,0,0,0,0,0,0,0,0,0
101,0,0,0,0,0,0,0,0,0
102,0,0,0,0,0,0,0,0,0
103,0,0,0,0,0,0,0,0,0
104,0,0,0,0,0,0,0,0,0
105,0,0,0,0,0,0,0,0,0
106,0,0,0,0,0,0,0,0,0
107,0,0,0,0,0,0,0,0,0
108,0,0,0,0,0,0,0,0,0
109,0,0,0,0,0,0,0,0,0
110,0,0,0,0,0,0,0,0,0
111,0,0,0,0,0,0,0,0,0
112,0,0,0,0,0,0,0,0,0
113,0,0,0,0,0,0,0,0,0
114,0,0,0,0,0,0,0,0,0
115,0,0,0,0,0,0,0,0,0
116,0,0,0,0,0,0,0,0,0
117,0,0,0,0,0,0,0,0,0
118,0,0,0,0,0,0,0,0,0
119,0,0,0,0,0,0,0,0,0
120,0,0,0,0,0,0,0,0,0
121,0,0,0,0,0,0,0,0,0
122,0,0,0,0,0,0,0,0,0
123,0,0,0,0,0,0,0,0,0
124,0,0,0,0,0,0,0,0,0
125,0,0,0,0,0,0,0,0,0
126,0,0,0,0,0,0,0,0,0
127,0,0,0,0,0,0,0,0,0
128,0,0,0,0,0,0,0,0,0
129,0,0,0,0,0,0,0,0,0
130,0,0,0,0,0,0,0,0,0
131,0,0,0,0,0,0,0,0,0
132,0,0,0,0,0,0,0,0,0
133,0,0,0,0,0,0,0,0,0
134,0,0,0,0,0,0,0,0,0
135,0,0,0,0,0,0,0,0,0
136,0,0,0,0,0,0,0,0,0
137,0,0,0,0,0,0,0,0,0
138,0,0,0,0,0,0,0,0,0
139,0,0,0,0,0,0,0,0,0
140,0,0,0,0,0,0,0,0,0
141,0,0,0,0,0,0,0,0,0
142,0,0,0,0,0,0,0,0,0
143,0,0,0,0,0,0,0,0,0
144,0,0,0,0,0,0,0,0,0
145,0,0,0,0,0,0,0,0,0
146,0,0,0,0,0,0,0,0,0
147,0,0,0,0,0,0,0,0,0
148,0,0,0,0,0,0,0,0,0
149,0,0,0,0,0,0,0,0,0
150,0,0,0,0,0,0,0,0,0
151,0,0,0,0,0,0,0,0,0
152,0,0,0,0,0,0,0,0,0
153,0,0,0,0,0,0,0,0,0
154,0,0,0,0,0,0,0,0,0
155,0,0,0,0,0,0,0,0,0
156,0,0,0,0,0,0,0,0,0
157,0,0,0,0,0,0,0,0,0
158,0,0,0,0,0,0,0,0,0
159,0,0,0,0,0,0,0,0,0
160,0,0,0,0,0,0,0,0,0
161,0,0,0,0,0,0,0,0,0
162,0,0,0,0,0,0,0,0,0
163,0,0,0,0,0,0,0,0,0
164,0,0,0,0,0,0,0,0,0
165,0,0,0,0,0,0,0,0,0
166,0,0,0,0,0,0,0,0,0
167,0,0,0,0,0,0,0,0,0
168,0,0,0,0,0,0,0,0,0
169,0,0,0,0,0,0,0,0,0
170,0,0,0,0,0,0,0,0,0
171,0,0,0,0,0,0,0,0,0
172,0,0,0,0,0,0,0,0,0
173,0,0,0,0,0,0,0,0,0
174,0,0,0,0,0,0,0,0,0
175,0,0,0,0,0,0,0,0,0
176,0,0,0,0,0,0,0,0,0
177,0,0,0,0,0,0,0,0,0
178,0,0,0,0,0,0,0,0,0
179,0,0,0,0,0,0,0,0,0
180,0,0,0,0,0,0,0,0,0
181,0,0,0,0,0,0,0,0,0
182,0,0,0,0,0,0,0,0,0
183,0,0,0,0,0,0,0,0,0
184,0,0,0,0,0,0,0,0,0
185,0,0,0,0,0,0,0,0,0
186,0,0,0,0,0,0,0,0,0
187,0,0,0,0,0,0,0,0,0
188,0,0,0,0,0,0,0,0,0
189,0,0,0,0,0,0,0,0,0
190,0,0,0,0,0,0,0,0,0
191,0,0,0,0,0,0,0,0,0
192,0,0,0,0,0,0,0,0,0
193,0,0,0,0,0,0,0,0,0
194,0,0,0,0,0,0,0,0,0
195,0,0,0,0,0,0,0,0,0
196,0,0,0,0,0,0,0,0,0
197,0,0,0,0,0,0,0,0,0
198,0,0,0,0,0,0,0,0,0
199,0,0,0,0,0,0,0,0,0
200,0,0,0,0,0,0,0,0,0
201,0,0,0,0,0,0,0,0,0
202,0,0,0,0,0,0,0,0,0
203,0,0,0,0,0,0,0,0,0
204,0,0,0,0,0,0,0,0,0
205,0,0,0,0,0,0,0,0,0
206,0,0,0,0,0,0,0,0,0
207,0,0,0,0,0,0,0,0,0
208,0,0,0,0,0,0,0,0,0
209,0,0,0,0,0,0,0,0,0
210,0,0,0,0,0,0,0,0,0
211,0,0,0,0,0,0,0,0,0
212,0,0,0,0,0,0,0,0,0
213,0,0,0,0,0,0,0,0,0
214,0,0,0,0,0,0,0,0,0
215,0,0,0,0,0,0,0,0,0
216,0,0,0,0,0,0,0,0,0
217,0,0,0,0,0,0,0,0,0
218,0,0,0,0,0,0,0,0,0
219,0,0,0,0,0,0,0,0,0
220,0,0,0,0,0,0,0,0,0
221,0,0,0,0,0,0,0,0,0
222,0,0,0,0,0,0,0,0,0
223,0,0,0,0,0,0,0,0,0
224,0,0,0,0,0,0,0,0,0
225,0,0,0,0,0,0,0,0,0
226,0,0,0,0,0,0,0,0,0
227,0,0,0,0,0,0,0,0,0
228,0,0,0,0,0,0,0,0,0
229,0,0,0,0,0,0,0,0,0
230,0,0,0,0,0,0,0,0,0
231,0,0,0,0,0,0,0,0,0
232,0,0,0,0,0,0,0,0,0
233,0,0,0,0,0,0,0,0,0
234,0,0,0,0,0,0,0,0,0
235,0,0,0,0,0,0,0,0,0
236,0,0,0,0,0,0,0,0,0
237,0,0,0,0,0,0,0,0,0
238,0,0,0,0,0,0,0,0,0
239,0,0,0,0,0,0,0,0,0
240,0,0,0,0,0,0,0,0,0
241,0,0,0,0,0,0,0,0,0
242,0,0,0,0,0,0,0,0,0
243,0,0,0,0,0,0,0,0,0
244,0,0,0,0,0,0,0,0,0
245,0,0,0,0,0,0,0,0,0
246,0,0,0,0,0,0,0,0,0
247,0,0,0,0,0,0,0,0,0
248,0,0,0,0,0,0,0,0,0
249,0,0,0,0,0,0,0,0,0
250,0,0,0,0,0,0,0,0,0
251,0,0,0,0,0,0,0,0,0
252,0,0,0,0,0,0,0,0,0
253,0,0,0,0,0,0,0,0,0
254,0,0,0,0,0,0,0,0,0
255,0,0,0,0,0,0,0,0,0
256,0,0,0,0,0,0,0,0,0
257,0,0,0,0,0,0,0,0,0
258,0,0,0,0,0,0,0,0,0
259,0,0,0,0,0,0,0,0,0
260,0,0,0,0,0,0,0,0,0
261,0,0,0,0,0,0,0,0,0
262,0,0,0,0,0,0,0,0,0
263,0,0,0,0,0,0,0,0,0
264,0,0,0,0,0,0,0,0,0
265,0,0,0,0,0,0,0,0,0
266,0,0,0,0,0,0,0,0,0
267,0,0,0,0,0,0,0,0,0
268,0,0,0,0,0,0,0,0,0
269,0,0,0,0,0,0,0,0,0
270,0,0,0,0,0,0,0,0,0
271,0,0,0,0,0,0,0,0,0
272,0,0,0,0,0,0,0,0,0
273,0,0,0,0,0,0,0,0,0
274,0,0,0,0,0,0,0,0,0
275,0,0,0,0,0,0,0,0,0
276,0,0,0,0,0,0,0,0,0
277,0,0,0,0,0,0,0,0,0
278,0,0,0,0,0,0,0,0,0
279,0,0,0,0,0,0,0,0,0
280,0,0,0,0,0,0,0,0,0
281,0,0,0,0,0,0,0,0,0
282,0,0,0,0,0,0,0,0,0
283,0,0,0,0,0,0,0,0,0
284,0,0,0,0,0,0,0,0,0
285,0,0,0,0,0,0,0,0,0
286,0,0,0,0,0,0,0,0,0
287,0,0,0,0,0,0,0,0,0
288,0,0,0,0,0,0,0,0,0
289,0,0,0,0,0,0,0,0,0
290,0,0,0,0,0,0,0,0,0
291,0,0,0,0,0,0,0,0,0
292,0,0,0,0,0,0,0,0,0
293,0,0,0,0,0,0,0,0,0
294,0,0,0,0,0,0,0,0,0
295,0,0,0,0,0,0,0,0,0
296,0,0,0,0,0,0,0,0,0
297,0,0,0,0,0,0,0,0,0
298,0,0,0,0,0,0,0,0,0
299,0,0,0,0,0,0,0,0,0
300,0,0,0,0,0,0,0,0,0
301,0,0,0,0,0,0,0,0,0
302,0,0,0,0,0,0,0,0,0
303,0,0,0,0,0,0,0,0,0
304,0,0,0,0,0,0,0,0,0
305,0,0,0,0,0,0,0,0,0
306,0,0,0,0,0,0,0,0,0
307,0,0,0,0,0,0,0,0,0
308,0,0,0,0,0,0,0,0,0
309,0,0,0,0,0,0,0,0,0
310,0,0,0,0,0,0,0,0,0
311,0,0,0,0,0,0,0,0,0
312,0,0,0,0,0,0,0,0,0
313,0,0,0,0,0,0,0,0,0
314,0,0,0,0,0,0,0,0,0
315,0,0,0,0,0,0,0,0,0
316,0,0,0,0,0,0,0,0,0
317,0,0,0,0,0,0,0,0,0
318,0,0,0,0,0,0,0,0,0
319,0,0,0,0,0,0,0,0,0
320,0,0,0,0,0,0,0,0,0
321,0,0,0,0,0,0,0,0,0
322,0,0,0,0,0,0,0,0,0
323,0,0,0,0,0,0,0,0,0
324,0,0,0,0,0,0,0,0,0
325,0,0,0,0,0,0,0,0,0
326,0,0,0,0,0,0,0,0,0
327,0,0,0,0,0,0,0,0,0
328,0,0,0,0,0,0,0,0,0
329,0,0,0,0,0,0,0,0,0
330,0,0,0,0,0,0,0,0,0
331,0,0,0,0,0,0,0,0,0
332,0,0,0,0,0,0,0,0,0
333,0,0,0,0,0,0,0,0,0
334,0,0,0,0,0,0,0,0,0
335,0,0,0,0,0,0,0,0,0
336,0,0,0,0,0,0,0,0,0
337,0,0,0,0,0,0,0,0,0
338,0,0,0,0,0,0,0,0,0
339,0,0,0,0,0,0,0,0,0
340,0,0,0,0,0,0,0,0,0
341,0,0,0,0,0,0,0,0,0
342,0,0,0,0,0,0,0,0,0
343,0,0,0,0,0,0,0,0,0
344,0,0,0,0,0,0,0,0,0
345,0,0,0,0,0,0,0,0,0
346,0,0,0,0,0,0,0,0,0
347,0,0,0,0,0,0,0,0,0
348,0,0,0,0,0,0,0,0,0
349,0,0,0,0,0,0,0,0,0
350,0,0,0,0,0,0,0,0,0
351,0,0,0,0,0,0,0,0,0
352,0,0,0,0,0,0,0,0,0
353,0,0,0,0,0,0,0,0,0
354,0,0,0,0,0,0,0,0,0
355,0,0,0,0,0,0,0,0,0
356,0,0,0,0,0,0,0,0,0
357,0,0,0,0,0,0,0,0,0
358,0,0,0,0,0,0,0,0,0
359,0,0,0,0,0,0,0,0,0
360,0,0,0,0,0,0,0,0,0
361,0,0,0,0,0,0,0,0,0
362,0,0,0,0,0,0,0,0,0
363,0,0,0,0,0,0,0,0,0
364,0,0,0,0,0,0,0,0,0
365,0,0,0,0,0,0,0,0,0
366,0,0,0,0,0,0,0,0,0
367,0,0,0,0,0,0,0,0,0
368,0,0,0,0,0,0,0,0,0
369,0,0,0,0,0,0,0,0,0
370,0,0,0,0,0,0,0,0,0
371,0,0,0,0,0,0,0,0,0
372,0,0,0,0,0,0,0,0,0
373,0,0,0,0,0,0,0,0,0
374,0,0,0,0,0,0,0,0,0
375,0,0,0,0,0,0,0,0,0
376,0,0,0,0,0,0,0,0,0
377,0,0,0,0,0,0,0,0,0
378,0,0,0,0,0,0,0,0,0
379,0,0,0,0,0,0,0,0,0
380,0,0,0,0,0,0,0,0,0
381,0,0,0,0,0,0,0,0,0
382,0,0,0,0,0,0,0,0,0
383,0,0,0,0,0,0,0,0,0
384,0,0,0,0,0,0,0,0,0
385,0,0,0,0,0,0,0,0,0
386,0,0,0,0,0,0,0,0,0
387,0,0,0,0,0,0,0,0,0
388,0,0,0,0,0,0,0,0,0
389,0,0,0,0,0,0,0,0,0
390,0,0,0,0,0,0,0,0,0
391,0,0,0,0,0,0,0,0,0
392,0,0,0,0,0,0,0,0,0
393,0,0,0,0,0,0,0,0,0
394,0,0,0,0,0,0,0,0,0
395,0,0,0,0,0,0,0,0,0
396,0,0,0,0,0,0,0,0,0
397,0,0,0,0,0,0,0,0,0
398,0,0,0,0,0,0,0,0,0
399,0,0,0,0,0,0,0,0,0
400,0,0,0,0,0,0,0,0,0
401,0,0,0,0,0,0,0,0,0
402,0,0,0,0,0,0,0,0,0
403,0,0,0,0,0,0,0,0,0
404,0,0,0,0,0,0,0,0,0
405,0,0,0,0,0,0,0,0,0
406,0,0,0,0,0,0,0,0,0
407,0,0,0,0,0,0,0,0,0
408,0,0,0,0,0,0,0,0,0
409,0,0,0,0,0,0,0,0,0
410,0,0,0,0,0,0,0,0,0
411,0,0,0,0,0,0,0,0,0
412,0,0,0,0,0,0,0,0,0
413,0,0,0,0,0,0,0,0,0
414,0,0,0,0,0,0,0,0,0
415,0,0,0,0,0,0,0,0,0
416,0,0,0,0,0,0,0,0,0
417,0,0,0,0,0,0,0,0,0
418,0,0,0,0,0,0,0,0,0
419,0,0,0,0,0,0,0,0,0
420,0,0,0,0,0,0,0,0,0
421,0,0,0,0,0,0,0,0,0
422,0,0,0,0,0,0,0,0,0
423,0,0,0,0,0,0,0,0,0
424,0,0,0,0,0,0,0,0,0
425,0,0,0,0,0,0,0,0,0
426,0,0,0,0,0,0,0,0,0
427,0,0,0,0,0,0,0,0,0
428,0,0,0,0,0,0,0,0,0
429,0,0,0,0,0,0,0,0,0
430,0,0,0,0,0,0,0,0,0
431,0,0,0,0,0,0,0,0,0
432,0,0,0,0,0,0,0,0,0
433,0,0,0,0,0,0,0,0,0
434,0,0,0,0,0,0,0,0,0
435,0,0,0,0,0,0,0,0,0
436,0,0,0,0,0,0,0,0,0
437,0,0,0,0,0,0,0,0,0
438,0,0,0,0,0,0,0,0,0
439,0,0,0,0,0,0,0,0,0
440,0,0,0,0,0,0,0,0,0
441,0,0,0,0,0,0,0,0,0
442,0,0,0,0,0,0,0,0,0
443,0,0,0,0,0,0,0,0,0
444,0,0,0,0,0,0,0,0,0
445,0,0,0,0,0,0,0,0,0
446,0,0,0,0,0,0,0,0,0
447,0,0,0,0,0,0,0,0,0
448,0,0,0,0,0,0,0,0,0
449,0,0,0,0,0,0,0,0,0
450,0,0,0,0,0,0,0,0,0
451,0,0,0,0,0,0,0,0,0
452,0,0,0,0,0,0,0,0,0
453,0,0,0,0,0,0,0,0,0
454,0,0,0,0,0,0,0,0,0
455,0,0,0,0,0,0,0,0,0
456,0,0,0,0,0,0,0,0,0
457,0,0,0,0,0,0,0,0,0
458,0,0,0,0,0,0,0,0,0
459,0,0,0,0,0,0,0,0,0
460,0,0,0,0,0,0,0,0,0
461,0,0,0,0,0,0,0,0,0
462,0,0,0,0,0,0,0,0,0
463,0,0,0,0,0,0,0,0,0
464,0,0,0,0,0,0,0,0,0
465,0,0,0,0,0,0,0,0,0
466,0,0,0,0,0,0,0,0,0
467,0,0,0,0,0,0,0,0,0
468,0,0,0,0,0,0,0,0,0
469,0,0,0,0,0,0,0,0,0
470,0,0,0,0,0,0,0,0,0
471,0,0,0,0,0,0,0,0,0
472,0,0,0,0,0,0,0,0,0
473,0,0,0,0,0,0,0,0,0
474,0,0,0,0,0,0,0,0,0
475,0,0,0,0,0,0,0,0,0
476,0,0,0,0,0,0,0,0,0
477,0,0,0,0,0,0,0,0,0
478,0,0,0,0,0,0,0,0,0
479,0,0,0,0,0,0,0,0,0
480,0,0,0,0,0,0,0,0,0
481,0,0,0,0,0,0,0,0,0
482,0,0,0,0,0,0,0,0,0
483,0,0,0,0,0,0,0,0,0
484,0,0,0,0,0,0,0,0,0
485,0,0,0,0,0,0,0,0,0
486,0,0,0,0,0,0,0,0,0
487,0,0,0,0,0,0,0,0,0
488,0,0,0,0,0,0,0,0,0
489,0,0,0,0,0,0,0,0,0
490,0,0,0,0,0,0,0,0,0
491,0,0,0,0,0,0,0,0,0
492,0,0,0,0,0,0,0,0,0
493,0,0,0,0,0,0,0,0,0
494,0,0,0,0,0,0,0,0,0
495,0,0,0,0,0,0,0,0,0
496,0,0,0,0,0,0,0,0,0
497,0,0,0,0,0,0,0,0,0
498,0,0,0,0,0,0,0,0,0
499,0,0,0,0,0,0,0,0,0
500,0,0,0,0,0,0,0,0,0
501,0,0,0,0,0,0,0,0,0
502,0,0,0,0,0,0,0,0,0
503,0,0,0,0,0,0,0,0,0
504,0,0,0,0,0,0,0,0,0
505,0,0,0,0,0,0,0,0,0
506,0,0,0,0,0,0,0,0,0
507,0,0,0,0,0,0,0,0,0
508,0,0,0,0,0,0,0,0,0
509,0,0,0,0,0,0,0,0,0
510,0,0,0,0,0,0,0,0,0
511,0,0,0,0,0,0,0,0,0
512,0,0,0,0,0,0,0,0,0
513,0,0,0,0,0,0,0,0,0
514,0,0,0,0,0,0,0,0,0
515,0,0,0,0,0,0,0,0,0
516,0,0,0,0,0,0,0,0,0
517,0,0,0,0,0,0,0,0,0
518,0,0,0,0,0,0,0,0,0
519,0,0,0,0,0,0,0,0,0
520,0,0,0,0,0,0,0,0,0
521,0,0,0,0,0,0,0,0,0
522,0,0,0,0,0,0,0,0,0
523,0,0,0,0,0,0,0,0,0
524,0,0,0,0,0,0,0,0,0
525,0,0,0,0,0,0,0,0,0
526,0,0,0,0,0,0,0,0,0
527,0,0,0,0,0,0,0,0,0
528,0,0,0,0,0,0,0,0,0
529,0,0,0,0,0,0,0,0,0
530,0,0,0,0,0,0,0,0,0
531,0,0,0,0,0,0,0,0,0
532,0,0,0,0,0,0,0,0,0
533,0,0,0,0,0,0,0,0,0
534,0,0,0,0,0,0,0,0,0
535,0,0,0,0,0,0,0,0,0
536,0,0,0,0,0,0,0,0,0
537,0,0,0,0,0,0,0,0,0
538,0,0,0,0,0,0,0,0,0
539,0,0,0,0,0,0,0,0,0
540,0,0,0,0,0,0,0,0,0
541,0,0,0,0,0,0,0,0,0
542,0,0,0,0,0,0,0,0,0
543,0,0,0,0,0,0,0,0,0
544,0,0,0,0,0,0,0,0,0
545,0,0,0,0,0,0,0,0,0
546,0,0,0,0,0,0,0,0,0
547,0,0,0,0,0,0,0,0,0
548,0,0,0,0,0,0,0,0,0
549,0,0,0,0,0,0,0,0,0
550,0,0,0,0,0,0,0,0,0
551,0,0,0,0,0,0,0,0,0
552,0,0,0,0,0,0,0,0,0
553,0,0,0,0,0,0,0,0,0
554,0,0,0,0,0,0,0,0,0
555,0,0,0,0,0,0,0,0,0
556,0,0,0,0,0,0,0,0,0
557,0,0,0,0,0,0,0,0,0
558,0,0,0,0,0,0,0,0,0
559,0,0,0,0,0,0,0,0,0
560,0,0,0,0,0,0,0,0,0
561,0,0,0,0,0,0,0,0,0
562,0,0,0,0,0,0,0,0,0
563,0,0,0,0,0,0,0,0,0
564,0,0,0,0,0,0,0,0,0
565,0,0,0,0,0,0,0,0,0
566,0,0,0,0,0,0,0,0,0
567,0,0,0,0,0,0,0,0,0
568,0,0,0,0,0,0,0,0,0
569,0,0,0,0,0,0,0,0,0
570,0,0,0,0,0,0,0,0,0
571,0,0,0,0,0,0,0,0,0
572,0,0,0,0,0,0,0,0,0
573,0,0,0,0,0,0,0,0,0
574,0,0,0,0,0,0,0,0,0
575,0,0,0,0,0,0,0,0,0
576,0,0,0,0,0,0,0,0,0
577,0,0,0,0,0,0,0,0,0
578,0,0,0,0,0,0,0,0,0
579,0,0,0,0,0,0,0,0,0
580,0,0,0,0,0,0,0,0,0
581,0,0,0,0,0,0,0,0,0
582,0,0,0,0,0,0,0,0,0
583,0,0,0,0,0,0,0,0,0
584,0,0,0,0,0,0,0,0,0
585,0,0,0,0,0,0,0,0,0
586,0,0,0,0,0,0,0,0,0
587,0,0,0,0,0,0,0,0,0
588,0,0,0,0,0,0,0,0,0
589,0,0,0,0,0,0,0,0,0
590,0,0,0,0,0,0,0,0,0
591,0,0,0,0,0,0,0,0,0
592,0,0,0,0,0,0,0,0,0
593,0,0,0,0,0,0,0,0,0
594,0,0,0,0,0,0,0,0,0
595,0,0,0,0,0,0,0,0,0
596,0,0,0,0,0,0,0,0,0
597,0,0,0,0,0,0,0,0,0
598,0,0,0,0,0,0,0,0,0
599,0,0,0,0,0,0,0,0,0
600,0,0,0,0,0,0,0,0,0
601,0,0,0,0,0,0,0,0,0
602,0,0,0,0,0,0,0,0,0
603,0,0,0,0,0,0,0,0,0
604,0,0,0,0,0,0,0,0,0
605,0,0,0,0,0,0,0,0,0
606,0,0,0,0,0,0,0,0,0
607,0,0,0,0,0,0,0,0,0
608,0,0,0,0,0,0,0,0,0
609,0,0,0,0,0,0,0,0,0
610,0,0,0,0,0,0,0,0,0
611,0,0,0,0,0,0,0,0,0
612,0,0,0,0,0,0,0,0,0
613,0,0,0,0,0,0,0,0,0
614,0,0,0,0,0,0,0,0,0
615,0,0,0,0,0,0,0,0,0
616,0,0,0,0,0,0,0,0,0
617,0,0,0,0,0,0,0,0,0
618,0,0,0,0,0,0,0,0,0
619,0,0,0,0,0,0,0,0,0
620,0,0,0,0,0,0,0,0,0
621,0,0,0,0,0,0,0,0,0
622,0,0,0,0,0,0,0,0,0
623,0,0,0,0,0,0,0,0,0
624,0,0,0,0,0,0,0,0,0
625,0,0,0,0,0,0,0,0,0
626,0,0,0,0,0,0,0,0,0
627,0,0,0,0,0,0,0,0,0
628,0,0,0,0,0,0,0,0,0
629,0,0,0,0,0,0,0,0,0
630,0,0,0,0,0,0,0,0,0
631,0,0,0,0,0,0,0,0,0
632,0,0,0,0,0,0,0,0,0
633,0,0,0,0,0,0,0,0,0
634,0,0,0,0,0,0,0,0,0
635,0,0,0,0,0,0,0,0,0
636,0,0,0,0,0,0,0,0,0
637,0,0,0,0,0,0,0,0,0
638,0,0,0,0,0,0,0,0,0
639,0,0,0,0,0,0,0,0,0
640,0,0,0,0,0,0,0,0,0
641,0,0,0,0,0,0,0,0,0
642,0,0,0,0,0,0,0,0,0
643,0,0,0,0,0,0,0,0,0
644,0,0,0,0,0,0,0,0,0
645,0,0,0,0,0,0,0,0,0
646,0,0,0,0,0,0,0,0,0
647,0,0,0,0,0,0,0,0,0
648,0,0,0,0,0,0,0,0,0
649,0,0,0,0,0,0,0,0,0
650,0,0,0,0,0,0,0,0,0
651,0,0,0,0,0,0,0,0,0
652,0,0,0,0,0,0,0,0,0
653,0,0,0,0,0,0,0,0,0
654,0,0,0,0,0,0,0,0,0
655,0,0,0,0,0,0,0,0,0
656,0,0,0,0,0,0,0,0,0
657,0,0,0,0,0,0,0,0,0
658,0,0,0,0,0,0,0,0,0
659,0,0,0,0,0,0,0,0,0
660,0,0,0,0,0,0,0,0,0
661,0,0,0,0,0,0,0,0,0
662,0,0,0,0,0,0,0,0,0
663,0,0,0,0,0,0,0,0,0
664,0,0,0,0,0,0,0,0,0
665,0,0,0,0,0,0,0,0,0
666,0,0,0,0,0,0,0,0,0
667,0,0,0,0,0,0,0,0,0
668,0,0,0,0,0,0,0,0,0
669,0,0,0,0,0,0,0,0,0
670,0,0,0,0,0,0,0,0,0
671,0,0,0,0,0,0,0,0,0
672,0,0,0,0,0,0,0,0,0
673,0,0,0,0,0,0,0,0,0
674,0,0,0,0,0,0,0,0,0
675,0,0,0,0,0,0,0,0,0
676,0,0,0,0,0,0,0,0,0
677,0,0,0,0,0,0,0,0,0
678,0,0,0,0,0,0,0,0,0
679,0,0,0,0,0,0,0,0,0
680,0,0,0,0,0,0,0,0,0
681,0,0,0,0,0,0,0,0,0
682,0,0,0,0,0,0,0,0,0
683,0,0,0,0,0,0,0,0,0
684,0,0,0,0,0,0,0,0,0
685,0,0,0,0,0,0,0,0,0
686,0,0,0,0,0,0,0,0,0
687,0,0,0,0,0,0,0,0,0
688,0,0,0,0,0,0,0,0,0
689,0,0,0,0,0,0,0,0,0
690,0,0,0,0,0,0,0,0,0
691,0,0,0,0,0,0,0,0,0
692,0,0,0,0,0,0,0,0,0
693,0,0,0,0,0,0,0,0,0
694,0,0,0,0,0,0,0,0,0
695,0,0,0,0,0,0,0,0,0
696,0,0,0,0,0,0,0,0,0
697,0,0,0,0,0,0,0,0,0
698,0,0,0,0,0,0,0,0,0
699,0,0,0,0,0,0,0,0,0
700,0,0,0,0,0,0,0,0,0
701,0,0,0,0,0,0,0,0,0
702,0,0,0,0,0,0,0,0,0
703,0,0,0,0,0,0,0,0,0
704,0,0,0,0,0,0,0,0,0
705,0,0,0,0,0,0,0,0,0
706,0,0,0,0,0,0,0,0,0
707,0,0,0,0,0,0,0,0,0
708,0,0,0,0,0,0,0,0,0
709,0,0,0,0,0,0,0,0,0
710,0,0,0,0,0,0,0,0,0
711,0,0,0,0,0,0,0,0,0
712,0,0,0,0,0,0,0,0,0
713,0,0,0,0,0,0,0,0,0
714,0,0,0,0,0,0,0,0,0
715,0,0,0,0,0,0,0,0,0
716,0,0,0,0,0,0,0,0,0
717,0,0,0,0,0,0,0,0,0
718,0,0,0,0,0,0,0,0,0
719,0,0,0,0,0,0,0,0,0
720,0,0,0,0,0,0,0,0,0
721,0,0,0,0,0,0,0,0,0
722,0,0,0,0,0,0,0,0,0
723,0,0,0,0,0,0,0,0,0
724,0,0,0,0,0,0,0,0,0
725,0,0,0,0,0,0,0,0,0
726,0,0,0,0,0,0,0,0,0
727,0,0,0,0,0,0,0,0,0
728,0,0,0,0,0,0,0,0,0
729,0,0,0,0,0,0,0,0,0
730,0,0,0,0,0,0,0,0,0
731,0,0,0,0,0,0,0,0,0
732,0,0,0,0,0,0,0,0,0
733,0,0,0,0,0,0,0,0,0
734,0,0,0,0,0,0,0,0,0
735,0,0,0,0,0,0,0,0,0
736,0,0,0,0,0,0,0,0,0
737,0,0,0,0,0,0,0,0,0
738,0,0,0,0,0,0,0,0,0
739,0,0,0,0,0,0,0,0,0
740,0,0,0,0,0,0,0,0,0
741,0,0,0,0,0,0,0,0,0
742,0,0,0,0,0,0,0,0,0
743,0,0,0,0,0,0,0,0,0
744,0,0,0,0,0,0,0,0,0
745,0,0,0,0,0,0,0,0,0
746,0,0,0,0,0,0,0,0,0
747,0,0,0,0,0,0,0,0,0
748,0,0,0,0,0,0,0,0,0
749,0,0,0,0,0,0,0,0,0
750,0,0,0,0,0,0,0,0,0
0,194,7257,201425,4077983,57373546,517292847,2626655236,5935079656,3356972874
1,101,3165,70671,1131626,12562175,89232696,356618099,633500883,281338569
2,56,1492,26092,332454,2947459,16729814,53404078,75708975,26786987
3,32,731,11209,120921,914878,4430833,12080871,14644925,4430846
4,24,486,6634,63990,431974,1869445,4563297,4958401,1347932
5,21,364,4412,36385,210195,778835,1624835,1503188,348176
6,15,288,3062,23356,122540,414662,788362,668468,142046
7,10,138,1343,9363,45878,144561,255361,202577,40606
8,7,75,693,4370,19940,58920,97821,72159,13524
9,7,56,463,2784,11842,33006,51874,35646,6271
10,7,50,366,1898,7006,17266,23936,14750,2341
11,7,48,334,1701,6057,14267,19264,11566,1765
12,1,24,158,760,2438,4949,5983,3099,422
13,1,23,141,632,1888,3637,4117,2087,263
14,1,19,104,418,1146,1902,1846,752,75
15,1,12,55,210,555,782,769,346,33
16,1,12,55,210,555,782,769,346,33
17,1,12,50,191,517,741,723,336,32
18,1,12,47,173,466,678,655,293,29
19,1,12,47,168,409,597,574,243,19
20,1,11,40,125,320,459,419,189,14
21,0,6,26,77,178,252,253,126,8
22,0,6,26,77,177,249,251,124,8
23,0,6,25,64,136,193,206,107,6
24,0,0,5,9,25,39,28,15,0
25,0,0,5,9,25,39,26,15,0
26,0,0,5,5,22,31,17,11,0
27,0,0,5,5,22,26,17,11,0
28,0,0,5,5,22,24,17,10,0
29,0,0,5,5,16,19,11,9,0
30,0,0,5,5,12,14,8,7,0
31,0,0,5,5,12,14,8,7,0
32,0,0,5,5,8,7,3,2,0
33,0,0,5,5,8,7,3,2,0
34,0,0,4,4,4,4,3,1,0
35,0,0,4,4,2,2,1,1,0
36,0,0,4,4,2,2,1,1,0
37,0,0,4,4,2,2,1,1,0
38,0,0,4,4,2,1,1,0,0
39,0,0,4,4,2,1,1,0,0
40,0,0,4,4,2,1,1,0,0
41,0,0,4,4,2,1,1,0,0
42,0,0,3,4,2,1,0,0,0
43,0,0,3,4,2,1,0,0,0
44,0,0,3,4,2,1,0,0,0
45,0,0,3,4,2,1,0,0,0
46,0,0,3,4,2,1,0,0,0
47,0,0,3,4,1,1,0,0,0
48,0,0,3,4,1,1,0,0,0
49,0,0,3,4,1,1,0,0,0
50,0,0,3,0,1,1,0,0,0
51,0,0,3,0,1,0,0,0,0
52,0,0,3,0,1,0,0,0,0
53,0,0,3,0,1,0,0,0,0
54,0,0,0,0,0,0,0,0,0
55,0,0,0,0,0,0,0,0,0
56,0,0,0,0,0,0,0,0,0
57,0,0,0,0,0,0,0,0,0
58,0,0,0,0,0,0,0,0,0
59,0,0,0,0,0,0,0,0,0
60,0,0,0,0,0,0,0,0,0
61,0,0,0,0,0,0,0,0,0
62,0,0,0,0,0,0,0,0,0
63,0,0,0,0,0,0,0,0,0
64,0,0,0,0,0,0,0,0,0
65,0,0,0,0,0,0,0,0,0
66,0,0,0,0,0,0,0,0,0
67,0,0,0,0,0,0,0,0,0
68,0,0,0,0,0,0,0,0,0
69,0,0,0,0,0,0,0,0,0
70,0,0,0,0,0,0,0,0,0
71,0,0,0,0,0,0,0,0,0
72,0,0,0,0,0,0,0,0,0
73,0,0,0,0,0,0,0,0,0
74,0,0,0,0,0,0,0,0,0
75,0,0,0,0,0,0,0,0,0
76,0,0,0,0,0,0,0,0,0
77,0,0,0,0,0,0,0,0,0
78,0,0,0,0,0,0,0,0,0
79,0,0,0,0,0,0,0,0,0
80,0,0,0,0,0,0,0,0,0
81,0,0,0,0,0,0,0,0,0
82,0,0,0,0,0,0,0,0,0
83,0,0,0,0,0,0,0,0,0
84,0,0,0,0,0,0,0,0,0
85,0,0,0,0,0,0,0,0,0
86,0,0,0,0,0,0,0,0,0
87,0,0,0,0,0,0,0,0,0
88,0,0,0,0,0,0,0,0,0
89,0,0,0,0,0,0,0,0,0
90,0,0,0,0,0,0,0,0,0
91,0,0,0,0,0,0,0,0,0
92,0,0,0,0,0,0,0,0,0
93,0,0,0,0,0,0,0,0,0
94,0,0,0,0,0,0,0,0,0
95,0,0,0,0,0,0,0,0,0
96,0,0,0,0,0,0,0,0,0
97,0,0,0,0,0,0,0,0,0
98,0,0,0,0,0,0,0,0,0
99,0,0,0,0,0,0,0,0,0
100,0,0,0,0,0,0,0,0,0
101,0,0,0,0,0,0,0,0,0
102,0,0,0,0,0,0,0,0,0
103,0,0,0,0,0,0,0,0,0
104,0,0,0,0,0,0,0,0,0
105,0,0,0,0,0,0,0,0,0
106,0,0,0,0,0,0,0,0,0
107,0,0,0,0,0,0,0,0,0
108,0,0,0,0,0,0,0,0,0
109,0,0,0,0,0,0,0,0,0
110,0,0,0,0,0,0,0,0,0
111,0,0,0,0,0,0,0,0,0
112,0,0,0,0,0,0,0,0,0
113,0,0,0,0,0,0,0,0,0
114,0,0,0,0,0,0,0,0,0
115,0,0,0,0,0,0,0,0,0
116,0,0,0,0,0,0,0,0,0
117,0,0,0,0,0,0,0,0,0
118,0,0,0,0,0,0,0,0,0
119,0,0,0,0,0,0,0,0,0
120,0,0,0,0,0,0,0,0,0
121,0,0,0,0,0,0,0,0,0
122,0,0,0,0,0,0,0,0,0
123,0,0,0,0,0,0,0,0,0
124,0,0,0,0,0,0,0,0,0
125,0,0,0,0,0,0,0,0,0
126,0,0,0,0,0,0,0,0,0
127,0,0,0,0,0,0,0,0,0
128,0,0,0,0,0,0,0,0,0
129,0,0,0,0,0,0,0,0,0
130,0,0,0,0,0,0,0,0,0
131,0,0,0,0,0,0,0,0,0
132,0,0,0,0,0,0,0,0,0
133,0,0,0,0,0,0,0,0,0
134,0,0,0,0,0,0,0,0,0
135,0,0,0,0,0,0,0,0,0
136,0,0,0,0,0,0,0,0,0
137,0,0,0,0,0,0,0,0,0
138,0,0,0,0,0,0,0,0,0
139,0,0,0,0,0,0,0,0,0
140,0,0,0,0,0,0,0,0,0
141,0,0,0,0,0,0,0,0,0
142,0,0,0,0,0,0,0,0,0
143,0,0,0,0,0,0,0,0,0
144,0,0,0,0,0,0,0,0,0
145,0,0,0,0,0,0,0,0,0
146,0,0,0,0,0,0,0,0,0
147,0,0,0,0,0,0,0,0,0
148,0,0,0,0,0,0,0,0,0
149,0,0,0,0,0,0,0,0,0
150,0,0,0,0,0,0,0,0,0
151,0,0,0,0,0,0,0,0,0
152,0,0,0,0,0,0,0,0,0
153,0,0,0,0,0,0,0,0,0
154,0,0,0,0,0,0,0,0,0
155,0,0,0,0,0,0,0,0,0
156,0,0,0,0,0,0,0,0,0
157,0,0,0,0,0,0,0,0,0
158,0,0,0,0,0,0,0,0,0
159,0,0,0,0,0,0,0,0,0
160,0,0,0,0,0,0,0,0,0
161,0,0,0,0,0,0,0,0,0
162,0,0,0,0,0,0,0,0,0
163,0,0,0,0,0,0,0,0,0
164,0,0,0,0,0,0,0,0,0
165,0,0,0,0,0,0,0,0,0
166,0,0,0,0,0,0,0,0,0
167,0,0,0,0,0,0,0,0,0
168,0,0,0,0,0,0,0,0,0
169,0,0,0,0,0,0,0,0,0
170,0,0,0,0,0,0,0,0,0
171,0,0,0,0,0,0,0,0,0
172,0,0,0,0,0,0,0,0,0
173,0,0,0,0,0,0,0,0,0
174,0,0,0,0,0,0,0,0,0
175,0,0,0,0,0,0,0,0,0
176,0,0,0,0,0,0,0,0,0
177,0,0,0,0,0,0,0,0,0
178,0,0,0,0,0,0,0,0,0
179,0,0,0,0,0,0,0,0,0
180,0,0,0,0,0,0,0,0,0
181,0,0,0,0,0,0,0,0,0
182,0,0,0,0,0,0,0,0,0
183,0,0,0,0,0,0,0,0,0
184,0,0,0,0,0,0,0,0,0
185,0,0,0,0,0,0,0,0,0
186,0,0,0,0,0,0,0,0,0
187,0,0,0,0,0,0,0,0,0
188,0,0,0,0,0,0,0,0,0
189,0,0,0,0,0,0,0,0,0
190,0,0,0,0,0,0,0,0,0
191,0,0,0,0,0,0,0,0,0
192,0,0,0,0,0,0,0,0,0
193,0,0,0,0,0,0,0,0,0
194,0,0,0,0,0,0,0,0,0
195,0,0,0,0,0,0,0,0,0
196,0,0,0,0,0,0,0,0,0
197,0,0,0,0,0,0,0,0,0
198,0,0,0,0,0,0,0,0,0
199,0,0,0,0,0,0,0,0,0
200,0,0,0,0,0,0,0,0,0
201,0,0,0,0,0,0,0,0,0
202,0,0,0,0,0,0,0,0,0
203,0,0,0,0,0,0,0,0,0
204,0,0,0,0,0,0,0,0,0
205,0,0,0,0,0,0,0,0,0
206,0,0,0,0,0,0,0,0,0
207,0,0,0,0,0,0,0,0,0
208,0,0,0,0,0,0,0,0,0
209,0,0,0,0,0,0,0,0,0
210,0,0,0,0,0,0,0,0,0
211,0,0,0,0,0,0,0,0,0
212,0,0,0,0,0,0,0,0,0
213,0,0,0,0,0,0,0,0,0
214,0,0,0,0,0,0,0,0,0
215,0,0,0,0,0,0,0,0,0
216,0,0,0,0,0,0,0,0,0
217,0,0,0,0,0,0,0,0,0
218,0,0,0,0,0,0,0,0,0
219,0,0,0,0,0,0,0,0,0
220,0,0,0,0,0,0,0,0,0
221,0,0,0,0,0,0,0,0,0
222,0,0,0,0,0,0,0,0,0
223,0,0,0,0,0,0,0,0,0
224,0,0,0,0,0,0,0,0,0
225,0,0,0,0,0,0,0,0,0
226,0,0,0,0,0,0,0,0,0
227,0,0,0,0,0,0,0,0,0
228,0,0,0,0,0,0,0,0,0
229,0,0,0,0,0,0,0,0,0
230,0,0,0,0,0,0,0,0,0
231,0,0,0,0,0,0,0,0,0
232,0,0,0,0,0,0,0,0,0
233,0,0,0,0,0,0,0,0,0
234,0,0,0,0,0,0,0,0,0
235,0,0,0,0,0,0,0,0,0
236,0,0,0,0,0,0,0,0,0
237,0,0,0,0,0,0,0,0,0
238,0,0,0,0,0,0,0,0,0
239,0,0,0,0,0,0,0,0,0
240,0,0,0,0,0,0,0,0,0
241,0,0,0,0,0,0,0,0,0
242,0,0,0,0,0,0,0,0,0
243,0,0,0,0,0,0,0,0,0
244,0,0,0,0,0,0,0,0,0
245,0,0,0,0,0,0,0,0,0
246,0,0,0,0,0,0,0,0,0
247,0,0,0,0,0,0,0,0,0
248,0,0,0,0,0,0,0,0,0
249,0,0,0,0,0,0,0,0,0
250,0,0,0,0,0,0,0,0,0
251,0,0,0,0,0,0,0,0,0
252,0,0,0,0,0,0,0,0,0
253,0,0,0,0,0,0,0,0,0
254,0,0,0,0,0,0,0,0,0
255,0,0,0,0,0,0,0,0,0
256,0,0,0,0,0,0,0,0,0
257,0,0,0,0,0,0,0,0,0
258,0,0,0,0,0,0,0,0,0
259,0,0,0,0,0,0,0,0,0
260,0,0,0,0,0,0,0,0,0
261,0,0,0,0,0,0,0,0,0
262,0,0,0,0,0,0,0,0,0
263,0,0,0,0,0,0,0,0,0
264,0,0,0,0,0,0,0,0,0
265,0,0,0,0,0,0,0,0,0
266,0,0,0,0,0,0,0,0,0
267,0,0,0,0,0,0,0,0,0
268,0,0,0,0,0,0,0,0,0
269,0,0,0,0,0,0,0,0,0
270,0,0,0,0,0,0,0,0,0
271,0,0,0,0,0,0,0,0,0
272,0,0,0,0,0,0,0,0,0
273,0,0,0,0,0,0,0,0,0
274,0,0,0,0,0,0,0,0,0
275,0,0,0,0,0,0,0,0,0
276,0,0,0,0,0,0,0,0,0
277,0,0,0,0,0,0,0,0,0
278,0,0,0,0,0,0,0,0,0
279,0,0,0,0,0,0,0,0,0
280,0,0,0,0,0,0,0,0,0
281,0,0,0,0,0,0,0,0,0
282,0,0,0,0,0,0,0,0,0
283,0,0,0,0,0,0,0,0,0
284,0,0,0,0,0,0,0,0,0
285,0,0,0,0,0,0,0,0,0
286,0,0,0,0,0,0,0,0,0
287,0,0,0,0,0,0,0,0,0
288,0,0,0,0,0,0,0,0,0
289,0,0,0,0,0,0,0,0,0
290,0,0,0,0,0,0,0,0,0
291,0,0,0,0,0,0,0,0,0
292,0,0,0,0,0,0,0,0,0
293,0,0,0,0,0,0,0,0,0
294,0,0,0,0,0,0,0,0,0
295,0,0,0,0,0,0,0,0,0
296,0,0,0,0,0,0,0,0,0
297,0,0,0,0,0,0,0,0,0
298,0,0,0,0,0,0,0,0,0
299,0,0,0,0,0,0,0,0,0
300,0,0,0,0,0,0,0,0,0
301,0,0,0,0,0,0,0,0,0
302,0,0,0,0,0,0,0,0,0
303,0,0,0,0,0,0,0,0,0
304,0,0,0,0,0,0,0,0,0
305,0,0,0,0,0,0,0,0,0
306,0,0,0,0,0,0,0,0,0
307,0,0,0,0,0,0,0,0,0
308,0,0,0,0,0,0,0,0,0
309,0,0,0,0,0,0,0,0,0
310,0,0,0,0,0,0,0,0,0
311,0,0,0,0,0,0,0,0,0
312,0,0,0,0,0,0,0,0,0
313,0,0,0,0,0,0,0,0,0
314,0,0,0,0,0,0,0,0,0
315,0,0,0,0,0,0,0,0,0
316,0,0,0,0,0,0,0,0,0
317,0,0,0,0,0,0,0,0,0
318,0,0,0,0,0,0,0,0,0
319,0,0,0,0,0,0,0,0,0
320,0,0,0,0,0,0,0,0,0
321,0,0,0,0,0,0,0,0,0
322,0,0,0,0,0,0,0,0,0
323,0,0,0,0,0,0,0,0,0
324,0,0,0,0,0,0,0,0,0
325,0,0,0,0,0,0,0,0,0
326,0,0,0,0,0,0,0,0,0
327,0,0,0,0,0,0,0,0,0
328,0,0,0,0,0,0,0,0,0
329,0,0,0,0,0,0,0,0,0
330,0,0,0,0,0,0,0,0,0
331,0,0,0,0,0,0,0,0,0
332,0,0,0,0,0,0,0,0,0
333,0,0,0,0,0,0,0,0,0
334,0,0,0,0,0,0,0,0,0
335,0,0,0,0,0,0,0,0,0
336,0,0,0,0,0,0,0,0,0
337,0,0,0,0,0,0,0,0,0
338,0,0,0,0,0,0,0,0,0
339,0,0,0,0,0,0,0,0,0
340,0,0,0,0,0,0,0,0,0
341,0,0,0,0,0,0,0,0,0
342,0,0,0,0,0,0,0,0,0
343,0,0,0,0,0,0,0,0,0
344,0,0,0,0,0,0,0,0,0
345,0,0,0,0,0,0,0,0,0
346,0,0,0,0,0,0,0,0,0
347,0,0,0,0,0,0,0,0,0
348,0,0,0,0,0,0,0,0,0
349,0,0,0,0,0,0,0,0,0
350,0,0,0,0,0,0,0,0,0
351,0,0,0,0,0,0,0,0,0
352,0,0,0,0,0,0,0,0,0
353,0,0,0,0,0,0,0,0,0
354,0,0,0,0,0,0,0,0,0
355,0,0,0,0,0,0,0,0,0
356,0,0,0,0,0,0,0,0,0
357,0,0,0,0,0,0,0,0,0
358,0,0,0,0,0,0,0,0,0
359,0,0,0,0,0,0,0,0,0
360,0,0,0,0,0,0,0,0,0
361,0,0,0,0,0,0,0,0,0
362,0,0,0,0,0,0,0,0,0
363,0,0,0,0,0,0,0,0,0
364,0,0,0,0,0,0,0,0,0
365,0,0,0,0,0,0,0,0,0
366,0,0,0,0,0,0,0,0,0
367,0,0,0,0,0,0,0,0,0
368,0,0,0,0,0,0,0,0,0
369,0,0,0,0,0,0,0,0,0
370,0,0,0,0,0,0,0,0,0
371,0,0,0,0,0,0,0,0,0
372,0,0,0,0,0,0,0,0,0
373,0,0,0,0,0,0,0,0,0
374,0,0,0,0,0,0,0,0,0
375,0,0,0,0,0,0,0,0,0
376,0,0,0,0,0,0,0,0,0
377,0,0,0,0,0,0,0,0,0
378,0,0,0,0,0,0,0,0,0
379,0,0,0,0,0,0,0,0,0
380,0,0,0,0,0,0,0,0,0
381,0,0,0,0,0,0,0,0,0
382,0,0,0,0,0,0,0,0,0
383,0,0,0,0,0,0,0,0,0
384,0,0,0,0,0,0,0,0,0
385,0,0,0,0,0,0,0,0,0
386,0,0,0,0,0,0,0,0,0
387,0,0,0,0,0,0,0,0,0
388,0,0,0,0,0,0,0,0,0
389,0,0,0,0,0,0,0,0,0
390,0,0,0,0,0,0,0,0,0
391,0,0,0,0,0,0,0,0,0
392,0,0,0,0,0,0,0,0,0
393,0,0,0,0,0,0,0,0,0
394,0,0,0,0,0,0,0,0,0
395,0,0,0,0,0,0,0,0,0
396,0,0,0,0,0,0,0,0,0
397,0,0,0,0,0,0,0,0,0
398,0,0,0,0,0,0,0,0,0
399,0,0,0,0,0,0,0,0,0
400,0,0,0,0,0,0,0,0,0
401,0,0,0,0,0,0,0,0,0
402,0,0,0,0,0,0,0,0,0
403,0,0,0,0,0,0,0,0,0
404,0,0,0,0,0,0,0,0,0
405,0,0,0,0,0,0,0,0,0
406,0,0,0,0,0,0,0,0,0
407,0,0,0,0,0,0,0,0,0
408,0,0,0,0,0,0,0,0,0
409,0,0,0,0,0,0,0,0,0
410,0,0,0,0,0,0,0,0,0
411,0,0,0,0,0,0,0,0,0
412,0,0,0,0,0,0,0,0,0
413,0,0,0,0,0,0,0,0,0
414,0,0,0,0,0,0,0,0,0
415,0,0,0,0,0,0,0,0,0
416,0,0,0,0,0,0,0,0,0
417,0,0,0,0,0,0,0,0,0
418,0,0,0,0,0,0,0,0,0
419,0,0,0,0,0,0,0,0,0
420,0,0,0,0,0,0,0,0,0
421,0,0,0,0,0,0,0,0,0
422,0,0,0,0,0,0,0,0,0
423,0,0,0,0,0,0,0,0,0
424,0,0,0,0,0,0,0,0,0
425,0,0,0,0,0,0,0,0,0
426,0,0,0,0,0,0,0,0,0
427,0,0,0,0,0,0,0,0,0
428,0,0,0,0,0,0,0,0,0
429,0,0,0,0,0,0,0,0,0
430,0,0,0,0,0,0,0,0,0
431,0,0,0,0,0,0,0,0,0
432,0,0,0,0,0,0,0,0,0
433,0,0,0,0,0,0,0,0,0
434,0,0,0,0,0,0,0,0,0
435,0,0,0,0,0,0,0,0,0
436,0,0,0,0,0,0,0,0,0
437,0,0,0,0,0,0,0,0,0
438,0,0,0,0,0,0,0,0,0
439,0,0,0,0,0,0,0,0,0
440,0,0,0,0,0,0,0,0,0
441,0,0,0,0,0,0,0,0,0
442,0,0,0,0,0,0,0,0,0
443,0,0,0,0,0,0,0,0,0
444,0,0,0,0,0,0,0,0,0
445,0,0,0,0,0,0,0,0,0
446,0,0,0,0,0,0,0,0,0
447,0,0,0,0,0,0,0,0,0
448,0,0,0,0,0,0,0,0,0
449,0,0,0,0,0,0,0,0,0
450,0,0,0,0,0,0,0,0,0
451,0,0,0,0,0,0,0,0,0
452,0,0,0,0,0,0,0,0,0
453,0,0,0,0,0,0,0,0,0
454,0,0,0,0,0,0,0,0,0
455,0,0,0,0,0,0,0,0,0
456,0,0,0,0,0,0,0,0,0
457,0,0,0,0,0,0,0,0,0
458,0,0,0,0,0,0,0,0,0
459,0,0,0,0,0,0,0,0,0
460,0,0,0,0,0,0,0,0,0
461,0,0,0,0,0,0,0,0,0
462,0,0,0,0,0,0,0,0,0
463,0,0,0,0,0,0,0,0,0
464,0,0,0,0,0,0,0,0,0
465,0,0,0,0,0,0,0,0,0
466,0,0,0,0,0,0,0,0,0
467,0,0,0,0,0,0,0,0,0
468,0,0,0,0,0,0,0,0,0
469,0,0,0,0,0,0,0,0,0
470,0,0,0,0,0,0,0,0,0
471,0,0,0,0,0,0,0,0,0
472,0,0,0,0,0,0,0,0,0
473,0,0,0,0,0,0,0,0,0
474,0,0,0,0,0,0,0,0,0
475,0,0,0,0,0,0,0,0,0
476,0,0,0,0,0,0,0,0,0
477,0,0,0,0,0,0,0,0,0
478,0,0,0,0,0,0,0,0,0
479,0,0,0,0,0,0,0,0,0
480,0,0,0,0,0,0,0,0,0
481,0,0,0,0,0,0,0,0,0
482,0,0,0,0,0,0,0,0,0
483,0,0,0,0,0,0,0,0,0
484,0,0,0,0,0,0,0,0,0
485,0,0,0,0,0,0,0,0,0
486,0,0,0,0,0,0,0,0,0
487,0,0,0,0,0,0,0,0,0
488,0,0,0,0,0,0,0,0,0
489,0,0,0,0,0,0,0,0,0
490,0,0,0,0,0,0,0,0,0
491,0,0,0,0,0,0,0,0,0
492,0,0,0,0,0,0,0,0,0
493,0,0,0,0,0,0,0,0,0
494,0,0,0,0,0,0,0,0,0
495,0,0,0,0,0,0,0,0,0
496,0,0,0,0,0,0,0,0,0
497,0,0,0,0,0,0,0,0,0
498,0,0,0,0,0,0,0,0,0
499,0,0,0,0,0,0,0,0,0
500,0,0,0,0,0,0,0,0,0
501,0,0,0,0,0,0,0,0,0
502,0,0,0,0,0,0,0,0,0
503,0,0,0,0,0,0,0,0,0
504,0,0,0,0,0,0,0,0,0
505,0,0,0,0,0,0,0,0,0
506,0,0,0,0,0,0,0,0,0
507,0,0,0,0,0,0,0,0,0
508,0,0,0,0,0,0,0,0,0
509,0,0,0,0,0,0,0,0,0
510,0,0,0,0,0,0,0,0,0
511,0,0,0,0,0,0,0,0,0
512,0,0,0,0,0,0,0,0,0
513,0,0,0,0,0,0,0,0,0
514,0,0,0,0,0,0,0,0,0
515,0,0,0,0,0,0,0,0,0
516,0,0,0,0,0,0,0,0,0
517,0,0,0,0,0,0,0,0,0
518,0,0,0,0,0,0,0,0,0
519,0,0,0,0,0,0,0,0,0
520,0,0,0,0,0,0,0,0,0
521,0,0,0,0,0,0,0,0,0
522,0,0,0,0,0,0,0,0,0
523,0,0,0,0,0,0,0,0,0
524,0,0,0,0,0,0,0,0,0
525,0,0,0,0,0,0,0,0,0
526,0,0,0,0,0,0,0,0,0
527,0,0,0,0,0,0,0,0,0
528,0,0,0,0,0,0,0,0,0
529,0,0,0,0,0,0,0,0,0
530,0,0,0,0,0,0,0,0,0
531,0,0,0,0,0,0,0,0,0
532,0,0,0,0,0,0,0,0,0
533,0,0,0,0,0,0,0,0,0
534,0,0,0,0,0,0,0,0,0
535,0,0,0,0,0,0,0,0,0
536,0,0,0,0,0,0,0,0,0
537,0,0,0,0,0,0,0,0,0
538,0,0,0,0,0,0,0,0,0
539,0,0,0,0,0,0,0,0,0
540,0,0,0,0,0,0,0,0,0
541,0,0,0,0,0,0,0,0,0
542,0,0,0,0,0,0,0,0,0
543,0,0,0,0,0,0,0,0,0
544,0,0,0,0,0,0,0,0,0
545,0,0,0,0,0,0,0,0,0
546,0,0,0,0,0,0,0,0,0
547,0,0,0,0,0,0,0,0,0
548,0,0,0,0,0,0,0,0,0
549,0,0,0,0,0,0,0,0,0
550,0,0,0,0,0,0,0,0,0
551,0,0,0,0,0,0,0,0,0
552,0,0,0,0,0,0,0,0,0
553,0,0,0,0,0,0,0,0,0
554,0,0,0,0,0,0,0,0,0
555,0,0,0,0,0,0,0,0,0
556,0,0,0,0,0,0,0,0,0
557,0,0,0,0,0,0,0,0,0
558,0,0,0,0,0,0,0,0,0
559,0,0,0,0,0,0,0,0,0
560,0,0,0,0,0,0,0,0,0
561,0,0,0,0,0,0,0,0,0
562,0,0,0,0,0,0,0,0,0
563,0,0,0,0,0,0,0,0,0
564,0,0,0,0,0,0,0,0,0
565,0,0,0,0,0,0,0,0,0
566,0,0,0,0,0,0,0,0,0
567,0,0,0,0,0,0,0,0,0
568,0,0,0,0,0,0,0,0,0
569,0,0,0,0,0,0,0,0,0
570,0,0,0,0,0,0,0,0,0
571,0,0,0,0,0,0,0,0,0
572,0,0,0,0,0,0,0,0,0
573,0,0,0,0,0,0,0,0,0
574,0,0,0,0,0,0,0,0,0
575,0,0,0,0,0,0,0,0,0
576,0,0,0,0,0,0,0,0,0
577,0,0,0,0,0,0,0,0,0
578,0,0,0,0,0,0,0,0,0
579,0,0,0,0,0,0,0,0,0
580,0,0,0,0,0,0,0,0,0
581,0,0,0,0,0,0,0,0,0
582,0,0,0,0,0,0,0,0,0
583,0,0,0,0,0,0,0,0,0
584,0,0,0,0,0,0,0,0,0
585,0,0,0,0,0,0,0,0,0
586,0,0,0,0,0,0,0,0,0
587,0,0,0,0,0,0,0,0,0
588,0,0,0,0,0,0,0,0,0
589,0,0,0,0,0,0,0,0,0
590,0,0,0,0,0,0,0,0,0
591,0,0,0,0,0,0,0,0,0
592,0,0,0,0,0,0,0,0,0
593,0,0,0,0,0,0,0,0,0
594,0,0,0,0,0,0,0,0,0
595,0,0,0,0,0,0,0,0,0
596,0,0,0,0,0,0,0,0,0
597,0,0,0,0,0,0,0,0,0
598,0,0,0,0,0,0,0,0,0
599,0,0,0,0,0,0,0,0,0
600,0,0,0,0,0,0,0,0,0
601,0,0,0,0,0,0,0,0,0
602,0,0,0,0,0,0,0,0,0
603,0,0,0,0,0,0,0,0,0
604,0,0,0,0,0,0,0,0,0
605,0,0,0,0,0,0,0,0,0
606,0,0,0,0,0,0,0,0,0
607,0,0,0,0,0,0,0,0,0
608,0,0,0,0,0,0,0,0,0
609,0,0,0,0,0,0,0,0,0
610,0,0,0,0,0,0,0,0,0
611,0,0,0,0,0,0,0,0,0
612,0,0,0,0,0,0,0,0,0
613,0,0,0,0,0,0,0,0,0
614,0,0,0,0,0,0,0,0,0
615,0,0,0,0,0,0,0,0,0
616,0,0,0,0,0,0,0,0,0
617,0,0,0,0,0,0,0,0,0
618,0,0,0,0,0,0,0,0,0
619,0,0,0,0,0,0,0,0,0
620,0,0,0,0,0,0,0,0,0
621,0,0,0,0,0,0,0,0,0
622,0,0,0,0,0,0,0,0,0
623,0,0,0,0,0,0,0,0,0
624,0,0,0,0,0,0,0,0,0
625,0,0,0,0,0,0,0,0,0
626,0,0,0,0,0,0,0,0,0
627,0,0,0,0,0,0,0,0,0
628,0,0,0,0,0,0,0,0,0
629,0,0,0,0,0,0,0,0,0
630,0,0,0,0,0,0,0,0,0
631,0,0,0,0,0,0,0,0,0
632,0,0,0,0,0,0,0,0,0
633,0,0,0,0,0,0,0,0,0
634,0,0,0,0,0,0,0,0,0
635,0,0,0,0,0,0,0,0,0
636,0,0,0,0,0,0,0,0,0
637,0,0,0,0,0,0,0,0,0
638,0,0,0,0,0,0,0,0,0
639,0,0,0,0,0,0,0,0,0
640,0,0,0,0,0,0,0,0,0
641,0,0,0,0,0,0,0,0,0
642,0,0,0,0,0,0,0,0,0
643,0,0,0,0,0,0,0,0,0
644,0,0,0,0,0,0,0,0,0
645,0,0,0,0,0,0,0,0,0
646,0,0,0,0,0,0,0,0,0
647,0,0,0,0,0,0,0,0,0
648,0,0,0,0,0,0,0,0,0
649,0,0,0,0,0,0,0,0,0
650,0,0,0,0,0,0,0,0,0
651,0,0,0,0,0,0,0,0,0
652,0,0,0,0,0,0,0,0,0
653,0,0,0,0,0,0,0,0,0
654,0,0,0,0,0,0,0,0,0
655,0,0,0,0,0,0,0,0,0
656,0,0,0,0,0,0,0,0,0
657,0,0,0,0,0,0,0,0,0
658,0,0,0,0,0,0,0,0,0
659,0,0,0,0,0,0,0,0,0
660,0,0,0,0,0,0,0,0,0
661,0,0,0,0,0,0,0,0,0
662,0,0,0,0,0,0,0,0,0
663,0,0,0,0,0,0,0,0,0
664,0,0,0,0,0,0,0,0,0
665,0,0,0,0,0,0,0,0,0
666,0,0,0,0,0,0,0,0,0
667,0,0,0,0,0,0,0,0,0
668,0,0,0,0,0,0,0,0,0
669,0,0,0,0,0,0,0,0,0
670,0,0,0,0,0,0,0,0,0
671,0,0,0,0,0,0,0,0,0
672,0,0,0,0,0,0,0,0,0
673,0,0,0,0,0,0,0,0,0
674,0,0,0,0,0,0,0,0,0
675,0,0,0,0,0,0,0,0,0
676,0,0,0,0,0,0,0,0,0
677,0,0,0,0,0,0,0,0,0
678,0,0,0,0,0,0,0,0,0
679,0,0,0,0,0,0,0,0,0
680,0,0,0,0,0,0,0,0,0
681,0,0,0,0,0,0,0,0,0
682,0,0,0,0,0,0,0,0,0
683,0,0,0,0,0,0,0,0,0
684,0,0,0,0,0,0,0,0,0
685,0,0,0,0,0,0,0,0,0
686,0,0,0,0,0,0,0,0,0
687,0,0,0,0,0,0,0,0,0
688,0,0,0,0,0,0,0,0,0
689,0,0,0,0,0,0,0,0,0
690,0,0,0,0,0,0,0,0,0
691,0,0,0,0,0,0,0,0,0
692,0,0,0,0,0,0,0,0,0
693,0,0,0,0,0,0,0,0,0
694,0,0,0,0,0,0,0,0,0
695,0,0,0,0,0,0,0,0,0
696,0,0,0,0,0,0,0,0,0
697,0,0,0,0,0,0,0,0,0
698,0,0,0,0,0,0,0,0,0
699,0,0,0,0,0,0,0,0,0
700,0,0,0,0,0,0,0,0,0
701,0,0,0,0,0,0,0,0,0
702,0,0,0,0,0,0,0,0,0
703,0,0,0,0,0,0,0,0,0
704,0,0,0,0,0,0,0,0,0
705,0,0,0,0,0,0,0,0,0
706,0,0,0,0,0,0,0,0,0
707,0,0,0,0,0,0,0,0,0
708,0,0,0,0,0,0,0,0,0
709,0,0,0,0,0,0,0,0,0
710,0,0,0,0,0,0,0,0,0
711,0,0,0,0,0,0,0,0,0
712,0,0,0,0,0,0,0,0,0
713,0,0,0,0,0,0,0,0,0
714,0,0,0,0,0,0,0,0,0
715,0,0,0,0,0,0,0,0,0
716,0,0,0,0,0,0,0,0,0
717,0,0,0,0,0,0,0,0,0
718,0,0,0,0,0,0,0,0,0
719,0,0,0,0,0,0,0,0,0
720,0,0,0,0,0,0,0,0,0
721,0,0,0,0,0,0,0,0,0
722,0,0,0,0,0,0,0,0,0
723,0,0,0,0,0,0,0,0,0
724,0,0,0,0,0,0,0,0,0
725,0,0,0,0,0,0,0,0,0
726,0,0,0,0,0,0,0,0,0
727,0,0,0,0,0,0,0,0,0
728,0,0,0,0,0,0,0,0,0
729,0,0,0,0,0,0,0,0,0
730,0,0,0,0,0,0,0,0,0
731,0,0,0,0,0,0,0,0,0
732,0,0,0,0,0,0,0,0,0
733,0,0,0,0,0,0,0,0,0
734,0,0,0,0,0,0,0,0,0
735,0,0,0,0,0,0,0,0,0
736,0,0,0,0,0,0,0,0,0
737,0,0,0,0,0,0,0,0,0
738,0,0,0,0,0,0,0,0,0
739,0,0,0,0,0,0,0,0,0
740,0,0,0,0,0,0,0,0,0
741,0,0,0,0,0,0,0,0,0
742,0,0,0,0,0,0,0,0,0
743,0,0,0,0,0,0,0,0,0
744,0,0,0,0,0,0,0,0,0
745,0,0,0,0,0,0,0,0,0
746,0,0,0,0,0,0,0,0,0
747,0,0,0,0,0,0,0,0,0
748,0,0,0,0,0,0,0,0,0
749,0,0,0,0,0,0,0,0,0
750,0,0,0,0,0,0,0,0,0
0,194,7257,201425,4077983,57373546,517292847,2626655236,5935079656,3356972874
1,114,3435,74731,1194733,13289138,94636246,379053127,674533726,300012597
2,81,1971,34822,448567,4005604,22759678,72404074,102115234,35958511
3,39,827,12459,134689,1008671,4808231,12837704,15173642,4461089
4,31,581,7580,70582,454115,1857279,4248278,4273867,1062147
5,13,305,3474,28816,164907,602681,1232011,1114688,248487
6,4,121,1332,9784,48578,156692,283798,228342,44993
7,4,79,871,5873,27112,81865,138413,104212,19452
8,3,55,520,3171,13887,38062,57602,38394,6343
9,2,38,266,1766,7635,20493,30809,19575,3050
10,2,37,243,1483,5717,14005,19534,11466,1671
11,2,17,111,562,1969,4781,6310,3471,436
12,1,5,43,202,665,1486,1936,1089,143
13,1,5,43,181,588,1292,1615,883,116
14,1,5,36,131,414,907,1088,565,71
15,1,4,31,112,300,688,789,395,48
16,1,4,29,107,270,590,684,333,45
17,1,3,19,80,222,439,508,222,28
18,1,3,19,76,203,395,430,182,22
19,1,2,13,54,159,285,299,116,12
20,0,0,0,0,0,0,0,0,0
21,0,0,0,0,0,0,0,0,0
22,0,0,0,0,0,0,0,0,0
23,0,0,0,0,0,0,0,0,0
24,0,0,0,0,0,0,0,0,0
25,0,0,0,0,0,0,0,0,0
26,0,0,0,0,0,0,0,0,0
27,0,0,0,0,0,0,0,0,0
28,0,0,0,0,0,0,0,0,0
29,0,0,0,0,0,0,0,0,0
30,0,0,0,0,0,0,0,0,0
31,0,0,0,0,0,0,0,0,0
32,0,0,0,0,0,0,0,0,0
33,0,0,0,0,0,0,0,0,0
34,0,0,0,0,0,0,0,0,0
35,0,0,0,0,0,0,0,0,0
36,0,0,0,0,0,0,0,0,0
37,0,0,0,0,0,0,0,0,0
38,0,0,0,0,0,0,0,0,0
39,0,0,0,0,0,0,0,0,0
40,0,0,0,0,0,0,0,0,0
41,0,0,0,0,0,0,0,0,0
42,0,0,0,0,0,0,0,0,0
43,0,0,0,0,0,0,0,0,0
44,0,0,0,0,0,0,0,0,0
45,0,0,0,0,0,0,0,0,0
46,0,0,0,0,0,0,0,0,0
47,0,0,0,0,0,0,0,0,0
48,0,0,0,0,0,0,0,0,0
49,0,0,0,0,0,0,0,0,0
50,0,0,0,0,0,0,0,0,0
51,0,0,0,0,0,0,0,0,0
52,0,0,0,0,0,0,0,0,0
53,0,0,0,0,0,0,0,0,0
54,0,0,0,0,0,0,0,0,0
55,0,0,0,0,0,0,0,0,0
56,0,0,0,0,0,0,0,0,0
57,0,0,0,0,0,0,0,0,0
58,0,0,0,0,0,0,0,0,0
59,0,0,0,0,0,0,0,0,0
60,0,0,0,0,0,0,0,0,0
61,0,0,0,0,0,0,0,0,0
62,0,0,0,0,0,0,0,0,0
63,0,0,0,0,0,0,0,0,0
64,0,0,0,0,0,0,0,0,0
65,0,0,0,0,0,0,0,0,0
66,0,0,0,0,0,0,0,0,0
67,0,0,0,0,0,0,0,0,0
68,0,0,0,0,0,0,0,0,0
69,0,0,0,0,0,0,0,0,0
70,0,0,0,0,0,0,0,0,0
71,0,0,0,0,0,0,0,0,0
72,0,0,0,0,0,0,0,0,0
73,0,0,0,0,0,0,0,0,0
74,0,0,0,0,0,0,0,0,0
75,0,0,0,0,0,0,0,0,0
76,0,0,0,0,0,0,0,0,0
77,0,0,0,0,0,0,0,0,0
78,0,0,0,0,0,0,0,0,0
79,0,0,0,0,0,0,0,0,0
80,0,0,0,0,0,0,0,0,0
81,0,0,0,0,0,0,0,0,0
82,0,0,0,0,0,0,0,0,0
83,0,0,0,0,0,0,0,0,0
84,0,0,0,0,0,0,0,0,0
85,0,0,0,0,0,0,0,0,0
86,0,0,0,0,0,0,0,0,0
87,0,0,0,0,0,0,0,0,0
88,0,0,0,0,0,0,0,0,0
89,0,0,0,0,0,0,0,0,0
90,0,0,0,0,0,0,0,0,0
91,0,0,0,0,0,0,0,0,0
92,0,0,0,0,0,0,0,0,0
93,0,0,0,0,0,0,0,0,0
94,0,0,0,0,0,0,0,0,0
95,0,0,0,0,0,0,0,0,0
96,0,0,0,0,0,0,0,0,0
97,0,0,0,0,0,0,0,0,0
98,0,0,0,0,0,0,0,0,0
99,0,0,0,0,0,0,0,0,0
100,0,0,0,0,0,0,0,0,0
101,0,0,0,0,0,0,0,0,0
102,0,0,0,0,0,0,0,0,0
103,0,0,0,0,0,0,0,0,0
104,0,0,0,0,0,0,0,0,0
105,0,0,0,0,0,0,0,0,0
106,0,0,0,0,0,0,0,0,0
107,0,0,0,0,0,0,0,0,0
108,0,0,0,0,0,0,0,0,0
109,0,0,0,0,0,0,0,0,0
110,0,0,0,0,0,0,0,0,0
111,0,0,0,0,0,0,0,0,0
112,0,0,0,0,0,0,0,0,0
113,0,0,0,0,0,0,0,0,0
114,0,0,0,0,0,0,0,0,0
115,0,0,0,0,0,0,0,0,0
116,0,0,0,0,0,0,0,0,0
117,0,0,0,0,0,0,0,0,0
118,0,0,0,0,0,0,0,0,0
119,0,0,0,0,0,0,0,0,0
120,0,0,0,0,0,0,0,0,0
121,0,0,0,0,0,0,0,0,0
122,0,0,0,0,0,0,0,0,0
123,0,0,0,0,0,0,0,0,0
124,0,0,0,0,0,0,0,0,0
125,0,0,0,0,0,0,0,0,0
126,0,0,0,0,0,0,0,0,0
127,0,0,0,0,0,0,0,0,0
128,0,0,0,0,0,0,0,0,0
129,0,0,0,0,0,0,0,0,0
130,0,0,0,0,0,0,0,0,0
131,0,0,0,0,0,0,0,0,0
132,0,0,0,0,0,0,0,0,0
133,0,0,0,0,0,0,0,0,0
134,0,0,0,0,0,0,0,0,0
135,0,0,0,0,0,0,0,0,0
136,0,0,0,0,0,0,0,0,0
137,0,0,0,0,0,0,0,0,0
138,0,0,0,0,0,0,0,0,0
139,0,0,0,0,0,0,0,0,0
140,0,0,0,0,0,0,0,0,0
141,0,0,0,0,0,0,0,0,0
142,0,0,0,0,0,0,0,0,0
143,0,0,0,0,0,0,0,0,0
144,0,0,0,0,0,0,0,0,0
145,0,0,0,0,0,0,0,0,0
146,0,0,0,0,0,0,0,0,0
147,0,0,0,0,0,0,0,0,0
148,0,0,0,0,0,0,0,0,0
149,0,0,0,0,0,0,0,0,0
150,0,0,0,0,0,0,0,0,0
151,0,0,0,0,0,0,0,0,0
152,0,0,0,0,0,0,0,0,0
153,0,0,0,0,0,0,0,0,0
154,0,0,0,0,0,0,0,0,0
155,0,0,0,0,0,0,0,0,0
156,0,0,0,0,0,0,0,0,0
157,0,0,0,0,0,0,0,0,0
158,0,0,0,0,0,0,0,0,0
159,0,0,0,0,0,0,0,0,0
160,0,0,0,0,0,0,0,0,0
161,0,0,0,0,0,0,0,0,0
162,0,0,0,0,0,0,0,0,0
163,0,0,0,0,0,0,0,0,0
164,0,0,0,0,0,0,0,0,0
165,0,0,0,0,0,0,0,0,0
166,0,0,0,0,0,0,0,0,0
167,0,0,0,0,0,0,0,0,0
168,0,0,0,0,0,0,0,0,0
169,0,0,0,0,0,0,0,0,0
170,0,0,0,0,0,0,0,0,0
171,0,0,0,0,0,0,0,0,0
172,0,0,0,0,0,0,0,0,0
173,0,0,0,0,0,0,0,0,0
174,0,0,0,0,0,0,0,0,0
175,0,0,0,0,0,0,0,0,0
176,0,0,0,0,0,0,0,0,0
177,0,0,0,0,0,0,0,0,0
178,0,0,0,0,0,0,0,0,0
179,0,0,0,0,0,0,0,0,0
180,0,0,0,0,0,0,0,0,0
181,0,0,0,0,0,0,0,0,0
182,0,0,0,0,0,0,0,0,0
183,0,0,0,0,0,0,0,0,0
184,0,0,0,0,0,0,0,0,0
185,0,0,0,0,0,0,0,0,0
186,0,0,0,0,0,0,0,0,0
187,0,0,0,0,0,0,0,0,0
188,0,0,0,0,0,0,0,0,0
189,0,0,0,0,0,0,0,0,0
190,0,0,0,0,0,0,0,0,0
191,0,0,0,0,0,0,0,0,0
192,0,0,0,0,0,0,0,0,0
193,0,0,0,0,0,0,0,0,0
194,0,0,0,0,0,0,0,0,0
195,0,0,0,0,0,0,0,0,0
196,0,0,0,0,0,0,0,0,0
197,0,0,0,0,0,0,0,0,0
198,0,0,0,0,0,0,0,0,0
199,0,0,0,0,0,0,0,0,0
200,0,0,0,0,0,0,0,0,0
201,0,0,0,0,0,0,0,0,0
202,0,0,0,0,0,0,0,0,0
203,0,0,0,0,0,0,0,0,0
204,0,0,0,0,0,0,0,0,0
205,0,0,0,0,0,0,0,0,0
206,0,0,0,0,0,0,0,0,0
207,0,0,0,0,0,0,0,0,0
208,0,0,0,0,0,0,0,0,0
209,0,0,0,0,0,0,0,0,0
210,0,0,0,0,0,0,0,0,0
211,0,0,0,0,0,0,0,0,0
212,0,0,0,0,0,0,0,0,0
213,0,0,0,0,0,0,0,0,0
214,0,0,0,0,0,0,0,0,0
215,0,0,0,0,0,0,0,0,0
216,0,0,0,0,0,0,0,0,0
217,0,0,0,0,0,0,0,0,0
218,0,0,0,0,0,0,0,0,0
219,0,0,0,0,0,0,0,0,0
220,0,0,0,0,0,0,0,0,0
221,0,0,0,0,0,0,0,0,0
222,0,0,0,0,0,0,0,0,0
223,0,0,0,0,0,0,0,0,0
224,0,0,0,0,0,0,0,0,0
225,0,0,0,0,0,0,0,0,0
226,0,0,0,0,0,0,0,0,0
227,0,0,0,0,0,0,0,0,0
228,0,0,0,0,0,0,0,0,0
229,0,0,0,0,0,0,0,0,0
230,0,0,0,0,0,0,0,0,0
231,0,0,0,0,0,0,0,0,0
232,0,0,0,0,0,0,0,0,0
233,0,0,0,0,0,0,0,0,0
234,0,0,0,0,0,0,0,0,0
235,0,0,0,0,0,0,0,0,0
236,0,0,0,0,0,0,0,0,0
237,0,0,0,0,0,0,0,0,0
238,0,0,0,0,0,0,0,0,0
239,0,0,0,0,0,0,0,0,0
240,0,0,0,0,0,0,0,0,0
241,0,0,0,0,0,0,0,0,0
242,0,0,0,0,0,0,0,0,0
243,0,0,0,0,0,0,0,0,0
244,0,0,0,0,0,0,0,0,0
245,0,0,0,0,0,0,0,0,0
246,0,0,0,0,0,0,0,0,0
247,0,0,0,0,0,0,0,0,0
248,0,0,0,0,0,0,0,0,0
249,0,0,0,0,0,0,0,0,0
250,0,0,0,0,0,0,0,0,0
251,0,0,0,0,0,0,0,0,0
252,0,0,0,0,0,0,0,0,0
253,0,0,0,0,0,0,0,0,0
254,0,0,0,0,0,0,0,0,0
255,0,0,0,0,0,0,0,0,0
256,0,0,0,0,0,0,0,0,0
257,0,0,0,0,0,0,0,0,0
258,0,0,0,0,0,0,0,0,0
259,0,0,0,0,0,0,0,0,0
260,0,0,0,0,0,0,0,0,0
261,0,0,0,0,0,0,0,0,0
262,0,0,0,0,0,0,0,0,0
263,0,0,0,0,0,0,0,0,0
264,0,0,0,0,0,0,0,0,0
265,0,0,0,0,0,0,0,0,0
266,0,0,0,0,0,0,0,0,0
267,0,0,0,0,0,0,0,0,0
268,0,0,0,0,0,0,0,0,0
269,0,0,0,0,0,0,0,0,0
270,0,0,0,0,0,0,0,0,0
271,0,0,0,0,0,0,0,0,0
272,0,0,0,0,0,0,0,0,0
273,0,0,0,0,0,0,0,0,0
274,0,0,0,0,0,0,0,0,0
275,0,0,0,0,0,0,0,0,0
276,0,0,0,0,0,0,0,0,0
277,0,0,0,0,0,0,0,0,0
278,0,0,0,0,0,0,0,0,0
279,0,0,0,0,0,0,0,0,0
280,0,0,0,0,0,0,0,0,0
281,0,0,0,0,0,0,0,0,0
282,0,0,0,0,0,0,0,0,0
283,0,0,0,0,0,0,0,0,0
284,0,0,0,0,0,0,0,0,0
285,0,0,0,0,0,0,0,0,0
286,0,0,0,0,0,0,0,0,0
287,0,0,0,0,0,0,0,0,0
288,0,0,0,0,0,0,0,0,0
289,0,0,0,0,0,0,0,0,0
290,0,0,0,0,0,0,0,0,0
291,0,0,0,0,0,0,0,0,0
292,0,0,0,0,0,0,0,0,0
293,0,0,0,0,0,0,0,0,0
294,0,0,0,0,0,0,0,0,0
295,0,0,0,0,0,0,0,0,0
296,0,0,0,0,0,0,0,0,0
297,0,0,0,0,0,0,0,0,0
298,0,0,0,0,0,0,0,0,0
299,0,0,0,0,0,0,0,0,0
300,0,0,0,0,0,0,0,0,0
301,0,0,0,0,0,0,0,0,0
302,0,0,0,0,0,0,0,0,0
303,0,0,0,0,0,0,0,0,0
304,0,0,0,0,0,0,0,0,0
305,0,0,0,0,0,0,0,0,0
306,0,0,0,0,0,0,0,0,0
307,0,0,0,0,0,0,0,0,0
308,0,0,0,0,0,0,0,0,0
309,0,0,0,0,0,0,0,0,0
310,0,0,0,0,0,0,0,0,0
311,0,0,0,0,0,0,0,0,0
312,0,0,0,0,0,0,0,0,0
313,0,0,0,0,0,0,0,0,0
314,0,0,0,0,0,0,0,0,0
315,0,0,0,0,0,0,0,0,0
316,0,0,0,0,0,0,0,0,0
317,0,0,0,0,0,0,0,0,0
318,0,0,0,0,0,0,0,0,0
319,0,0,0,0,0,0,0,0,0
320,0,0,0,0,0,0,0,0,0
321,0,0,0,0,0,0,0,0,0
322,0,0,0,0,0,0,0,0,0
323,0,0,0,0,0,0,0,0,0
324,0,0,0,0,0,0,0,0,0
325,0,0,0,0,0,0,0,0,0
326,0,0,0,0,0,0,0,0,0
327,0,0,0,0,0,0,0,0,0
328,0,0,0,0,0,0,0,0,0
329,0,0,0,0,0,0,0,0,0
330,0,0,0,0,0,0,0,0,0
331,0,0,0,0,0,0,0,0,0
332,0,0,0,0,0,0,0,0,0
333,0,0,0,0,0,0,0,0,0
334,0,0,0,0,0,0,0,0,0
335,0,0,0,0,0,0,0,0,0
336,0,0,0,0,0,0,0,0,0
337,0,0,0,0,0,0,0,0,0
338,0,0,0,0,0,0,0,0,0
339,0,0,0,0,0,0,0,0,0
340,0,0,0,0,0,0,0,0,0
341,0,0,0,0,0,0,0,0,0
342,0,0,0,0,0,0,0,0,0
343,0,0,0,0,0,0,0,0,0
344,0,0,0,0,0,0,0,0,0
345,0,0,0,0,0,0,0,0,0
346,0,0,0,0,0,0,0,0,0
347,0,0,0,0,0,0,0,0,0
348,0,0,0,0,0,0,0,0,0
349,0,0,0,0,0,0,0,0,0
350,0,0,0,0,0,0,0,0,0
351,0,0,0,0,0,0,0,0,0
352,0,0,0,0,0,0,0,0,0
353,0,0,0,0,0,0,0,0,0
354,0,0,0,0,0,0,0,0,0
355,0,0,0,0,0,0,0,0,0
356,0,0,0,0,0,0,0,0,0
357,0,0,0,0,0,0,0,0,0
358,0,0,0,0,0,0,0,0,0
359,0,0,0,0,0,0,0,0,0
360,0,0,0,0,0,0,0,0,0
361,0,0,0,0,0,0,0,0,0
362,0,0,0,0,0,0,0,0,0
363,0,0,0,0,0,0,0,0,0
364,0,0,0,0,0,0,0,0,0
365,0,0,0,0,0,0,0,0,0
366,0,0,0,0,0,0,0,0,0
367,0,0,0,0,0,0,0,0,0
368,0,0,0,0,0,0,0,0,0
369,0,0,0,0,0,0,0,0,0
370,0,0,0,0,0,0,0,0,0
371,0,0,0,0,0,0,0,0,0
372,0,0,0,0,0,0,0,0,0
373,0,0,0,0,0,0,0,0,0
374,0,0,0,0,0,0,0,0,0
375,0,0,0,0,0,0,0,0,0
376,0,0,0,0,0,0,0,0,0
377,0,0,0,0,0,0,0,0,0
378,0,0,0,0,0,0,0,0,0
379,0,0,0,0,0,0,0,0,0
380,0,0,0,0,0,0,0,0,0
381,0,0,0,0,0,0,0,0,0
382,0,0,0,0,0,0,0,0,0
383,0,0,0,0,0,0,0,0,0
384,0,0,0,0,0,0,0,0,0
385,0,0,0,0,0,0,0,0,0
386,0,0,0,0,0,0,0,0,0
387,0,0,0,0,0,0,0,0,0
388,0,0,0,0,0,0,0,0,0
389,0,0,0,0,0,0,0,0,0
390,0,0,0,0,0,0,0,0,0
391,0,0,0,0,0,0,0,0,0
392,0,0,0,0,0,0,0,0,0
393,0,0,0,0,0,0,0,0,0
394,0,0,0,0,0,0,0,0,0
395,0,0,0,0,0,0,0,0,0
396,0,0,0,0,0,0,0,0,0
397,0,0,0,0,0,0,0,0,0
398,0,0,0,0,0,0,0,0,0
399,0,0,0,0,0,0,0,0,0
400,0,0,0,0,0,0,0,0,0
401,0,0,0,0,0,0,0,0,0
402,0,0,0,0,0,0,0,0,0
403,0,0,0,0,0,0,0,0,0
404,0,0,0,0,0,0,0,0,0
405,0,0,0,0,0,0,0,0,0
406,0,0,0,0,0,0,0,0,0
407,0,0,0,0,0,0,0,0,0
408,0,0,0,0,0,0,0,0,0
409,0,0,0,0,0,0,0,0,0
410,0,0,0,0,0,0,0,0,0
411,0,0,0,0,0,0,0,0,0
412,0,0,0,0,0,0,0,0,0
413,0,0,0,0,0,0,0,0,0
414,0,0,0,0,0,0,0,0,0
415,0,0,0,0,0,0,0,0,0
416,0,0,0,0,0,0,0,0,0
417,0,0,0,0,0,0,0,0,0
418,0,0,0,0,0,0,0,0,0
419,0,0,0,0,0,0,0,0,0
420,0,0,0,0,0,0,0,0,0
421,0,0,0,0,0,0,0,0,0
422,0,0,0,0,0,0,0,0,0
423,0,0,0,0,0,0,0,0,0
424,0,0,0,0,0,0,0,0,0
425,0,0,0,0,0,0,0,0,0
426,0,0,0,0,0,0,0,0,0
427,0,0,0,0,0,0,0,0,0
428,0,0,0,0,0,0,0,0,0
429,0,0,0,0,0,0,0,0,0
430,0,0,0,0,0,0,0,0,0
431,0,0,0,0,0,0,0,0,0
432,0,0,0,0,0,0,0,0,0
433,0,0,0,0,0,0,0,0,0
434,0,0,0,0,0,0,0,0,0
435,0,0,0,0,0,0,0,0,0
436,0,0,0,0,0,0,0,0,0
437,0,0,0,0,0,0,0,0,0
438,0,0,0,0,0,0,0,0,0
439,0,0,0,0,0,0,0,0,0
440,0,0,0,0,0,0,0,0,0
441,0,0,0,0,0,0,0,0,0
442,0,0,0,0,0,0,0,0,0
443,0,0,0,0,0,0,0,0,0
444,0,0,0,0,0,0,0,0,0
445,0,0,0,0,0,0,0,0,0
446,0,0,0,0,0,0,0,0,0
447,0,0,0,0,0,0,0,0,0
448,0,0,0,0,0,0,0,0,0
449,0,0,0,0,0,0,0,0,0
450,0,0,0,0,0,0,0,0,0
451,0,0,0,0,0,0,0,0,0
452,0,0,0,0,0,0,0,0,0
453,0,0,0,0,0,0,0,0,0
454,0,0,0,0,0,0,0,0,0
455,0,0,0,0,0,0,0,0,0
456,0,0,0,0,0,0,0,0,0
457,0,0,0,0,0,0,0,0,0
458,0,0,0,0,0,0,0,0,0
459,0,0,0,0,0,0,0,0,0
460,0,0,0,0,0,0,0,0,0
461,0,0,0,0,0,0,0,0,0
462,0,0,0,0,0,0,0,0,0
463,0,0,0,0,0,0,0,0,0
464,0,0,0,0,0,0,0,0,0
465,0,0,0,0,0,0,0,0,0
466,0,0,0,0,0,0,0,0,0
467,0,0,0,0,0,0,0,0,0
468,0,0,0,0,0,0,0,0,0
469,0,0,0,0,0,0,0,0,0
470,0,0,0,0,0,0,0,0,0
471,0,0,0,0,0,0,0,0,0
472,0,0,0,0,0,0,0,0,0
473,0,0,0,0,0,0,0,0,0
474,0,0,0,0,0,0,0,0,0
475,0,0,0,0,0,0,0,0,0
476,0,0,0,0,0,0,0,0,0
477,0,0,0,0,0,0,0,0,0
478,0,0,0,0,0,0,0,0,0
479,0,0,0,0,0,0,0,0,0
480,0,0,0,0,0,0,0,0,0
481,0,0,0,0,0,0,0,0,0
482,0,0,0,0,0,0,0,0,0
483,0,0,0,0,0,0,0,0,0
484,0,0,0,0,0,0,0,0,0
485,0,0,0,0,0,0,0,0,0
486,0,0,0,0,0,0,0,0,0
487,0,0,0,0,0,0,0,0,0
488,0,0,0,0,0,0,0,0,0
489,0,0,0,0,0,0,0,0,0
490,0,0,0,0,0,0,0,0,0
491,0,0,0,0,0,0,0,0,0
492,0,0,0,0,0,0,0,0,0
493,0,0,0,0,0,0,0,0,0
494,0,0,0,0,0,0,0,0,0
495,0,0,0,0,0,0,0,0,0
496,0,0,0,0,0,0,0,0,0
497,0,0,0,0,0,0,0,0,0
498,0,0,0,0,0,0,0,0,0
499,0,0,0,0,0,0,0,0,0
500,0,0,0,0,0,0,0,0,0
501,0,0,0,0,0,0,0,0,0
502,0,0,0,0,0,0,0,0,0
503,0,0,0,0,0,0,0,0,0
504,0,0,0,0,0,0,0,0,0
505,0,0,0,0,0,0,0,0,0
506,0,0,0,0,0,0,0,0,0
507,0,0,0,0,0,0,0,0,0
508,0,0,0,0,0,0,0,0,0
509,0,0,0,0,0,0,0,0,0
510,0,0,0,0,0,0,0,0,0
511,0,0,0,0,0,0,0,0,0
512,0,0,0,0,0,0,0,0,0
513,0,0,0,0,0,0,0,0,0
514,0,0,0,0,0,0,0,0,0
515,0,0,0,0,0,0,0,0,0
516,0,0,0,0,0,0,0,0,0
517,0,0,0,0,0,0,0,0,0
518,0,0,0,0,0,0,0,0,0
519,0,0,0,0,0,0,0,0,0
520,0,0,0,0,0,0,0,0,0
521,0,0,0,0,0,0,0,0,0
522,0,0,0,0,0,0,0,0,0
523,0,0,0,0,0,0,0,0,0
524,0,0,0,0,0,0,0,0,0
525,0,0,0,0,0,0,0,0,0
526,0,0,0,0,0,0,0,0,0
527,0,0,0,0,0,0,0,0,0
528,0,0,0,0,0,0,0,0,0
529,0,0,0,0,0,0,0,0,0
530,0,0,0,0,0,0,0,0,0
531,0,0,0,0,0,0,0,0,0
532,0,0,0,0,0,0,0,0,0
533,0,0,0,0,0,0,0,0,0
534,0,0,0,0,0,0,0,0,0
535,0,0,0,0,0,0,0,0,0
536,0,0,0,0,0,0,0,0,0
537,0,0,0,0,0,0,0,0,0
538,0,0,0,0,0,0,0,0,0
539,0,0,0,0,0,0,0,0,0
540,0,0,0,0,0,0,0,0,0
541,0,0,0,0,0,0,0,0,0
542,0,0,0,0,0,0,0,0,0
543,0,0,0,0,0,0,0,0,0
544,0,0,0,0,0,0,0,0,0
545,0,0,0,0,0,0,0,0,0
546,0,0,0,0,0,0,0,0,0
547,0,0,0,0,0,0,0,0,0
548,0,0,0,0,0,0,0,0,0
549,0,0,0,0,0,0,0,0,0
550,0,0,0,0,0,0,0,0,0
551,0,0,0,0,0,0,0,0,0
552,0,0,0,0,0,0,0,0,0
553,0,0,0,0,0,0,0,0,0
554,0,0,0,0,0,0,0,0,0
555,0,0,0,0,0,0,0,0,0
556,0,0,0,0,0,0,0,0,0
557,0,0,0,0,0,0,0,0,0
558,0,0,0,0,0,0,0,0,0
559,0,0,0,0,0,0,0,0,0
560,0,0,0,0,0,0,0,0,0
561,0,0,0,0,0,0,0,0,0
562,0,0,0,0,0,0,0,0,0
563,0,0,0,0,0,0,0,0,0
564,0,0,0,0,0,0,0,0,0
565,0,0,0,0,0,0,0,0,0
566,0,0,0,0,0,0,0,0,0
567,0,0,0,0,0,0,0,0,0
568,0,0,0,0,0,0,0,0,0
569,0,0,0,0,0,0,0,0,0
570,0,0,0,0,0,0,0,0,0
571,0,0,0,0,0,0,0,0,0
572,0,0,0,0,0,0,0,0,0
573,0,0,0,0,0,0,0,0,0
574,0,0,0,0,0,0,0,0,0
575,0,0,0,0,0,0,0,0,0
576,0,0,0,0,0,0,0,0,0
577,0,0,0,0,0,0,0,0,0
578,0,0,0,0,0,0,0,0,0
579,0,0,0,0,0,0,0,0,0
580,0,0,0,0,0,0,0,0,0
581,0,0,0,0,0,0,0,0,0
582,0,0,0,0,0,0,0,0,0
583,0,0,0,0,0,0,0,0,0
584,0,0,0,0,0,0,0,0,0
585,0,0,0,0,0,0,0,0,0
586,0,0,0,0,0,0,0,0,0
587,0,0,0,0,0,0,0,0,0
588,0,0,0,0,0,0,0,0,0
589,0,0,0,0,0,0,0,0,0
590,0,0,0,0,0,0,0,0,0
591,0,0,0,0,0,0,0,0,0
592,0,0,0,0,0,0,0,0,0
593,0,0,0,0,0,0,0,0,0
594,0,0,0,0,0,0,0,0,0
595,0,0,0,0,0,0,0,0,0
596,0,0,0,0,0,0,0,0,0
597,0,0,0,0,0,0,0,0,0
598,0,0,0,0,0,0,0,0,0
599,0,0,0,0,0,0,0,0,0
600,0,0,0,0,0,0,0,0,0
601,0,0,0,0,0,0,0,0,0
602,0,0,0,0,0,0,0,0,0
603,0,0,0,0,0,0,0,0,0
604,0,0,0,0,0,0,0,0,0
605,0,0,0,0,0,0,0,0,0
606,0,0,0,0,0,0,0,0,0
607,0,0,0,0,0,0,0,0,0
608,0,0,0,0,0,0,0,0,0
609,0,0,0,0,0,0,0,0,0
610,0,0,0,0,0,0,0,0,0
611,0,0,0,0,0,0,0,0,0
612,0,0,0,0,0,0,0,0,0
613,0,0,0,0,0,0,0,0,0
614,0,0,0,0,0,0,0,0,0
615,0,0,0,0,0,0,0,0,0
616,0,0,0,0,0,0,0,0,0
617,0,0,0,0,0,0,0,0,0
618,0,0,0,0,0,0,0,0,0
619,0,0,0,0,0,0,0,0,0
620,0,0,0,0,0,0,0,0,0
621,0,0,0,0,0,0,0,0,0
622,0,0,0,0,0,0,0,0,0
623,0,0,0,0,0,0,0,0,0
624,0,0,0,0,0,0,0,0,0
625,0,0,0,0,0,0,0,0,0
626,0,0,0,0,0,0,0,0,0
627,0,0,0,0,0,0,0,0,0
628,0,0,0,0,0,0,0,0,0
629,0,0,0,0,0,0,0,0,0
630,0,0,0,0,0,0,0,0,0
631,0,0,0,0,0,0,0,0,0
632,0,0,0,0,0,0,0,0,0
633,0,0,0,0,0,0,0,0,0
634,0,0,0,0,0,0,0,0,0
635,0,0,0,0,0,0,0,0,0
636,0,0,0,0,0,0,0,0,0
637,0,0,0,0,0,0,0,0,0
638,0,0,0,0,0,0,0,0,0
639,0,0,0,0,0,0,0,0,0
640,0,0,0,0,0,0,0,0,0
641,0,0,0,0,0,0,0,0,0
642,0,0,0,0,0,0,0,0,0
643,0,0,0,0,0,0,0,0,0
644,0,0,0,0,0,0,0,0,0
645,0,0,0,0,0,0,0,0,0
646,0,0,0,0,0,0,0,0,0
647,0,0,0,0,0,0,0,0,0
648,0,0,0,0,0,0,0,0,0
649,0,0,0,0,0,0,0,0,0
650,0,0,0,0,0,0,0,0,0
651,0,0,0,0,0,0,0,0,0
652,0,0,0,0,0,0,0,0,0
653,0,0,0,0,0,0,0,0,0
654,0,0,0,0,0,0,0,0,0
655,0,0,0,0,0,0,0,0,0
656,0,0,0,0,0,0,0,0,0
657,0,0,0,0,0,0,0,0,0
658,0,0,0,0,0,0,0,0,0
659,0,0,0,0,0,0,0,0,0
660,0,0,0,0,0,0,0,0,0
661,0,0,0,0,0,0,0,0,0
662,0,0,0,0,0,0,0,0,0
663,0,0,0,0,0,0,0,0,0
664,0,0,0,0,0,0,0,0,0
665,0,0,0,0,0,0,0,0,0
666,0,0,0,0,0,0,0,0,0
667,0,0,0,0,0,0,0,0,0
668,0,0,0,0,0,0,0,0,0
669,0,0,0,0,0,0,0,0,0
670,0,0,0,0,0,0,0,0,0
671,0,0,0,0,0,0,0,0,0
672,0,0,0,0,0,0,0,0,0
673,0,0,0,0,0,0,0,0,0
674,0,0,0,0,0,0,0,0,0
675,0,0,0,0,0,0,0,0,0
676,0,0,0,0,0,0,0,0,0
677,0,0,0,0,0,0,0,0,0
678,0,0,0,0,0,0,0,0,0
679,0,0,0,0,0,0,0,0,0
680,0,0,0,0,0,0,0,0,0
681,0,0,0,0,0,0,0,0,0
682,0,0,0,0,0,0,0,0,0
683,0,0,0,0,0,0,0,0,0
684,0,0,0,0,0,0,0,0,0
685,0,0,0,0,0,0,0,0,0
686,0,0,0,0,0,0,0,0,0
687,0,0,0,0,0,0,0,0,0
688,0,0,0,0,0,0,0,0,0
689,0,0,0,0,0,0,0,0,0
690,0,0,0,0,0,0,0,0,0
691,0,0,0,0,0,0,0,0,0
692,0,0,0,0,0,0,0,0,0
693,0,0,0,0,0,0,0,0,0
694,0,0,0,0,0,0,0,0,0
695,0,0,0,0,0,0,0,0,0
696,0,0,0,0,0,0,0,0,0
697,0,0,0,0,0,0,0,0,0
698,0,0,0,0,0,0,0,0,0
699,0,0,0,0,0,0,0,0,0
700,0,0,0,0,0,0,0,0,0
701,0,0,0,0,0,0,0,0,0
702,0,0,0,0,0,0,0,0,0
703,0,0,0,0,0,0,0,0,0
704,0,0,0,0,0,0,0,0,0
705,0,0,0,0,0,0,0,0,0
706,0,0,0,0,0,0,0,0,0
707,0,0,0,0,0,0,0,0,0
708,0,0,0,0,0,0,0,0,0
709,0,0,0,0,0,0,0,0,0
710,0,0,0,0,0,0,0,0,0
711,0,0,0,0,0,0,0,0,0
712,0,0,0,0,0,0,0,0,0
713,0,0,0,0,0,0,0,0,0
714,0,0,0,0,0,0,0,0,0
715,0,0,0,0,0,0,0,0,0
716,0,0,0,0,0,0,0,0,0
717,0,0,0,0,0,0,0,0,0
718,0,0,0,0,0,0,0,0,0
719,0,0,0,0,0,0,0,0,0
720,0,0,0,0,0,0,0,0,0
721,0,0,0,0,0,0,0,0,0
722,0,0,0,0,0,0,0,0,0
723,0,0,0,0,0,0,0,0,0
724,0,0,0,0,0,0,0,0,0
725,0,0,0,0,0,0,0,0,0
726,0,0,0,0,0,0,0,0,0
727,0,0,0,0,0,0,0,0,0
728,0,0,0,0,0,0,0,0,0
729,0,0,0,0,0,0,0,0,0
730,0,0,0,0,0,0,0,0,0
731,0,0,0,0,0,0,0,0,0
732,0,0,0,0,0,0,0,0,0
733,0,0,0,0,0,0,0,0,0
734,0,0,0,0,0,0,0,0,0
735,0,0,0,0,0,0,0,0,0
736,0,0,0,0,0,0,0,0,0
737,0,0,0,0,0,0,0,0,0
738,0,0,0,0,0,0,0,0,0
739,0,0,0,0,0,0,0,0,0
740,0,0,0,0,0,0,0,0,0
741,0,0,0,0,0,0,0,0,0
742,0,0,0,0,0,0,0,0,0
743,0,0,0,0,0,0,0,0,0
744,0,0,0,0,0,0,0,0,0
745,0,0,0,0,0,0,0,0,0
746,0,0,0,0,0,0,0,0,0
747,0,0,0,0,0,0,0,0,0
748,0,0,0,0,0,0,0,0,0
749,0,0,0,0,0,0,0,0,0
750,0,0,0,0,0,0,0,0,0
0,194,7257,201425,4077983,57373546,517292847,2626655236,5935079656,3356972874
1,66,2017,43752,701196,7808221,55722855,223815972,399772770,178548570
2,38,1016,18016,240478,2221494,13156202,43859226,65069273,24206713
3,26,597,9127,104660,827587,4214418,12069996,15390710,4910930
4,19,381,4856,47482,320272,1393704,3422881,3761442,1038774
5,14,267,3138,27748,169887,672266,1503905,1507199,380750
6,11,213,2294,18651,106039,388693,804254,743578,172212
7,5,110,981,7298,36445,119656,221055,183556,38192
8,0,38,308,2122,9352,27720,45156,33414,6072
9,0,35,246,1583,6423,17529,26584,17901,3001
10,0,35,233,1406,5480,14122,20363,12860,2004
11,0,18,116,680,2424,5643,7247,4207,622
12,0,11,83,439,1444,3212,4141,2392,356
13,0,3,42,210,736,1419,1564,718,85
14,0,3,35,148,470,786,749,318,37
15,0,3,35,148,438,694,634,270,31
16,0,1,22,119,321,436,368,130,14
17,0,1,20,96,231,278,209,79,11
18,0,1,20,96,231,278,209,79,11
19,0,1,20,96,226,255,178,66,8
20,0,1,20,82,173,157,97,33,3
21,0,1,18,50,108,96,58,18,1
22,0,0,10,31,53,33,25,5,0
23,0,0,4,15,28,18,14,3,0
24,0,0,4,15,27,17,10,3,0
25,0,0,4,13,23,16,9,3,0
26,0,0,2,7,11,8,9,3,0
27,0,0,2,7,11,8,9,3,0
28,0,0,2,5,9,8,7,2,0
29,0,0,0,0,2,5,7,2,0
30,0,0,0,0,2,5,7,2,0
31,0,0,0,0,2,5,7,2,0
32,0,0,0,0,2,4,7,2,0
33,0,0,0,0,2,2,7,0,0
34,0,0,0,0,2,2,7,0,0
35,0,0,0,0,2,2,6,0,0
36,0,0,0,0,0,0,0,0,0
37,0,0,0,0,0,0,0,0,0
38,0,0,0,0,0,0,0,0,0
39,0,0,0,0,0,0,0,0,0
40,0,0,0,0,0,0,0,0,0
41,0,0,0,0,0,0,0,0,0
42,0,0,0,0,0,0,0,0,0
43,0,0,0,0,0,0,0,0,0
44,0,0,0,0,0,0,0,0,0
45,0,0,0,0,0,0,0,0,0
46,0,0,0,0,0,0,0,0,0
47,0,0,0,0,0,0,0,0,0
48,0,0,0,0,0,0,0,0,0
49,0,0,0,0,0,0,0,0,0
50,0,0,0,0,0,0,0,0,0
51,0,0,0,0,0,0,0,0,0
52,0,0,0,0,0,0,0,0,0
53,0,0,0,0,0,0,0,0,0
54,0,0,0,0,0,0,0,0,0
55,0,0,0,0,0,0,0,0,0
56,0,0,0,0,0,0,0,0,0
57,0,0,0,0,0,0,0,0,0
58,0,0,0,0,0,0,0,0,0
59,0,0,0,0,0,0,0,0,0
60,0,0,0,0,0,0,0,0,0
61,0,0,0,0,0,0,0,0,0
62,0,0,0,0,0,0,0,0,0
63,0,0,0,0,0,0,0,0,0
64,0,0,0,0,0,0,0,0,0
65,0,0,0,0,0,0,0,0,0
66,0,0,0,0,0,0,0,0,0
67,0,0,0,0,0,0,0,0,0
68,0,0,0,0,0,0,0,0,0
69,0,0,0,0,0,0,0,0,0
70,0,0,0,0,0,0,0,0,0
71,0,0,0,0,0,0,0,0,0
72,0,0,0,0,0,0,0,0,0
73,0,0,0,0,0,0,0,0,0
74,0,0,0,0,0,0,0,0,0
75,0,0,0,0,0,0,0,0,0
76,0,0,0,0,0,0,0,0,0
77,0,0,0,0,0,0,0,0,0
78,0,0,0,0,0,0,0,0,0
79,0,0,0,0,0,0,0,0,0
80,0,0,0,0,0,0,0,0,0
81,0,0,0,0,0,0,0,0,0
82,0,0,0,0,0,0,0,0,0
83,0,0,0,0,0,0,0,0,0
84,0,0,0,0,0,0,0,0,0
85,0,0,0,0,0,0,0,0,0
86,0,0,0,0,0,0,0,0,0
87,0,0,0,0,0,0,0,0,0
88,0,0,0,0,0,0,0,0,0
89,0,0,0,0,0,0,0,0,0
90,0,0,0,0,0,0,0,0,0
91,0,0,0,0,0,0,0,0,0
92,0,0,0,0,0,0,0,0,0
93,0,0,0,0,0,0,0,0,0
94,0,0,0,0,0,0,0,0,0
95,0,0,0,0,0,0,0,0,0
96,0,0,0,0,0,0,0,0,0
97,0,0,0,0,0,0,0,0,0
98,0,0,0,0,0,0,0,0,0
99,0,0,0,0,0,0,0,0,0
100,0,0,0,0,0,0,0,0,0
101,0,0,0,0,0,0,0,0,0
102,0,0,0,0,0,0,0,0,0
103,0,0,0,0,0,0,0,0,0
104,0,0,0,0,0,0,0,0,0
105,0,0,0,0,0,0,0,0,0
106,0,0,0,0,0,0,0,0,0
107,0,0,0,0,0,0,0,0,0
108,0,0,0,0,0,0,0,0,0
109,0,0,0,0,0,0,0,0,0
110,0,0,0,0,0,0,0,0,0
111,0,0,0,0,0,0,0,0,0
112,0,0,0,0,0,0,0,0,0
113,0,0,0,0,0,0,0,0,0
114,0,0,0,0,0,0,0,0,0
115,0,0,0,0,0,0,0,0,0
116,0,0,0,0,0,0,0,0,0
117,0,0,0,0,0,0,0,0,0
118,0,0,0,0,0,0,0,0,0
119,0,0,0,0,0,0,0,0,0
120,0,0,0,0,0,0,0,0,0
121,0,0,0,0,0,0,0,0,0
122,0,0,0,0,0,0,0,0,0
123,0,0,0,0,0,0,0,0,0
124,0,0,0,0,0,0,0,0,0
125,0,0,0,0,0,0,0,0,0
126,0,0,0,0,0,0,0,0,0
127,0,0,0,0,0,0,0,0,0
128,0,0,0,0,0,0,0,0,0
129,0,0,0,0,0,0,0,0,0
130,0,0,0,0,0,0,0,0,0
131,0,0,0,0,0,0,0,0,0
132,0,0,0,0,0,0,0,0,0
133,0,0,0,0,0,0,0,0,0
134,0,0,0,0,0,0,0,0,0
135,0,0,0,0,0,0,0,0,0
136,0,0,0,0,0,0,0,0,0
137,0,0,0,0,0,0,0,0,0
138,0,0,0,0,0,0,0,0,0
139,0,0,0,0,0,0,0,0,0
140,0,0,0,0,0,0,0,0,0
141,0,0,0,0,0,0,0,0,0
142,0,0,0,0,0,0,0,0,0
143,0,0,0,0,0,0,0,0,0
144,0,0,0,0,0,0,0,0,0
145,0,0,0,0,0,0,0,0,0
146,0,0,0,0,0,0,0,0,0
147,0,0,0,0,0,0,0,0,0
148,0,0,0,0,0,0,0,0,0
149,0,0,0,0,0,0,0,0,0
150,0,0,0,0,0,0,0,0,0
151,0,0,0,0,0,0,0,0,0
152,0,0,0,0,0,0,0,0,0
153,0,0,0,0,0,0,0,0,0
154,0,0,0,0,0,0,0,0,0
155,0,0,0,0,0,0,0,0,0
156,0,0,0,0,0,0,0,0,0
157,0,0,0,0,0,0,0,0,0
158,0,0,0,0,0,0,0,0,0
159,0,0,0,0,0,0,0,0,0
160,0,0,0,0,0,0,0,0,0
161,0,0,0,0,0,0,0,0,0
162,0,0,0,0,0,0,0,0,0
163,0,0,0,0,0,0,0,0,0
164,0,0,0,0,0,0,0,0,0
165,0,0,0,0,0,0,0,0,0
166,0,0,0,0,0,0,0,0,0
167,0,0,0,0,0,0,0,0,0
168,0,0,0,0,0,0,0,0,0
169,0,0,0,0,0,0,0,0,0
170,0,0,0,0,0,0,0,0,0
171,0,0,0,0,0,0,0,0,0
172,0,0,0,0,0,0,0,0,0
173,0,0,0,0,0,0,0,0,0
174,0,0,0,0,0,0,0,0,0
175,0,0,0,0,0,0,0,0,0
176,0,0,0,0,0,0,0,0,0
177,0,0,0,0,0,0,0,0,0
178,0,0,0,0,0,0,0,0,0
179,0,0,0,0,0,0,0,0,0
180,0,0,0,0,0,0,0,0,0
181,0,0,0,0,0,0,0,0,0
182,0,0,0,0,0,0,0,0,0
183,0,0,0,0,0,0,0,0,0
184,0,0,0,0,0,0,0,0,0
185,0,0,0,0,0,0,0,0,0
186,0,0,0,0,0,0,0,0,0
187,0,0,0,0,0,0,0,0,0
188,0,0,0,0,0,0,0,0,0
189,0,0,0,0,0,0,0,0,0
190,0,0,0,0,0,0,0,0,0
191,0,0,0,0,0,0,0,0,0
192,0,0,0,0,0,0,0,0,0
193,0,0,0,0,0,0,0,0,0
194,0,0,0,0,0,0,0,0,0
195,0,0,0,0,0,0,0,0,0
196,0,0,0,0,0,0,0,0,0
197,0,0,0,0,0,0,0,0,0
198,0,0,0,0,0,0,0,0,0
199,0,0,0,0,0,0,0,0,0
200,0,0,0,0,0,0,0,0,0
201,0,0,0,0,0,0,0,0,0
202,0,0,0,0,0,0,0,0,0
203,0,0,0,0,0,0,0,0,0
204,0,0,0,0,0,0,0,0,0
205,0,0,0,0,0,0,0,0,0
206,0,0,0,0,0,0,0,0,0
207,0,0,0,0,0,0,0,0,0
208,0,0,0,0,0,0,0,0,0
209,0,0,0,0,0,0,0,0,0
210,0,0,0,0,0,0,0,0,0
211,0,0,0,0,0,0,0,0,0
212,0,0,0,0,0,0,0,0,0
213,0,0,0,0,0,0,0,0,0
214,0,0,0,0,0,0,0,0,0
215,0,0,0,0,0,0,0,0,0
216,0,0,0,0,0,0,0,0,0
217,0,0,0,0,0,0,0,0,0
218,0,0,0,0,0,0,0,0,0
219,0,0,0,0,0,0,0,0,0
220,0,0,0,0,0,0,0,0,0
221,0,0,0,0,0,0,0,0,0
222,0,0,0,0,0,0,0,0,0
223,0,0,0,0,0,0,0,0,0
224,0,0,0,0,0,0,0,0,0
225,0,0,0,0,0,0,0,0,0
226,0,0,0,0,0,0,0,0,0
227,0,0,0,0,0,0,0,0,0
228,0,0,0,0,0,0,0,0,0
229,0,0,0,0,0,0,0,0,0
230,0,0,0,0,0,0,0,0,0
231,0,0,0,0,0,0,0,0,0
232,0,0,0,0,0,0,0,0,0
233,0,0,0,0,0,0,0,0,0
234,0,0,0,0,0,0,0,0,0
235,0,0,0,0,0,0,0,0,0
236,0,0,0,0,0,0,0,0,0
237,0,0,0,0,0,0,0,0,0
238,0,0,0,0,0,0,0,0,0
239,0,0,0,0,0,0,0,0,0
240,0,0,0,0,0,0,0,0,0
241,0,0,0,0,0,0,0,0,0
242,0,0,0,0,0,0,0,0,0
243,0,0,0,0,0,0,0,0,0
244,0,0,0,0,0,0,0,0,0
245,0,0,0,0,0,0,0,0,0
246,0,0,0,0,0,0,0,0,0
247,0,0,0,0,0,0,0,0,0
248,0,0,0,0,0,0,0,0,0
249,0,0,0,0,0,0,0,0,0
250,0,0,0,0,0,0,0,0,0
251,0,0,0,0,0,0,0,0,0
252,0,0,0,0,0,0,0,0,0
253,0,0,0,0,0,0,0,0,0
254,0,0,0,0,0,0,0,0,0
255,0,0,0,0,0,0,0,0,0
256,0,0,0,0,0,0,0,0,0
257,0,0,0,0,0,0,0,0,0
258,0,0,0,0,0,0,0,0,0
259,0,0,0,0,0,0,0,0,0
260,0,0,0,0,0,0,0,0,0
261,0,0,0,0,0,0,0,0,0
262,0,0,0,0,0,0,0,0,0
263,0,0,0,0,0,0,0,0,0
264,0,0,0,0,0,0,0,0,0
265,0,0,0,0,0,0,0,0,0
266,0,0,0,0,0,0,0,0,0
267,0,0,0,0,0,0,0,0,0
268,0,0,0,0,0,0,0,0,0
269,0,0,0,0,0,0,0,0,0
270,0,0,0,0,0,0,0,0,0
271,0,0,0,0,0,0,0,0,0
272,0,0,0,0,0,0,0,0,0
273,0,0,0,0,0,0,0,0,0
274,0,0,0,0,0,0,0,0,0
275,0,0,0,0,0,0,0,0,0
276,0,0,0,0,0,0,0,0,0
277,0,0,0,0,0,0,0,0,0
278,0,0,0,0,0,0,0,0,0
279,0,0,0,0,0,0,0,0,0
280,0,0,0,0,0,0,0,0,0
281,0,0,0,0,0,0,0,0,0
282,0,0,0,0,0,0,0,0,0
283,0,0,0,0,0,0,0,0,0
284,0,0,0,0,0,0,0,0,0
285,0,0,0,0,0,0,0,0,0
286,0,0,0,0,0,0,0,0,0
287,0,0,0,0,0,0,0,0,0
288,0,0,0,0,0,0,0,0,0
289,0,0,0,0,0,0,0,0,0
290,0,0,0,0,0,0,0,0,0
291,0,0,0,0,0,0,0,0,0
292,0,0,0,0,0,0,0,0,0
293,0,0,0,0,0,0,0,0,0
294,0,0,0,0,0,0,0,0,0
295,0,0,0,0,0,0,0,0,0
296,0,0,0,0,0,0,0,0,0
297,0,0,0,0,0,0,0,0,0
298,0,0,0,0,0,0,0,0,0
299,0,0,0,0,0,0,0,0,0
300,0,0,0,0,0,0,0,0,0
301,0,0,0,0,0,0,0,0,0
302,0,0,0,0,0,0,0,0,0
303,0,0,0,0,0,0,0,0,0
304,0,0,0,0,0,0,0,0,0
305,0,0,0,0,0,0,0,0,0
306,0,0,0,0,0,0,0,0,0
307,0,0,0,0,0,0,0,0,0
308,0,0,0,0,0,0,0,0,0
309,0,0,0,0,0,0,0,0,0
310,0,0,0,0,0,0,0,0,0
311,0,0,0,0,0,0,0,0,0
312,0,0,0,0,0,0,0,0,0
313,0,0,0,0,0,0,0,0,0
314,0,0,0,0,0,0,0,0,0
315,0,0,0,0,0,0,0,0,0
316,0,0,0,0,0,0,0,0,0
317,0,0,0,0,0,0,0,0,0
318,0,0,0,0,0,0,0,0,0
319,0,0,0,0,0,0,0,0,0
320,0,0,0,0,0,0,0,0,0
321,0,0,0,0,0,0,0,0,0
322,0,0,0,0,0,0,0,0,0
323,0,0,0,0,0,0,0,0,0
324,0,0,0,0,0,0,0,0,0
325,0,0,0,0,0,0,0,0,0
326,0,0,0,0,0,0,0,0,0
327,0,0,0,0,0,0,0,0,0
328,0,0,0,0,0,0,0,0,0
329,0,0,0,0,0,0,0,0,0
330,0,0,0,0,0,0,0,0,0
331,0,0,0,0,0,0,0,0,0
332,0,0,0,0,0,0,0,0,0
333,0,0,0,0,0,0,0,0,0
334,0,0,0,0,0,0,0,0,0
335,0,0,0,0,0,0,0,0,0
336,0,0,0,0,0,0,0,0,0
337,0,0,0,0,0,0,0,0,0
338,0,0,0,0,0,0,0,0,0
339,0,0,0,0,0,0,0,0,0
340,0,0,0,0,0,0,0,0,0
341,0,0,0,0,0,0,0,0,0
342,0,0,0,0,0,0,0,0,0
343,0,0,0,0,0,0,0,0,0
344,0,0,0,0,0,0,0,0,0
345,0,0,0,0,0,0,0,0,0
346,0,0,0,0,0,0,0,0,0
347,0,0,0,0,0,0,0,0,0
348,0,0,0,0,0,0,0,0,0
349,0,0,0,0,0,0,0,0,0
350,0,0,0,0,0,0,0,0,0
351,0,0,0,0,0,0,0,0,0
352,0,0,0,0,0,0,0,0,0
353,0,0,0,0,0,0,0,0,0
354,0,0,0,0,0,0,0,0,0
355,0,0,0,0,0,0,0,0,0
356,0,0,0,0,0,0,0,0,0
357,0,0,0,0,0,0,0,0,0
358,0,0,0,0,0,0,0,0,0
359,0,0,0,0,0,0,0,0,0
360,0,0,0,0,0,0,0,0,0
361,0,0,0,0,0,0,0,0,0
362,0,0,0,0,0,0,0,0,0
363,0,0,0,0,0,0,0,0,0
364,0,0,0,0,0,0,0,0,0
365,0,0,0,0,0,0,0,0,0
366,0,0,0,0,0,0,0,0,0
367,0,0,0,0,0,0,0,0,0
368,0,0,0,0,0,0,0,0,0
369,0,0,0,0,0,0,0,0,0
370,0,0,0,0,0,0,0,0,0
371,0,0,0,0,0,0,0,0,0
372,0,0,0,0,0,0,0,0,0
373,0,0,0,0,0,0,0,0,0
374,0,0,0,0,0,0,0,0,0
375,0,0,0,0,0,0,0,0,0
376,0,0,0,0,0,0,0,0,0
377,0,0,0,0,0,0,0,0,0
378,0,0,0,0,0,0,0,0,0
379,0,0,0,0,0,0,0,0,0
380,0,0,0,0,0,0,0,0,0
381,0,0,0,0,0,0,0,0,0
382,0,0,0,0,0,0,0,0,0
383,0,0,0,0,0,0,0,0,0
384,0,0,0,0,0,0,0,0,0
385,0,0,0,0,0,0,0,0,0
386,0,0,0,0,0,0,0,0,0
387,0,0,0,0,0,0,0,0,0
388,0,0,0,0,0,0,0,0,0
389,0,0,0,0,0,0,0,0,0
390,0,0,0,0,0,0,0,0,0
391,0,0,0,0,0,0,0,0,0
392,0,0,0,0,0,0,0,0,0
393,0,0,0,0,0,0,0,0,0
394,0,0,0,0,0,0,0,0,0
395,0,0,0,0,0,0,0,0,0
396,0,0,0,0,0,0,0,0,0
397,0,0,0,0,0,0,0,0,0
398,0,0,0,0,0,0,0,0,0
399,0,0,0,0,0,0,0,0,0
400,0,0,0,0,0,0,0,0,0
401,0,0,0,0,0,0,0,0,0
402,0,0,0,0,0,0,0,0,0
403,0,0,0,0,0,0,0,0,0
404,0,0,0,0,0,0,0,0,0
405,0,0,0,0,0,0,0,0,0
406,0,0,0,0,0,0,0,0,0
407,0,0,0,0,0,0,0,0,0
408,0,0,0,0,0,0,0,0,0
409,0,0,0,0,0,0,0,0,0
410,0,0,0,0,0,0,0,0,0
411,0,0,0,0,0,0,0,0,0
412,0,0,0,0,0,0,0,0,0
413,0,0,0,0,0,0,0,0,0
414,0,0,0,0,0,0,0,0,0
415,0,0,0,0,0,0,0,0,0
416,0,0,0,0,0,0,0,0,0
417,0,0,0,0,0,0,0,0,0
418,0,0,0,0,0,0,0,0,0
419,0,0,0,0,0,0,0,0,0
420,0,0,0,0,0,0,0,0,0
421,0,0,0,0,0,0,0,0,0
422,0,0,0,0,0,0,0,0,0
423,0,0,0,0,0,0,0,0,0
424,0,0,0,0,0,0,0,0,0
425,0,0,0,0,0,0,0,0,0
426,0,0,0,0,0,0,0,0,0
427,0,0,0,0,0,0,0,0,0
428,0,0,0,0,0,0,0,0,0
429,0,0,0,0,0,0,0,0,0
430,0,0,0,0,0,0,0,0,0
431,0,0,0,0,0,0,0,0,0
432,0,0,0,0,0,0,0,0,0
433,0,0,0,0,0,0,0,0,0
434,0,0,0,0,0,0,0,0,0
435,0,0,0,0,0,0,0,0,0
436,0,0,0,0,0,0,0,0,0
437,0,0,0,0,0,0,0,0,0
438,0,0,0,0,0,0,0,0,0
439,0,0,0,0,0,0,0,0,0
440,0,0,0,0,0,0,0,0,0
441,0,0,0,0,0,0,0,0,0
442,0,0,0,0,0,0,0,0,0
443,0,0,0,0,0,0,0,0,0
444,0,0,0,0,0,0,0,0,0
445,0,0,0,0,0,0,0,0,0
446,0,0,0,0,0,0,0,0,0
447,0,0,0,0,0,0,0,0,0
448,0,0,0,0,0,0,0,0,0
449,0,0,0,0,0,0,0,0,0
450,0,0,0,0,0,0,0,0,0
451,0,0,0,0,0,0,0,0,0
452,0,0,0,0,0,0,0,0,0
453,0,0,0,0,0,0,0,0,0
454,0,0,0,0,0,0,0,0,0
455,0,0,0,0,0,0,0,0,0
456,0,0,0,0,0,0,0,0,0
457,0,0,0,0,0,0,0,0,0
458,0,0,0,0,0,0,0,0,0
459,0,0,0,0,0,0,0,0,0
460,0,0,0,0,0,0,0,0,0
461,0,0,0,0,0,0,0,0,0
462,0,0,0,0,0,0,0,0,0
463,0,0,0,0,0,0,0,0,0
464,0,0,0,0,0,0,0,0,0
465,0,0,0,0,0,0,0,0,0
466,0,0,0,0,0,0,0,0,0
467,0,0,0,0,0,0,0,0,0
468,0,0,0,0,0,0,0,0,0
469,0,0,0,0,0,0,0,0,0
470,0,0,0,0,0,0,0,0,0
471,0,0,0,0,0,0,0,0,0
472,0,0,0,0,0,0,0,0,0
473,0,0,0,0,0,0,0,0,0
474,0,0,0,0,0,0,0,0,0
475,0,0,0,0,0,0,0,0,0
476,0,0,0,0,0,0,0,0,0
477,0,0,0,0,0,0,0,0,0
478,0,0,0,0,0,0,0,0,0
479,0,0,0,0,0,0,0,0,0
480,0,0,0,0,0,0,0,0,0
481,0,0,0,0,0,0,0,0,0
482,0,0,0,0,0,0,0,0,0
483,0,0,0,0,0,0,0,0,0
484,0,0,0,0,0,0,0,0,0
485,0,0,0,0,0,0,0,0,0
486,0,0,0,0,0,0,0,0,0
487,0,0,0,0,0,0,0,0,0
488,0,0,0,0,0,0,0,0,0
489,0,0,0,0,0,0,0,0,0
490,0,0,0,0,0,0,0,0,0
491,0,0,0,0,0,0,0,0,0
492,0,0,0,0,0,0,0,0,0
493,0,0,0,0,0,0,0,0,0
494,0,0,0,0,0,0,0,0,0
495,0,0,0,0,0,0,0,0,0
496,0,0,0,0,0,0,0,0,0
497,0,0,0,0,0,0,0,0,0
498,0,0,0,0,0,0,0,0,0
499,0,0,0,0,0,0,0,0,0
500,0,0,0,0,0,0,0,0,0
501,0,0,0,0,0,0,0,0,0
502,0,0,0,0,0,0,0,0,0
503,0,0,0,0,0,0,0,0,0
504,0,0,0,0,0,0,0,0,0
505,0,0,0,0,0,0,0,0,0
506,0,0,0,0,0,0,0,0,0
507,0,0,0,0,0,0,0,0,0
508,0,0,0,0,0,0,0,0,0
509,0,0,0,0,0,0,0,0,0
510,0,0,0,0,0,0,0,0,0
511,0,0,0,0,0,0,0,0,0
512,0,0,0,0,0,0,0,0,0
513,0,0,0,0,0,0,0,0,0
514,0,0,0,0,0,0,0,0,0
515,0,0,0,0,0,0,0,0,0
516,0,0,0,0,0,0,0,0,0
517,0,0,0,0,0,0,0,0,0
518,0,0,0,0,0,0,0,0,0
519,0,0,0,0,0,0,0,0,0
520,0,0,0,0,0,0,0,0,0
521,0,0,0,0,0,0,0,0,0
522,0,0,0,0,0,0,0,0,0
523,0,0,0,0,0,0,0,0,0
524,0,0,0,0,0,0,0,0,0
525,0,0,0,0,0,0,0,0,0
526,0,0,0,0,0,0,0,0,0
527,0,0,0,0,0,0,0,0,0
528,0,0,0,0,0,0,0,0,0
529,0,0,0,0,0,0,0,0,0
530,0,0,0,0,0,0,0,0,0
531,0,0,0,0,0,0,0,0,0
532,0,0,0,0,0,0,0,0,0
533,0,0,0,0,0,0,0,0,0
534,0,0,0,0,0,0,0,0,0
535,0,0,0,0,0,0,0,0,0
536,0,0,0,0,0,0,0,0,0
537,0,0,0,0,0,0,0,0,0
538,0,0,0,0,0,0,0,0,0
539,0,0,0,0,0,0,0,0,0
540,0,0,0,0,0,0,0,0,0
541,0,0,0,0,0,0,0,0,0
542,0,0,0,0,0,0,0,0,0
543,0,0,0,0,0,0,0,0,0
544,0,0,0,0,0,0,0,0,0
545,0,0,0,0,0,0,0,0,0
546,0,0,0,0,0,0,0,0,0
547,0,0,0,0,0,0,0,0,0
548,0,0,0,0,0,0,0,0,0
549,0,0,0,0,0,0,0,0,0
550,0,0,0,0,0,0,0,0,0
551,0,0,0,0,0,0,0,0,0
552,0,0,0,0,0,0,0,0,0
553,0,0,0,0,0,0,0,0,0
554,0,0,0,0,0,0,0,0,0
555,0,0,0,0,0,0,0,0,0
556,0,0,0,0,0,0,0,0,0
557,0,0,0,0,0,0,0,0,0
558,0,0,0,0,0,0,0,0,0
559,0,0,0,0,0,0,0,0,0
560,0,0,0,0,0,0,0,0,0
561,0,0,0,0,0,0,0,0,0
562,0,0,0,0,0,0,0,0,0
563,0,0,0,0,0,0,0,0,0
564,0,0,0,0,0,0,0,0,0
565,0,0,0,0,0,0,0,0,0
566,0,0,0,0,0,0,0,0,0
567,0,0,0,0,0,0,0,0,0
568,0,0,0,0,0,0,0,0,0
569,0,0,0,0,0,0,0,0,0
570,0,0,0,0,0,0,0,0,0
571,0,0,0,0,0,0,0,0,0
572,0,0,0,0,0,0,0,0,0
573,0,0,0,0,0,0,0,0,0
574,0,0,0,0,0,0,0,0,0
575,0,0,0,0,0,0,0,0,0
576,0,0,0,0,0,0,0,0,0
577,0,0,0,0,0,0,0,0,0
578,0,0,0,0,0,0,0,0,0
579,0,0,0,0,0,0,0,0,0
580,0,0,0,0,0,0,0,0,0
581,0,0,0,0,0,0,0,0,0
582,0,0,0,0,0,0,0,0,0
583,0,0,0,0,0,0,0,0,0
584,0,0,0,0,0,0,0,0,0
585,0,0,0,0,0,0,0,0,0
586,0,0,0,0,0,0,0,0,0
587,0,0,0,0,0,0,0,0,0
588,0,0,0,0,0,0,0,0,0
589,0,0,0,0,0,0,0,0,0
590,0,0,0,0,0,0,0,0,0
591,0,0,0,0,0,0,0,0,0
592,0,0,0,0,0,0,0,0,0
593,0,0,0,0,0,0,0,0,0
594,0,0,0,0,0,0,0,0,0
595,0,0,0,0,0,0,0,0,0
596,0,0,0,0,0,0,0,0,0
597,0,0,0,0,0,0,0,0,0
598,0,0,0,0,0,0,0,0,0
599,0,0,0,0,0,0,0,0,0
600,0,0,0,0,0,0,0,0,0
601,0,0,0,0,0,0,0,0,0
602,0,0,0,0,0,0,0,0,0
603,0,0,0,0,0,0,0,0,0
604,0,0,0,0,0,0,0,0,0
605,0,0,0,0,0,0,0,0,0
606,0,0,0,0,0,0,0,0,0
607,0,0,0,0,0,0,0,0,0
608,0,0,0,0,0,0,0,0,0
609,0,0,0,0,0,0,0,0,0
610,0,0,0,0,0,0,0,0,0
611,0,0,0,0,0,0,0,0,0
612,0,0,0,0,0,0,0,0,0
613,0,0,0,0,0,0,0,0,0
614,0,0,0,0,0,0,0,0,0
615,0,0,0,0,0,0,0,0,0
616,0,0,0,0,0,0,0,0,0
617,0,0,0,0,0,0,0,0,0
618,0,0,0,0,0,0,0,0,0
619,0,0,0,0,0,0,0,0,0
620,0,0,0,0,0,0,0,0,0
621,0,0,0,0,0,0,0,0,0
622,0,0,0,0,0,0,0,0,0
623,0,0,0,0,0,0,0,0,0
624,0,0,0,0,0,0,0,0,0
625,0,0,0,0,0,0,0,0,0
626,0,0,0,0,0,0,0,0,0
627,0,0,0,0,0,0,0,0,0
628,0,0,0,0,0,0,0,0,0
629,0,0,0,0,0,0,0,0,0
630,0,0,0,0,0,0,0,0,0
631,0,0,0,0,0,0,0,0,0
632,0,0,0,0,0,0,0,0,0
633,0,0,0,0,0,0,0,0,0
634,0,0,0,0,0,0,0,0,0
635,0,0,0,0,0,0,0,0,0
636,0,0,0,0,0,0,0,0,0
637,0,0,0,0,0,0,0,0,0
638,0,0,0,0,0,0,0,0,0
639,0,0,0,0,0,0,0,0,0
640,0,0,0,0,0,0,0,0,0
641,0,0,0,0,0,0,0,0,0
642,0,0,0,0,0,0,0,0,0
643,0,0,0,0,0,0,0,0,0
644,0,0,0,0,0,0,0,0,0
645,0,0,0,0,0,0,0,0,0
646,0,0,0,0,0,0,0,0,0
647,0,0,0,0,0,0,0,0,0
648,0,0,0,0,0,0,0,0,0
649,0,0,0,0,0,0,0,0,0
650,0,0,0,0,0,0,0,0,0
651,0,0,0,0,0,0,0,0,0
652,0,0,0,0,0,0,0,0,0
653,0,0,0,0,0,0,0,0,0
654,0,0,0,0,0,0,0,0,0
655,0,0,0,0,0,0,0,0,0
656,0,0,0,0,0,0,0,0,0
657,0,0,0,0,0,0,0,0,0
658,0,0,0,0,0,0,0,0,0
659,0,0,0,0,0,0,0,0,0
660,0,0,0,0,0,0,0,0,0
661,0,0,0,0,0,0,0,0,0
662,0,0,0,0,0,0,0,0,0
663,0,0,0,0,0,0,0,0,0
664,0,0,0,0,0,0,0,0,0
665,0,0,0,0,0,0,0,0,0
666,0,0,0,0,0,0,0,0,0
667,0,0,0,0,0,0,0,0,0
668,0,0,0,0,0,0,0,0,0
669,0,0,0,0,0,0,0,0,0
670,0,0,0,0,0,0,0,0,0
671,0,0,0,0,0,0,0,0,0
672,0,0,0,0,0,0,0,0,0
673,0,0,0,0,0,0,0,0,0
674,0,0,0,0,0,0,0,0,0
675,0,0,0,0,0,0,0,0,0
676,0,0,0,0,0,0,0,0,0
677,0,0,0,0,0,0,0,0,0
678,0,0,0,0,0,0,0,0,0
679,0,0,0,0,0,0,0,0,0
680,0,0,0,0,0,0,0,0,0
681,0,0,0,0,0,0,0,0,0
682,0,0,0,0,0,0,0,0,0
683,0,0,0,0,0,0,0,0,0
684,0,0,0,0,0,0,0,0,0
685,0,0,0,0,0,0,0,0,0
686,0,0,0,0,0,0,0,0,0
687,0,0,0,0,0,0,0,0,0
688,0,0,0,0,0,0,0,0,0
689,0,0,0,0,0,0,0,0,0
690,0,0,0,0,0,0,0,0,0
691,0,0,0,0,0,0,0,0,0
692,0,0,0,0,0,0,0,0,0
693,0,0,0,0,0,0,0,0,0
694,0,0,0,0,0,0,0,0,0
695,0,0,0,0,0,0,0,0,0
696,0,0,0,0,0,0,0,0,0
697,0,0,0,0,0,0,0,0,0
698,0,0,0,0,0,0,0,0,0
699,0,0,0,0,0,0,0,0,0
700,0,0,0,0,0,0,0,0,0
701,0,0,0,0,0,0,0,0,0
702,0,0,0,0,0,0,0,0,0
703,0,0,0,0,0,0,0,0,0
704,0,0,0,0,0,0,0,0,0
705,0,0,0,0,0,0,0,0,0
706,0,0,0,0,0,0,0,0,0
707,0,0,0,0,0,0,0,0,0
708,0,0,0,0,0,0,0,0,0
709,0,0,0,0,0,0,0,0,0
710,0,0,0,0,0,0,0,0,0
711,0,0,0,0,0,0,0,0,0
712,0,0,0,0,0,0,0,0,0
713,0,0,0,0,0,0,0,0,0
714,0,0,0,0,0,0,0,0,0
715,0,0,0,0,0,0,0,0,0
716,0,0,0,0,0,0,0,0,0
717,0,0,0,0,0,0,0,0,0
718,0,0,0,0,0,0,0,0,0
719,0,0,0,0,0,0,0,0,0
720,0,0,0,0,0,0,0,0,0
721,0,0,0,0,0,0,0,0,0
722,0,0,0,0,0,0,0,0,0
723,0,0,0,0,0,0,0,0,0
724,0,0,0,0,0,0,0,0,0
725,0,0,0,0,0,0,0,0,0
726,0,0,0,0,0,0,0,0,0
727,0,0,0,0,0,0,0,0,0
728,0,0,0,0,0,0,0,0,0
729,0,0,0,0,0,0,0,0,0
730,0,0,0,0,0,0,0,0,0
731,0,0,0,0,0,0,0,0,0
732,0,0,0,0,0,0,0,0,0
733,0,0,0,0,0,0,0,0,0
734,0,0,0,0,0,0,0,0,0
735,0,0,0,0,0,0,0,0,0
736,0,0,0,0,0,0,0,0,0
737,0,0,0,0,0,0,0,0,0
738,0,0,0,0,0,0,0,0,0
739,0,0,0,0,0,0,0,0,0
740,0,0,0,0,0,0,0,0,0
741,0,0,0,0,0,0,0,0,0
742,0,0,0,0,0,0,0,0,0
743,0,0,0,0,0,0,0,0,0
744,0,0,0,0,0,0,0,0,0
745,0,0,0,0,0,0,0,0,0
746,0,0,0,0,0,0,0,0,0
747,0,0,0,0,0,0,0,0,0
748,0,0,0,0,0,0,0,0,0
749,0,0,0,0,0,0,0,0,0
750,0,0,0,0,0,0,0,0,0
0,194,7257,201425,4077983,57373546,517292847,2626655236,5935079656,3356972874
1,99,3018,67471,1096800,12403378,89895241,367024901,666812673,303176734
2,64,1458,26978,360862,3355712,19972459,66946449,99860994,37289180
3,41,804,12771,147698,1184601,6063139,17421717,22212321,7056472
4,28,512,7157,73739,527053,2393465,6070108,6782085,1866576
5,19,316,3686,32840,203080,797447,1751398,1699731,407605
6,9,176,1758,14046,77340,269666,529365,458811,97765
7,6,105,905,6653,33267,104070,183295,143780,28185
8,5,68,496,3346,14961,42888,69283,49994,9013
9,3,38,290,1890,8272,22462,35120,24564,4185
10,3,34,241,1487,6126,15436,22348,14076,2114
11,3,29,192,1109,4339,10149,13652,8188,1264
12,1,7,87,522,1888,4249,5543,3307,526
13,1,7,68,361,1244,2573,3191,1740,261
14,1,7,60,305,993,1915,2151,1093,147
15,1,6,51,252,768,1443,1573,708,84
16,1,4,44,168,477,857,898,387,48
17,1,3,40,149,424,741,747,298,40
18,1,3,36,134,358,600,558,194,26
19,1,3,27,81,196,298,238,72,16
20,1,3,25,67,143,236,179,56,14
21,1,3,23,51,95,136,106,30,9
22,1,2,21,46,79,107,88,20,6
23,1,2,15,34,55,68,55,8,2
24,0,1,5,13,30,27,20,2,1
25,0,1,5,13,30,27,20,2,1
26,0,1,5,13,30,27,20,2,1
27,0,1,5,13,30,27,20,2,1
28,0,1,3,8,21,21,15,2,1
29,0,1,3,8,21,21,15,2,1
30,0,0,3,4,12,14,10,1,1
31,0,0,3,4,12,14,10,1,1
32,0,0,3,4,6,6,8,1,1
33,0,0,3,4,6,6,8,1,1
34,0,0,2,4,4,6,7,1,1
35,0,0,2,4,4,6,7,1,1
36,0,0,2,4,4,6,7,1,1
37,0,0,2,4,4,6,6,1,1
38,0,0,1,2,2,4,5,1,0
39,0,0,0,1,0,1,3,1,0
40,0,0,0,1,0,0,2,1,0
41,0,0,0,1,0,0,2,1,0
42,0,0,0,1,0,0,2,1,0
43,0,0,0,1,0,0,2,1,0
44,0,0,0,1,0,0,2,1,0
45,0,0,0,1,0,0,1,1,0
46,0,0,0,1,0,0,1,1,0
47,0,0,0,1,0,0,1,1,0
48,0,0,0,1,0,0,1,1,0
49,0,0,0,1,0,0,1,1,0
50,0,0,0,1,0,0,1,1,0
51,0,0,0,1,0,0,1,1,0
52,0,0,0,1,0,0,1,1,0
53,0,0,0,1,0,0,1,1,0
54,0,0,0,1,0,0,1,1,0
55,0,0,0,1,0,0,1,1,0
56,0,0,0,1,0,0,1,1,0
57,0,0,0,0,0,0,0,0,0
58,0,0,0,0,0,0,0,0,0
59,0,0,0,0,0,0,0,0,0
60,0,0,0,0,0,0,0,0,0
61,0,0,0,0,0,0,0,0,0
62,0,0,0,0,0,0,0,0,0
63,0,0,0,0,0,0,0,0,0
64,0,0,0,0,0,0,0,0,0
65,0,0,0,0,0,0,0,0,0
66,0,0,0,0,0,0,0,0,0
67,0,0,0,0,0,0,0,0,0
68,0,0,0,0,0,0,0,0,0
69,0,0,0,0,0,0,0,0,0
70,0,0,0,0,0,0,0,0,0
71,0,0,0,0,0,0,0,0,0
72,0,0,0,0,0,0,0,0,0
73,0,0,0,0,0,0,0,0,0
74,0,0,0,0,0,0,0,0,0
75,0,0,0,0,0,0,0,0,0
76,0,0,0,0,0,0,0,0,0
77,0,0,0,0,0,0,0,0,0
78,0,0,0,0,0,0,0,0,0
79,0,0,0,0,0,0,0,0,0
80,0,0,0,0,0,0,0,0,0
81,0,0,0,0,0,0,0,0,0
82,0,0,0,0,0,0,0,0,0
83,0,0,0,0,0,0,0,0,0
84,0,0,0,0,0,0,0,0,0
85,0,0,0,0,0,0,0,0,0
86,0,0,0,0,0,0,0,0,0
87,0,0,0,0,0,0,0,0,0
88,0,0,0,0,0,0,0,0,0
89,0,0,0,0,0,0,0,0,0
90,0,0,0,0,0,0,0,0,0
91,0,0,0,0,0,0,0,0,0
92,0,0,0,0,0,0,0,0,0
93,0,0,0,0,0,0,0,0,0
94,0,0,0,0,0,0,0,0,0
95,0,0,0,0,0,0,0,0,0
96,0,0,0,0,0,0,0,0,0
97,0,0,0,0,0,0,0,0,0
98,0,0,0,0,0,0,0,0,0
99,0,0,0,0,0,0,0,0,0
100,0,0,0,0,0,0,0,0,0
101,0,0,0,0,0,0,0,0,0
102,0,0,0,0,0,0,0,0,0
103,0,0,0,0,0,0,0,0,0
104,0,0,0,0,0,0,0,0,0
105,0,0,0,0,0,0,0,0,0
106,0,0,0,0,0,0,0,0,0
107,0,0,0,0,0,0,0,0,0
108,0,0,0,0,0,0,0,0,0
109,0,0,0,0,0,0,0,0,0
110,0,0,0,0,0,0,0,0,0
111,0,0,0,0,0,0,0,0,0
112,0,0,0,0,0,0,0,0,0
113,0,0,0,0,0,0,0,0,0
114,0,0,0,0,0,0,0,0,0
115,0,0,0,0,0,0,0,0,0
116,0,0,0,0,0,0,0,0,0
117,0,0,0,0,0,0,0,0,0
118,0,0,0,0,0,0,0,0,0
119,0,0,0,0,0,0,0,0,0
120,0,0,0,0,0,0,0,0,0
121,0,0,0,0,0,0,0,0,0
122,0,0,0,0,0,0,0,0,0
123,0,0,0,0,0,0,0,0,0
124,0,0,0,0,0,0,0,0,0
125,0,0,0,0,0,0,0,0,0
126,0,0,0,0,0,0,0,0,0
127,0,0,0,0,0,0,0,0,0
128,0,0,0,0,0,0,0,0,0
129,0,0,0,0,0,0,0,0,0
130,0,0,0,0,0,0,0,0,0
131,0,0,0,0,0,0,0,0,0
132,0,0,0,0,0,0,0,0,0
133,0,0,0,0,0,0,0,0,0
134,0,0,0,0,0,0,0,0,0
135,0,0,0,0,0,0,0,0,0
136,0,0,0,0,0,0,0,0,0
137,0,0,0,0,0,0,0,0,0
138,0,0,0,0,0,0,0,0,0
139,0,0,0,0,0,0,0,0,0
140,0,0,0,0,0,0,0,0,0
141,0,0,0,0,0,0,0,0,0
142,0,0,0,0,0,0,0,0,0
143,0,0,0,0,0,0,0,0,0
144,0,0,0,0,0,0,0,0,0
145,0,0,0,0,0,0,0,0,0
146,0,0,0,0,0,0,0,0,0
147,0,0,0,0,0,0,0,0,0
148,0,0,0,0,0,0,0,0,0
149,0,0,0,0,0,0,0,0,0
150,0,0,0,0,0,0,0,0,0
151,0,0,0,0,0,0,0,0,0
152,0,0,0,0,0,0,0,0,0
153,0,0,0,0,0,0,0,0,0
154,0,0,0,0,0,0,0,0,0
155,0,0,0,0,0,0,0,0,0
156,0,0,0,0,0,0,0,0,0
157,0,0,0,0,0,0,0,0,0
158,0,0,0,0,0,0,0,0,0
159,0,0,0,0,0,0,0,0,0
160,0,0,0,0,0,0,0,0,0
161,0,0,0,0,0,0,0,0,0
162,0,0,0,0,0,0,0,0,0
163,0,0,0,0,0,0,0,0,0
164,0,0,0,0,0,0,0,0,0
165,0,0,0,0,0,0,0,0,0
166,0,0,0,0,0,0,0,0,0
167,0,0,0,0,0,0,0,0,0
168,0,0,0,0,0,0,0,0,0
169,0,0,0,0,0,0,0,0,0
170,0,0,0,0,0,0,0,0,0
171,0,0,0,0,0,0,0,0,0
172,0,0,0,0,0,0,0,0,0
173,0,0,0,0,0,0,0,0,0
174,0,0,0,0,0,0,0,0,0
175,0,0,0,0,0,0,0,0,0
176,0,0,0,0,0,0,0,0,0
177,0,0,0,0,0,0,0,0,0
178,0,0,0,0,0,0,0,0,0
179,0,0,0,0,0,0,0,0,0
180,0,0,0,0,0,0,0,0,0
181,0,0,0,0,0,0,0,0,0
182,0,0,0,0,0,0,0,0,0
183,0,0,0,0,0,0,0,0,0
184,0,0,0,0,0,0,0,0,0
185,0,0,0,0,0,0,0,0,0
186,0,0,0,0,0,0,0,0,0
187,0,0,0,0,0,0,0,0,0
188,0,0,0,0,0,0,0,0,0
189,0,0,0,0,0,0,0,0,0
190,0,0,0,0,0,0,0,0,0
191,0,0,0,0,0,0,0,0,0
192,0,0,0,0,0,0,0,0,0
193,0,0,0,0,0,0,0,0,0
194,0,0,0,0,0,0,0,0,0
195,0,0,0,0,0,0,0,0,0
196,0,0,0,0,0,0,0,0,0
197,0,0,0,0,0,0,0,0,0
198,0,0,0,0,0,0,0,0,0
199,0,0,0,0,0,0,0,0,0
200,0,0,0,0,0,0,0,0,0
201,0,0,0,0,0,0,0,0,0
202,0,0,0,0,0,0,0,0,0
203,0,0,0,0,0,0,0,0,0
204,0,0,0,0,0,0,0,0,0
205,0,0,0,0,0,0,0,0,0
206,0,0,0,0,0,0,0,0,0
207,0,0,0,0,0,0,0,0,0
208,0,0,0,0,0,0,0,0,0
209,0,0,0,0,0,0,0,0,0
210,0,0,0,0,0,0,0,0,0
211,0,0,0,0,0,0,0,0,0
212,0,0,0,0,0,0,0,0,0
213,0,0,0,0,0,0,0,0,0
214,0,0,0,0,0,0,0,0,0
215,0,0,0,0,0,0,0,0,0
216,0,0,0,0,0,0,0,0,0
217,0,0,0,0,0,0,0,0,0
218,0,0,0,0,0,0,0,0,0
219,0,0,0,0,0,0,0,0,0
220,0,0,0,0,0,0,0,0,0
221,0,0,0,0,0,0,0,0,0
222,0,0,0,0,0,0,0,0,0
223,0,0,0,0,0,0,0,0,0
224,0,0,0,0,0,0,0,0,0
225,0,0,0,0,0,0,0,0,0
226,0,0,0,0,0,0,0,0,0
227,0,0,0,0,0,0,0,0,0
228,0,0,0,0,0,0,0,0,0
229,0,0,0,0,0,0,0,0,0
230,0,0,0,0,0,0,0,0,0
231,0,0,0,0,0,0,0,0,0
232,0,0,0,0,0,0,0,0,0
233,0,0,0,0,0,0,0,0,0
234,0,0,0,0,0,0,0,0,0
235,0,0,0,0,0,0,0,0,0
236,0,0,0,0,0,0,0,0,0
237,0,0,0,0,0,0,0,0,0
238,0,0,0,0,0,0,0,0,0
239,0,0,0,0,0,0,0,0,0
240,0,0,0,0,0,0,0,0,0
241,0,0,0,0,0,0,0,0,0
242,0,0,0,0,0,0,0,0,0
243,0,0,0,0,0,0,0,0,0
244,0,0,0,0,0,0,0,0,0
245,0,0,0,0,0,0,0,0,0
246,0,0,0,0,0,0,0,0,0
247,0,0,0,0,0,0,0,0,0
248,0,0,0,0,0,0,0,0,0
249,0,0,0,0,0,0,0,0,0
250,0,0,0,0,0,0,0,0,0
251,0,0,0,0,0,0,0,0,0
252,0,0,0,0,0,0,0,0,0
253,0,0,0,0,0,0,0,0,0
254,0,0,0,0,0,0,0,0,0
255,0,0,0,0,0,0,0,0,0
256,0,0,0,0,0,0,0,0,0
257,0,0,0,0,0,0,0,0,0
258,0,0,0,0,0,0,0,0,0
259,0,0,0,0,0,0,0,0,0
260,0,0,0,0,0,0,0,0,0
261,0,0,0,0,0,0,0,0,0
262,0,0,0,0,0,0,0,0,0
263,0,0,0,0,0,0,0,0,0
264,0,0,0,0,0,0,0,0,0
265,0,0,0,0,0,0,0,0,0
266,0,0,0,0,0,0,0,0,0
267,0,0,0,0,0,0,0,0,0
268,0,0,0,0,0,0,0,0,0
269,0,0,0,0,0,0,0,0,0
270,0,0,0,0,0,0,0,0,0
271,0,0,0,0,0,0,0,0,0
272,0,0,0,0,0,0,0,0,0
273,0,0,0,0,0,0,0,0,0
274,0,0,0,0,0,0,0,0,0
275,0,0,0,0,0,0,0,0,0
276,0,0,0,0,0,0,0,0,0
277,0,0,0,0,0,0,0,0,0
278,0,0,0,0,0,0,0,0,0
279,0,0,0,0,0,0,0,0,0
280,0,0,0,0,0,0,0,0,0
281,0,0,0,0,0,0,0,0,0
282,0,0,0,0,0,0,0,0,0
283,0,0,0,0,0,0,0,0,0
284,0,0,0,0,0,0,0,0,0
285,0,0,0,0,0,0,0,0,0
286,0,0,0,0,0,0,0,0,0
287,0,0,0,0,0,0,0,0,0
288,0,0,0,0,0,0,0,0,0
289,0,0,0,0,0,0,0,0,0
290,0,0,0,0,0,0,0,0,0
291,0,0,0,0,0,0,0,0,0
292,0,0,0,0,0,0,0,0,0
293,0,0,0,0,0,0,0,0,0
294,0,0,0,0,0,0,0,0,0
295,0,0,0,0,0,0,0,0,0
296,0,0,0,0,0,0,0,0,0
297,0,0,0,0,0,0,0,0,0
298,0,0,0,0,0,0,0,0,0
299,0,0,0,0,0,0,0,0,0
300,0,0,0,0,0,0,0,0,0
301,0,0,0,0,0,0,0,0,0
302,0,0,0,0,0,0,0,0,0
303,0,0,0,0,0,0,0,0,0
304,0,0,0,0,0,0,0,0,0
305,0,0,0,0,0,0,0,0,0
306,0,0,0,0,0,0,0,0,0
307,0,0,0,0,0,0,0,0,0
308,0,0,0,0,0,0,0,0,0
309,0,0,0,0,0,0,0,0,0
310,0,0,0,0,0,0,0,0,0
311,0,0,0,0,0,0,0,0,0
312,0,0,0,0,0,0,0,0,0
313,0,0,0,0,0,0,0,0,0
314,0,0,0,0,0,0,0,0,0
315,0,0,0,0,0,0,0,0,0
316,0,0,0,0,0,0,0,0,0
317,0,0,0,0,0,0,0,0,0
318,0,0,0,0,0,0,0,0,0
319,0,0,0,0,0,0,0,0,0
320,0,0,0,0,0,0,0,0,0
321,0,0,0,0,0,0,0,0,0
322,0,0,0,0,0,0,0,0,0
323,0,0,0,0,0,0,0,0,0
324,0,0,0,0,0,0,0,0,0
325,0,0,0,0,0,0,0,0,0
326,0,0,0,0,0,0,0,0,0
327,0,0,0,0,0,0,0,0,0
328,0,0,0,0,0,0,0,0,0
329,0,0,0,0,0,0,0,0,0
330,0,0,0,0,0,0,0,0,0
331,0,0,0,0,0,0,0,0,0
332,0,0,0,0,0,0,0,0,0
333,0,0,0,0,0,0,0,0,0
334,0,0,0,0,0,0,0,0,0
335,0,0,0,0,0,0,0,0,0
336,0,0,0,0,0,0,0,0,0
337,0,0,0,0,0,0,0,0,0
338,0,0,0,0,0,0,0,0,0
339,0,0,0,0,0,0,0,0,0
340,0,0,0,0,0,0,0,0,0
341,0,0,0,0,0,0,0,0,0
342,0,0,0,0,0,0,0,0,0
343,0,0,0,0,0,0,0,0,0
344,0,0,0,0,0,0,0,0,0
345,0,0,0,0,0,0,0,0,0
346,0,0,0,0,0,0,0,0,0
347,0,0,0,0,0,0,0,0,0
348,0,0,0,0,0,0,0,0,0
349,0,0,0,0,0,0,0,0,0
350,0,0,0,0,0,0,0,0,0
351,0,0,0,0,0,0,0,0,0
352,0,0,0,0,0,0,0,0,0
353,0,0,0,0,0,0,0,0,0
354,0,0,0,0,0,0,0,0,0
355,0,0,0,0,0,0,0,0,0
356,0,0,0,0,0,0,0,0,0
357,0,0,0,0,0,0,0,0,0
358,0,0,0,0,0,0,0,0,0
359,0,0,0,0,0,0,0,0,0
360,0,0,0,0,0,0,0,0,0
361,0,0,0,0,0,0,0,0,0
362,0,0,0,0,0,0,0,0,0
363,0,0,0,0,0,0,0,0,0
364,0,0,0,0,0,0,0,0,0
365,0,0,0,0,0,0,0,0,0
366,0,0,0,0,0,0,0,0,0
367,0,0,0,0,0,0,0,0,0
368,0,0,0,0,0,0,0,0,0
369,0,0,0,0,0,0,0,0,0
370,0,0,0,0,0,0,0,0,0
371,0,0,0,0,0,0,0,0,0
372,0,0,0,0,0,0,0,0,0
373,0,0,0,0,0,0,0,0,0
374,0,0,0,0,0,0,0,0,0
375,0,0,0,0,0,0,0,0,0
376,0,0,0,0,0,0,0,0,0
377,0,0,0,0,0,0,0,0,0
378,0,0,0,0,0,0,0,0,0
379,0,0,0,0,0,0,0,0,0
380,0,0,0,0,0,0,0,0,0
381,0,0,0,0,0,0,0,0,0
382,0,0,0,0,0,0,0,0,0
383,0,0,0,0,0,0,0,0,0
384,0,0,0,0,0,0,0,0,0
385,0,0,0,0,0,0,0,0,0
386,0,0,0,0,0,0,0,0,0
387,0,0,0,0,0,0,0,0,0
388,0,0,0,0,0,0,0,0,0
389,0,0,0,0,0,0,0,0,0
390,0,0,0,0,0,0,0,0,0
391,0,0,0,0,0,0,0,0,0
392,0,0,0,0,0,0,0,0,0
393,0,0,0,0,0,0,0,0,0
394,0,0,0,0,0,0,0,0,0
395,0,0,0,0,0,0,0,0,0
396,0,0,0,0,0,0,0,0,0
397,0,0,0,0,0,0,0,0,0
398,0,0,0,0,0,0,0,0,0
399,0,0,0,0,0,0,0,0,0
400,0,0,0,0,0,0,0,0,0
401,0,0,0,0,0,0,0,0,0
402,0,0,0,0,0,0,0,0,0
403,0,0,0,0,0,0,0,0,0
404,0,0,0,0,0,0,0,0,0
405,0,0,0,0,0,0,0,0,0
406,0,0,0,0,0,0,0,0,0
407,0,0,0,0,0,0,0,0,0
408,0,0,0,0,0,0,0,0,0
409,0,0,0,0,0,0,0,0,0
410,0,0,0,0,0,0,0,0,0
411,0,0,0,0,0,0,0,0,0
412,0,0,0,0,0,0,0,0,0
413,0,0,0,0,0,0,0,0,0
414,0,0,0,0,0,0,0,0,0
415,0,0,0,0,0,0,0,0,0
416,0,0,0,0,0,0,0,0,0
417,0,0,0,0,0,0,0,0,0
418,0,0,0,0,0,0,0,0,0
419,0,0,0,0,0,0,0,0,0
420,0,0,0,0,0,0,0,0,0
421,0,0,0,0,0,0,0,0,0
422,0,0,0,0,0,0,0,0,0
423,0,0,0,0,0,0,0,0,0
424,0,0,0,0,0,0,0,0,0
425,0,0,0,0,0,0,0,0,0
426,0,0,0,0,0,0,0,0,0
427,0,0,0,0,0,0,0,0,0
428,0,0,0,0,0,0,0,0,0
429,0,0,0,0,0,0,0,0,0
430,0,0,0,0,0,0,0,0,0
431,0,0,0,0,0,0,0,0,0
432,0,0,0,0,0,0,0,0,0
433,0,0,0,0,0,0,0,0,0
434,0,0,0,0,0,0,0,0,0
435,0,0,0,0,0,0,0,0,0
436,0,0,0,0,0,0,0,0,0
437,0,0,0,0,0,0,0,0,0
438,0,0,0,0,0,0,0,0,0
439,0,0,0,0,0,0,0,0,0
440,0,0,0,0,0,0,0,0,0
441,0,0,0,0,0,0,0,0,0
442,0,0,0,0,0,0,0,0,0
443,0,0,0,0,0,0,0,0,0
444,0,0,0,0,0,0,0,0,0
445,0,0,0,0,0,0,0,0,0
446,0,0,0,0,0,0,0,0,0
447,0,0,0,0,0,0,0,0,0
448,0,0,0,0,0,0,0,0,0
449,0,0,0,0,0,0,0,0,0
450,0,0,0,0,0,0,0,0,0
451,0,0,0,0,0,0,0,0,0
452,0,0,0,0,0,0,0,0,0
453,0,0,0,0,0,0,0,0,0
454,0,0,0,0,0,0,0,0,0
455,0,0,0,0,0,0,0,0,0
456,0,0,0,0,0,0,0,0,0
457,0,0,0,0,0,0,0,0,0
458,0,0,0,0,0,0,0,0,0
459,0,0,0,0,0,0,0,0,0
460,0,0,0,0,0,0,0,0,0
461,0,0,0,0,0,0,0,0,0
462,0,0,0,0,0,0,0,0,0
463,0,0,0,0,0,0,0,0,0
464,0,0,0,0,0,0,0,0,0
465,0,0,0,0,0,0,0,0,0
466,0,0,0,0,0,0,0,0,0
467,0,0,0,0,0,0,0,0,0
468,0,0,0,0,0,0,0,0,0
469,0,0,0,0,0,0,0,0,0
470,0,0,0,0,0,0,0,0,0
471,0,0,0,0,0,0,0,0,0
472,0,0,0,0,0,0,0,0,0
473,0,0,0,0,0,0,0,0,0
474,0,0,0,0,0,0,0,0,0
475,0,0,0,0,0,0,0,0,0
476,0,0,0,0,0,0,0,0,0
477,0,0,0,0,0,0,0,0,0
478,0,0,0,0,0,0,0,0,0
479,0,0,0,0,0,0,0,0,0
480,0,0,0,0,0,0,0,0,0
481,0,0,0,0,0,0,0,0,0
482,0,0,0,0,0,0,0,0,0
483,0,0,0,0,0,0,0,0,0
484,0,0,0,0,0,0,0,0,0
485,0,0,0,0,0,0,0,0,0
486,0,0,0,0,0,0,0,0,0
487,0,0,0,0,0,0,0,0,0
488,0,0,0,0,0,0,0,0,0
489,0,0,0,0,0,0,0,0,0
490,0,0,0,0,0,0,0,0,0
491,0,0,0,0,0,0,0,0,0
492,0,0,0,0,0,0,0,0,0
493,0,0,0,0,0,0,0,0,0
494,0,0,0,0,0,0,0,0,0
495,0,0,0,0,0,0,0,0,0
496,0,0,0,0,0,0,0,0,0
497,0,0,0,0,0,0,0,0,0
498,0,0,0,0,0,0,0,0,0
499,0,0,0,0,0,0,0,0,0
500,0,0,0,0,0,0,0,0,0
501,0,0,0,0,0,0,0,0,0
502,0,0,0,0,0,0,0,0,0
503,0,0,0,0,0,0,0,0,0
504,0,0,0,0,0,0,0,0,0
505,0,0,0,0,0,0,0,0,0
506,0,0,0,0,0,0,0,0,0
507,0,0,0,0,0,0,0,0,0
508,0,0,0,0,0,0,0,0,0
509,0,0,0,0,0,0,0,0,0
510,0,0,0,0,0,0,0,0,0
511,0,0,0,0,0,0,0,0,0
512,0,0,0,0,0,0,0,0,0
513,0,0,0,0,0,0,0,0,0
514,0,0,0,0,0,0,0,0,0
515,0,0,0,0,0,0,0,0,0
516,0,0,0,0,0,0,0,0,0
517,0,0,0,0,0,0,0,0,0
518,0,0,0,0,0,0,0,0,0
519,0,0,0,0,0,0,0,0,0
520,0,0,0,0,0,0,0,0,0
521,0,0,0,0,0,0,0,0,0
522,0,0,0,0,0,0,0,0,0
523,0,0,0,0,0,0,0,0,0
524,0,0,0,0,0,0,0,0,0
525,0,0,0,0,0,0,0,0,0
526,0,0,0,0,0,0,0,0,0
527,0,0,0,0,0,0,0,0,0
528,0,0,0,0,0,0,0,0,0
529,0,0,0,0,0,0,0,0,0
530,0,0,0,0,0,0,0,0,0
531,0,0,0,0,0,0,0,0,0
532,0,0,0,0,0,0,0,0,0
533,0,0,0,0,0,0,0,0,0
534,0,0,0,0,0,0,0,0,0
535,0,0,0,0,0,0,0,0,0
536,0,0,0,0,0,0,0,0,0
537,0,0,0,0,0,0,0,0,0
538,0,0,0,0,0,0,0,0,0
539,0,0,0,0,0,0,0,0,0
540,0,0,0,0,0,0,0,0,0
541,0,0,0,0,0,0,0,0,0
542,0,0,0,0,0,0,0,0,0
543,0,0,0,0,0,0,0,0,0
544,0,0,0,0,0,0,0,0,0
545,0,0,0,0,0,0,0,0,0
546,0,0,0,0,0,0,0,0,0
547,0,0,0,0,0,0,0,0,0
548,0,0,0,0,0,0,0,0,0
549,0,0,0,0,0,0,0,0,0
550,0,0,0,0,0,0,0,0,0
551,0,0,0,0,0,0,0,0,0
552,0,0,0,0,0,0,0,0,0
553,0,0,0,0,0,0,0,0,0
554,0,0,0,0,0,0,0,0,0
555,0,0,0,0,0,0,0,0,0
556,0,0,0,0,0,0,0,0,0
557,0,0,0,0,0,0,0,0,0
558,0,0,0,0,0,0,0,0,0
559,0,0,0,0,0,0,0,0,0
560,0,0,0,0,0,0,0,0,0
561,0,0,0,0,0,0,0,0,0
562,0,0,0,0,0,0,0,0,0
563,0,0,0,0,0,0,0,0,0
564,0,0,0,0,0,0,0,0,0
565,0,0,0,0,0,0,0,0,0
566,0,0,0,0,0,0,0,0,0
567,0,0,0,0,0,0,0,0,0
568,0,0,0,0,0,0,0,0,0
569,0,0,0,0,0,0,0,0,0
570,0,0,0,0,0,0,0,0,0
571,0,0,0,0,0,0,0,0,0
572,0,0,0,0,0,0,0,0,0
573,0,0,0,0,0,0,0,0,0
574,0,0,0,0,0,0,0,0,0
575,0,0,0,0,0,0,0,0,0
576,0,0,0,0,0,0,0,0,0
577,0,0,0,0,0,0,0,0,0
578,0,0,0,0,0,0,0,0,0
579,0,0,0,0,0,0,0,0,0
580,0,0,0,0,0,0,0,0,0
581,0,0,0,0,0,0,0,0,0
582,0,0,0,0,0,0,0,0,0
583,0,0,0,0,0,0,0,0,0
584,0,0,0,0,0,0,0,0,0
585,0,0,0,0,0,0,0,0,0
586,0,0,0,0,0,0,0,0,0
587,0,0,0,0,0,0,0,0,0
588,0,0,0,0,0,0,0,0,0
589,0,0,0,0,0,0,0,0,0
590,0,0,0,0,0,0,0,0,0
591,0,0,0,0,0,0,0,0,0
592,0,0,0,0,0,0,0,0,0
593,0,0,0,0,0,0,0,0,0
594,0,0,0,0,0,0,0,0,0
595,0,0,0,0,0,0,0,0,0
596,0,0,0,0,0,0,0,0,0
597,0,0,0,0,0,0,0,0,0
598,0,0,0,0,0,0,0,0,0
599,0,0,0,0,0,0,0,0,0
600,0,0,0,0,0,0,0,0,0
601,0,0,0,0,0,0,0,0,0
602,0,0,0,0,0,0,0,0,0
603,0,0,0,0,0,0,0,0,0
604,0,0,0,0,0,0,0,0,0
605,0,0,0,0,0,0,0,0,0
606,0,0,0,0,0,0,0,0,0
607,0,0,0,0,0,0,0,0,0
608,0,0,0,0,0,0,0,0,0
609,0,0,0,0,0,0,0,0,0
610,0,0,0,0,0,0,0,0,0
611,0,0,0,0,0,0,0,0,0
612,0,0,0,0,0,0,0,0,0
613,0,0,0,0,0,0,0,0,0
614,0,0,0,0,0,0,0,0,0
615,0,0,0,0,0,0,0,0,0
616,0,0,0,0,0,0,0,0,0
617,0,0,0,0,0,0,0,0,0
618,0,0,0,0,0,0,0,0,0
619,0,0,0,0,0,0,0,0,0
620,0,0,0,0,0,0,0,0,0
621,0,0,0,0,0,0,0,0,0
622,0,0,0,0,0,0,0,0,0
623,0,0,0,0,0,0,0,0,0
624,0,0,0,0,0,0,0,0,0
625,0,0,0,0,0,0,0,0,0
626,0,0,0,0,0,0,0,0,0
627,0,0,0,0,0,0,0,0,0
628,0,0,0,0,0,0,0,0,0
629,0,0,0,0,0,0,0,0,0
630,0,0,0,0,0,0,0,0,0
631,0,0,0,0,0,0,0,0,0
632,0,0,0,0,0,0,0,0,0
633,0,0,0,0,0,0,0,0,0
634,0,0,0,0,0,0,0,0,0
635,0,0,0,0,0,0,0,0,0
636,0,0,0,0,0,0,0,0,0
637,0,0,0,0,0,0,0,0,0
638,0,0,0,0,0,0,0,0,0
639,0,0,0,0,0,0,0,0,0
640,0,0,0,0,0,0,0,0,0
641,0,0,0,0,0,0,0,0,0
642,0,0,0,0,0,0,0,0,0
643,0,0,0,0,0,0,0,0,0
644,0,0,0,0,0,0,0,0,0
645,0,0,0,0,0,0,0,0,0
646,0,0,0,0,0,0,0,0,0
647,0,0,0,0,0,0,0,0,0
648,0,0,0,0,0,0,0,0,0
649,0,0,0,0,0,0,0,0,0
650,0,0,0,0,0,0,0,0,0
651,0,0,0,0,0,0,0,0,0
652,0,0,0,0,0,0,0,0,0
653,0,0,0,0,0,0,0,0,0
654,0,0,0,0,0,0,0,0,0
655,0,0,0,0,0,0,0,0,0
656,0,0,0,0,0,0,0,0,0
657,0,0,0,0,0,0,0,0,0
658,0,0,0,0,0,0,0,0,0
659,0,0,0,0,0,0,0,0,0
660,0,0,0,0,0,0,0,0,0
661,0,0,0,0,0,0,0,0,0
662,0,0,0,0,0,0,0,0,0
663,0,0,0,0,0,0,0,0,0
664,0,0,0,0,0,0,0,0,0
665,0,0,0,0,0,0,0,0,0
666,0,0,0,0,0,0,0,0,0
667,0,0,0,0,0,0,0,0,0
668,0,0,0,0,0,0,0,0,0
669,0,0,0,0,0,0,0,0,0
670,0,0,0,0,0,0,0,0,0
671,0,0,0,0,0,0,0,0,0
672,0,0,0,0,0,0,0,0,0
673,0,0,0,0,0,0,0,0,0
674,0,0,0,0,0,0,0,0,0
675,0,0,0,0,0,0,0,0,0
676,0,0,0,0,0,0,0,0,0
677,0,0,0,0,0,0,0,0,0
678,0,0,0,0,0,0,0,0,0
679,0,0,0,0,0,0,0,0,0
680,0,0,0,0,0,0,0,0,0
681,0,0,0,0,0,0,0,0,0
682,0,0,0,0,0,0,0,0,0
683,0,0,0,0,0,0,0,0,0
684,0,0,0,0,0,0,0,0,0
685,0,0,0,0,0,0,0,0,0
686,0,0,0,0,0,0,0,0,0
687,0,0,0,0,0,0,0,0,0
688,0,0,0,0,0,0,0,0,0
689,0,0,0,0,0,0,0,0,0
690,0,0,0,0,0,0,0,0,0
691,0,0,0,0,0,0,0,0,0
692,0,0,0,0,0,0,0,0,0
693,0,0,0,0,0,0,0,0,0
694,0,0,0,0,0,0,0,0,0
695,0,0,0,0,0,0,0,0,0
696,0,0,0,0,0,0,0,0,0
697,0,0,0,0,0,0,0,0,0
698,0,0,0,0,0,0,0,0,0
699,0,0,0,0,0,0,0,0,0
700,0,0,0,0,0,0,0,0,0
701,0,0,0,0,0,0,0,0,0
702,0,0,0,0,0,0,0,0,0
703,0,0,0,0,0,0,0,0,0
704,0,0,0,0,0,0,0,0,0
705,0,0,0,0,0,0,0,0,0
706,0,0,0,0,0,0,0,0,0
707,0,0,0,0,0,0,0,0,0
708,0,0,0,0,0,0,0,0,0
709,0,0,0,0,0,0,0,0,0
710,0,0,0,0,0,0,0,0,0
711,0,0,0,0,0,0,0,0,0
712,0,0,0,0,0,0,0,0,0
713,0,0,0,0,0,0,0,0,0
714,0,0,0,0,0,0,0,0,0
715,0,0,0,0,0,0,0,0,0
716,0,0,0,0,0,0,0,0,0
717,0,0,0,0,0,0,0,0,0
718,0,0,0,0,0,0,0,0,0
719,0,0,0,0,0,0,0,0,0
720,0,0,0,0,0,0,0,0,0
721,0,0,0,0,0,0,0,0,0
722,0,0,0,0,0,0,0,0,0
723,0,0,0,0,0,0,0,0,0
724,0,0,0,0,0,0,0,0,0
725,0,0,0,0,0,0,0,0,0
726,0,0,0,0,0,0,0,0,0
727,0,0,0,0,0,0,0,0,0
728,0,0,0,0,0,0,0,0,0
729,0,0,0,0,0,0,0,0,0
730,0,0,0,0,0,0,0,0,0
731,0,0,0,0,0,0,0,0,0
732,0,0,0,0,0,0,0,0,0
733,0,0,0,0,0,0,0,0,0
734,0,0,0,0,0,0,0,0,0
735,0,0,0,0,0,0,0,0,0
736,0,0,0,0,0,0,0,0,0
737,0,0,0,0,0,0,0,0,0
738,0,0,0,0,0,0,0,0,0
739,0,0,0,0,0,0,0,0,0
740,0,0,0,0,0,0,0,0,0
741,0,0,0,0,0,0,0,0,0
742,0,0,0,0,0,0,0,0,0
743,0,0,0,0,0,0,0,0,0
744,0,0,0,0,0,0,0,0,0
745,0,0,0,0,0,0,0,0,0
746,0,0,0,0,0,0,0,0,0
747,0,0,0,0,0,0,0,0,0
748,0,0,0,0,0,0,0,0,0
749,0,0,0,0,0,0,0,0,0
750,0,0,0,0,0,0,0,0,0
0,194,7257,201425,4077983,57373546,517292847,2626655236,5935079656,3356972874
1,126,3561,79639,1269034,14035358,99495129,397576084,708118072,316481743
2,84,1749,31051,390756,3417758,19084206,59936994,83671621,29203042
3,51,1038,15344,157762,1126525,5143435,13217605,15087532,4287062
4,33,524,6913,61740,386163,1547480,3502588,3531009,888963
5,22,328,3979,32190,180419,645399,1297109,1150747,252580
6,15,204,2389,17993,93897,313967,594556,498506,103791
7,12,160,1659,11421,54638,166330,287347,219808,41456
8,9,82,759,5058,22447,61556,95062,65007,10851
9,9,75,642,3677,14326,34273,46108,27595,3940
10,9,63,486,2586,9224,19680,23914,13156,1806
11,9,61,413,2071,6761,13562,15731,8048,1037
12,9,49,301,1471,4694,9188,10295,5125,632
13,6,38,221,1064,3191,5937,6529,3174,373
14,4,31,170,871,2504,4499,4798,2284,259
15,4,28,148,754,2127,3776,3968,1852,204
16,4,28,139,690,1822,3034,2975,1245,131
17,4,28,139,674,1786,2938,2878,1195,129
18,2,14,91,389,1034,1548,1589,661,79
19,2,10,62,263,666,954,955,385,50
20,2,10,62,255,630,838,801,326,38
21,2,9,59,246,606,788,724,301,32
22,1,3,25,104,225,290,240,101,13
23,0,2,17,67,151,198,185,79,11
24,0,2,16,52,116,145,136,48,7
25,0,2,15,50,110,137,126,42,6
26,0,1,14,44,100,127,111,39,4
27,0,1,14,44,100,127,111,39,4
28,0,0,11,32,69,83,42,11,2
29,0,0,11,32,69,83,42,11,2
30,0,0,10,30,60,78,38,11,2
31,0,0,10,25,52,64,30,8,1
32,0,0,10,25,51,60,27,6,1
33,0,0,10,25,51,60,27,6,1
34,0,0,8,15,28,30,7,0,0
35,0,0,8,8,15,15,4,0,0
36,0,0,7,4,11,11,3,0,0
37,0,0,7,4,11,11,3,0,0
38,0,0,7,4,11,11,3,0,0
39,0,0,7,4,8,5,3,0,0
40,0,0,7,4,8,5,3,0,0
41,0,0,3,0,4,3,3,0,0
42,0,0,3,0,4,3,3,0,0
43,0,0,3,0,4,3,3,0,0
44,0,0,3,0,4,3,3,0,0
45,0,0,3,0,4,3,3,0,0
46,0,0,3,0,4,3,3,0,0
47,0,0,0,0,0,0,0,0,0
48,0,0,0,0,0,0,0,0,0
49,0,0,0,0,0,0,0,0,0
50,0,0,0,0,0,0,0,0,0
51,0,0,0,0,0,0,0,0,0
52,0,0,0,0,0,0,0,0,0
53,0,0,0,0,0,0,0,0,0
54,0,0,0,0,0,0,0,0,0
55,0,0,0,0,0,0,0,0,0
56,0,0,0,0,0,0,0,0,0
57,0,0,0,0,0,0,0,0,0
58,0,0,0,0,0,0,0,0,0
59,0,0,0,0,0,0,0,0,0
60,0,0,0,0,0,0,0,0,0
61,0,0,0,0,0,0,0,0,0
62,0,0,0,0,0,0,0,0,0
63,0,0,0,0,0,0,0,0,0
64,0,0,0,0,0,0,0,0,0
65,0,0,0,0,0,0,0,0,0
66,0,0,0,0,0,0,0,0,0
67,0,0,0,0,0,0,0,0,0
68,0,0,0,0,0,0,0,0,0
69,0,0,0,0,0,0,0,0,0
70,0,0,0,0,0,0,0,0,0
71,0,0,0,0,0,0,0,0,0
72,0,0,0,0,0,0,0,0,0
73,0,0,0,0,0,0,0,0,0
74,0,0,0,0,0,0,0,0,0
75,0,0,0,0,0,0,0,0,0
76,0,0,0,0,0,0,0,0,0
77,0,0,0,0,0,0,0,0,0
78,0,0,0,0,0,0,0,0,0
79,0,0,0,0,0,0,0,0,0
80,0,0,0,0,0,0,0,0,0
81,0,0,0,0,0,0,0,0,0
82,0,0,0,0,0,0,0,0,0
83,0,0,0,0,0,0,0,0,0
84,0,0,0,0,0,0,0,0,0
85,0,0,0,0,0,0,0,0,0
86,0,0,0,0,0,0,0,0,0
87,0,0,0,0,0,0,0,0,0
88,0,0,0,0,0,0,0,0,0
89,0,0,0,0,0,0,0,0,0
90,0,0,0,0,0,0,0,0,0
91,0,0,0,0,0,0,0,0,0
92,0,0,0,0,0,0,0,0,0
93,0,0,0,0,0,0,0,0,0
94,0,0,0,0,0,0,0,0,0
95,0,0,0,0,0,0,0,0,0
96,0,0,0,0,0,0,0,0,0
97,0,0,0,0,0,0,0,0,0
98,0,0,0,0,0,0,0,0,0
99,0,0,0,0,0,0,0,0,0
100,0,0,0,0,0,0,0,0,0
101,0,0,0,0,0,0,0,0,0
102,0,0,0,0,0,0,0,0,0
103,0,0,0,0,0,0,0,0,0
104,0,0,0,0,0,0,0,0,0
105,0,0,0,0,0,0,0,0,0
106,0,0,0,0,0,0,0,0,0
107,0,0,0,0,0,0,0,0,0
108,0,0,0,0,0,0,0,0,0
109,0,0,0,0,0,0,0,0,0
110,0,0,0,0,0,0,0,0,0
111,0,0,0,0,0,0,0,0,0
112,0,0,0,0,0,0,0,0,0
113,0,0,0,0,0,0,0,0,0
114,0,0,0,0,0,0,0,0,0
115,0,0,0,0,0,0,0,0,0
116,0,0,0,0,0,0,0,0,0
117,0,0,0,0,0,0,0,0,0
118,0,0,0,0,0,0,0,0,0
119,0,0,0,0,0,0,0,0,0
120,0,0,0,0,0,0,0,0,0
121,0,0,0,0,0,0,0,0,0
122,0,0,0,0,0,0,0,0,0
123,0,0,0,0,0,0,0,0,0
124,0,0,0,0,0,0,0,0,0
125,0,0,0,0,0,0,0,0,0
126,0,0,0,0,0,0,0,0,0
127,0,0,0,0,0,0,0,0,0
128,0,0,0,0,0,0,0,0,0
129,0,0,0,0,0,0,0,0,0
130,0,0,0,0,0,0,0,0,0
131,0,0,0,0,0,0,0,0,0
132,0,0,0,0,0,0,0,0,0
133,0,0,0,0,0,0,0,0,0
134,0,0,0,0,0,0,0,0,0
135,0,0,0,0,0,0,0,0,0
136,0,0,0,0,0,0,0,0,0
137,0,0,0,0,0,0,0,0,0
138,0,0,0,0,0,0,0,0,0
139,0,0,0,0,0,0,0,0,0
140,0,0,0,0,0,0,0,0,0
141,0,0,0,0,0,0,0,0,0
142,0,0,0,0,0,0,0,0,0
143,0,0,0,0,0,0,0,0,0
144,0,0,0,0,0,0,0,0,0
145,0,0,0,0,0,0,0,0,0
146,0,0,0,0,0,0,0,0,0
147,0,0,0,0,0,0,0,0,0
148,0,0,0,0,0,0,0,0,0
149,0,0,0,0,0,0,0,0,0
150,0,0,0,0,0,0,0,0,0
151,0,0,0,0,0,0,0,0,0
152,0,0,0,0,0,0,0,0,0
153,0,0,0,0,0,0,0,0,0
154,0,0,0,0,0,0,0,0,0
155,0,0,0,0,0,0,0,0,0
156,0,0,0,0,0,0,0,0,0
157,0,0,0,0,0,0,0,0,0
158,0,0,0,0,0,0,0,0,0
159,0,0,0,0,0,0,0,0,0
160,0,0,0,0,0,0,0,0,0
161,0,0,0,0,0,0,0,0,0
162,0,0,0,0,0,0,0,0,0
163,0,0,0,0,0,0,0,0,0
164,0,0,0,0,0,0,0,0,0
165,0,0,0,0,0,0,0,0,0
166,0,0,0,0,0,0,0,0,0
167,0,0,0,0,0,0,0,0,0
168,0,0,0,0,0,0,0,0,0
169,0,0,0,0,0,0,0,0,0
170,0,0,0,0,0,0,0,0,0
171,0,0,0,0,0,0,0,0,0
172,0,0,0,0,0,0,0,0,0
173,0,0,0,0,0,0,0,0,0
174,0,0,0,0,0,0,0,0,0
175,0,0,0,0,0,0,0,0,0
176,0,0,0,0,0,0,0,0,0
177,0,0,0,0,0,0,0,0,0
178,0,0,0,0,0,0,0,0,0
179,0,0,0,0,0,0,0,0,0
180,0,0,0,0,0,0,0,0,0
181,0,0,0,0,0,0,0,0,0
182,0,0,0,0,0,0,0,0,0
183,0,0,0,0,0,0,0,0,0
184,0,0,0,0,0,0,0,0,0
185,0,0,0,0,0,0,0,0,0
186,0,0,0,0,0,0,0,0,0
187,0,0,0,0,0,0,0,0,0
188,0,0,0,0,0,0,0,0,0
189,0,0,0,0,0,0,0,0,0
190,0,0,0,0,0,0,0,0,0
191,0,0,0,0,0,0,0,0,0
192,0,0,0,0,0,0,0,0,0
193,0,0,0,0,0,0,0,0,0
194,0,0,0,0,0,0,0,0,0
195,0,0,0,0,0,0,0,0,0
196,0,0,0,0,0,0,0,0,0
197,0,0,0,0,0,0,0,0,0
198,0,0,0,0,0,0,0,0,0
199,0,0,0,0,0,0,0,0,0
200,0,0,0,0,0,0,0,0,0
201,0,0,0,0,0,0,0,0,0
202,0,0,0,0,0,0,0,0,0
203,0,0,0,0,0,0,0,0,0
204,0,0,0,0,0,0,0,0,0
205,0,0,0,0,0,0,0,0,0
206,0,0,0,0,0,0,0,0,0
207,0,0,0,0,0,0,0,0,0
208,0,0,0,0,0,0,0,0,0
209,0,0,0,0,0,0,0,0,0
210,0,0,0,0,0,0,0,0,0
211,0,0,0,0,0,0,0,0,0
212,0,0,0,0,0,0,0,0,0
213,0,0,0,0,0,0,0,0,0
214,0,0,0,0,0,0,0,0,0
215,0,0,0,0,0,0,0,0,0
216,0,0,0,0,0,0,0,0,0
217,0,0,0,0,0,0,0,0,0
218,0,0,0,0,0,0,0,0,0
219,0,0,0,0,0,0,0,0,0
220,0,0,0,0,0,0,0,0,0
221,0,0,0,0,0,0,0,0,0
222,0,0,0,0,0,0,0,0,0
223,0,0,0,0,0,0,0,0,0
224,0,0,0,0,0,0,0,0,0
225,0,0,0,0,0,0,0,0,0
226,0,0,0,0,0,0,0,0,0
227,0,0,0,0,0,0,0,0,0
228,0,0,0,0,0,0,0,0,0
229,0,0,0,0,0,0,0,0,0
230,0,0,0,0,0,0,0,0,0
231,0,0,0,0,0,0,0,0,0
232,0,0,0,0,0,0,0,0,0
233,0,0,0,0,0,0,0,0,0
234,0,0,0,0,0,0,0,0,0
235,0,0,0,0,0,0,0,0,0
236,0,0,0,0,0,0,0,0,0
237,0,0,0,0,0,0,0,0,0
238,0,0,0,0,0,0,0,0,0
239,0,0,0,0,0,0,0,0,0
240,0,0,0,0,0,0,0,0,0
241,0,0,0,0,0,0,0,0,0
242,0,0,0,0,0,0,0,0,0
243,0,0,0,0,0,0,0,0,0
244,0,0,0,0,0,0,0,0,0
245,0,0,0,0,0,0,0,0,0
246,0,0,0,0,0,0,0,0,0
247,0,0,0,0,0,0,0,0,0
248,0,0,0,0,0,0,0,0,0
249,0,0,0,0,0,0,0,0,0
250,0,0,0,0,0,0,0,0,0
251,0,0,0,0,0,0,0,0,0
252,0,0,0,0,0,0,0,0,0
253,0,0,0,0,0,0,0,0,0
254,0,0,0,0,0,0,0,0,0
255,0,0,0,0,0,0,0,0,0
256,0,0,0,0,0,0,0,0,0
257,0,0,0,0,0,0,0,0,0
258,0,0,0,0,0,0,0,0,0
259,0,0,0,0,0,0,0,0,0
260,0,0,0,0,0,0,0,0,0
261,0,0,0,0,0,0,0,0,0
262,0,0,0,0,0,0,0,0,0
263,0,0,0,0,0,0,0,0,0
264,0,0,0,0,0,0,0,0,0
265,0,0,0,0,0,0,0,0,0
266,0,0,0,0,0,0,0,0,0
267,0,0,0,0,0,0,0,0,0
268,0,0,0,0,0,0,0,0,0
269,0,0,0,0,0,0,0,0,0
270,0,0,0,0,0,0,0,0,0
271,0,0,0,0,0,0,0,0,0
272,0,0,0,0,0,0,0,0,0
273,0,0,0,0,0,0,0,0,0
274,0,0,0,0,0,0,0,0,0
275,0,0,0,0,0,0,0,0,0
276,0,0,0,0,0,0,0,0,0
277,0,0,0,0,0,0,0,0,0
278,0,0,0,0,0,0,0,0,0
279,0,0,0,0,0,0,0,0,0
280,0,0,0,0,0,0,0,0,0
281,0,0,0,0,0,0,0,0,0
282,0,0,0,0,0,0,0,0,0
283,0,0,0,0,0,0,0,0,0
284,0,0,0,0,0,0,0,0,0
285,0,0,0,0,0,0,0,0,0
286,0,0,0,0,0,0,0,0,0
287,0,0,0,0,0,0,0,0,0
288,0,0,0,0,0,0,0,0,0
289,0,0,0,0,0,0,0,0,0
290,0,0,0,0,0,0,0,0,0
291,0,0,0,0,0,0,0,0,0
292,0,0,0,0,0,0,0,0,0
293,0,0,0,0,0,0,0,0,0
294,0,0,0,0,0,0,0,0,0
295,0,0,0,0,0,0,0,0,0
296,0,0,0,0,0,0,0,0,0
297,0,0,0,0,0,0,0,0,0
298,0,0,0,0,0,0,0,0,0
299,0,0,0,0,0,0,0,0,0
300,0,0,0,0,0,0,0,0,0
301,0,0,0,0,0,0,0,0,0
302,0,0,0,0,0,0,0,0,0
303,0,0,0,0,0,0,0,0,0
304,0,0,0,0,0,0,0,0,0
305,0,0,0,0,0,0,0,0,0
306,0,0,0,0,0,0,0,0,0
307,0,0,0,0,0,0,0,0,0
308,0,0,0,0,0,0,0,0,0
309,0,0,0,0,0,0,0,0,0
310,0,0,0,0,0,0,0,0,0
311,0,0,0,0,0,0,0,0,0
312,0,0,0,0,0,0,0,0,0
313,0,0,0,0,0,0,0,0,0
314,0,0,0,0,0,0,0,0,0
315,0,0,0,0,0,0,0,0,0
316,0,0,0,0,0,0,0,0,0
317,0,0,0,0,0,0,0,0,0
318,0,0,0,0,0,0,0,0,0
319,0,0,0,0,0,0,0,0,0
320,0,0,0,0,0,0,0,0,0
321,0,0,0,0,0,0,0,0,0
322,0,0,0,0,0,0,0,0,0
323,0,0,0,0,0,0,0,0,0
324,0,0,0,0,0,0,0,0,0
325,0,0,0,0,0,0,0,0,0
326,0,0,0,0,0,0,0,0,0
327,0,0,0,0,0,0,0,0,0
328,0,0,0,0,0,0,0,0,0
329,0,0,0,0,0,0,0,0,0
330,0,0,0,0,0,0,0,0,0
331,0,0,0,0,0,0,0,0,0
332,0,0,0,0,0,0,0,0,0
333,0,0,0,0,0,0,0,0,0
334,0,0,0,0,0,0,0,0,0
335,0,0,0,0,0,0,0,0,0
336,0,0,0,0,0,0,0,0,0
337,0,0,0,0,0,0,0,0,0
338,0,0,0,0,0,0,0,0,0
339,0,0,0,0,0,0,0,0,0
340,0,0,0,0,0,0,0,0,0
341,0,0,0,0,0,0,0,0,0
342,0,0,0,0,0,0,0,0,0
343,0,0,0,0,0,0,0,0,0
344,0,0,0,0,0,0,0,0,0
345,0,0,0,0,0,0,0,0,0
346,0,0,0,0,0,0,0,0,0
347,0,0,0,0,0,0,0,0,0
348,0,0,0,0,0,0,0,0,0
349,0,0,0,0,0,0,0,0,0
350,0,0,0,0,0,0,0,0,0
351,0,0,0,0,0,0,0,0,0
352,0,0,0,0,0,0,0,0,0
353,0,0,0,0,0,0,0,0,0
354,0,0,0,0,0,0,0,0,0
355,0,0,0,0,0,0,0,0,0
356,0,0,0,0,0,0,0,0,0
357,0,0,0,0,0,0,0,0,0
358,0,0,0,0,0,0,0,0,0
359,0,0,0,0,0,0,0,0,0
360,0,0,0,0,0,0,0,0,0
361,0,0,0,0,0,0,0,0,0
362,0,0,0,0,0,0,0,0,0
363,0,0,0,0,0,0,0,0,0
364,0,0,0,0,0,0,0,0,0
365,0,0,0,0,0,0,0,0,0
366,0,0,0,0,0,0,0,0,0
367,0,0,0,0,0,0,0,0,0
368,0,0,0,0,0,0,0,0,0
369,0,0,0,0,0,0,0,0,0
370,0,0,0,0,0,0,0,0,0
371,0,0,0,0,0,0,0,0,0
372,0,0,0,0,0,0,0,0,0
373,0,0,0,0,0,0,0,0,0
374,0,0,0,0,0,0,0,0,0
375,0,0,0,0,0,0,0,0,0
376,0,0,0,0,0,0,0,0,0
377,0,0,0,0,0,0,0,0,0
378,0,0,0,0,0,0,0,0,0
379,0,0,0,0,0,0,0,0,0
380,0,0,0,0,0,0,0,0,0
381,0,0,0,0,0,0,0,0,0
382,0,0,0,0,0,0,0,0,0
383,0,0,0,0,0,0,0,0,0
384,0,0,0,0,0,0,0,0,0
385,0,0,0,0,0,0,0,0,0
386,0,0,0,0,0,0,0,0,0
387,0,0,0,0,0,0,0,0,0
388,0,0,0,0,0,0,0,0,0
389,0,0,0,0,0,0,0,0,0
390,0,0,0,0,0,0,0,0,0
391,0,0,0,0,0,0,0,0,0
392,0,0,0,0,0,0,0,0,0
393,0,0,0,0,0,0,0,0,0
394,0,0,0,0,0,0,0,0,0
395,0,0,0,0,0,0,0,0,0
396,0,0,0,0,0,0,0,0,0
397,0,0,0,0,0,0,0,0,0
398,0,0,0,0,0,0,0,0,0
399,0,0,0,0,0,0,0,0,0
400,0,0,0,0,0,0,0,0,0
401,0,0,0,0,0,0,0,0,0
402,0,0,0,0,0,0,0,0,0
403,0,0,0,0,0,0,0,0,0
404,0,0,0,0,0,0,0,0,0
405,0,0,0,0,0,0,0,0,0
406,0,0,0,0,0,0,0,0,0
407,0,0,0,0,0,0,0,0,0
408,0,0,0,0,0,0,0,0,0
409,0,0,0,0,0,0,0,0,0
410,0,0,0,0,0,0,0,0,0
411,0,0,0,0,0,0,0,0,0
412,0,0,0,0,0,0,0,0,0
413,0,0,0,0,0,0,0,0,0
414,0,0,0,0,0,0,0,0,0
415,0,0,0,0,0,0,0,0,0
416,0,0,0,0,0,0,0,0,0
417,0,0,0,0,0,0,0,0,0
418,0,0,0,0,0,0,0,0,0
419,0,0,0,0,0,0,0,0,0
420,0,0,0,0,0,0,0,0,0
421,0,0,0,0,0,0,0,0,0
422,0,0,0,0,0,0,0,0,0
423,0,0,0,0,0,0,0,0,0
424,0,0,0,0,0,0,0,0,0
425,0,0,0,0,0,0,0,0,0
426,0,0,0,0,0,0,0,0,0
427,0,0,0,0,0,0,0,0,0
428,0,0,0,0,0,0,0,0,0
429,0,0,0,0,0,0,0,0,0
430,0,0,0,0,0,0,0,0,0
431,0,0,0,0,0,0,0,0,0
432,0,0,0,0,0,0,0,0,0
433,0,0,0,0,0,0,0,0,0
434,0,0,0,0,0,0,0,0,0
435,0,0,0,0,0,0,0,0,0
436,0,0,0,0,0,0,0,0,0
437,0,0,0,0,0,0,0,0,0
438,0,0,0,0,0,0,0,0,0
439,0,0,0,0,0,0,0,0,0
440,0,0,0,0,0,0,0,0,0
441,0,0,0,0,0,0,0,0,0
442,0,0,0,0,0,0,0,0,0
443,0,0,0,0,0,0,0,0,0
444,0,0,0,0,0,0,0,0,0
445,0,0,0,0,0,0,0,0,0
446,0,0,0,0,0,0,0,0,0
447,0,0,0,0,0,0,0,0,0
448,0,0,0,0,0,0,0,0,0
449,0,0,0,0,0,0,0,0,0
450,0,0,0,0,0,0,0,0,0
451,0,0,0,0,0,0,0,0,0
452,0,0,0,0,0,0,0,0,0
453,0,0,0,0,0,0,0,0,0
454,0,0,0,0,0,0,0,0,0
455,0,0,0,0,0,0,0,0,0
456,0,0,0,0,0,0,0,0,0
457,0,0,0,0,0,0,0,0,0
458,0,0,0,0,0,0,0,0,0
459,0,0,0,0,0,0,0,0,0
460,0,0,0,0,0,0,0,0,0
461,0,0,0,0,0,0,0,0,0
462,0,0,0,0,0,0,0,0,0
463,0,0,0,0,0,0,0,0,0
464,0,0,0,0,0,0,0,0,0
465,0,0,0,0,0,0,0,0,0
466,0,0,0,0,0,0,0,0,0
467,0,0,0,0,0,0,0,0,0
468,0,0,0,0,0,0,0,0,0
469,0,0,0,0,0,0,0,0,0
470,0,0,0,0,0,0,0,0,0
471,0,0,0,0,0,0,0,0,0
472,0,0,0,0,0,0,0,0,0
473,0,0,0,0,0,0,0,0,0
474,0,0,0,0,0,0,0,0,0
475,0,0,0,0,0,0,0,0,0
476,0,0,0,0,0,0,0,0,0
477,0,0,0,0,0,0,0,0,0
478,0,0,0,0,0,0,0,0,0
479,0,0,0,0,0,0,0,0,0
480,0,0,0,0,0,0,0,0,0
481,0,0,0,0,0,0,0,0,0
482,0,0,0,0,0,0,0,0,0
483,0,0,0,0,0,0,0,0,0
484,0,0,0,0,0,0,0,0,0
485,0,0,0,0,0,0,0,0,0
486,0,0,0,0,0,0,0,0,0
487,0,0,0,0,0,0,0,0,0
488,0,0,0,0,0,0,0,0,0
489,0,0,0,0,0,0,0,0,0
490,0,0,0,0,0,0,0,0,0
491,0,0,0,0,0,0,0,0,0
492,0,0,0,0,0,0,0,0,0
493,0,0,0,0,0,0,0,0,0
494,0,0,0,0,0,0,0,0,0
495,0,0,0,0,0,0,0,0,0
496,0,0,0,0,0,0,0,0,0
497,0,0,0,0,0,0,0,0,0
498,0,0,0,0,0,0,0,0,0
499,0,0,0,0,0,0,0,0,0
500,0,0,0,0,0,0,0,0,0
501,0,0,0,0,0,0,0,0,0
502,0,0,0,0,0,0,0,0,0
503,0,0,0,0,0,0,0,0,0
504,0,0,0,0,0,0,0,0,0
505,0,0,0,0,0,0,0,0,0
506,0,0,0,0,0,0,0,0,0
507,0,0,0,0,0,0,0,0,0
508,0,0,0,0,0,0,0,0,0
509,0,0,0,0,0,0,0,0,0
510,0,0,0,0,0,0,0,0,0
511,0,0,0,0,0,0,0,0,0
512,0,0,0,0,0,0,0,0,0
513,0,0,0,0,0,0,0,0,0
514,0,0,0,0,0,0,0,0,0
515,0,0,0,0,0,0,0,0,0
516,0,0,0,0,0,0,0,0,0
517,0,0,0,0,0,0,0,0,0
518,0,0,0,0,0,0,0,0,0
519,0,0,0,0,0,0,0,0,0
520,0,0,0,0,0,0,0,0,0
521,0,0,0,0,0,0,0,0,0
522,0,0,0,0,0,0,0,0,0
523,0,0,0,0,0,0,0,0,0
524,0,0,0,0,0,0,0,0,0
525,0,0,0,0,0,0,0,0,0
526,0,0,0,0,0,0,0,0,0
527,0,0,0,0,0,0,0,0,0
528,0,0,0,0,0,0,0,0,0
529,0,0,0,0,0,0,0,0,0
530,0,0,0,0,0,0,0,0,0
531,0,0,0,0,0,0,0,0,0
532,0,0,0,0,0,0,0,0,0
533,0,0,0,0,0,0,0,0,0
534,0,0,0,0,0,0,0,0,0
535,0,0,0,0,0,0,0,0,0
536,0,0,0,0,0,0,0,0,0
537,0,0,0,0,0,0,0,0,0
538,0,0,0,0,0,0,0,0,0
539,0,0,0,0,0,0,0,0,0
540,0,0,0,0,0,0,0,0,0
541,0,0,0,0,0,0,0,0,0
542,0,0,0,0,0,0,0,0,0
543,0,0,0,0,0,0,0,0,0
544,0,0,0,0,0,0,0,0,0
545,0,0,0,0,0,0,0,0,0
546,0,0,0,0,0,0,0,0,0
547,0,0,0,0,0,0,0,0,0
548,0,0,0,0,0,0,0,0,0
549,0,0,0,0,0,0,0,0,0
550,0,0,0,0,0,0,0,0,0
551,0,0,0,0,0,0,0,0,0
552,0,0,0,0,0,0,0,0,0
553,0,0,0,0,0,0,0,0,0
554,0,0,0,0,0,0,0,0,0
555,0,0,0,0,0,0,0,0,0
556,0,0,0,0,0,0,0,0,0
557,0,0,0,0,0,0,0,0,0
558,0,0,0,0,0,0,0,0,0
559,0,0,0,0,0,0,0,0,0
560,0,0,0,0,0,0,0,0,0
561,0,0,0,0,0,0,0,0,0
562,0,0,0,0,0,0,0,0,0
563,0,0,0,0,0,0,0,0,0
564,0,0,0,0,0,0,0,0,0
565,0,0,0,0,0,0,0,0,0
566,0,0,0,0,0,0,0,0,0
567,0,0,0,0,0,0,0,0,0
568,0,0,0,0,0,0,0,0,0
569,0,0,0,0,0,0,0,0,0
570,0,0,0,0,0,0,0,0,0
571,0,0,0,0,0,0,0,0,0
572,0,0,0,0,0,0,0,0,0
573,0,0,0,0,0,0,0,0,0
574,0,0,0,0,0,0,0,0,0
575,0,0,0,0,0,0,0,0,0
576,0,0,0,0,0,0,0,0,0
577,0,0,0,0,0,0,0,0,0
578,0,0,0,0,0,0,0,0,0
579,0,0,0,0,0,0,0,0,0
580,0,0,0,0,0,0,0,0,0
581,0,0,0,0,0,0,0,0,0
582,0,0,0,0,0,0,0,0,0
583,0,0,0,0,0,0,0,0,0
584,0,0,0,0,0,0,0,0,0
585,0,0,0,0,0,0,0,0,0
586,0,0,0,0,0,0,0,0,0
587,0,0,0,0,0,0,0,0,0
588,0,0,0,0,0,0,0,0,0
589,0,0,0,0,0,0,0,0,0
590,0,0,0,0,0,0,0,0,0
591,0,0,0,0,0,0,0,0,0
592,0,0,0,0,0,0,0,0,0
593,0,0,0,0,0,0,0,0,0
594,0,0,0,0,0,0,0,0,0
595,0,0,0,0,0,0,0,0,0
596,0,0,0,0,0,0,0,0,0
597,0,0,0,0,0,0,0,0,0
598,0,0,0,0,0,0,0,0,0
599,0,0,0,0,0,0,0,0,0
600,0,0,0,0,0,0,0,0,0
601,0,0,0,0,0,0,0,0,0
602,0,0,0,0,0,0,0,0,0
603,0,0,0,0,0,0,0,0,0
604,0,0,0,0,0,0,0,0,0
605,0,0,0,0,0,0,0,0,0
606,0,0,0,0,0,0,0,0,0
607,0,0,0,0,0,0,0,0,0
608,0,0,0,0,0,0,0,0,0
609,0,0,0,0,0,0,0,0,0
610,0,0,0,0,0,0,0,0,0
611,0,0,0,0,0,0,0,0,0
612,0,0,0,0,0,0,0,0,0
613,0,0,0,0,0,0,0,0,0
614,0,0,0,0,0,0,0,0,0
615,0,0,0,0,0,0,0,0,0
616,0,0,0,0,0,0,0,0,0
617,0,0,0,0,0,0,0,0,0
618,0,0,0,0,0,0,0,0,0
619,0,0,0,0,0,0,0,0,0
620,0,0,0,0,0,0,0,0,0
621,0,0,0,0,0,0,0,0,0
622,0,0,0,0,0,0,0,0,0
623,0,0,0,0,0,0,0,0,0
624,0,0,0,0,0,0,0,0,0
625,0,0,0,0,0,0,0,0,0
626,0,0,0,0,0,0,0,0,0
627,0,0,0,0,0,0,0,0,0
628,0,0,0,0,0,0,0,0,0
629,0,0,0,0,0,0,0,0,0
630,0,0,0,0,0,0,0,0,0
631,0,0,0,0,0,0,0,0,0
632,0,0,0,0,0,0,0,0,0
633,0,0,0,0,0,0,0,0,0
634,0,0,0,0,0,0,0,0,0
635,0,0,0,0,0,0,0,0,0
636,0,0,0,0,0,0,0,0,0
637,0,0,0,0,0,0,0,0,0
638,0,0,0,0,0,0,0,0,0
639,0,0,0,0,0,0,0,0,0
640,0,0,0,0,0,0,0,0,0
641,0,0,0,0,0,0,0,0,0
642,0,0,0,0,0,0,0,0,0
643,0,0,0,0,0,0,0,0,0
644,0,0,0,0,0,0,0,0,0
645,0,0,0,0,0,0,0,0,0
646,0,0,0,0,0,0,0,0,0
647,0,0,0,0,0,0,0,0,0
648,0,0,0,0,0,0,0,0,0
649,0,0,0,0,0,0,0,0,0
650,0,0,0,0,0,0,0,0,0
651,0,0,0,0,0,0,0,0,0
652,0,0,0,0,0,0,0,0,0
653,0,0,0,0,0,0,0,0,0
654,0,0,0,0,0,0,0,0,0
655,0,0,0,0,0,0,0,0,0
656,0,0,0,0,0,0,0,0,0
657,0,0,0,0,0,0,0,0,0
658,0,0,0,0,0,0,0,0,0
659,0,0,0,0,0,0,0,0,0
660,0,0,0,0,0,0,0,0,0
661,0,0,0,0,0,0,0,0,0
662,0,0,0,0,0,0,0,0,0
663,0,0,0,0,0,0,0,0,0
664,0,0,0,0,0,0,0,0,0
665,0,0,0,0,0,0,0,0,0
666,0,0,0,0,0,0,0,0,0
667,0,0,0,0,0,0,0,0,0
668,0,0,0,0,0,0,0,0,0
669,0,0,0,0,0,0,0,0,0
670,0,0,0,0,0,0,0,0,0
671,0,0,0,0,0,0,0,0,0
672,0,0,0,0,0,0,0,0,0
673,0,0,0,0,0,0,0,0,0
674,0,0,0,0,0,0,0,0,0
675,0,0,0,0,0,0,0,0,0
676,0,0,0,0,0,0,0,0,0
677,0,0,0,0,0,0,0,0,0
678,0,0,0,0,0,0,0,0,0
679,0,0,0,0,0,0,0,0,0
680,0,0,0,0,0,0,0,0,0
681,0,0,0,0,0,0,0,0,0
682,0,0,0,0,0,0,0,0,0
683,0,0,0,0,0,0,0,0,0
684,0,0,0,0,0,0,0,0,0
685,0,0,0,0,0,0,0,0,0
686,0,0,0,0,0,0,0,0,0
687,0,0,0,0,0,0,0,0,0
688,0,0,0,0,0,0,0,0,0
689,0,0,0,0,0,0,0,0,0
690,0,0,0,0,0,0,0,0,0
691,0,0,0,0,0,0,0,0,0
692,0,0,0,0,0,0,0,0,0
693,0,0,0,0,0,0,0,0,0
694,0,0,0,0,0,0,0,0,0
695,0,0,0,0,0,0,0,0,0
696,0,0,0,0,0,0,0,0,0
697,0,0,0,0,0,0,0,0,0
698,0,0,0,0,0,0,0,0,0
699,0,0,0,0,0,0,0,0,0
700,0,0,0,0,0,0,0,0,0
701,0,0,0,0,0,0,0,0,0
702,0,0,0,0,0,0,0,0,0
703,0,0,0,0,0,0,0,0,0
704,0,0,0,0,0,0,0,0,0
705,0,0,0,0,0,0,0,0,0
706,0,0,0,0,0,0,0,0,0
707,0,0,0,0,0,0,0,0,0
708,0,0,0,0,0,0,0,0,0
709,0,0,0,0,0,0,0,0,0
710,0,0,0,0,0,0,0,0,0
711,0,0,0,0,0,0,0,0,0
712,0,0,0,0,0,0,0,0,0
713,0,0,0,0,0,0,0,0,0
714,0,0,0,0,0,0,0,0,0
715,0,0,0,0,0,0,0,0,0
716,0,0,0,0,0,0,0,0,0
717,0,0,0,0,0,0,0,0,0
718,0,0,0,0,0,0,0,0,0
719,0,0,0,0,0,0,0,0,0
720,0,0,0,0,0,0,0,0,0
721,0,0,0,0,0,0,0,0,0
722,0,0,0,0,0,0,0,0,0
723,0,0,0,0,0,0,0,0,0
724,0,0,0,0,0,0,0,0,0
725,0,0,0,0,0,0,0,0,0
726,0,0,0,0,0,0,0,0,0
727,0,0,0,0,0,0,0,0,0
728,0,0,0,0,0,0,0,0,0
729,0,0,0,0,0,0,0,0,0
730,0,0,0,0,0,0,0,0,0
731,0,0,0,0,0,0,0,0,0
732,0,0,0,0,0,0,0,0,0
733,0,0,0,0,0,0,0,0,0
734,0,0,0,0,0,0,0,0,0
735,0,0,0,0,0,0,0,0,0
736,0,0,0,0,0,0,0,0,0
737,0,0,0,0,0,0,0,0,0
738,0,0,0,0,0,0,0,0,0
739,0,0,0,0,0,0,0,0,0
740,0,0,0,0,0,0,0,0,0
741,0,0,0,0,0,0,0,0,0
742,0,0,0,0,0,0,0,0,0
743,0,0,0,0,0,0,0,0,0
744,0,0,0,0,0,0,0,0,0
745,0,0,0,0,0,0,0,0,0
746,0,0,0,0,0,0,0,0,0
747,0,0,0,0,0,0,0,0,0
748,0,0,0,0,0,0,0,0,0
749,0,0,0,0,0,0,0,0,0
750,0,0,0,0,0,0,0,0,0
0,194,7257,201425,4077983,57373546,517292847,2626655236,5935079656,3356972874
1,98,2729,58143,901630,9722650,67260676,262492787,456591486,199179295
2,45,1170,19622,241232,2069157,11412105,35614667,49687482,17433346
3,21,461,6610,68238,492703,2282312,5974070,6991571,2051290
4,17,297,3645,33256,213848,882647,2053586,2124814,549453
5,13,211,2174,18105,104325,384159,798037,737388,168739
6,6,100,930,7244,38082,127401,241573,203377,42600
7,6,92,758,5226,24640,73760,124952,95318,17956
8,6,83,629,4063,17881,49882,77823,54236,9412
9,4,68,463,2595,10585,27286,39662,25847,4166
10,4,48,332,1706,6538,16402,23176,14484,2312
11,4,47,323,1614,6068,14812,20292,12172,1795
12,3,38,260,1210,4382,10195,13092,7297,977
13,3,34,231,1033,3534,7758,9575,5267,698
14,3,26,162,693,2331,4848,5740,3049,406
15,3,24,158,655,2116,4276,4954,2478,314
16,3,23,129,460,1296,2327,2284,945,114
17,3,19,110,356,973,1788,1813,763,90
18,3,19,97,286,805,1433,1412,559,66
19,3,18,96,274,749,1313,1248,485,61
20,2,10,43,108,298,498,449,167,24
21,2,10,37,90,225,371,302,102,18
22,2,10,37,87,215,331,277,93,17
23,2,10,37,87,207,305,241,74,13
24,2,10,37,87,207,305,241,74,13
25,2,9,34,68,138,216,152,51,11
26,1,5,19,30,82,109,76,18,4
27,1,2,14,23,57,68,48,12,4
28,1,2,14,22,57,67,44,12,4
29,1,2,14,22,57,67,44,12,4
30,1,2,14,22,57,67,44,12,4
31,1,2,14,22,57,67,44,12,4
32,0,2,12,22,49,43,33,9,2
33,0,2,12,20,45,40,27,7,1
34,0,2,10,19,40,38,26,6,1
35,0,0,1,4,11,17,20,0,0
36,0,0,1,4,11,17,20,0,0
37,0,0,1,4,11,17,20,0,0
38,0,0,1,4,11,17,20,0,0
39,0,0,1,4,11,17,20,0,0
40,0,0,0,4,7,3,11,0,0
41,0,0,0,4,7,3,11,0,0
42,0,0,0,0,0,0,0,0,0
43,0,0,0,0,0,0,0,0,0
44,0,0,0,0,0,0,0,0,0
45,0,0,0,0,0,0,0,0,0
46,0,0,0,0,0,0,0,0,0
47,0,0,0,0,0,0,0,0,0
48,0,0,0,0,0,0,0,0,0
49,0,0,0,0,0,0,0,0,0
50,0,0,0,0,0,0,0,0,0
51,0,0,0,0,0,0,0,0,0
52,0,0,0,0,0,0,0,0,0
53,0,0,0,0,0,0,0,0,0
54,0,0,0,0,0,0,0,0,0
55,0,0,0,0,0,0,0,0,0
56,0,0,0,0,0,0,0,0,0
57,0,0,0,0,0,0,0,0,0
58,0,0,0,0,0,0,0,0,0
59,0,0,0,0,0,0,0,0,0
60,0,0,0,0,0,0,0,0,0
61,0,0,0,0,0,0,0,0,0
62,0,0,0,0,0,0,0,0,0
63,0,0,0,0,0,0,0,0,0
64,0,0,0,0,0,0,0,0,0
65,0,0,0,0,0,0,0,0,0
66,0,0,0,0,0,0,0,0,0
67,0,0,0,0,0,0,0,0,0
68,0,0,0,0,0,0,0,0,0
69,0,0,0,0,0,0,0,0,0
70,0,0,0,0,0,0,0,0,0
71,0,0,0,0,0,0,0,0,0
72,0,0,0,0,0,0,0,0,0
73,0,0,0,0,0,0,0,0,0
74,0,0,0,0,0,0,0,0,0
75,0,0,0,0,0,0,0,0,0
76,0,0,0,0,0,0,0,0,0
77,0,0,0,0,0,0,0,0,0
78,0,0,0,0,0,0,0,0,0
79,0,0,0,0,0,0,0,0,0
80,0,0,0,0,0,0,0,0,0
81,0,0,0,0,0,0,0,0,0
82,0,0,0,0,0,0,0,0,0
83,0,0,0,0,0,0,0,0,0
84,0,0,0,0,0,0,0,0,0
85,0,0,0,0,0,0,0,0,0
86,0,0,0,0,0,0,0,0,0
87,0,0,0,0,0,0,0,0,0
88,0,0,0,0,0,0,0,0,0
89,0,0,0,0,0,0,0,0,0
90,0,0,0,0,0,0,0,0,0
91,0,0,0,0,0,0,0,0,0
92,0,0,0,0,0,0,0,0,0
93,0,0,0,0,0,0,0,0,0
94,0,0,0,0,0,0,0,0,0
95,0,0,0,0,0,0,0,0,0
96,0,0,0,0,0,0,0,0,0
97,0,0,0,0,0,0,0,0,0
98,0,0,0,0,0,0,0,0,0
99,0,0,0,0,0,0,0,0,0
100,0,0,0,0,0,0,0,0,0
101,0,0,0,0,0,0,0,0,0
102,0,0,0,0,0,0,0,0,0
103,0,0,0,0,0,0,0,0,0
104,0,0,0,0,0,0,0,0,0
105,0,0,0,0,0,0,0,0,0
106,0,0,0,0,0,0,0,0,0
107,0,0,0,0,0,0,0,0,0
108,0,0,0,0,0,0,0,0,0
109,0,0,0,0,0,0,0,0,0
110,0,0,0,0,0,0,0,0,0
111,0,0,0,0,0,0,0,0,0
112,0,0,0,0,0,0,0,0,0
113,0,0,0,0,0,0,0,0,0
114,0,0,0,0,0,0,0,0,0
115,0,0,0,0,0,0,0,0,0
116,0,0,0,0,0,0,0,0,0
117,0,0,0,0,0,0,0,0,0
118,0,0,0,0,0,0,0,0,0
119,0,0,0,0,0,0,0,0,0
120,0,0,0,0,0,0,0,0,0
121,0,0,0,0,0,0,0,0,0
122,0,0,0,0,0,0,0,0,0
123,0,0,0,0,0,0,0,0,0
124,0,0,0,0,0,0,0,0,0
125,0,0,0,0,0,0,0,0,0
126,0,0,0,0,0,0,0,0,0
127,0,0,0,0,0,0,0,0,0
128,0,0,0,0,0,0,0,0,0
129,0,0,0,0,0,0,0,0,0
130,0,0,0,0,0,0,0,0,0
131,0,0,0,0,0,0,0,0,0
132,0,0,0,0,0,0,0,0,0
133,0,0,0,0,0,0,0,0,0
134,0,0,0,0,0,0,0,0,0
135,0,0,0,0,0,0,0,0,0
136,0,0,0,0,0,0,0,0,0
137,0,0,0,0,0,0,0,0,0
138,0,0,0,0,0,0,0,0,0
139,0,0,0,0,0,0,0,0,0
140,0,0,0,0,0,0,0,0,0
141,0,0,0,0,0,0,0,0,0
142,0,0,0,0,0,0,0,0,0
143,0,0,0,0,0,0,0,0,0
144,0,0,0,0,0,0,0,0,0
145,0,0,0,0,0,0,0,0,0
146,0,0,0,0,0,0,0,0,0
147,0,0,0,0,0,0,0,0,0
148,0,0,0,0,0,0,0,0,0
149,0,0,0,0,0,0,0,0,0
150,0,0,0,0,0,0,0,0,0
151,0,0,0,0,0,0,0,0,0
152,0,0,0,0,0,0,0,0,0
153,0,0,0,0,0,0,0,0,0
154,0,0,0,0,0,0,0,0,0
155,0,0,0,0,0,0,0,0,0
156,0,0,0,0,0,0,0,0,0
157,0,0,0,0,0,0,0,0,0
158,0,0,0,0,0,0,0,0,0
159,0,0,0,0,0,0,0,0,0
160,0,0,0,0,0,0,0,0,0
161,0,0,0,0,0,0,0,0,0
162,0,0,0,0,0,0,0,0,0
163,0,0,0,0,0,0,0,0,0
164,0,0,0,0,0,0,0,0,0
165,0,0,0,0,0,0,0,0,0
166,0,0,0,0,0,0,0,0,0
167,0,0,0,0,0,0,0,0,0
168,0,0,0,0,0,0,0,0,0
169,0,0,0,0,0,0,0,0,0
170,0,0,0,0,0,0,0,0,0
171,0,0,0,0,0,0,0,0,0
172,0,0,0,0,0,0,0,0,0
173,0,0,0,0,0,0,0,0,0
174,0,0,0,0,0,0,0,0,0
175,0,0,0,0,0,0,0,0,0
176,0,0,0,0,0,0,0,0,0
177,0,0,0,0,0,0,0,0,0
178,0,0,0,0,0,0,0,0,0
179,0,0,0,0,0,0,0,0,0
180,0,0,0,0,0,0,0,0,0
181,0,0,0,0,0,0,0,0,0
182,0,0,0,0,0,0,0,0,0
183,0,0,0,0,0,0,0,0,0
184,0,0,0,0,0,0,0,0,0
185,0,0,0,0,0,0,0,0,0
186,0,0,0,0,0,0,0,0,0
187,0,0,0,0,0,0,0,0,0
188,0,0,0,0,0,0,0,0,0
189,0,0,0,0,0,0,0,0,0
190,0,0,0,0,0,0,0,0,0
191,0,0,0,0,0,0,0,0,0
192,0,0,0,0,0,0,0,0,0
193,0,0,0,0,0,0,0,0,0
194,0,0,0,0,0,0,0,0,0
195,0,0,0,0,0,0,0,0,0
196,0,0,0,0,0,0,0,0,0
197,0,0,0,0,0,0,0,0,0
198,0,0,0,0,0,0,0,0,0
199,0,0,0,0,0,0,0,0,0
200,0,0,0,0,0,0,0,0,0
201,0,0,0,0,0,0,0,0,0
202,0,0,0,0,0,0,0,0,0
203,0,0,0,0,0,0,0,0,0
204,0,0,0,0,0,0,0,0,0
205,0,0,0,0,0,0,0,0,0
206,0,0,0,0,0,0,0,0,0
207,0,0,0,0,0,0,0,0,0
208,0,0,0,0,0,0,0,0,0
209,0,0,0,0,0,0,0,0,0
210,0,0,0,0,0,0,0,0,0
211,0,0,0,0,0,0,0,0,0
212,0,0,0,0,0,0,0,0,0
213,0,0,0,0,0,0,0,0,0
214,0,0,0,0,0,0,0,0,0
215,0,0,0,0,0,0,0,0,0
216,0,0,0,0,0,0,0,0,0
217,0,0,0,0,0,0,0,0,0
218,0,0,0,0,0,0,0,0,0
219,0,0,0,0,0,0,0,0,0
220,0,0,0,0,0,0,0,0,0
221,0,0,0,0,0,0,0,0,0
222,0,0,0,0,0,0,0,0,0
223,0,0,0,0,0,0,0,0,0
224,0,0,0,0,0,0,0,0,0
225,0,0,0,0,0,0,0,0,0
226,0,0,0,0,0,0,0,0,0
227,0,0,0,0,0,0,0,0,0
228,0,0,0,0,0,0,0,0,0
229,0,0,0,0,0,0,0,0,0
230,0,0,0,0,0,0,0,0,0
231,0,0,0,0,0,0,0,0,0
232,0,0,0,0,0,0,0,0,0
233,0,0,0,0,0,0,0,0,0
234,0,0,0,0,0,0,0,0,0
235,0,0,0,0,0,0,0,0,0
236,0,0,0,0,0,0,0,0,0
237,0,0,0,0,0,0,0,0,0
238,0,0,0,0,0,0,0,0,0
239,0,0,0,0,0,0,0,0,0
240,0,0,0,0,0,0,0,0,0
241,0,0,0,0,0,0,0,0,0
242,0,0,0,0,0,0,0,0,0
243,0,0,0,0,0,0,0,0,0
244,0,0,0,0,0,0,0,0,0
245,0,0,0,0,0,0,0,0,0
246,0,0,0,0,0,0,0,0,0
247,0,0,0,0,0,0,0,0,0
248,0,0,0,0,0,0,0,0,0
249,0,0,0,0,0,0,0,0,0
250,0,0,0,0,0,0,0,0,0
251,0,0,0,0,0,0,0,0,0
252,0,0,0,0,0,0,0,0,0
253,0,0,0,0,0,0,0,0,0
254,0,0,0,0,0,0,0,0,0
255,0,0,0,0,0,0,0,0,0
256,0,0,0,0,0,0,0,0,0
257,0,0,0,0,0,0,0,0,0
258,0,0,0,0,0,0,0,0,0
259,0,0,0,0,0,0,0,0,0
260,0,0,0,0,0,0,0,0,0
261,0,0,0,0,0,0,0,0,0
262,0,0,0,0,0,0,0,0,0
263,0,0,0,0,0,0,0,0,0
264,0,0,0,0,0,0,0,0,0
265,0,0,0,0,0,0,0,0,0
266,0,0,0,0,0,0,0,0,0
267,0,0,0,0,0,0,0,0,0
268,0,0,0,0,0,0,0,0,0
269,0,0,0,0,0,0,0,0,0
270,0,0,0,0,0,0,0,0,0
271,0,0,0,0,0,0,0,0,0
272,0,0,0,0,0,0,0,0,0
273,0,0,0,0,0,0,0,0,0
274,0,0,0,0,0,0,0,0,0
275,0,0,0,0,0,0,0,0,0
276,0,0,0,0,0,0,0,0,0
277,0,0,0,0,0,0,0,0,0
278,0,0,0,0,0,0,0,0,0
279,0,0,0,0,0,0,0,0,0
280,0,0,0,0,0,0,0,0,0
281,0,0,0,0,0,0,0,0,0
282,0,0,0,0,0,0,0,0,0
283,0,0,0,0,0,0,0,0,0
284,0,0,0,0,0,0,0,0,0
285,0,0,0,0,0,0,0,0,0
286,0,0,0,0,0,0,0,0,0
287,0,0,0,0,0,0,0,0,0
288,0,0,0,0,0,0,0,0,0
289,0,0,0,0,0,0,0,0,0
290,0,0,0,0,0,0,0,0,0
291,0,0,0,0,0,0,0,0,0
292,0,0,0,0,0,0,0,0,0
293,0,0,0,0,0,0,0,0,0
294,0,0,0,0,0,0,0,0,0
295,0,0,0,0,0,0,0,0,0
296,0,0,0,0,0,0,0,0,0
297,0,0,0,0,0,0,0,0,0
298,0,0,0,0,0,0,0,0,0
299,0,0,0,0,0,0,0,0,0
300,0,0,0,0,0,0,0,0,0
301,0,0,0,0,0,0,0,0,0
302,0,0,0,0,0,0,0,0,0
303,0,0,0,0,0,0,0,0,0
304,0,0,0,0,0,0,0,0,0
305,0,0,0,0,0,0,0,0,0
306,0,0,0,0,0,0,0,0,0
307,0,0,0,0,0,0,0,0,0
308,0,0,0,0,0,0,0,0,0
309,0,0,0,0,0,0,0,0,0
310,0,0,0,0,0,0,0,0,0
311,0,0,0,0,0,0,0,0,0
312,0,0,0,0,0,0,0,0,0
313,0,0,0,0,0,0,0,0,0
314,0,0,0,0,0,0,0,0,0
315,0,0,0,0,0,0,0,0,0
316,0,0,0,0,0,0,0,0,0
317,0,0,0,0,0,0,0,0,0
318,0,0,0,0,0,0,0,0,0
319,0,0,0,0,0,0,0,0,0
320,0,0,0,0,0,0,0,0,0
321,0,0,0,0,0,0,0,0,0
322,0,0,0,0,0,0,0,0,0
323,0,0,0,0,0,0,0,0,0
324,0,0,0,0,0,0,0,0,0
325,0,0,0,0,0,0,0,0,0
326,0,0,0,0,0,0,0,0,0
327,0,0,0,0,0,0,0,0,0
328,0,0,0,0,0,0,0,0,0
329,0,0,0,0,0,0,0,0,0
330,0,0,0,0,0,0,0,0,0
331,0,0,0,0,0,0,0,0,0
332,0,0,0,0,0,0,0,0,0
333,0,0,0,0,0,0,0,0,0
334,0,0,0,0,0,0,0,0,0
335,0,0,0,0,0,0,0,0,0
336,0,0,0,0,0,0,0,0,0
337,0,0,0,0,0,0,0,0,0
338,0,0,0,0,0,0,0,0,0
339,0,0,0,0,0,0,0,0,0
340,0,0,0,0,0,0,0,0,0
341,0,0,0,0,0,0,0,0,0
342,0,0,0,0,0,0,0,0,0
343,0,0,0,0,0,0,0,0,0
344,0,0,0,0,0,0,0,0,0
345,0,0,0,0,0,0,0,0,0
346,0,0,0,0,0,0,0,0,0
347,0,0,0,0,0,0,0,0,0
348,0,0,0,0,0,0,0,0,0
349,0,0,0,0,0,0,0,0,0
350,0,0,0,0,0,0,0,0,0
351,0,0,0,0,0,0,0,0,0
352,0,0,0,0,0,0,0,0,0
353,0,0,0,0,0,0,0,0,0
354,0,0,0,0,0,0,0,0,0
355,0,0,0,0,0,0,0,0,0
356,0,0,0,0,0,0,0,0,0
357,0,0,0,0,0,0,0,0,0
358,0,0,0,0,0,0,0,0,0
359,0,0,0,0,0,0,0,0,0
360,0,0,0,0,0,0,0,0,0
361,0,0,0,0,0,0,0,0,0
362,0,0,0,0,0,0,0,0,0
363,0,0,0,0,0,0,0,0,0
364,0,0,0,0,0,0,0,0,0
365,0,0,0,0,0,0,0,0,0
366,0,0,0,0,0,0,0,0,0
367,0,0,0,0,0,0,0,0,0
368,0,0,0,0,0,0,0,0,0
369,0,0,0,0,0,0,0,0,0
370,0,0,0,0,0,0,0,0,0
371,0,0,0,0,0,0,0,0,0
372,0,0,0,0,0,0,0,0,0
373,0,0,0,0,0,0,0,0,0
374,0,0,0,0,0,0,0,0,0
375,0,0,0,0,0,0,0,0,0
376,0,0,0,0,0,0,0,0,0
377,0,0,0,0,0,0,0,0,0
378,0,0,0,0,0,0,0,0,0
379,0,0,0,0,0,0,0,0,0
380,0,0,0,0,0,0,0,0,0
381,0,0,0,0,0,0,0,0,0
382,0,0,0,0,0,0,0,0,0
383,0,0,0,0,0,0,0,0,0
384,0,0,0,0,0,0,0,0,0
385,0,0,0,0,0,0,0,0,0
386,0,0,0,0,0,0,0,0,0
387,0,0,0,0,0,0,0,0,0
388,0,0,0,0,0,0,0,0,0
389,0,0,0,0,0,0,0,0,0
390,0,0,0,0,0,0,0,0,0
391,0,0,0,0,0,0,0,0,0
392,0,0,0,0,0,0,0,0,0
393,0,0,0,0,0,0,0,0,0
394,0,0,0,0,0,0,0,0,0
395,0,0,0,0,0,0,0,0,0
396,0,0,0,0,0,0,0,0,0
397,0,0,0,0,0,0,0,0,0
398,0,0,0,0,0,0,0,0,0
399,0,0,0,0,0,0,0,0,0
400,0,0,0,0,0,0,0,0,0
401,0,0,0,0,0,0,0,0,0
402,0,0,0,0,0,0,0,0,0
403,0,0,0,0,0,0,0,0,0
404,0,0,0,0,0,0,0,0,0
405,0,0,0,0,0,0,0,0,0
406,0,0,0,0,0,0,0,0,0
407,0,0,0,0,0,0,0,0,0
408,0,0,0,0,0,0,0,0,0
409,0,0,0,0,0,0,0,0,0
410,0,0,0,0,0,0,0,0,0
411,0,0,0,0,0,0,0,0,0
412,0,0,0,0,0,0,0,0,0
413,0,0,0,0,0,0,0,0,0
414,0,0,0,0,0,0,0,0,0
415,0,0,0,0,0,0,0,0,0
416,0,0,0,0,0,0,0,0,0
417,0,0,0,0,0,0,0,0,0
418,0,0,0,0,0,0,0,0,0
419,0,0,0,0,0,0,0,0,0
420,0,0,0,0,0,0,0,0,0
421,0,0,0,0,0,0,0,0,0
422,0,0,0,0,0,0,0,0,0
423,0,0,0,0,0,0,0,0,0
424,0,0,0,0,0,0,0,0,0
425,0,0,0,0,0,0,0,0,0
426,0,0,0,0,0,0,0,0,0
427,0,0,0,0,0,0,0,0,0
428,0,0,0,0,0,0,0,0,0
429,0,0,0,0,0,0,0,0,0
430,0,0,0,0,0,0,0,0,0
431,0,0,0,0,0,0,0,0,0
432,0,0,0,0,0,0,0,0,0
433,0,0,0,0,0,0,0,0,0
434,0,0,0,0,0,0,0,0,0
435,0,0,0,0,0,0,0,0,0
436,0,0,0,0,0,0,0,0,0
437,0,0,0,0,0,0,0,0,0
438,0,0,0,0,0,0,0,0,0
439,0,0,0,0,0,0,0,0,0
440,0,0,0,0,0,0,0,0,0
441,0,0,0,0,0,0,0,0,0
442,0,0,0,0,0,0,0,0,0
443,0,0,0,0,0,0,0,0,0
444,0,0,0,0,0,0,0,0,0
445,0,0,0,0,0,0,0,0,0
446,0,0,0,0,0,0,0,0,0
447,0,0,0,0,0,0,0,0,0
448,0,0,0,0,0,0,0,0,0
449,0,0,0,0,0,0,0,0,0
450,0,0,0,0,0,0,0,0,0
451,0,0,0,0,0,0,0,0,0
452,0,0,0,0,0,0,0,0,0
453,0,0,0,0,0,0,0,0,0
454,0,0,0,0,0,0,0,0,0
455,0,0,0,0,0,0,0,0,0
456,0,0,0,0,0,0,0,0,0
457,0,0,0,0,0,0,0,0,0
458,0,0,0,0,0,0,0,0,0
459,0,0,0,0,0,0,0,0,0
460,0,0,0,0,0,0,0,0,0
461,0,0,0,0,0,0,0,0,0
462,0,0,0,0,0,0,0,0,0
463,0,0,0,0,0,0,0,0,0
464,0,0,0,0,0,0,0,0,0
465,0,0,0,0,0,0,0,0,0
466,0,0,0,0,0,0,0,0,0
467,0,0,0,0,0,0,0,0,0
468,0,0,0,0,0,0,0,0,0
469,0,0,0,0,0,0,0,0,0
470,0,0,0,0,0,0,0,0,0
471,0,0,0,0,0,0,0,0,0
472,0,0,0,0,0,0,0,0,0
473,0,0,0,0,0,0,0,0,0
474,0,0,0,0,0,0,0,0,0
475,0,0,0,0,0,0,0,0,0
476,0,0,0,0,0,0,0,0,0
477,0,0,0,0,0,0,0,0,0
478,0,0,0,0,0,0,0,0,0
479,0,0,0,0,0,0,0,0,0
480,0,0,0,0,0,0,0,0,0
481,0,0,0,0,0,0,0,0,0
482,0,0,0,0,0,0,0,0,0
483,0,0,0,0,0,0,0,0,0
484,0,0,0,0,0,0,0,0,0
485,0,0,0,0,0,0,0,0,0
486,0,0,0,0,0,0,0,0,0
487,0,0,0,0,0,0,0,0,0
488,0,0,0,0,0,0,0,0,0
489,0,0,0,0,0,0,0,0,0
490,0,0,0,0,0,0,0,0,0
491,0,0,0,0,0,0,0,0,0
492,0,0,0,0,0,0,0,0,0
493,0,0,0,0,0,0,0,0,0
494,0,0,0,0,0,0,0,0,0
495,0,0,0,0,0,0,0,0,0
496,0,0,0,0,0,0,0,0,0
497,0,0,0,0,0,0,0,0,0
498,0,0,0,0,0,0,0,0,0
499,0,0,0,0,0,0,0,0,0
500,0,0,0,0,0,0,0,0,0
501,0,0,0,0,0,0,0,0,0
502,0,0,0,0,0,0,0,0,0
503,0,0,0,0,0,0,0,0,0
504,0,0,0,0,0,0,0,0,0
505,0,0,0,0,0,0,0,0,0
506,0,0,0,0,0,0,0,0,0
507,0,0,0,0,0,0,0,0,0
508,0,0,0,0,0,0,0,0,0
509,0,0,0,0,0,0,0,0,0
510,0,0,0,0,0,0,0,0,0
511,0,0,0,0,0,0,0,0,0
512,0,0,0,0,0,0,0,0,0
513,0,0,0,0,0,0,0,0,0
514,0,0,0,0,0,0,0,0,0
515,0,0,0,0,0,0,0,0,0
516,0,0,0,0,0,0,0,0,0
517,0,0,0,0,0,0,0,0,0
518,0,0,0,0,0,0,0,0,0
519,0,0,0,0,0,0,0,0,0
520,0,0,0,0,0,0,0,0,0
521,0,0,0,0,0,0,0,0,0
522,0,0,0,0,0,0,0,0,0
523,0,0,0,0,0,0,0,0,0
524,0,0,0,0,0,0,0,0,0
525,0,0,0,0,0,0,0,0,0
526,0,0,0,0,0,0,0,0,0
527,0,0,0,0,0,0,0,0,0
528,0,0,0,0,0,0,0,0,0
529,0,0,0,0,0,0,0,0,0
530,0,0,0,0,0,0,0,0,0
531,0,0,0,0,0,0,0,0,0
532,0,0,0,0,0,0,0,0,0
533,0,0,0,0,0,0,0,0,0
534,0,0,0,0,0,0,0,0,0
535,0,0,0,0,0,0,0,0,0
536,0,0,0,0,0,0,0,0,0
537,0,0,0,0,0,0,0,0,0
538,0,0,0,0,0,0,0,0,0
539,0,0,0,0,0,0,0,0,0
540,0,0,0,0,0,0,0,0,0
541,0,0,0,0,0,0,0,0,0
542,0,0,0,0,0,0,0,0,0
543,0,0,0,0,0,0,0,0,0
544,0,0,0,0,0,0,0,0,0
545,0,0,0,0,0,0,0,0,0
546,0,0,0,0,0,0,0,0,0
547,0,0,0,0,0,0,0,0,0
548,0,0,0,0,0,0,0,0,0
549,0,0,0,0,0,0,0,0,0
550,0,0,0,0,0,0,0,0,0
551,0,0,0,0,0,0,0,0,0
552,0,0,0,0,0,0,0,0,0
553,0,0,0,0,0,0,0,0,0
554,0,0,0,0,0,0,0,0,0
555,0,0,0,0,0,0,0,0,0
556,0,0,0,0,0,0,0,0,0
557,0,0,0,0,0,0,0,0,0
558,0,0,0,0,0,0,0,0,0
559,0,0,0,0,0,0,0,0,0
560,0,0,0,0,0,0,0,0,0
561,0,0,0,0,0,0,0,0,0
562,0,0,0,0,0,0,0,0,0
563,0,0,0,0,0,0,0,0,0
564,0,0,0,0,0,0,0,0,0
565,0,0,0,0,0,0,0,0,0
566,0,0,0,0,0,0,0,0,0
567,0,0,0,0,0,0,0,0,0
568,0,0,0,0,0,0,0,0,0
569,0,0,0,0,0,0,0,0,0
570,0,0,0,0,0,0,0,0,0
571,0,0,0,0,0,0,0,0,0
572,0,0,0,0,0,0,0,0,0
573,0,0,0,0,0,0,0,0,0
574,0,0,0,0,0,0,0,0,0
575,0,0,0,0,0,0,0,0,0
576,0,0,0,0,0,0,0,0,0
577,0,0,0,0,0,0,0,0,0
578,0,0,0,0,0,0,0,0,0
579,0,0,0,0,0,0,0,0,0
580,0,0,0,0,0,0,0,0,0
581,0,0,0,0,0,0,0,0,0
582,0,0,0,0,0,0,0,0,0
583,0,0,0,0,0,0,0,0,0
584,0,0,0,0,0,0,0,0,0
585,0,0,0,0,0,0,0,0,0
586,0,0,0,0,0,0,0,0,0
587,0,0,0,0,0,0,0,0,0
588,0,0,0,0,0,0,0,0,0
589,0,0,0,0,0,0,0,0,0
590,0,0,0,0,0,0,0,0,0
591,0,0,0,0,0,0,0,0,0
592,0,0,0,0,0,0,0,0,0
593,0,0,0,0,0,0,0,0,0
594,0,0,0,0,0,0,0,0,0
595,0,0,0,0,0,0,0,0,0
596,0,0,0,0,0,0,0,0,0
597,0,0,0,0,0,0,0,0,0
598,0,0,0,0,0,0,0,0,0
599,0,0,0,0,0,0,0,0,0
600,0,0,0,0,0,0,0,0,0
601,0,0,0,0,0,0,0,0,0
602,0,0,0,0,0,0,0,0,0
603,0,0,0,0,0,0,0,0,0
604,0,0,0,0,0,0,0,0,0
605,0,0,0,0,0,0,0,0,0
606,0,0,0,0,0,0,0,0,0
607,0,0,0,0,0,0,0,0,0
608,0,0,0,0,0,0,0,0,0
609,0,0,0,0,0,0,0,0,0
610,0,0,0,0,0,0,0,0,0
611,0,0,0,0,0,0,0,0,0
612,0,0,0,0,0,0,0,0,0
613,0,0,0,0,0,0,0,0,0
614,0,0,0,0,0,0,0,0,0
615,0,0,0,0,0,0,0,0,0
616,0,0,0,0,0,0,0,0,0
617,0,0,0,0,0,0,0,0,0
618,0,0,0,0,0,0,0,0,0
619,0,0,0,0,0,0,0,0,0
620,0,0,0,0,0,0,0,0,0
621,0,0,0,0,0,0,0,0,0
622,0,0,0,0,0,0,0,0,0
623,0,0,0,0,0,0,0,0,0
624,0,0,0,0,0,0,0,0,0
625,0,0,0,0,0,0,0,0,0
626,0,0,0,0,0,0,0,0,0
627,0,0,0,0,0,0,0,0,0
628,0,0,0,0,0,0,0,0,0
629,0,0,0,0,0,0,0,0,0
630,0,0,0,0,0,0,0,0,0
631,0,0,0,0,0,0,0,0,0
632,0,0,0,0,0,0,0,0,0
633,0,0,0,0,0,0,0,0,0
634,0,0,0,0,0,0,0,0,0
635,0,0,0,0,0,0,0,0,0
636,0,0,0,0,0,0,0,0,0
637,0,0,0,0,0,0,0,0,0
638,0,0,0,0,0,0,0,0,0
639,0,0,0,0,0,0,0,0,0
640,0,0,0,0,0,0,0,0,0
641,0,0,0,0,0,0,0,0,0
642,0,0,0,0,0,0,0,0,0
643,0,0,0,0,0,0,0,0,0
644,0,0,0,0,0,0,0,0,0
645,0,0,0,0,0,0,0,0,0
646,0,0,0,0,0,0,0,0,0
647,0,0,0,0,0,0,0,0,0
648,0,0,0,0,0,0,0,0,0
649,0,0,0,0,0,0,0,0,0
650,0,0,0,0,0,0,0,0,0
651,0,0,0,0,0,0,0,0,0
652,0,0,0,0,0,0,0,0,0
653,0,0,0,0,0,0,0,0,0
654,0,0,0,0,0,0,0,0,0
655,0,0,0,0,0,0,0,0,0
656,0,0,0,0,0,0,0,0,0
657,0,0,0,0,0,0,0,0,0
658,0,0,0,0,0,0,0,0,0
659,0,0,0,0,0,0,0,0,0
660,0,0,0,0,0,0,0,0,0
661,0,0,0,0,0,0,0,0,0
662,0,0,0,0,0,0,0,0,0
663,0,0,0,0,0,0,0,0,0
664,0,0,0,0,0,0,0,0,0
665,0,0,0,0,0,0,0,0,0
666,0,0,0,0,0,0,0,0,0
667,0,0,0,0,0,0,0,0,0
668,0,0,0,0,0,0,0,0,0
669,0,0,0,0,0,0,0,0,0
670,0,0,0,0,0,0,0,0,0
671,0,0,0,0,0,0,0,0,0
672,0,0,0,0,0,0,0,0,0
673,0,0,0,0,0,0,0,0,0
674,0,0,0,0,0,0,0,0,0
675,0,0,0,0,0,0,0,0,0
676,0,0,0,0,0,0,0,0,0
677,0,0,0,0,0,0,0,0,0
678,0,0,0,0,0,0,0,0,0
679,0,0,0,0,0,0,0,0,0
680,0,0,0,0,0,0,0,0,0
681,0,0,0,0,0,0,0,0,0
682,0,0,0,0,0,0,0,0,0
683,0,0,0,0,0,0,0,0,0
684,0,0,0,0,0,0,0,0,0
685,0,0,0,0,0,0,0,0,0
686,0,0,0,0,0,0,0,0,0
687,0,0,0,0,0,0,0,0,0
688,0,0,0,0,0,0,0,0,0
689,0,0,0,0,0,0,0,0,0
690,0,0,0,0,0,0,0,0,0
691,0,0,0,0,0,0,0,0,0
692,0,0,0,0,0,0,0,0,0
693,0,0,0,0,0,0,0,0,0
694,0,0,0,0,0,0,0,0,0
695,0,0,0,0,0,0,0,0,0
696,0,0,0,0,0,0,0,0,0
697,0,0,0,0,0,0,0,0,0
698,0,0,0,0,0,0,0,0,0
699,0,0,0,0,0,0,0,0,0
700,0,0,0,0,0,0,0,0,0
701,0,0,0,0,0,0,0,0,0
702,0,0,0,0,0,0,0,0,0
703,0,0,0,0,0,0,0,0,0
704,0,0,0,0,0,0,0,0,0
705,0,0,0,0,0,0,0,0,0
706,0,0,0,0,0,0,0,0,0
707,0,0,0,0,0,0,0,0,0
708,0,0,0,0,0,0,0,0,0
709,0,0,0,0,0,0,0,0,0
710,0,0,0,0,0,0,0,0,0
711,0,0,0,0,0,0,0,0,0
712,0,0,0,0,0,0,0,0,0
713,0,0,0,0,0,0,0,0,0
714,0,0,0,0,0,0,0,0,0
715,0,0,0,0,0,0,0,0,0
716,0,0,0,0,0,0,0,0,0
717,0,0,0,0,0,0,0,0,0
718,0,0,0,0,0,0,0,0,0
719,0,0,0,0,0,0,0,0,0
720,0,0,0,0,0,0,0,0,0
721,0,0,0,0,0,0,0,0,0
722,0,0,0,0,0,0,0,0,0
723,0,0,0,0,0,0,0,0,0
724,0,0,0,0,0,0,0,0,0
725,0,0,0,0,0,0,0,0,0
726,0,0,0,0,0,0,0,0,0
727,0,0,0,0,0,0,0,0,0
728,0,0,0,0,0,0,0,0,0
729,0,0,0,0,0,0,0,0,0
730,0,0,0,0,0,0,0,0,0
731,0,0,0,0,0,0,0,0,0
732,0,0,0,0,0,0,0,0,0
733,0,0,0,0,0,0,0,0,0
734,0,0,0,0,0,0,0,0,0
735,0,0,0,0,0,0,0,0,0
736,0,0,0,0,0,0,0,0,0
737,0,0,0,0,0,0,0,0,0
738,0,0,0,0,0,0,0,0,0
739,0,0,0,0,0,0,0,0,0
740,0,0,0,0,0,0,0,0,0
741,0,0,0,0,0,0,0,0,0
742,0,0,0,0,0,0,0,0,0
743,0,0,0,0,0,0,0,0,0
744,0,0,0,0,0,0,0,0,0
745,0,0,0,0,0,0,0,0,0
746,0,0,0,0,0,0,0,0,0
747,0,0,0,0,0,0,0,0,0
748,0,0,0,0,0,0,0,0,0
749,0,0,0,0,0,0,0,0,0
750,0,0,0,0,0,0,0,0,0
0,194,7257,201425,4077983,57373546,517292847,2626655236,5935079656,3356972874
1,82,3041,68832,1119312,12567045,90164406,363378727,649969077,290168578
2,61,1748,31557,404001,3581052,20240012,63988018,89455118,31072002
3,49,1048,16175,177411,1348537,6530819,17738788,21296665,6340877
4,29,592,7881,74008,478666,1985574,4628973,4785414,1228801
5,23,419,4930,40939,236702,876387,1821540,1675631,379580
6,19,330,3358,24887,129789,431671,810600,678582,140496
7,15,230,2217,15148,73026,223746,382748,291248,54350
8,10,177,1497,8979,37525,99339,147340,96932,15673
9,7,139,1066,5932,23071,56770,78472,48851,7545
10,6,83,700,3834,14533,34671,46002,27948,4150
11,6,45,364,2019,7374,17169,22326,13350,1901
12,6,28,199,1114,4028,9456,12572,7882,1135
13,4,22,152,842,2891,6573,8316,5021,693
14,4,15,99,484,1550,3247,3850,2155,245
15,2,7,68,334,1016,2092,2168,1076,103
16,2,7,65,282,739,1470,1440,641,48
17,2,7,61,211,580,1122,1059,463,34
18,2,5,56,174,448,951,892,388,28
19,2,3,31,103,263,510,489,228,14
20,2,3,27,85,220,439,399,175,10
21,2,3,22,70,147,283,228,109,7
22,1,1,13,36,67,123,131,51,7
23,0,1,5,17,27,55,58,20,4
24,0,1,5,15,18,33,43,9,2
25,0,1,5,12,15,26,37,9,2
26,0,0,4,8,9,13,17,2,1
27,0,0,4,8,9,13,17,2,1
28,0,0,2,3,8,11,9,1,0
29,0,0,1,3,4,4,3,0,0
30,0,0,1,3,4,4,3,0,0
31,0,0,1,3,4,4,3,0,0
32,0,0,1,2,4,4,0,0,0
33,0,0,1,2,4,4,0,0,0
34,0,0,1,0,4,3,0,0,0
35,0,0,1,0,4,2,0,0,0
36,0,0,1,0,4,2,0,0,0
37,0,0,1,0,4,2,0,0,0
38,0,0,1,0,4,2,0,0,0
39,0,0,1,0,4,2,0,0,0
40,0,0,1,0,4,2,0,0,0
41,0,0,1,0,3,0,0,0,0
42,0,0,1,0,3,0,0,0,0
43,0,0,1,0,3,0,0,0,0
44,0,0,1,0,3,0,0,0,0
45,0,0,1,0,3,0,0,0,0
46,0,0,1,0,3,0,0,0,0
47,0,0,1,0,3,0,0,0,0
48,0,0,1,0,3,0,0,0,0
49,0,0,1,0,3,0,0,0,0
50,0,0,1,0,1,0,0,0,0
51,0,0,0,0,0,0,0,0,0
52,0,0,0,0,0,0,0,0,0
53,0,0,0,0,0,0,0,0,0
54,0,0,0,0,0,0,0,0,0
55,0,0,0,0,0,0,0,0,0
56,0,0,0,0,0,0,0,0,0
57,0,0,0,0,0,0,0,0,0
58,0,0,0,0,0,0,0,0,0
59,0,0,0,0,0,0,0,0,0
60,0,0,0,0,0,0,0,0,0
61,0,0,0,0,0,0,0,0,0
62,0,0,0,0,0,0,0,0,0
63,0,0,0,0,0,0,0,0,0
64,0,0,0,0,0,0,0,0,0
65,0,0,0,0,0,0,0,0,0
66,0,0,0,0,0,0,0,0,0
67,0,0,0,0,0,0,0,0,0
68,0,0,0,0,0,0,0,0,0
69,0,0,0,0,0,0,0,0,0
70,0,0,0,0,0,0,0,0,0
71,0,0,0,0,0,0,0,0,0
72,0,0,0,0,0,0,0,0,0
73,0,0,0,0,0,0,0,0,0
74,0,0,0,0,0,0,0,0,0
75,0,0,0,0,0,0,0,0,0
76,0,0,0,0,0,0,0,0,0
77,0,0,0,0,0,0,0,0,0
78,0,0,0,0,0,0,0,0,0
79,0,0,0,0,0,0,0,0,0
80,0,0,0,0,0,0,0,0,0
81,0,0,0,0,0,0,0,0,0
82,0,0,0,0,0,0,0,0,0
83,0,0,0,0,0,0,0,0,0
84,0,0,0,0,0,0,0,0,0
85,0,0,0,0,0,0,0,0,0
86,0,0,0,0,0,0,0,0,0
87,0,0,0,0,0,0,0,0,0
88,0,0,0,0,0,0,0,0,0
89,0,0,0,0,0,0,0,0,0
90,0,0,0,0,0,0,0,0,0
91,0,0,0,0,0,0,0,0,0
92,0,0,0,0,0,0,0,0,0
93,0,0,0,0,0,0,0,0,0
94,0,0,0,0,0,0,0,0,0
95,0,0,0,0,0,0,0,0,0
96,0,0,0,0,0,0,0,0,0
97,0,0,0,0,0,0,0,0,0
98,0,0,0,0,0,0,0,0,0
99,0,0,0,0,0,0,0,0,0
100,0,0,0,0,0,0,0,0,0
101,0,0,0,0,0,0,0,0,0
102,0,0,0,0,0,0,0,0,0
103,0,0,0,0,0,0,0,0,0
104,0,0,0,0,0,0,0,0,0
105,0,0,0,0,0,0,0,0,0
106,0,0,0,0,0,0,0,0,0
107,0,0,0,0,0,0,0,0,0
108,0,0,0,0,0,0,0,0,0
109,0,0,0,0,0,0,0,0,0
110,0,0,0,0,0,0,0,0,0
111,0,0,0,0,0,0,0,0,0
112,0,0,0,0,0,0,0,0,0
113,0,0,0,0,0,0,0,0,0
114,0,0,0,0,0,0,0,0,0
115,0,0,0,0,0,0,0,0,0
116,0,0,0,0,0,0,0,0,0
117,0,0,0,0,0,0,0,0,0
118,0,0,0,0,0,0,0,0,0
119,0,0,0,0,0,0,0,0,0
120,0,0,0,0,0,0,0,0,0
121,0,0,0,0,0,0,0,0,0
122,0,0,0,0,0,0,0,0,0
123,0,0,0,0,0,0,0,0,0
124,0,0,0,0,0,0,0,0,0
125,0,0,0,0,0,0,0,0,0
126,0,0,0,0,0,0,0,0,0
127,0,0,0,0,0,0,0,0,0
128,0,0,0,0,0,0,0,0,0
129,0,0,0,0,0,0,0,0,0
130,0,0,0,0,0,0,0,0,0
131,0,0,0,0,0,0,0,0,0
132,0,0,0,0,0,0,0,0,0
133,0,0,0,0,0,0,0,0,0
134,0,0,0,0,0,0,0,0,0
135,0,0,0,0,0,0,0,0,0
136,0,0,0,0,0,0,0,0,0
137,0,0,0,0,0,0,0,0,0
138,0,0,0,0,0,0,0,0,0
139,0,0,0,0,0,0,0,0,0
140,0,0,0,0,0,0,0,0,0
141,0,0,0,0,0,0,0,0,0
142,0,0,0,0,0,0,0,0,0
143,0,0,0,0,0,0,0,0,0
144,0,0,0,0,0,0,0,0,0
145,0,0,0,0,0,0,0,0,0
146,0,0,0,0,0,0,0,0,0
147,0,0,0,0,0,0,0,0,0
148,0,0,0,0,0,0,0,0,0
149,0,0,0,0,0,0,0,0,0
150,0,0,0,0,0,0,0,0,0
151,0,0,0,0,0,0,0,0,0
152,0,0,0,0,0,0,0,0,0
153,0,0,0,0,0,0,0,0,0
154,0,0,0,0,0,0,0,0,0
155,0,0,0,0,0,0,0,0,0
156,0,0,0,0,0,0,0,0,0
157,0,0,0,0,0,0,0,0,0
158,0,0,0,0,0,0,0,0,0
159,0,0,0,0,0,0,0,0,0
160,0,0,0,0,0,0,0,0,0
161,0,0,0,0,0,0,0,0,0
162,0,0,0,0,0,0,0,0,0
163,0,0,0,0,0,0,0,0,0
164,0,0,0,0,0,0,0,0,0
165,0,0,0,0,0,0,0,0,0
166,0,0,0,0,0,0,0,0,0
167,0,0,0,0,0,0,0,0,0
168,0,0,0,0,0,0,0,0,0
169,0,0,0,0,0,0,0,0,0
170,0,0,0,0,0,0,0,0,0
171,0,0,0,0,0,0,0,0,0
172,0,0,0,0,0,0,0,0,0
173,0,0,0,0,0,0,0,0,0
174,0,0,0,0,0,0,0,0,0
175,0,0,0,0,0,0,0,0,0
176,0,0,0,0,0,0,0,0,0
177,0,0,0,0,0,0,0,0,0
178,0,0,0,0,0,0,0,0,0
179,0,0,0,0,0,0,0,0,0
180,0,0,0,0,0,0,0,0,0
181,0,0,0,0,0,0,0,0,0
182,0,0,0,0,0,0,0,0,0
183,0,0,0,0,0,0,0,0,0
184,0,0,0,0,0,0,0,0,0
185,0,0,0,0,0,0,0,0,0
186,0,0,0,0,0,0,0,0,0
187,0,0,0,0,0,0,0,0,0
188,0,0,0,0,0,0,0,0,0
189,0,0,0,0,0,0,0,0,0
190,0,0,0,0,0,0,0,0,0
191,0,0,0,0,0,0,0,0,0
192,0,0,0,0,0,0,0,0,0
193,0,0,0,0,0,0,0,0,0
194,0,0,0,0,0,0,0,0,0
195,0,0,0,0,0,0,0,0,0
196,0,0,0,0,0,0,0,0,0
197,0,0,0,0,0,0,0,0,0
198,0,0,0,0,0,0,0,0,0
199,0,0,0,0,0,0,0,0,0
200,0,0,0,0,0,0,0,0,0
201,0,0,0,0,0,0,0,0,0
202,0,0,0,0,0,0,0,0,0
203,0,0,0,0,0,0,0,0,0
204,0,0,0,0,0,0,0,0,0
205,0,0,0,0,0,0,0,0,0
206,0,0,0,0,0,0,0,0,0
207,0,0,0,0,0,0,0,0,0
208,0,0,0,0,0,0,0,0,0
209,0,0,0,0,0,0,0,0,0
210,0,0,0,0,0,0,0,0,0
211,0,0,0,0,0,0,0,0,0
212,0,0,0,0,0,0,0,0,0
213,0,0,0,0,0,0,0,0,0
214,0,0,0,0,0,0,0,0,0
215,0,0,0,0,0,0,0,0,0
216,0,0,0,0,0,0,0,0,0
217,0,0,0,0,0,0,0,0,0
218,0,0,0,0,0,0,0,0,0
219,0,0,0,0,0,0,0,0,0
220,0,0,0,0,0,0,0,0,0
221,0,0,0,0,0,0,0,0,0
222,0,0,0,0,0,0,0,0,0
223,0,0,0,0,0,0,0,0,0
224,0,0,0,0,0,0,0,0,0
225,0,0,0,0,0,0,0,0,0
226,0,0,0,0,0,0,0,0,0
227,0,0,0,0,0,0,0,0,0
228,0,0,0,0,0,0,0,0,0
229,0,0,0,0,0,0,0,0,0
230,0,0,0,0,0,0,0,0,0
231,0,0,0,0,0,0,0,0,0
232,0,0,0,0,0,0,0,0,0
233,0,0,0,0,0,0,0,0,0
234,0,0,0,0,0,0,0,0,0
235,0,0,0,0,0,0,0,0,0
236,0,0,0,0,0,0,0,0,0
237,0,0,0,0,0,0,0,0,0
238,0,0,0,0,0,0,0,0,0
239,0,0,0,0,0,0,0,0,0
240,0,0,0,0,0,0,0,0,0
241,0,0,0,0,0,0,0,0,0
242,0,0,0,0,0,0,0,0,0
243,0,0,0,0,0,0,0,0,0
244,0,0,0,0,0,0,0,0,0
245,0,0,0,0,0,0,0,0,0
246,0,0,0,0,0,0,0,0,0
247,0,0,0,0,0,0,0,0,0
248,0,0,0,0,0,0,0,0,0
249,0,0,0,0,0,0,0,0,0
250,0,0,0,0,0,0,0,0,0
251,0,0,0,0,0,0,0,0,0
252,0,0,0,0,0,0,0,0,0
253,0,0,0,0,0,0,0,0,0
254,0,0,0,0,0,0,0,0,0
255,0,0,0,0,0,0,0,0,0
256,0,0,0,0,0,0,0,0,0
257,0,0,0,0,0,0,0,0,0
258,0,0,0,0,0,0,0,0,0
259,0,0,0,0,0,0,0,0,0
260,0,0,0,0,0,0,0,0,0
261,0,0,0,0,0,0,0,0,0
262,0,0,0,0,0,0,0,0,0
263,0,0,0,0,0,0,0,0,0
264,0,0,0,0,0,0,0,0,0
265,0,0,0,0,0,0,0,0,0
266,0,0,0,0,0,0,0,0,0
267,0,0,0,0,0,0,0,0,0
268,0,0,0,0,0,0,0,0,0
269,0,0,0,0,0,0,0,0,0
270,0,0,0,0,0,0,0,0,0
271,0,0,0,0,0,0,0,0,0
272,0,0,0,0,0,0,0,0,0
273,0,0,0,0,0,0,0,0,0
274,0,0,0,0,0,0,0,0,0
275,0,0,0,0,0,0,0,0,0
276,0,0,0,0,0,0,0,0,0
277,0,0,0,0,0,0,0,0,0
278,0,0,0,0,0,0,0,0,0
279,0,0,0,0,0,0,0,0,0
280,0,0,0,0,0,0,0,0,0
281,0,0,0,0,0,0,0,0,0
282,0,0,0,0,0,0,0,0,0
283,0,0,0,0,0,0,0,0,0
284,0,0,0,0,0,0,0,0,0
285,0,0,0,0,0,0,0,0,0
286,0,0,0,0,0,0,0,0,0
287,0,0,0,0,0,0,0,0,0
288,0,0,0,0,0,0,0,0,0
289,0,0,0,0,0,0,0,0,0
290,0,0,0,0,0,0,0,0,0
291,0,0,0,0,0,0,0,0,0
292,0,0,0,0,0,0,0,0,0
293,0,0,0,0,0,0,0,0,0
294,0,0,0,0,0,0,0,0,0
295,0,0,0,0,0,0,0,0,0
296,0,0,0,0,0,0,0,0,0
297,0,0,0,0,0,0,0,0,0
298,0,0,0,0,0,0,0,0,0
299,0,0,0,0,0,0,0,0,0
300,0,0,0,0,0,0,0,0,0
301,0,0,0,0,0,0,0,0,0
302,0,0,0,0,0,0,0,0,0
303,0,0,0,0,0,0,0,0,0
304,0,0,0,0,0,0,0,0,0
305,0,0,0,0,0,0,0,0,0
306,0,0,0,0,0,0,0,0,0
307,0,0,0,0,0,0,0,0,0
308,0,0,0,0,0,0,0,0,0
309,0,0,0,0,0,0,0,0,0
310,0,0,0,0,0,0,0,0,0
311,0,0,0,0,0,0,0,0,0
312,0,0,0,0,0,0,0,0,0
313,0,0,0,0,0,0,0,0,0
314,0,0,0,0,0,0,0,0,0
315,0,0,0,0,0,0,0,0,0
316,0,0,0,0,0,0,0,0,0
317,0,0,0,0,0,0,0,0,0
318,0,0,0,0,0,0,0,0,0
319,0,0,0,0,0,0,0,0,0
320,0,0,0,0,0,0,0,0,0
321,0,0,0,0,0,0,0,0,0
322,0,0,0,0,0,0,0,0,0
323,0,0,0,0,0,0,0,0,0
324,0,0,0,0,0,0,0,0,0
325,0,0,0,0,0,0,0,0,0
326,0,0,0,0,0,0,0,0,0
327,0,0,0,0,0,0,0,0,0
328,0,0,0,0,0,0,0,0,0
329,0,0,0,0,0,0,0,0,0
330,0,0,0,0,0,0,0,0,0
331,0,0,0,0,0,0,0,0,0
332,0,0,0,0,0,0,0,0,0
333,0,0,0,0,0,0,0,0,0
334,0,0,0,0,0,0,0,0,0
335,0,0,0,0,0,0,0,0,0
336,0,0,0,0,0,0,0,0,0
337,0,0,0,0,0,0,0,0,0
338,0,0,0,0,0,0,0,0,0
339,0,0,0,0,0,0,0,0,0
340,0,0,0,0,0,0,0,0,0
341,0,0,0,0,0,0,0,0,0
342,0,0,0,0,0,0,0,0,0
343,0,0,0,0,0,0,0,0,0
344,0,0,0,0,0,0,0,0,0
345,0,0,0,0,0,0,0,0,0
346,0,0,0,0,0,0,0,0,0
347,0,0,0,0,0,0,0,0,0
348,0,0,0,0,0,0,0,0,0
349,0,0,0,0,0,0,0,0,0
350,0,0,0,0,0,0,0,0,0
351,0,0,0,0,0,0,0,0,0
352,0,0,0,0,0,0,0,0,0
353,0,0,0,0,0,0,0,0,0
354,0,0,0,0,0,0,0,0,0
355,0,0,0,0,0,0,0,0,0
356,0,0,0,0,0,0,0,0,0
357,0,0,0,0,0,0,0,0,0
358,0,0,0,0,0,0,0,0,0
359,0,0,0,0,0,0,0,0,0
360,0,0,0,0,0,0,0,0,0
361,0,0,0,0,0,0,0,0,0
362,0,0,0,0,0,0,0,0,0
363,0,0,0,0,0,0,0,0,0
364,0,0,0,0,0,0,0,0,0
365,0,0,0,0,0,0,0,0,0
366,0,0,0,0,0,0,0,0,0
367,0,0,0,0,0,0,0,0,0
368,0,0,0,0,0,0,0,0,0
369,0,0,0,0,0,0,0,0,0
370,0,0,0,0,0,0,0,0,0
371,0,0,0,0,0,0,0,0,0
372,0,0,0,0,0,0,0,0,0
373,0,0,0,0,0,0,0,0,0
374,0,0,0,0,0,0,0,0,0
375,0,0,0,0,0,0,0,0,0
376,0,0,0,0,0,0,0,0,0
377,0,0,0,0,0,0,0,0,0
378,0,0,0,0,0,0,0,0,0
379,0,0,0,0,0,0,0,0,0
380,0,0,0,0,0,0,0,0,0
381,0,0,0,0,0,0,0,0,0
382,0,0,0,0,0,0,0,0,0
383,0,0,0,0,0,0,0,0,0
384,0,0,0,0,0,0,0,0,0
385,0,0,0,0,0,0,0,0,0
386,0,0,0,0,0,0,0,0,0
387,0,0,0,0,0,0,0,0,0
388,0,0,0,0,0,0,0,0,0
389,0,0,0,0,0,0,0,0,0
390,0,0,0,0,0,0,0,0,0
391,0,0,0,0,0,0,0,0,0
392,0,0,0,0,0,0,0,0,0
393,0,0,0,0,0,0,0,0,0
394,0,0,0,0,0,0,0,0,0
395,0,0,0,0,0,0,0,0,0
396,0,0,0,0,0,0,0,0,0
397,0,0,0,0,0,0,0,0,0
398,0,0,0,0,0,0,0,0,0
399,0,0,0,0,0,0,0,0,0
400,0,0,0,0,0,0,0,0,0
401,0,0,0,0,0,0,0,0,0
402,0,0,0,0,0,0,0,0,0
403,0,0,0,0,0,0,0,0,0
404,0,0,0,0,0,0,0,0,0
405,0,0,0,0,0,0,0,0,0
406,0,0,0,0,0,0,0,0,0
407,0,0,0,0,0,0,0,0,0
408,0,0,0,0,0,0,0,0,0
409,0,0,0,0,0,0,0,0,0
410,0,0,0,0,0,0,0,0,0
411,0,0,0,0,0,0,0,0,0
412,0,0,0,0,0,0,0,0,0
413,0,0,0,0,0,0,0,0,0
414,0,0,0,0,0,0,0,0,0
415,0,0,0,0,0,0,0,0,0
416,0,0,0,0,0,0,0,0,0
417,0,0,0,0,0,0,0,0,0
418,0,0,0,0,0,0,0,0,0
419,0,0,0,0,0,0,0,0,0
420,0,0,0,0,0,0,0,0,0
421,0,0,0,0,0,0,0,0,0
422,0,0,0,0,0,0,0,0,0
423,0,0,0,0,0,0,0,0,0
424,0,0,0,0,0,0,0,0,0
425,0,0,0,0,0,0,0,0,0
426,0,0,0,0,0,0,0,0,0
427,0,0,0,0,0,0,0,0,0
428,0,0,0,0,0,0,0,0,0
429,0,0,0,0,0,0,0,0,0
430,0,0,0,0,0,0,0,0,0
431,0,0,0,0,0,0,0,0,0
432,0,0,0,0,0,0,0,0,0
433,0,0,0,0,0,0,0,0,0
434,0,0,0,0,0,0,0,0,0
435,0,0,0,0,0,0,0,0,0
436,0,0,0,0,0,0,0,0,0
437,0,0,0,0,0,0,0,0,0
438,0,0,0,0,0,0,0,0,0
439,0,0,0,0,0,0,0,0,0
440,0,0,0,0,0,0,0,0,0
441,0,0,0,0,0,0,0,0,0
442,0,0,0,0,0,0,0,0,0
443,0,0,0,0,0,0,0,0,0
444,0,0,0,0,0,0,0,0,0
445,0,0,0,0,0,0,0,0,0
446,0,0,0,0,0,0,0,0,0
447,0,0,0,0,0,0,0,0,0
448,0,0,0,0,0,0,0,0,0
449,0,0,0,0,0,0,0,0,0
450,0,0,0,0,0,0,0,0,0
451,0,0,0,0,0,0,0,0,0
452,0,0,0,0,0,0,0,0,0
453,0,0,0,0,0,0,0,0,0
454,0,0,0,0,0,0,0,0,0
455,0,0,0,0,0,0,0,0,0
456,0,0,0,0,0,0,0,0,0
457,0,0,0,0,0,0,0,0,0
458,0,0,0,0,0,0,0,0,0
459,0,0,0,0,0,0,0,0,0
460,0,0,0,0,0,0,0,0,0
461,0,0,0,0,0,0,0,0,0
462,0,0,0,0,0,0,0,0,0
463,0,0,0,0,0,0,0,0,0
464,0,0,0,0,0,0,0,0,0
465,0,0,0,0,0,0,0,0,0
466,0,0,0,0,0,0,0,0,0
467,0,0,0,0,0,0,0,0,0
468,0,0,0,0,0,0,0,0,0
469,0,0,0,0,0,0,0,0,0
470,0,0,0,0,0,0,0,0,0
471,0,0,0,0,0,0,0,0,0
472,0,0,0,0,0,0,0,0,0
473,0,0,0,0,0,0,0,0,0
474,0,0,0,0,0,0,0,0,0
475,0,0,0,0,0,0,0,0,0
476,0,0,0,0,0,0,0,0,0
477,0,0,0,0,0,0,0,0,0
478,0,0,0,0,0,0,0,0,0
479,0,0,0,0,0,0,0,0,0
480,0,0,0,0,0,0,0,0,0
481,0,0,0,0,0,0,0,0,0
482,0,0,0,0,0,0,0,0,0
483,0,0,0,0,0,0,0,0,0
484,0,0,0,0,0,0,0,0,0
485,0,0,0,0,0,0,0,0,0
486,0,0,0,0,0,0,0,0,0
487,0,0,0,0,0,0,0,0,0
488,0,0,0,0,0,0,0,0,0
489,0,0,0,0,0,0,0,0,0
490,0,0,0,0,0,0,0,0,0
491,0,0,0,0,0,0,0,0,0
492,0,0,0,0,0,0,0,0,0
493,0,0,0,0,0,0,0,0,0
494,0,0,0,0,0,0,0,0,0
495,0,0,0,0,0,0,0,0,0
496,0,0,0,0,0,0,0,0,0
497,0,0,0,0,0,0,0,0,0
498,0,0,0,0,0,0,0,0,0
499,0,0,0,0,0,0,0,0,0
500,0,0,0,0,0,0,0,0,0
501,0,0,0,0,0,0,0,0,0
502,0,0,0,0,0,0,0,0,0
503,0,0,0,0,0,0,0,0,0
504,0,0,0,0,0,0,0,0,0
505,0,0,0,0,0,0,0,0,0
506,0,0,0,0,0,0,0,0,0
507,0,0,0,0,0,0,0,0,0
508,0,0,0,0,0,0,0,0,0
509,0,0,0,0,0,0,0,0,0
510,0,0,0,0,0,0,0,0,0
511,0,0,0,0,0,0,0,0,0
512,0,0,0,0,0,0,0,0,0
513,0,0,0,0,0,0,0,0,0
514,0,0,0,0,0,0,0,0,0
515,0,0,0,0,0,0,0,0,0
516,0,0,0,0,0,0,0,0,0
517,0,0,0,0,0,0,0,0,0
518,0,0,0,0,0,0,0,0,0
519,0,0,0,0,0,0,0,0,0
520,0,0,0,0,0,0,0,0,0
521,0,0,0,0,0,0,0,0,0
522,0,0,0,0,0,0,0,0,0
523,0,0,0,0,0,0,0,0,0
524,0,0,0,0,0,0,0,0,0
525,0,0,0,0,0,0,0,0,0
526,0,0,0,0,0,0,0,0,0
527,0,0,0,0,0,0,0,0,0
528,0,0,0,0,0,0,0,0,0
529,0,0,0,0,0,0,0,0,0
530,0,0,0,0,0,0,0,0,0
531,0,0,0,0,0,0,0,0,0
532,0,0,0,0,0,0,0,0,0
533,0,0,0,0,0,0,0,0,0
534,0,0,0,0,0,0,0,0,0
535,0,0,0,0,0,0,0,0,0
536,0,0,0,0,0,0,0,0,0
537,0,0,0,0,0,0,0,0,0
538,0,0,0,0,0,0,0,0,0
539,0,0,0,0,0,0,0,0,0
540,0,0,0,0,0,0,0,0,0
541,0,0,0,0,0,0,0,0,0
542,0,0,0,0,0,0,0,0,0
543,0,0,0,0,0,0,0,0,0
544,0,0,0,0,0,0,0,0,0
545,0,0,0,0,0,0,0,0,0
546,0,0,0,0,0,0,0,0,0
547,0,0,0,0,0,0,0,0,0
548,0,0,0,0,0,0,0,0,0
549,0,0,0,0,0,0,0,0,0
550,0,0,0,0,0,0,0,0,0
551,0,0,0,0,0,0,0,0,0
552,0,0,0,0,0,0,0,0,0
553,0,0,0,0,0,0,0,0,0
554,0,0,0,0,0,0,0,0,0
555,0,0,0,0,0,0,0,0,0
556,0,0,0,0,0,0,0,0,0
557,0,0,0,0,0,0,0,0,0
558,0,0,0,0,0,0,0,0,0
559,0,0,0,0,0,0,0,0,0
560,0,0,0,0,0,0,0,0,0
561,0,0,0,0,0,0,0,0,0
562,0,0,0,0,0,0,0,0,0
563,0,0,0,0,0,0,0,0,0
564,0,0,0,0,0,0,0,0,0
565,0,0,0,0,0,0,0,0,0
566,0,0,0,0,0,0,0,0,0
567,0,0,0,0,0,0,0,0,0
568,0,0,0,0,0,0,0,0,0
569,0,0,0,0,0,0,0,0,0
570,0,0,0,0,0,0,0,0,0
571,0,0,0,0,0,0,0,0,0
572,0,0,0,0,0,0,0,0,0
573,0,0,0,0,0,0,0,0,0
574,0,0,0,0,0,0,0,0,0
575,0,0,0,0,0,0,0,0,0
576,0,0,0,0,0,0,0,0,0
577,0,0,0,0,0,0,0,0,0
578,0,0,0,0,0,0,0,0,0
579,0,0,0,0,0,0,0,0,0
580,0,0,0,0,0,0,0,0,0
581,0,0,0,0,0,0,0,0,0
582,0,0,0,0,0,0,0,0,0
583,0,0,0,0,0,0,0,0,0
584,0,0,0,0,0,0,0,0,0
585,0,0,0,0,0,0,0,0,0
586,0,0,0,0,0,0,0,0,0
587,0,0,0,0,0,0,0,0,0
588,0,0,0,0,0,0,0,0,0
589,0,0,0,0,0,0,0,0,0
590,0,0,0,0,0,0,0,0,0
591,0,0,0,0,0,0,0,0,0
592,0,0,0,0,0,0,0,0,0
593,0,0,0,0,0,0,0,0,0
594,0,0,0,0,0,0,0,0,0
595,0,0,0,0,0,0,0,0,0
596,0,0,0,0,0,0,0,0,0
597,0,0,0,0,0,0,0,0,0
598,0,0,0,0,0,0,0,0,0
599,0,0,0,0,0,0,0,0,0
600,0,0,0,0,0,0,0,0,0
601,0,0,0,0,0,0,0,0,0
602,0,0,0,0,0,0,0,0,0
603,0,0,0,0,0,0,0,0,0
604,0,0,0,0,0,0,0,0,0
605,0,0,0,0,0,0,0,0,0
606,0,0,0,0,0,0,0,0,0
607,0,0,0,0,0,0,0,0,0
608,0,0,0,0,0,0,0,0,0
609,0,0,0,0,0,0,0,0,0
610,0,0,0,0,0,0,0,0,0
611,0,0,0,0,0,0,0,0,0
612,0,0,0,0,0,0,0,0,0
613,0,0,0,0,0,0,0,0,0
614,0,0,0,0,0,0,0,0,0
615,0,0,0,0,0,0,0,0,0
616,0,0,0,0,0,0,0,0,0
617,0,0,0,0,0,0,0,0,0
618,0,0,0,0,0,0,0,0,0
619,0,0,0,0,0,0,0,0,0
620,0,0,0,0,0,0,0,0,0
621,0,0,0,0,0,0,0,0,0
622,0,0,0,0,0,0,0,0,0
623,0,0,0,0,0,0,0,0,0
624,0,0,0,0,0,0,0,0,0
625,0,0,0,0,0,0,0,0,0
626,0,0,0,0,0,0,0,0,0
627,0,0,0,0,0,0,0,0,0
628,0,0,0,0,0,0,0,0,0
629,0,0,0,0,0,0,0,0,0
630,0,0,0,0,0,0,0,0,0
631,0,0,0,0,0,0,0,0,0
632,0,0,0,0,0,0,0,0,0
633,0,0,0,0,0,0,0,0,0
634,0,0,0,0,0,0,0,0,0
635,0,0,0,0,0,0,0,0,0
636,0,0,0,0,0,0,0,0,0
637,0,0,0,0,0,0,0,0,0
638,0,0,0,0,0,0,0,0,0
639,0,0,0,0,0,0,0,0,0
640,0,0,0,0,0,0,0,0,0
641,0,0,0,0,0,0,0,0,0
642,0,0,0,0,0,0,0,0,0
643,0,0,0,0,0,0,0,0,0
644,0,0,0,0,0,0,0,0,0
645,0,0,0,0,0,0,0,0,0
646,0,0,0,0,0,0,0,0,0
647,0,0,0,0,0,0,0,0,0
648,0,0,0,0,0,0,0,0,0
649,0,0,0,0,0,0,0,0,0
650,0,0,0,0,0,0,0,0,0
651,0,0,0,0,0,0,0,0,0
652,0,0,0,0,0,0,0,0,0
653,0,0,0,0,0,0,0,0,0
654,0,0,0,0,0,0,0,0,0
655,0,0,0,0,0,0,0,0,0
656,0,0,0,0,0,0,0,0,0
657,0,0,0,0,0,0,0,0,0
658,0,0,0,0,0,0,0,0,0
659,0,0,0,0,0,0,0,0,0
660,0,0,0,0,0,0,0,0,0
661,0,0,0,0,0,0,0,0,0
662,0,0,0,0,0,0,0,0,0
663,0,0,0,0,0,0,0,0,0
664,0,0,0,0,0,0,0,0,0
665,0,0,0,0,0,0,0,0,0
666,0,0,0,0,0,0,0,0,0
667,0,0,0,0,0,0,0,0,0
668,0,0,0,0,0,0,0,0,0
669,0,0,0,0,0,0,0,0,0
670,0,0,0,0,0,0,0,0,0
671,0,0,0,0,0,0,0,0,0
672,0,0,0,0,0,0,0,0,0
673,0,0,0,0,0,0,0,0,0
674,0,0,0,0,0,0,0,0,0
675,0,0,0,0,0,0,0,0,0
676,0,0,0,0,0,0,0,0,0
677,0,0,0,0,0,0,0,0,0
678,0,0,0,0,0,0,0,0,0
679,0,0,0,0,0,0,0,0,0
680,0,0,0,0,0,0,0,0,0
681,0,0,0,0,0,0,0,0,0
682,0,0,0,0,0,0,0,0,0
683,0,0,0,0,0,0,0,0,0
684,0,0,0,0,0,0,0,0,0
685,0,0,0,0,0,0,0,0,0
686,0,0,0,0,0,0,0,0,0
687,0,0,0,0,0,0,0,0,0
688,0,0,0,0,0,0,0,0,0
689,0,0,0,0,0,0,0,0,0
690,0,0,0,0,0,0,0,0,0
691,0,0,0,0,0,0,0,0,0
692,0,0,0,0,0,0,0,0,0
693,0,0,0,0,0,0,0,0,0
694,0,0,0,0,0,0,0,0,0
695,0,0,0,0,0,0,0,0,0
696,0,0,0,0,0,0,0,0,0
697,0,0,0,0,0,0,0,0,0
698,0,0,0,0,0,0,0,0,0
699,0,0,0,0,0,0,0,0,0
700,0,0,0,0,0,0,0,0,0
701,0,0,0,0,0,0,0,0,0
702,0,0,0,0,0,0,0,0,0
703,0,0,0,0,0,0,0,0,0
704,0,0,0,0,0,0,0,0,0
705,0,0,0,0,0,0,0,0,0
706,0,0,0,0,0,0,0,0,0
707,0,0,0,0,0,0,0,0,0
708,0,0,0,0,0,0,0,0,0
709,0,0,0,0,0,0,0,0,0
710,0,0,0,0,0,0,0,0,0
711,0,0,0,0,0,0,0,0,0
712,0,0,0,0,0,0,0,0,0
713,0,0,0,0,0,0,0,0,0
714,0,0,0,0,0,0,0,0,0
715,0,0,0,0,0,0,0,0,0
716,0,0,0,0,0,0,0,0,0
717,0,0,0,0,0,0,0,0,0
718,0,0,0,0,0,0,0,0,0
719,0,0,0,0,0,0,0,0,0
720,0,0,0,0,0,0,0,0,0
721,0,0,0,0,0,0,0,0,0
722,0,0,0,0,0,0,0,0,0
723,0,0,0,0,0,0,0,0,0
724,0,0,0,0,0,0,0,0,0
725,0,0,0,0,0,0,0,0,0
726,0,0,0,0,0,0,0,0,0
727,0,0,0,0,0,0,0,0,0
728,0,0,0,0,0,0,0,0,0
729,0,0,0,0,0,0,0,0,0
730,0,0,0,0,0,0,0,0,0
731,0,0,0,0,0,0,0,0,0
732,0,0,0,0,0,0,0,0,0
733,0,0,0,0,0,0,0,0,0
734,0,0,0,0,0,0,0,0,0
735,0,0,0,0,0,0,0,0,0
736,0,0,0,0,0,0,0,0,0
737,0,0,0,0,0,0,0,0,0
738,0,0,0,0,0,0,0,0,0
739,0,0,0,0,0,0,0,0,0
740,0,0,0,0,0,0,0,0,0
741,0,0,0,0,0,0,0,0,0
742,0,0,0,0,0,0,0,0,0
743,0,0,0,0,0,0,0,0,0
744,0,0,0,0,0,0,0,0,0
745,0,0,0,0,0,0,0,0,0
746,0,0,0,0,0,0,0,0,0
747,0,0,0,0,0,0,0,0,0
748,0,0,0,0,0,0,0,0,0
749,0,0,0,0,0,0,0,0,0
750,0,0,0,0,0,0,0,0,0
0,194,7257,201425,4077983,57373546,517292847,2626655236,5935079656,3356972874
1,95,2670,56594,875753,9401664,64649841,250143487,430358221,185060647
2,54,1309,21841,264331,2230129,12035427,36528968,49320339,16643768
3,33,736,10949,117560,885103,4278370,11688422,14255709,4359293
4,19,352,4944,45360,295342,1236460,2913587,3054421,798859
5,11,185,2330,18324,103567,379046,784808,725865,168149
6,11,138,1609,11104,56109,182891,335596,275304,56772
7,9,79,813,4944,21224,59604,92572,63032,10346
8,5,48,531,3017,12224,32664,47439,29980,4478
9,5,37,394,2235,8608,21992,30767,18757,2753
10,3,20,229,1334,4729,12057,16449,9486,1320
11,3,20,211,1245,4167,10149,13367,7567,1064
12,2,16,137,785,2545,5971,7677,4191,562
13,2,14,134,746,2335,5436,6904,3677,490
14,1,10,102,554,1553,3316,4064,2026,266
15,0,8,75,374,1017,2050,2372,1132,138
16,0,6,73,333,848,1646,1772,783,81
17,0,4,68,288,719,1406,1512,672,74
18,0,4,63,243,594,1105,1113,392,37
19,0,2,29,90,228,404,484,160,21
20,0,2,26,78,154,240,262,73,10
21,0,2,26,71,147,214,215,50,9
22,0,2,25,65,119,161,167,35,9
23,0,2,25,65,119,153,159,32,9
24,0,2,24,59,94,98,55,1,0
25,0,2,24,59,89,90,47,0,0
26,0,2,24,48,66,64,39,0,0
27,0,2,24,47,65,54,36,0,0
28,0,2,17,30,39,29,24,0,0
29,0,2,17,30,39,29,24,0,0
30,0,2,16,29,27,27,20,0,0
31,0,2,9,20,14,16,10,0,0
32,0,2,9,20,14,16,10,0,0
33,0,1,6,20,11,14,8,0,0
34,0,1,6,20,11,14,8,0,0
35,0,1,3,14,8,10,6,0,0
36,0,1,3,14,8,10,6,0,0
37,0,1,3,13,8,10,6,0,0
38,0,1,3,12,4,8,4,0,0
39,0,1,3,12,4,8,4,0,0
40,0,1,3,8,4,3,2,0,0
41,0,1,3,8,4,3,2,0,0
42,0,1,3,6,3,2,1,0,0
43,0,1,2,4,1,1,1,0,0
44,0,1,2,4,1,1,1,0,0
45,0,1,2,4,1,1,1,0,0
46,0,1,2,4,1,1,1,0,0
47,0,1,2,4,1,1,1,0,0
48,0,1,2,4,1,1,1,0,0
49,0,0,0,0,0,0,0,0,0
50,0,0,0,0,0,0,0,0,0
51,0,0,0,0,0,0,0,0,0
52,0,0,0,0,0,0,0,0,0
53,0,0,0,0,0,0,0,0,0
54,0,0,0,0,0,0,0,0,0
55,0,0,0,0,0,0,0,0,0
56,0,0,0,0,0,0,0,0,0
57,0,0,0,0,0,0,0,0,0
58,0,0,0,0,0,0,0,0,0
59,0,0,0,0,0,0,0,0,0
60,0,0,0,0,0,0,0,0,0
61,0,0,0,0,0,0,0,0,0
62,0,0,0,0,0,0,0,0,0
63,0,0,0,0,0,0,0,0,0
64,0,0,0,0,0,0,0,0,0
65,0,0,0,0,0,0,0,0,0
66,0,0,0,0,0,0,0,0,0
67,0,0,0,0,0,0,0,0,0
68,0,0,0,0,0,0,0,0,0
69,0,0,0,0,0,0,0,0,0
70,0,0,0,0,0,0,0,0,0
71,0,0,0,0,0,0,0,0,0
72,0,0,0,0,0,0,0,0,0
73,0,0,0,0,0,0,0,0,0
74,0,0,0,0,0,0,0,0,0
75,0,0,0,0,0,0,0,0,0
76,0,0,0,0,0,0,0,0,0
77,0,0,0,0,0,0,0,0,0
78,0,0,0,0,0,0,0,0,0
79,0,0,0,0,0,0,0,0,0
80,0,0,0,0,0,0,0,0,0
81,0,0,0,0,0,0,0,0,0
82,0,0,0,0,0,0,0,0,0
83,0,0,0,0,0,0,0,0,0
84,0,0,0,0,0,0,0,0,0
85,0,0,0,0,0,0,0,0,0
86,0,0,0,0,0,0,0,0,0
87,0,0,0,0,0,0,0,0,0
88,0,0,0,0,0,0,0,0,0
89,0,0,0,0,0,0,0,0,0
90,0,0,0,0,0,0,0,0,0
91,0,0,0,0,0,0,0,0,0
92,0,0,0,0,0,0,0,0,0
93,0,0,0,0,0,0,0,0,0
94,0,0,0,0,0,0,0,0,0
95,0,0,0,0,0,0,0,0,0
96,0,0,0,0,0,0,0,0,0
97,0,0,0,0,0,0,0,0,0
98,0,0,0,0,0,0,0,0,0
99,0,0,0,0,0,0,0,0,0
100,0,0,0,0,0,0,0,0,0
101,0,0,0,0,0,0,0,0,0
102,0,0,0,0,0,0,0,0,0
103,0,0,0,0,0,0,0,0,0
104,0,0,0,0,0,0,0,0,0
105,0,0,0,0,0,0,0,0,0
106,0,0,0,0,0,0,0,0,0
107,0,0,0,0,0,0,0,0,0
108,0,0,0,0,0,0,0,0,0
109,0,0,0,0,0,0,0,0,0
110,0,0,0,0,0,0,0,0,0
111,0,0,0,0,0,0,0,0,0
112,0,0,0,0,0,0,0,0,0
113,0,0,0,0,0,0,0,0,0
114,0,0,0,0,0,0,0,0,0
115,0,0,0,0,0,0,0,0,0
116,0,0,0,0,0,0,0,0,0
117,0,0,0,0,0,0,0,0,0
118,0,0,0,0,0,0,0,0,0
119,0,0,0,0,0,0,0,0,0
120,0,0,0,0,0,0,0,0,0
121,0,0,0,0,0,0,0,0,0
122,0,0,0,0,0,0,0,0,0
123,0,0,0,0,0,0,0,0,0
124,0,0,0,0,0,0,0,0,0
125,0,0,0,0,0,0,0,0,0
126,0,0,0,0,0,0,0,0,0
127,0,0,0,0,0,0,0,0,0
128,0,0,0,0,0,0,0,0,0
129,0,0,0,0,0,0,0,0,0
130,0,0,0,0,0,0,0,0,0
131,0,0,0,0,0,0,0,0,0
132,0,0,0,0,0,0,0,0,0
133,0,0,0,0,0,0,0,0,0
134,0,0,0,0,0,0,0,0,0
135,0,0,0,0,0,0,0,0,0
136,0,0,0,0,0,0,0,0,0
137,0,0,0,0,0,0,0,0,0
138,0,0,0,0,0,0,0,0,0
139,0,0,0,0,0,0,0,0,0
140,0,0,0,0,0,0,0,0,0
141,0,0,0,0,0,0,0,0,0
142,0,0,0,0,0,0,0,0,0
143,0,0,0,0,0,0,0,0,0
144,0,0,0,0,0,0,0,0,0
145,0,0,0,0,0,0,0,0,0
146,0,0,0,0,0,0,0,0,0
147,0,0,0,0,0,0,0,0,0
148,0,0,0,0,0,0,0,0,0
149,0,0,0,0,0,0,0,0,0
150,0,0,0,0,0,0,0,0,0
151,0,0,0,0,0,0,0,0,0
152,0,0,0,0,0,0,0,0,0
153,0,0,0,0,0,0,0,0,0
154,0,0,0,0,0,0,0,0,0
155,0,0,0,0,0,0,0,0,0
156,0,0,0,0,0,0,0,0,0
157,0,0,0,0,0,0,0,0,0
158,0,0,0,0,0,0,0,0,0
159,0,0,0,0,0,0,0,0,0
160,0,0,0,0,0,0,0,0,0
161,0,0,0,0,0,0,0,0,0
162,0,0,0,0,0,0,0,0,0
163,0,0,0,0,0,0,0,0,0
164,0,0,0,0,0,0,0,0,0
165,0,0,0,0,0,0,0,0,0
166,0,0,0,0,0,0,0,0,0
167,0,0,0,0,0,0,0,0,0
168,0,0,0,0,0,0,0,0,0
169,0,0,0,0,0,0,0,0,0
170,0,0,0,0,0,0,0,0,0
171,0,0,0,0,0,0,0,0,0
172,0,0,0,0,0,0,0,0,0
173,0,0,0,0,0,0,0,0,0
174,0,0,0,0,0,0,0,0,0
175,0,0,0,0,0,0,0,0,0
176,0,0,0,0,0,0,0,0,0
177,0,0,0,0,0,0,0,0,0
178,0,0,0,0,0,0,0,0,0
179,0,0,0,0,0,0,0,0,0
180,0,0,0,0,0,0,0,0,0
181,0,0,0,0,0,0,0,0,0
182,0,0,0,0,0,0,0,0,0
183,0,0,0,0,0,0,0,0,0
184,0,0,0,0,0,0,0,0,0
185,0,0,0,0,0,0,0,0,0
186,0,0,0,0,0,0,0,0,0
187,0,0,0,0,0,0,0,0,0
188,0,0,0,0,0,0,0,0,0
189,0,0,0,0,0,0,0,0,0
190,0,0,0,0,0,0,0,0,0
191,0,0,0,0,0,0,0,0,0
192,0,0,0,0,0,0,0,0,0
193,0,0,0,0,0,0,0,0,0
194,0,0,0,0,0,0,0,0,0
195,0,0,0,0,0,0,0,0,0
196,0,0,0,0,0,0,0,0,0
197,0,0,0,0,0,0,0,0,0
198,0,0,0,0,0,0,0,0,0
199,0,0,0,0,0,0,0,0,0
200,0,0,0,0,0,0,0,0,0
201,0,0,0,0,0,0,0,0,0
202,0,0,0,0,0,0,0,0,0
203,0,0,0,0,0,0,0,0,0
204,0,0,0,0,0,0,0,0,0
205,0,0,0,0,0,0,0,0,0
206,0,0,0,0,0,0,0,0,0
207,0,0,0,0,0,0,0,0,0
208,0,0,0,0,0,0,0,0,0
209,0,0,0,0,0,0,0,0,0
210,0,0,0,0,0,0,0,0,0
211,0,0,0,0,0,0,0,0,0
212,0,0,0,0,0,0,0,0,0
213,0,0,0,0,0,0,0,0,0
214,0,0,0,0,0,0,0,0,0
215,0,0,0,0,0,0,0,0,0
216,0,0,0,0,0,0,0,0,0
217,0,0,0,0,0,0,0,0,0
218,0,0,0,0,0,0,0,0,0
219,0,0,0,0,0,0,0,0,0
220,0,0,0,0,0,0,0,0,0
221,0,0,0,0,0,0,0,0,0
222,0,0,0,0,0,0,0,0,0
223,0,0,0,0,0,0,0,0,0
224,0,0,0,0,0,0,0,0,0
225,0,0,0,0,0,0,0,0,0
226,0,0,0,0,0,0,0,0,0
227,0,0,0,0,0,0,0,0,0
228,0,0,0,0,0,0,0,0,0
229,0,0,0,0,0,0,0,0,0
230,0,0,0,0,0,0,0,0,0
231,0,0,0,0,0,0,0,0,0
232,0,0,0,0,0,0,0,0,0
233,0,0,0,0,0,0,0,0,0
234,0,0,0,0,0,0,0,0,0
235,0,0,0,0,0,0,0,0,0
236,0,0,0,0,0,0,0,0,0
237,0,0,0,0,0,0,0,0,0
238,0,0,0,0,0,0,0,0,0
239,0,0,0,0,0,0,0,0,0
240,0,0,0,0,0,0,0,0,0
241,0,0,0,0,0,0,0,0,0
242,0,0,0,0,0,0,0,0,0
243,0,0,0,0,0,0,0,0,0
244,0,0,0,0,0,0,0,0,0
245,0,0,0,0,0,0,0,0,0
246,0,0,0,0,0,0,0,0,0
247,0,0,0,0,0,0,0,0,0
248,0,0,0,0,0,0,0,0,0
249,0,0,0,0,0,0,0,0,0
250,0,0,0,0,0,0,0,0,0
251,0,0,0,0,0,0,0,0,0
252,0,0,0,0,0,0,0,0,0
253,0,0,0,0,0,0,0,0,0
254,0,0,0,0,0,0,0,0,0
255,0,0,0,0,0,0,0,0,0
256,0,0,0,0,0,0,0,0,0
257,0,0,0,0,0,0,0,0,0
258,0,0,0,0,0,0,0,0,0
259,0,0,0,0,0,0,0,0,0
260,0,0,0,0,0,0,0,0,0
261,0,0,0,0,0,0,0,0,0
262,0,0,0,0,0,0,0,0,0
263,0,0,0,0,0,0,0,0,0
264,0,0,0,0,0,0,0,0,0
265,0,0,0,0,0,0,0,0,0
266,0,0,0,0,0,0,0,0,0
267,0,0,0,0,0,0,0,0,0
268,0,0,0,0,0,0,0,0,0
269,0,0,0,0,0,0,0,0,0
270,0,0,0,0,0,0,0,0,0
271,0,0,0,0,0,0,0,0,0
272,0,0,0,0,0,0,0,0,0
273,0,0,0,0,0,0,0,0,0
274,0,0,0,0,0,0,0,0,0
275,0,0,0,0,0,0,0,0,0
276,0,0,0,0,0,0,0,0,0
277,0,0,0,0,0,0,0,0,0
278,0,0,0,0,0,0,0,0,0
279,0,0,0,0,0,0,0,0,0
280,0,0,0,0,0,0,0,0,0
281,0,0,0,0,0,0,0,0,0
282,0,0,0,0,0,0,0,0,0
283,0,0,0,0,0,0,0,0,0
284,0,0,0,0,0,0,0,0,0
285,0,0,0,0,0,0,0,0,0
286,0,0,0,0,0,0,0,0,0
287,0,0,0,0,0,0,0,0,0
288,0,0,0,0,0,0,0,0,0
289,0,0,0,0,0,0,0,0,0
290,0,0,0,0,0,0,0,0,0
291,0,0,0,0,0,0,0,0,0
292,0,0,0,0,0,0,0,0,0
293,0,0,0,0,0,0,0,0,0
294,0,0,0,0,0,0,0,0,0
295,0,0,0,0,0,0,0,0,0
296,0,0,0,0,0,0,0,0,0
297,0,0,0,0,0,0,0,0,0
298,0,0,0,0,0,0,0,0,0
299,0,0,0,0,0,0,0,0,0
300,0,0,0,0,0,0,0,0,0
301,0,0,0,0,0,0,0,0,0
302,0,0,0,0,0,0,0,0,0
303,0,0,0,0,0,0,0,0,0
304,0,0,0,0,0,0,0,0,0
305,0,0,0,0,0,0,0,0,0
306,0,0,0,0,0,0,0,0,0
307,0,0,0,0,0,0,0,0,0
308,0,0,0,0,0,0,0,0,0
309,0,0,0,0,0,0,0,0,0
310,0,0,0,0,0,0,0,0,0
311,0,0,0,0,0,0,0,0,0
312,0,0,0,0,0,0,0,0,0
313,0,0,0,0,0,0,0,0,0
314,0,0,0,0,0,0,0,0,0
315,0,0,0,0,0,0,0,0,0
316,0,0,0,0,0,0,0,0,0
317,0,0,0,0,0,0,0,0,0
318,0,0,0,0,0,0,0,0,0
319,0,0,0,0,0,0,0,0,0
320,0,0,0,0,0,0,0,0,0
321,0,0,0,0,0,0,0,0,0
322,0,0,0,0,0,0,0,0,0
323,0,0,0,0,0,0,0,0,0
324,0,0,0,0,0,0,0,0,0
325,0,0,0,0,0,0,0,0,0
326,0,0,0,0,0,0,0,0,0
327,0,0,0,0,0,0,0,0,0
328,0,0,0,0,0,0,0,0,0
329,0,0,0,0,0,0,0,0,0
330,0,0,0,0,0,0,0,0,0
331,0,0,0,0,0,0,0,0,0
332,0,0,0,0,0,0,0,0,0
333,0,0,0,0,0,0,0,0,0
334,0,0,0,0,0,0,0,0,0
335,0,0,0,0,0,0,0,0,0
336,0,0,0,0,0,0,0,0,0
337,0,0,0,0,0,0,0,0,0
338,0,0,0,0,0,0,0,0,0
339,0,0,0,0,0,0,0,0,0
340,0,0,0,0,0,0,0,0,0
341,0,0,0,0,0,0,0,0,0
342,0,0,0,0,0,0,0,0,0
343,0,0,0,0,0,0,0,0,0
344,0,0,0,0,0,0,0,0,0
345,0,0,0,0,0,0,0,0,0
346,0,0,0,0,0,0,0,0,0
347,0,0,0,0,0,0,0,0,0
348,0,0,0,0,0,0,0,0,0
349,0,0,0,0,0,0,0,0,0
350,0,0,0,0,0,0,0,0,0
351,0,0,0,0,0,0,0,0,0
352,0,0,0,0,0,0,0,0,0
353,0,0,0,0,0,0,0,0,0
354,0,0,0,0,0,0,0,0,0
355,0,0,0,0,0,0,0,0,0
356,0,0,0,0,0,0,0,0,0
357,0,0,0,0,0,0,0,0,0
358,0,0,0,0,0,0,0,0,0
359,0,0,0,0,0,0,0,0,0
360,0,0,0,0,0,0,0,0,0
361,0,0,0,0,0,0,0,0,0
362,0,0,0,0,0,0,0,0,0
363,0,0,0,0,0,0,0,0,0
364,0,0,0,0,0,0,0,0,0
365,0,0,0,0,0,0,0,0,0
366,0,0,0,0,0,0,0,0,0
367,0,0,0,0,0,0,0,0,0
368,0,0,0,0,0,0,0,0,0
369,0,0,0,0,0,0,0,0,0
370,0,0,0,0,0,0,0,0,0
371,0,0,0,0,0,0,0,0,0
372,0,0,0,0,0,0,0,0,0
373,0,0,0,0,0,0,0,0,0
374,0,0,0,0,0,0,0,0,0
375,0,0,0,0,0,0,0,0,0
376,0,0,0,0,0,0,0,0,0
377,0,0,0,0,0,0,0,0,0
378,0,0,0,0,0,0,0,0,0
379,0,0,0,0,0,0,0,0,0
380,0,0,0,0,0,0,0,0,0
381,0,0,0,0,0,0,0,0,0
382,0,0,0,0,0,0,0,0,0
383,0,0,0,0,0,0,0,0,0
384,0,0,0,0,0,0,0,0,0
385,0,0,0,0,0,0,0,0,0
386,0,0,0,0,0,0,0,0,0
387,0,0,0,0,0,0,0,0,0
388,0,0,0,0,0,0,0,0,0
389,0,0,0,0,0,0,0,0,0
390,0,0,0,0,0,0,0,0,0
391,0,0,0,0,0,0,0,0,0
392,0,0,0,0,0,0,0,0,0
393,0,0,0,0,0,0,0,0,0
394,0,0,0,0,0,0,0,0,0
395,0,0,0,0,0,0,0,0,0
396,0,0,0,0,0,0,0,0,0
397,0,0,0,0,0,0,0,0,0
398,0,0,0,0,0,0,0,0,0
399,0,0,0,0,0,0,0,0,0
400,0,0,0,0,0,0,0,0,0
401,0,0,0,0,0,0,0,0,0
402,0,0,0,0,0,0,0,0,0
403,0,0,0,0,0,0,0,0,0
404,0,0,0,0,0,0,0,0,0
405,0,0,0,0,0,0,0,0,0
406,0,0,0,0,0,0,0,0,0
407,0,0,0,0,0,0,0,0,0
408,0,0,0,0,0,0,0,0,0
409,0,0,0,0,0,0,0,0,0
410,0,0,0,0,0,0,0,0,0
411,0,0,0,0,0,0,0,0,0
412,0,0,0,0,0,0,0,0,0
413,0,0,0,0,0,0,0,0,0
414,0,0,0,0,0,0,0,0,0
415,0,0,0,0,0,0,0,0,0
416,0,0,0,0,0,0,0,0,0
417,0,0,0,0,0,0,0,0,0
418,0,0,0,0,0,0,0,0,0
419,0,0,0,0,0,0,0,0,0
420,0,0,0,0,0,0,0,0,0
421,0,0,0,0,0,0,0,0,0
422,0,0,0,0,0,0,0,0,0
423,0,0,0,0,0,0,0,0,0
424,0,0,0,0,0,0,0,0,0
425,0,0,0,0,0,0,0,0,0
426,0,0,0,0,0,0,0,0,0
427,0,0,0,0,0,0,0,0,0
428,0,0,0,0,0,0,0,0,0
429,0,0,0,0,0,0,0,0,0
430,0,0,0,0,0,0,0,0,0
431,0,0,0,0,0,0,0,0,0
432,0,0,0,0,0,0,0,0,0
433,0,0,0,0,0,0,0,0,0
434,0,0,0,0,0,0,0,0,0
435,0,0,0,0,0,0,0,0,0
436,0,0,0,0,0,0,0,0,0
437,0,0,0,0,0,0,0,0,0
438,0,0,0,0,0,0,0,0,0
439,0,0,0,0,0,0,0,0,0
440,0,0,0,0,0,0,0,0,0
441,0,0,0,0,0,0,0,0,0
442,0,0,0,0,0,0,0,0,0
443,0,0,0,0,0,0,0,0,0
444,0,0,0,0,0,0,0,0,0
445,0,0,0,0,0,0,0,0,0
446,0,0,0,0,0,0,0,0,0
447,0,0,0,0,0,0,0,0,0
448,0,0,0,0,0,0,0,0,0
449,0,0,0,0,0,0,0,0,0
450,0,0,0,0,0,0,0,0,0
451,0,0,0,0,0,0,0,0,0
452,0,0,0,0,0,0,0,0,0
453,0,0,0,0,0,0,0,0,0
454,0,0,0,0,0,0,0,0,0
455,0,0,0,0,0,0,0,0,0
456,0,0,0,0,0,0,0,0,0
457,0,0,0,0,0,0,0,0,0
458,0,0,0,0,0,0,0,0,0
459,0,0,0,0,0,0,0,0,0
460,0,0,0,0,0,0,0,0,0
461,0,0,0,0,0,0,0,0,0
462,0,0,0,0,0,0,0,0,0
463,0,0,0,0,0,0,0,0,0
464,0,0,0,0,0,0,0,0,0
465,0,0,0,0,0,0,0,0,0
466,0,0,0,0,0,0,0,0,0
467,0,0,0,0,0,0,0,0,0
468,0,0,0,0,0,0,0,0,0
469,0,0,0,0,0,0,0,0,0
470,0,0,0,0,0,0,0,0,0
471,0,0,0,0,0,0,0,0,0
472,0,0,0,0,0,0,0,0,0
473,0,0,0,0,0,0,0,0,0
474,0,0,0,0,0,0,0,0,0
475,0,0,0,0,0,0,0,0,0
476,0,0,0,0,0,0,0,0,0
477,0,0,0,0,0,0,0,0,0
478,0,0,0,0,0,0,0,0,0
479,0,0,0,0,0,0,0,0,0
480,0,0,0,0,0,0,0,0,0
481,0,0,0,0,0,0,0,0,0
482,0,0,0,0,0,0,0,0,0
483,0,0,0,0,0,0,0,0,0
484,0,0,0,0,0,0,0,0,0
485,0,0,0,0,0,0,0,0,0
486,0,0,0,0,0,0,0,0,0
487,0,0,0,0,0,0,0,0,0
488,0,0,0,0,0,0,0,0,0
489,0,0,0,0,0,0,0,0,0
490,0,0,0,0,0,0,0,0,0
491,0,0,0,0,0,0,0,0,0
492,0,0,0,0,0,0,0,0,0
493,0,0,0,0,0,0,0,0,0
494,0,0,0,0,0,0,0,0,0
495,0,0,0,0,0,0,0,0,0
496,0,0,0,0,0,0,0,0,0
497,0,0,0,0,0,0,0,0,0
498,0,0,0,0,0,0,0,0,0
499,0,0,0,0,0,0,0,0,0
500,0,0,0,0,0,0,0,0,0
501,0,0,0,0,0,0,0,0,0
502,0,0,0,0,0,0,0,0,0
503,0,0,0,0,0,0,0,0,0
504,0,0,0,0,0,0,0,0,0
505,0,0,0,0,0,0,0,0,0
506,0,0,0,0,0,0,0,0,0
507,0,0,0,0,0,0,0,0,0
508,0,0,0,0,0,0,0,0,0
509,0,0,0,0,0,0,0,0,0
510,0,0,0,0,0,0,0,0,0
511,0,0,0,0,0,0,0,0,0
512,0,0,0,0,0,0,0,0,0
513,0,0,0,0,0,0,0,0,0
514,0,0,0,0,0,0,0,0,0
515,0,0,0,0,0,0,0,0,0
516,0,0,0,0,0,0,0,0,0
517,0,0,0,0,0,0,0,0,0
518,0,0,0,0,0,0,0,0,0
519,0,0,0,0,0,0,0,0,0
520,0,0,0,0,0,0,0,0,0
521,0,0,0,0,0,0,0,0,0
522,0,0,0,0,0,0,0,0,0
523,0,0,0,0,0,0,0,0,0
524,0,0,0,0,0,0,0,0,0
525,0,0,0,0,0,0,0,0,0
526,0,0,0,0,0,0,0,0,0
527,0,0,0,0,0,0,0,0,0
528,0,0,0,0,0,0,0,0,0
529,0,0,0,0,0,0,0,0,0
530,0,0,0,0,0,0,0,0,0
531,0,0,0,0,0,0,0,0,0
532,0,0,0,0,0,0,0,0,0
533,0,0,0,0,0,0,0,0,0
534,0,0,0,0,0,0,0,0,0
535,0,0,0,0,0,0,0,0,0
536,0,0,0,0,0,0,0,0,0
537,0,0,0,0,0,0,0,0,0
538,0,0,0,0,0,0,0,0,0
539,0,0,0,0,0,0,0,0,0
540,0,0,0,0,0,0,0,0,0
541,0,0,0,0,0,0,0,0,0
542,0,0,0,0,0,0,0,0,0
543,0,0,0,0,0,0,0,0,0
544,0,0,0,0,0,0,0,0,0
545,0,0,0,0,0,0,0,0,0
546,0,0,0,0,0,0,0,0,0
547,0,0,0,0,0,0,0,0,0
548,0,0,0,0,0,0,0,0,0
549,0,0,0,0,0,0,0,0,0
550,0,0,0,0,0,0,0,0,0
551,0,0,0,0,0,0,0,0,0
552,0,0,0,0,0,0,0,0,0
553,0,0,0,0,0,0,0,0,0
554,0,0,0,0,0,0,0,0,0
555,0,0,0,0,0,0,0,0,0
556,0,0,0,0,0,0,0,0,0
557,0,0,0,0,0,0,0,0,0
558,0,0,0,0,0,0,0,0,0
559,0,0,0,0,0,0,0,0,0
560,0,0,0,0,0,0,0,0,0
561,0,0,0,0,0,0,0,0,0
562,0,0,0,0,0,0,0,0,0
563,0,0,0,0,0,0,0,0,0
564,0,0,0,0,0,0,0,0,0
565,0,0,0,0,0,0,0,0,0
566,0,0,0,0,0,0,0,0,0
567,0,0,0,0,0,0,0,0,0
568,0,0,0,0,0,0,0,0,0
569,0,0,0,0,0,0,0,0,0
570,0,0,0,0,0,0,0,0,0
571,0,0,0,0,0,0,0,0,0
572,0,0,0,0,0,0,0,0,0
573,0,0,0,0,0,0,0,0,0
574,0,0,0,0,0,0,0,0,0
575,0,0,0,0,0,0,0,0,0
576,0,0,0,0,0,0,0,0,0
577,0,0,0,0,0,0,0,0,0
578,0,0,0,0,0,0,0,0,0
579,0,0,0,0,0,0,0,0,0
580,0,0,0,0,0,0,0,0,0
581,0,0,0,0,0,0,0,0,0
582,0,0,0,0,0,0,0,0,0
583,0,0,0,0,0,0,0,0,0
584,0,0,0,0,0,0,0,0,0
585,0,0,0,0,0,0,0,0,0
586,0,0,0,0,0,0,0,0,0
587,0,0,0,0,0,0,0,0,0
588,0,0,0,0,0,0,0,0,0
589,0,0,0,0,0,0,0,0,0
590,0,0,0,0,0,0,0,0,0
591,0,0,0,0,0,0,0,0,0
592,0,0,0,0,0,0,0,0,0
593,0,0,0,0,0,0,0,0,0
594,0,0,0,0,0,0,0,0,0
595,0,0,0,0,0,0,0,0,0
596,0,0,0,0,0,0,0,0,0
597,0,0,0,0,0,0,0,0,0
598,0,0,0,0,0,0,0,0,0
599,0,0,0,0,0,0,0,0,0
600,0,0,0,0,0,0,0,0,0
601,0,0,0,0,0,0,0,0,0
602,0,0,0,0,0,0,0,0,0
603,0,0,0,0,0,0,0,0,0
604,0,0,0,0,0,0,0,0,0
605,0,0,0,0,0,0,0,0,0
606,0,0,0,0,0,0,0,0,0
607,0,0,0,0,0,0,0,0,0
608,0,0,0,0,0,0,0,0,0
609,0,0,0,0,0,0,0,0,0
610,0,0,0,0,0,0,0,0,0
611,0,0,0,0,0,0,0,0,0
612,0,0,0,0,0,0,0,0,0
613,0,0,0,0,0,0,0,0,0
614,0,0,0,0,0,0,0,0,0
615,0,0,0,0,0,0,0,0,0
616,0,0,0,0,0,0,0,0,0
617,0,0,0,0,0,0,0,0,0
618,0,0,0,0,0,0,0,0,0
619,0,0,0,0,0,0,0,0,0
620,0,0,0,0,0,0,0,0,0
621,0,0,0,0,0,0,0,0,0
622,0,0,0,0,0,0,0,0,0
623,0,0,0,0,0,0,0,0,0
624,0,0,0,0,0,0,0,0,0
625,0,0,0,0,0,0,0,0,0
626,0,0,0,0,0,0,0,0,0
627,0,0,0,0,0,0,0,0,0
628,0,0,0,0,0,0,0,0,0
629,0,0,0,0,0,0,0,0,0
630,0,0,0,0,0,0,0,0,0
631,0,0,0,0,0,0,0,0,0
632,0,0,0,0,0,0,0,0,0
633,0,0,0,0,0,0,0,0,0
634,0,0,0,0,0,0,0,0,0
635,0,0,0,0,0,0,0,0,0
636,0,0,0,0,0,0,0,0,0
637,0,0,0,0,0,0,0,0,0
638,0,0,0,0,0,0,0,0,0
639,0,0,0,0,0,0,0,0,0
640,0,0,0,0,0,0,0,0,0
641,0,0,0,0,0,0,0,0,0
642,0,0,0,0,0,0,0,0,0
643,0,0,0,0,0,0,0,0,0
644,0,0,0,0,0,0,0,0,0
645,0,0,0,0,0,0,0,0,0
646,0,0,0,0,0,0,0,0,0
647,0,0,0,0,0,0,0,0,0
648,0,0,0,0,0,0,0,0,0
649,0,0,0,0,0,0,0,0,0
650,0,0,0,0,0,0,0,0,0
651,0,0,0,0,0,0,0,0,0
652,0,0,0,0,0,0,0,0,0
653,0,0,0,0,0,0,0,0,0
654,0,0,0,0,0,0,0,0,0
655,0,0,0,0,0,0,0,0,0
656,0,0,0,0,0,0,0,0,0
657,0,0,0,0,0,0,0,0,0
658,0,0,0,0,0,0,0,0,0
659,0,0,0,0,0,0,0,0,0
660,0,0,0,0,0,0,0,0,0
661,0,0,0,0,0,0,0,0,0
662,0,0,0,0,0,0,0,0,0
663,0,0,0,0,0,0,0,0,0
664,0,0,0,0,0,0,0,0,0
665,0,0,0,0,0,0,0,0,0
666,0,0,0,0,0,0,0,0,0
667,0,0,0,0,0,0,0,0,0
668,0,0,0,0,0,0,0,0,0
669,0,0,0,0,0,0,0,0,0
670,0,0,0,0,0,0,0,0,0
671,0,0,0,0,0,0,0,0,0
672,0,0,0,0,0,0,0,0,0
673,0,0,0,0,0,0,0,0,0
674,0,0,0,0,0,0,0,0,0
675,0,0,0,0,0,0,0,0,0
676,0,0,0,0,0,0,0,0,0
677,0,0,0,0,0,0,0,0,0
678,0,0,0,0,0,0,0,0,0
679,0,0,0,0,0,0,0,0,0
680,0,0,0,0,0,0,0,0,0
681,0,0,0,0,0,0,0,0,0
682,0,0,0,0,0,0,0,0,0
683,0,0,0,0,0,0,0,0,0
684,0,0,0,0,0,0,0,0,0
685,0,0,0,0,0,0,0,0,0
686,0,0,0,0,0,0,0,0,0
687,0,0,0,0,0,0,0,0,0
688,0,0,0,0,0,0,0,0,0
689,0,0,0,0,0,0,0,0,0
690,0,0,0,0,0,0,0,0,0
691,0,0,0,0,0,0,0,0,0
692,0,0,0,0,0,0,0,0,0
693,0,0,0,0,0,0,0,0,0
694,0,0,0,0,0,0,0,0,0
695,0,0,0,0,0,0,0,0,0
696,0,0,0,0,0,0,0,0,0
697,0,0,0,0,0,0,0,0,0
698,0,0,0,0,0,0,0,0,0
699,0,0,0,0,0,0,0,0,0
700,0,0,0,0,0,0,0,0,0
701,0,0,0,0,0,0,0,0,0
702,0,0,0,0,0,0,0,0,0
703,0,0,0,0,0,0,0,0,0
704,0,0,0,0,0,0,0,0,0
705,0,0,0,0,0,0,0,0,0
706,0,0,0,0,0,0,0,0,0
707,0,0,0,0,0,0,0,0,0
708,0,0,0,0,0,0,0,0,0
709,0,0,0,0,0,0,0,0,0
710,0,0,0,0,0,0,0,0,0
711,0,0,0,0,0,0,0,0,0
712,0,0,0,0,0,0,0,0,0
713,0,0,0,0,0,0,0,0,0
714,0,0,0,0,0,0,0,0,0
715,0,0,0,0,0,0,0,0,0
716,0,0,0,0,0,0,0,0,0
717,0,0,0,0,0,0,0,0,0
718,0,0,0,0,0,0,0,0,0
719,0,0,0,0,0,0,0,0,0
720,0,0,0,0,0,0,0,0,0
721,0,0,0,0,0,0,0,0,0
722,0,0,0,0,0,0,0,0,0
723,0,0,0,0,0,0,0,0,0
724,0,0,0,0,0,0,0,0,0
725,0,0,0,0,0,0,0,0,0
726,0,0,0,0,0,0,0,0,0
727,0,0,0,0,0,0,0,0,0
728,0,0,0,0,0,0,0,0,0
729,0,0,0,0,0,0,0,0,0
730,0,0,0,0,0,0,0,0,0
731,0,0,0,0,0,0,0,0,0
732,0,0,0,0,0,0,0,0,0
733,0,0,0,0,0,0,0,0,0
734,0,0,0,0,0,0,0,0,0
735,0,0,0,0,0,0,0,0,0
736,0,0,0,0,0,0,0,0,0
737,0,0,0,0,0,0,0,0,0
738,0,0,0,0,0,0,0,0,0
739,0,0,0,0,0,0,0,0,0
740,0,0,0,0,0,0,0,0,0
741,0,0,0,0,0,0,0,0,0
742,0,0,0,0,0,0,0,0,0
743,0,0,0,0,0,0,0,0,0
744,0,0,0,0,0,0,0,0,0
745,0,0,0,0,0,0,0,0,0
746,0,0,0,0,0,0,0,0,0
747,0,0,0,0,0,0,0,0,0
748,0,0,0,0,0,0,0,0,0
749,0,0,0,0,0,0,0,0,0
750,0,0,0,0,0,0,0,0,0
0,194,7257,201425,4077983,57373546,517292847,2626655236,5935079656,3356972874
1,85,2600,57259,917030,10207851,72705320,291336306,518987335,231261195
2,59,1396,24964,323485,2919256,16843435,54630259,78764697,28406209
3,44,828,12600,139622,1079056,5356347,14995710,18728920,5870279
4,18,359,4793,45861,308083,1327685,3227519,3498448,953845
5,12,208,2361,20408,124273,488744,1081594,1067965,265957
6,8,126,1197,8801,46258,155549,295951,250120,53386
7,7,91,775,5019,23475,70051,116826,85013,15345
8,5,42,307,1646,6339,15819,21903,12818,1796
9,2,24,184,951,3305,7463,9345,4957,624
10,2,22,169,850,2830,6120,7290,3758,461
11,2,17,136,632,2000,4114,4772,2353,281
12,2,17,126,556,1674,3354,3810,1899,230
13,2,14,105,471,1381,2690,2909,1386,158
14,2,12,90,358,1026,1983,2036,955,105
15,2,8,44,163,419,799,794,377,29
16,1,7,23,92,226,400,345,149,7
17,1,7,22,76,195,319,252,91,4
18,0,6,17,47,109,190,134,49,1
19,0,6,17,47,103,171,108,36,0
20,0,6,17,47,101,168,108,36,0
21,0,6,17,40,91,140,74,21,0
22,0,5,15,35,84,121,67,19,0
23,0,4,12,31,64,104,58,16,0
24,0,4,10,28,55,90,39,13,0
25,0,3,8,20,34,55,22,3,0
26,0,1,4,10,12,7,0,0,0
27,0,1,4,10,12,7,0,0,0
28,0,1,4,9,11,7,0,0,0
29,0,1,4,7,8,5,0,0,0
30,0,1,4,7,8,4,0,0,0
31,0,1,4,7,8,4,0,0,0
32,0,1,4,7,8,4,0,0,0
33,0,1,4,7,8,4,0,0,0
34,0,0,1,5,2,2,0,0,0
35,0,0,1,2,1,2,0,0,0
36,0,0,1,2,1,2,0,0,0
37,0,0,1,2,1,0,0,0,0
38,0,0,0,2,1,0,0,0,0
39,0,0,0,2,1,0,0,0,0
40,0,0,0,2,1,0,0,0,0
41,0,0,0,2,1,0,0,0,0
42,0,0,0,2,1,0,0,0,0
43,0,0,0,1,1,0,0,0,0
44,0,0,0,1,1,0,0,0,0
45,0,0,0,1,1,0,0,0,0
46,0,0,0,1,1,0,0,0,0
47,0,0,0,1,1,0,0,0,0
48,0,0,0,1,1,0,0,0,0
49,0,0,0,1,1,0,0,0,0
50,0,0,0,1,1,0,0,0,0
51,0,0,0,1,1,0,0,0,0
52,0,0,0,1,1,0,0,0,0
53,0,0,0,0,0,0,0,0,0
54,0,0,0,0,0,0,0,0,0
55,0,0,0,0,0,0,0,0,0
56,0,0,0,0,0,0,0,0,0
57,0,0,0,0,0,0,0,0,0
58,0,0,0,0,0,0,0,0,0
59,0,0,0,0,0,0,0,0,0
60,0,0,0,0,0,0,0,0,0
61,0,0,0,0,0,0,0,0,0
62,0,0,0,0,0,0,0,0,0
63,0,0,0,0,0,0,0,0,0
64,0,0,0,0,0,0,0,0,0
65,0,0,0,0,0,0,0,0,0
66,0,0,0,0,0,0,0,0,0
67,0,0,0,0,0,0,0,0,0
68,0,0,0,0,0,0,0,0,0
69,0,0,0,0,0,0,0,0,0
70,0,0,0,0,0,0,0,0,0
71,0,0,0,0,0,0,0,0,0
72,0,0,0,0,0,0,0,0,0
73,0,0,0,0,0,0,0,0,0
74,0,0,0,0,0,0,0,0,0
75,0,0,0,0,0,0,0,0,0
76,0,0,0,0,0,0,0,0,0
77,0,0,0,0,0,0,0,0,0
78,0,0,0,0,0,0,0,0,0
79,0,0,0,0,0,0,0,0,0
80,0,0,0,0,0,0,0,0,0
81,0,0,0,0,0,0,0,0,0
82,0,0,0,0,0,0,0,0,0
83,0,0,0,0,0,0,0,0,0
84,0,0,0,0,0,0,0,0,0
85,0,0,0,0,0,0,0,0,0
86,0,0,0,0,0,0,0,0,0
87,0,0,0,0,0,0,0,0,0
88,0,0,0,0,0,0,0,0,0
89,0,0,0,0,0,0,0,0,0
90,0,0,0,0,0,0,0,0,0
91,0,0,0,0,0,0,0,0,0
92,0,0,0,0,0,0,0,0,0
93,0,0,0,0,0,0,0,0,0
94,0,0,0,0,0,0,0,0,0
95,0,0,0,0,0,0,0,0,0
96,0,0,0,0,0,0,0,0,0
97,0,0,0,0,0,0,0,0,0
98,0,0,0,0,0,0,0,0,0
99,0,0,0,0,0,0,0,0,0
100,0,0,0,0,0,0,0,0,0
101,0,0,0,0,0,0,0,0,0
102,0,0,0,0,0,0,0,0,0
103,0,0,0,0,0,0,0,0,0
104,0,0,0,0,0,0,0,0,0
105,0,0,0,0,0,0,0,0,0
106,0,0,0,0,0,0,0,0,0
107,0,0,0,0,0,0,0,0,0
108,0,0,0,0,0,0,0,0,0
109,0,0,0,0,0,0,0,0,0
110,0,0,0,0,0,0,0,0,0
111,0,0,0,0,0,0,0,0,0
112,0,0,0,0,0,0,0,0,0
113,0,0,0,0,0,0,0,0,0
114,0,0,0,0,0,0,0,0,0
115,0,0,0,0,0,0,0,0,0
116,0,0,0,0,0,0,0,0,0
117,0,0,0,0,0,0,0,0,0
118,0,0,0,0,0,0,0,0,0
119,0,0,0,0,0,0,0,0,0
120,0,0,0,0,0,0,0,0,0
121,0,0,0,0,0,0,0,0,0
122,0,0,0,0,0,0,0,0,0
123,0,0,0,0,0,0,0,0,0
124,0,0,0,0,0,0,0,0,0
125,0,0,0,0,0,0,0,0,0
126,0,0,0,0,0,0,0,0,0
127,0,0,0,0,0,0,0,0,0
128,0,0,0,0,0,0,0,0,0
129,0,0,0,0,0,0,0,0,0
130,0,0,0,0,0,0,0,0,0
131,0,0,0,0,0,0,0,0,0
132,0,0,0,0,0,0,0,0,0
133,0,0,0,0,0,0,0,0,0
134,0,0,0,0,0,0,0,0,0
135,0,0,0,0,0,0,0,0,0
136,0,0,0,0,0,0,0,0,0
137,0,0,0,0,0,0,0,0,0
138,0,0,0,0,0,0,0,0,0
139,0,0,0,0,0,0,0,0,0
140,0,0,0,0,0,0,0,0,0
141,0,0,0,0,0,0,0,0,0
142,0,0,0,0,0,0,0,0,0
143,0,0,0,0,0,0,0,0,0
144,0,0,0,0,0,0,0,0,0
145,0,0,0,0,0,0,0,0,0
146,0,0,0,0,0,0,0,0,0
147,0,0,0,0,0,0,0,0,0
148,0,0,0,0,0,0,0,0,0
149,0,0,0,0,0,0,0,0,0
150,0,0,0,0,0,0,0,0,0
151,0,0,0,0,0,0,0,0,0
152,0,0,0,0,0,0,0,0,0
153,0,0,0,0,0,0,0,0,0
154,0,0,0,0,0,0,0,0,0
155,0,0,0,0,0,0,0,0,0
156,0,0,0,0,0,0,0,0,0
157,0,0,0,0,0,0,0,0,0
158,0,0,0,0,0,0,0,0,0
159,0,0,0,0,0,0,0,0,0
160,0,0,0,0,0,0,0,0,0
161,0,0,0,0,0,0,0,0,0
162,0,0,0,0,0,0,0,0,0
163,0,0,0,0,0,0,0,0,0
164,0,0,0,0,0,0,0,0,0
165,0,0,0,0,0,0,0,0,0
166,0,0,0,0,0,0,0,0,0
167,0,0,0,0,0,0,0,0,0
168,0,0,0,0,0,0,0,0,0
169,0,0,0,0,0,0,0,0,0
170,0,0,0,0,0,0,0,0,0
171,0,0,0,0,0,0,0,0,0
172,0,0,0,0,0,0,0,0,0
173,0,0,0,0,0,0,0,0,0
174,0,0,0,0,0,0,0,0,0
175,0,0,0,0,0,0,0,0,0
176,0,0,0,0,0,0,0,0,0
177,0,0,0,0,0,0,0,0,0
178,0,0,0,0,0,0,0,0,0
179,0,0,0,0,0,0,0,0,0
180,0,0,0,0,0,0,0,0,0
181,0,0,0,0,0,0,0,0,0
182,0,0,0,0,0,0,0,0,0
183,0,0,0,0,0,0,0,0,0
184,0,0,0,0,0,0,0,0,0
185,0,0,0,0,0,0,0,0,0
186,0,0,0,0,0,0,0,0,0
187,0,0,0,0,0,0,0,0,0
188,0,0,0,0,0,0,0,0,0
189,0,0,0,0,0,0,0,0,0
190,0,0,0,0,0,0,0,0,0
191,0,0,0,0,0,0,0,0,0
192,0,0,0,0,0,0,0,0,0
193,0,0,0,0,0,0,0,0,0
194,0,0,0,0,0,0,0,0,0
195,0,0,0,0,0,0,0,0,0
196,0,0,0,0,0,0,0,0,0
197,0,0,0,0,0,0,0,0,0
198,0,0,0,0,0,0,0,0,0
199,0,0,0,0,0,0,0,0,0
200,0,0,0,0,0,0,0,0,0
201,0,0,0,0,0,0,0,0,0
202,0,0,0,0,0,0,0,0,0
203,0,0,0,0,0,0,0,0,0
204,0,0,0,0,0,0,0,0,0
205,0,0,0,0,0,0,0,0,0
206,0,0,0,0,0,0,0,0,0
207,0,0,0,0,0,0,0,0,0
208,0,0,0,0,0,0,0,0,0
209,0,0,0,0,0,0,0,0,0
210,0,0,0,0,0,0,0,0,0
211,0,0,0,0,0,0,0,0,0
212,0,0,0,0,0,0,0,0,0
213,0,0,0,0,0,0,0,0,0
214,0,0,0,0,0,0,0,0,0
215,0,0,0,0,0,0,0,0,0
216,0,0,0,0,0,0,0,0,0
217,0,0,0,0,0,0,0,0,0
218,0,0,0,0,0,0,0,0,0
219,0,0,0,0,0,0,0,0,0
220,0,0,0,0,0,0,0,0,0
221,0,0,0,0,0,0,0,0,0
222,0,0,0,0,0,0,0,0,0
223,0,0,0,0,0,0,0,0,0
224,0,0,0,0,0,0,0,0,0
225,0,0,0,0,0,0,0,0,0
226,0,0,0,0,0,0,0,0,0
227,0,0,0,0,0,0,0,0,0
228,0,0,0,0,0,0,0,0,0
229,0,0,0,0,0,0,0,0,0
230,0,0,0,0,0,0,0,0,0
231,0,0,0,0,0,0,0,0,0
232,0,0,0,0,0,0,0,0,0
233,0,0,0,0,0,0,0,0,0
234,0,0,0,0,0,0,0,0,0
235,0,0,0,0,0,0,0,0,0
236,0,0,0,0,0,0,0,0,0
237,0,0,0,0,0,0,0,0,0
238,0,0,0,0,0,0,0,0,0
239,0,0,0,0,0,0,0,0,0
240,0,0,0,0,0,0,0,0,0
241,0,0,0,0,0,0,0,0,0
242,0,0,0,0,0,0,0,0,0
243,0,0,0,0,0,0,0,0,0
244,0,0,0,0,0,0,0,0,0
245,0,0,0,0,0,0,0,0,0
246,0,0,0,0,0,0,0,0,0
247,0,0,0,0,0,0,0,0,0
248,0,0,0,0,0,0,0,0,0
249,0,0,0,0,0,0,0,0,0
250,0,0,0,0,0,0,0,0,0
251,0,0,0,0,0,0,0,0,0
252,0,0,0,0,0,0,0,0,0
253,0,0,0,0,0,0,0,0,0
254,0,0,0,0,0,0,0,0,0
255,0,0,0,0,0,0,0,0,0
256,0,0,0,0,0,0,0,0,0
257,0,0,0,0,0,0,0,0,0
258,0,0,0,0,0,0,0,0,0
259,0,0,0,0,0,0,0,0,0
260,0,0,0,0,0,0,0,0,0
261,0,0,0,0,0,0,0,0,0
262,0,0,0,0,0,0,0,0,0
263,0,0,0,0,0,0,0,0,0
264,0,0,0,0,0,0,0,0,0
265,0,0,0,0,0,0,0,0,0
266,0,0,0,0,0,0,0,0,0
267,0,0,0,0,0,0,0,0,0
268,0,0,0,0,0,0,0,0,0
269,0,0,0,0,0,0,0,0,0
270,0,0,0,0,0,0,0,0,0
271,0,0,0,0,0,0,0,0,0
272,0,0,0,0,0,0,0,0,0
273,0,0,0,0,0,0,0,0,0
274,0,0,0,0,0,0,0,0,0
275,0,0,0,0,0,0,0,0,0
276,0,0,0,0,0,0,0,0,0
277,0,0,0,0,0,0,0,0,0
278,0,0,0,0,0,0,0,0,0
279,0,0,0,0,0,0,0,0,0
280,0,0,0,0,0,0,0,0,0
281,0,0,0,0,0,0,0,0,0
282,0,0,0,0,0,0,0,0,0
283,0,0,0,0,0,0,0,0,0
284,0,0,0,0,0,0,0,0,0
285,0,0,0,0,0,0,0,0,0
286,0,0,0,0,0,0,0,0,0
287,0,0,0,0,0,0,0,0,0
288,0,0,0,0,0,0,0,0,0
289,0,0,0,0,0,0,0,0,0
290,0,0,0,0,0,0,0,0,0
291,0,0,0,0,0,0,0,0,0
292,0,0,0,0,0,0,0,0,0
293,0,0,0,0,0,0,0,0,0
294,0,0,0,0,0,0,0,0,0
295,0,0,0,0,0,0,0,0,0
296,0,0,0,0,0,0,0,0,0
297,0,0,0,0,0,0,0,0,0
298,0,0,0,0,0,0,0,0,0
299,0,0,0,0,0,0,0,0,0
300,0,0,0,0,0,0,0,0,0
301,0,0,0,0,0,0,0,0,0
302,0,0,0,0,0,0,0,0,0
303,0,0,0,0,0,0,0,0,0
304,0,0,0,0,0,0,0,0,0
305,0,0,0,0,0,0,0,0,0
306,0,0,0,0,0,0,0,0,0
307,0,0,0,0,0,0,0,0,0
308,0,0,0,0,0,0,0,0,0
309,0,0,0,0,0,0,0,0,0
310,0,0,0,0,0,0,0,0,0
311,0,0,0,0,0,0,0,0,0
312,0,0,0,0,0,0,0,0,0
313,0,0,0,0,0,0,0,0,0
314,0,0,0,0,0,0,0,0,0
315,0,0,0,0,0,0,0,0,0
316,0,0,0,0,0,0,0,0,0
317,0,0,0,0,0,0,0,0,0
318,0,0,0,0,0,0,0,0,0
319,0,0,0,0,0,0,0,0,0
320,0,0,0,0,0,0,0,0,0
321,0,0,0,0,0,0,0,0,0
322,0,0,0,0,0,0,0,0,0
323,0,0,0,0,0,0,0,0,0
324,0,0,0,0,0,0,0,0,0
325,0,0,0,0,0,0,0,0,0
326,0,0,0,0,0,0,0,0,0
327,0,0,0,0,0,0,0,0,0
328,0,0,0,0,0,0,0,0,0
329,0,0,0,0,0,0,0,0,0
330,0,0,0,0,0,0,0,0,0
331,0,0,0,0,0,0,0,0,0
332,0,0,0,0,0,0,0,0,0
333,0,0,0,0,0,0,0,0,0
334,0,0,0,0,0,0,0,0,0
335,0,0,0,0,0,0,0,0,0
336,0,0,0,0,0,0,0,0,0
337,0,0,0,0,0,0,0,0,0
338,0,0,0,0,0,0,0,0,0
339,0,0,0,0,0,0,0,0,0
340,0,0,0,0,0,0,0,0,0
341,0,0,0,0,0,0,0,0,0
342,0,0,0,0,0,0,0,0,0
343,0,0,0,0,0,0,0,0,0
344,0,0,0,0,0,0,0,0,0
345,0,0,0,0,0,0,0,0,0
346,0,0,0,0,0,0,0,0,0
347,0,0,0,0,0,0,0,0,0
348,0,0,0,0,0,0,0,0,0
349,0,0,0,0,0,0,0,0,0
350,0,0,0,0,0,0,0,0,0
351,0,0,0,0,0,0,0,0,0
352,0,0,0,0,0,0,0,0,0
353,0,0,0,0,0,0,0,0,0
354,0,0,0,0,0,0,0,0,0
355,0,0,0,0,0,0,0,0,0
356,0,0,0,0,0,0,0,0,0
357,0,0,0,0,0,0,0,0,0
358,0,0,0,0,0,0,0,0,0
359,0,0,0,0,0,0,0,0,0
360,0,0,0,0,0,0,0,0,0
361,0,0,0,0,0,0,0,0,0
362,0,0,0,0,0,0,0,0,0
363,0,0,0,0,0,0,0,0,0
364,0,0,0,0,0,0,0,0,0
365,0,0,0,0,0,0,0,0,0
366,0,0,0,0,0,0,0,0,0
367,0,0,0,0,0,0,0,0,0
368,0,0,0,0,0,0,0,0,0
369,0,0,0,0,0,0,0,0,0
370,0,0,0,0,0,0,0,0,0
371,0,0,0,0,0,0,0,0,0
372,0,0,0,0,0,0,0,0,0
373,0,0,0,0,0,0,0,0,0
374,0,0,0,0,0,0,0,0,0
375,0,0,0,0,0,0,0,0,0
376,0,0,0,0,0,0,0,0,0
377,0,0,0,0,0,0,0,0,0
378,0,0,0,0,0,0,0,0,0
379,0,0,0,0,0,0,0,0,0
380,0,0,0,0,0,0,0,0,0
381,0,0,0,0,0,0,0,0,0
382,0,0,0,0,0,0,0,0,0
383,0,0,0,0,0,0,0,0,0
384,0,0,0,0,0,0,0,0,0
385,0,0,0,0,0,0,0,0,0
386,0,0,0,0,0,0,0,0,0
387,0,0,0,0,0,0,0,0,0
388,0,0,0,0,0,0,0,0,0
389,0,0,0,0,0,0,0,0,0
390,0,0,0,0,0,0,0,0,0
391,0,0,0,0,0,0,0,0,0
392,0,0,0,0,0,0,0,0,0
393,0,0,0,0,0,0,0,0,0
394,0,0,0,0,0,0,0,0,0
395,0,0,0,0,0,0,0,0,0
396,0,0,0,0,0,0,0,0,0
397,0,0,0,0,0,0,0,0,0
398,0,0,0,0,0,0,0,0,0
399,0,0,0,0,0,0,0,0,0
400,0,0,0,0,0,0,0,0,0
401,0,0,0,0,0,0,0,0,0
402,0,0,0,0,0,0,0,0,0
403,0,0,0,0,0,0,0,0,0
404,0,0,0,0,0,0,0,0,0
405,0,0,0,0,0,0,0,0,0
406,0,0,0,0,0,0,0,0,0
407,0,0,0,0,0,0,0,0,0
408,0,0,0,0,0,0,0,0,0
409,0,0,0,0,0,0,0,0,0
410,0,0,0,0,0,0,0,0,0
411,0,0,0,0,0,0,0,0,0
412,0,0,0,0,0,0,0,0,0
413,0,0,0,0,0,0,0,0,0
414,0,0,0,0,0,0,0,0,0
415,0,0,0,0,0,0,0,0,0
416,0,0,0,0,0,0,0,0,0
417,0,0,0,0,0,0,0,0,0
418,0,0,0,0,0,0,0,0,0
419,0,0,0,0,0,0,0,0,0
420,0,0,0,0,0,0,0,0,0
421,0,0,0,0,0,0,0,0,0
422,0,0,0,0,0,0,0,0,0
423,0,0,0,0,0,0,0,0,0
424,0,0,0,0,0,0,0,0,0
425,0,0,0,0,0,0,0,0,0
426,0,0,0,0,0,0,0,0,0
427,0,0,0,0,0,0,0,0,0
428,0,0,0,0,0,0,0,0,0
429,0,0,0,0,0,0,0,0,0
430,0,0,0,0,0,0,0,0,0
431,0,0,0,0,0,0,0,0,0
432,0,0,0,0,0,0,0,0,0
433,0,0,0,0,0,0,0,0,0
434,0,0,0,0,0,0,0,0,0
435,0,0,0,0,0,0,0,0,0
436,0,0,0,0,0,0,0,0,0
437,0,0,0,0,0,0,0,0,0
438,0,0,0,0,0,0,0,0,0
439,0,0,0,0,0,0,0,0,0
440,0,0,0,0,0,0,0,0,0
441,0,0,0,0,0,0,0,0,0
442,0,0,0,0,0,0,0,0,0
443,0,0,0,0,0,0,0,0,0
444,0,0,0,0,0,0,0,0,0
445,0,0,0,0,0,0,0,0,0
446,0,0,0,0,0,0,0,0,0
447,0,0,0,0,0,0,0,0,0
448,0,0,0,0,0,0,0,0,0
449,0,0,0,0,0,0,0,0,0
450,0,0,0,0,0,0,0,0,0
451,0,0,0,0,0,0,0,0,0
452,0,0,0,0,0,0,0,0,0
453,0,0,0,0,0,0,0,0,0
454,0,0,0,0,0,0,0,0,0
455,0,0,0,0,0,0,0,0,0
456,0,0,0,0,0,0,0,0,0
457,0,0,0,0,0,0,0,0,0
458,0,0,0,0,0,0,0,0,0
459,0,0,0,0,0,0,0,0,0
460,0,0,0,0,0,0,0,0,0
461,0,0,0,0,0,0,0,0,0
462,0,0,0,0,0,0,0,0,0
463,0,0,0,0,0,0,0,0,0
464,0,0,0,0,0,0,0,0,0
465,0,0,0,0,0,0,0,0,0
466,0,0,0,0,0,0,0,0,0
467,0,0,0,0,0,0,0,0,0
468,0,0,0,0,0,0,0,0,0
469,0,0,0,0,0,0,0,0,0
470,0,0,0,0,0,0,0,0,0
471,0,0,0,0,0,0,0,0,0
472,0,0,0,0,0,0,0,0,0
473,0,0,0,0,0,0,0,0,0
474,0,0,0,0,0,0,0,0,0
475,0,0,0,0,0,0,0,0,0
476,0,0,0,0,0,0,0,0,0
477,0,0,0,0,0,0,0,0,0
478,0,0,0,0,0,0,0,0,0
479,0,0,0,0,0,0,0,0,0
480,0,0,0,0,0,0,0,0,0
481,0,0,0,0,0,0,0,0,0
482,0,0,0,0,0,0,0,0,0
483,0,0,0,0,0,0,0,0,0
484,0,0,0,0,0,0,0,0,0
485,0,0,0,0,0,0,0,0,0
486,0,0,0,0,0,0,0,0,0
487,0,0,0,0,0,0,0,0,0
488,0,0,0,0,0,0,0,0,0
489,0,0,0,0,0,0,0,0,0
490,0,0,0,0,0,0,0,0,0
491,0,0,0,0,0,0,0,0,0
492,0,0,0,0,0,0,0,0,0
493,0,0,0,0,0,0,0,0,0
494,0,0,0,0,0,0,0,0,0
495,0,0,0,0,0,0,0,0,0
496,0,0,0,0,0,0,0,0,0
497,0,0,0,0,0,0,0,0,0
498,0,0,0,0,0,0,0,0,0
499,0,0,0,0,0,0,0,0,0
500,0,0,0,0,0,0,0,0,0
501,0,0,0,0,0,0,0,0,0
502,0,0,0,0,0,0,0,0,0
503,0,0,0,0,0,0,0,0,0
504,0,0,0,0,0,0,0,0,0
505,0,0,0,0,0,0,0,0,0
506,0,0,0,0,0,0,0,0,0
507,0,0,0,0,0,0,0,0,0
508,0,0,0,0,0,0,0,0,0
509,0,0,0,0,0,0,0,0,0
510,0,0,0,0,0,0,0,0,0
511,0,0,0,0,0,0,0,0,0
512,0,0,0,0,0,0,0,0,0
513,0,0,0,0,0,0,0,0,0
514,0,0,0,0,0,0,0,0,0
515,0,0,0,0,0,0,0,0,0
516,0,0,0,0,0,0,0,0,0
517,0,0,0,0,0,0,0,0,0
518,0,0,0,0,0,0,0,0,0
519,0,0,0,0,0,0,0,0,0
520,0,0,0,0,0,0,0,0,0
521,0,0,0,0,0,0,0,0,0
522,0,0,0,0,0,0,0,0,0
523,0,0,0,0,0,0,0,0,0
524,0,0,0,0,0,0,0,0,0
525,0,0,0,0,0,0,0,0,0
526,0,0,0,0,0,0,0,0,0
527,0,0,0,0,0,0,0,0,0
528,0,0,0,0,0,0,0,0,0
529,0,0,0,0,0,0,0,0,0
530,0,0,0,0,0,0,0,0,0
531,0,0,0,0,0,0,0,0,0
532,0,0,0,0,0,0,0,0,0
533,0,0,0,0,0,0,0,0,0
534,0,0,0,0,0,0,0,0,0
535,0,0,0,0,0,0,0,0,0
536,0,0,0,0,0,0,0,0,0
537,0,0,0,0,0,0,0,0,0
538,0,0,0,0,0,0,0,0,0
539,0,0,0,0,0,0,0,0,0
540,0,0,0,0,0,0,0,0,0
541,0,0,0,0,0,0,0,0,0
542,0,0,0,0,0,0,0,0,0
543,0,0,0,0,0,0,0,0,0
544,0,0,0,0,0,0,0,0,0
545,0,0,0,0,0,0,0,0,0
546,0,0,0,0,0,0,0,0,0
547,0,0,0,0,0,0,0,0,0
548,0,0,0,0,0,0,0,0,0
549,0,0,0,0,0,0,0,0,0
550,0,0,0,0,0,0,0,0,0
551,0,0,0,0,0,0,0,0,0
552,0,0,0,0,0,0,0,0,0
553,0,0,0,0,0,0,0,0,0
554,0,0,0,0,0,0,0,0,0
555,0,0,0,0,0,0,0,0,0
556,0,0,0,0,0,0,0,0,0
557,0,0,0,0,0,0,0,0,0
558,0,0,0,0,0,0,0,0,0
559,0,0,0,0,0,0,0,0,0
560,0,0,0,0,0,0,0,0,0
561,0,0,0,0,0,0,0,0,0
562,0,0,0,0,0,0,0,0,0
563,0,0,0,0,0,0,0,0,0
564,0,0,0,0,0,0,0,0,0
565,0,0,0,0,0,0,0,0,0
566,0,0,0,0,0,0,0,0,0
567,0,0,0,0,0,0,0,0,0
568,0,0,0,0,0,0,0,0,0
569,0,0,0,0,0,0,0,0,0
570,0,0,0,0,0,0,0,0,0
571,0,0,0,0,0,0,0,0,0
572,0,0,0,0,0,0,0,0,0
573,0,0,0,0,0,0,0,0,0
574,0,0,0,0,0,0,0,0,0
575,0,0,0,0,0,0,0,0,0
576,0,0,0,0,0,0,0,0,0
577,0,0,0,0,0,0,0,0,0
578,0,0,0,0,0,0,0,0,0
579,0,0,0,0,0,0,0,0,0
580,0,0,0,0,0,0,0,0,0
581,0,0,0,0,0,0,0,0,0
582,0,0,0,0,0,0,0,0,0
583,0,0,0,0,0,0,0,0,0
584,0,0,0,0,0,0,0,0,0
585,0,0,0,0,0,0,0,0,0
586,0,0,0,0,0,0,0,0,0
587,0,0,0,0,0,0,0,0,0
588,0,0,0,0,0,0,0,0,0
589,0,0,0,0,0,0,0,0,0
590,0,0,0,0,0,0,0,0,0
591,0,0,0,0,0,0,0,0,0
592,0,0,0,0,0,0,0,0,0
593,0,0,0,0,0,0,0,0,0
594,0,0,0,0,0,0,0,0,0
595,0,0,0,0,0,0,0,0,0
596,0,0,0,0,0,0,0,0,0
597,0,0,0,0,0,0,0,0,0
598,0,0,0,0,0,0,0,0,0
599,0,0,0,0,0,0,0,0,0
600,0,0,0,0,0,0,0,0,0
601,0,0,0,0,0,0,0,0,0
602,0,0,0,0,0,0,0,0,0
603,0,0,0,0,0,0,0,0,0
604,0,0,0,0,0,0,0,0,0
605,0,0,0,0,0,0,0,0,0
606,0,0,0,0,0,0,0,0,0
607,0,0,0,0,0,0,0,0,0
608,0,0,0,0,0,0,0,0,0
609,0,0,0,0,0,0,0,0,0
610,0,0,0,0,0,0,0,0,0
611,0,0,0,0,0,0,0,0,0
612,0,0,0,0,0,0,0,0,0
613,0,0,0,0,0,0,0,0,0
614,0,0,0,0,0,0,0,0,0
615,0,0,0,0,0,0,0,0,0
616,0,0,0,0,0,0,0,0,0
617,0,0,0,0,0,0,0,0,0
618,0,0,0,0,0,0,0,0,0
619,0,0,0,0,0,0,0,0,0
620,0,0,0,0,0,0,0,0,0
621,0,0,0,0,0,0,0,0,0
622,0,0,0,0,0,0,0,0,0
623,0,0,0,0,0,0,0,0,0
624,0,0,0,0,0,0,0,0,0
625,0,0,0,0,0,0,0,0,0
626,0,0,0,0,0,0,0,0,0
627,0,0,0,0,0,0,0,0,0
628,0,0,0,0,0,0,0,0,0
629,0,0,0,0,0,0,0,0,0
630,0,0,0,0,0,0,0,0,0
631,0,0,0,0,0,0,0,0,0
632,0,0,0,0,0,0,0,0,0
633,0,0,0,0,0,0,0,0,0
634,0,0,0,0,0,0,0,0,0
635,0,0,0,0,0,0,0,0,0
636,0,0,0,0,0,0,0,0,0
637,0,0,0,0,0,0,0,0,0
638,0,0,0,0,0,0,0,0,0
639,0,0,0,0,0,0,0,0,0
640,0,0,0,0,0,0,0,0,0
641,0,0,0,0,0,0,0,0,0
642,0,0,0,0,0,0,0,0,0
643,0,0,0,0,0,0,0,0,0
644,0,0,0,0,0,0,0,0,0
645,0,0,0,0,0,0,0,0,0
646,0,0,0,0,0,0,0,0,0
647,0,0,0,0,0,0,0,0,0
648,0,0,0,0,0,0,0,0,0
649,0,0,0,0,0,0,0,0,0
650,0,0,0,0,0,0,0,0,0
651,0,0,0,0,0,0,0,0,0
652,0,0,0,0,0,0,0,0,0
653,0,0,0,0,0,0,0,0,0
654,0,0,0,0,0,0,0,0,0
655,0,0,0,0,0,0,0,0,0
656,0,0,0,0,0,0,0,0,0
657,0,0,0,0,0,0,0,0,0
658,0,0,0,0,0,0,0,0,0
659,0,0,0,0,0,0,0,0,0
660,0,0,0,0,0,0,0,0,0
661,0,0,0,0,0,0,0,0,0
662,0,0,0,0,0,0,0,0,0
663,0,0,0,0,0,0,0,0,0
664,0,0,0,0,0,0,0,0,0
665,0,0,0,0,0,0,0,0,0
666,0,0,0,0,0,0,0,0,0
667,0,0,0,0,0,0,0,0,0
668,0,0,0,0,0,0,0,0,0
669,0,0,0,0,0,0,0,0,0
670,0,0,0,0,0,0,0,0,0
671,0,0,0,0,0,0,0,0,0
672,0,0,0,0,0,0,0,0,0
673,0,0,0,0,0,0,0,0,0
674,0,0,0,0,0,0,0,0,0
675,0,0,0,0,0,0,0,0,0
676,0,0,0,0,0,0,0,0,0
677,0,0,0,0,0,0,0,0,0
678,0,0,0,0,0,0,0,0,0
679,0,0,0,0,0,0,0,0,0
680,0,0,0,0,0,0,0,0,0
681,0,0,0,0,0,0,0,0,0
682,0,0,0,0,0,0,0,0,0
683,0,0,0,0,0,0,0,0,0
684,0,0,0,0,0,0,0,0,0
685,0,0,0,0,0,0,0,0,0
686,0,0,0,0,0,0,0,0,0
687,0,0,0,0,0,0,0,0,0
688,0,0,0,0,0,0,0,0,0
689,0,0,0,0,0,0,0,0,0
690,0,0,0,0,0,0,0,0,0
691,0,0,0,0,0,0,0,0,0
692,0,0,0,0,0,0,0,0,0
693,0,0,0,0,0,0,0,0,0
694,0,0,0,0,0,0,0,0,0
695,0,0,0,0,0,0,0,0,0
696,0,0,0,0,0,0,0,0,0
697,0,0,0,0,0,0,0,0,0
698,0,0,0,0,0,0,0,0,0
699,0,0,0,0,0,0,0,0,0
700,0,0,0,0,0,0,0,0,0
701,0,0,0,0,0,0,0,0,0
702,0,0,0,0,0,0,0,0,0
703,0,0,0,0,0,0,0,0,0
704,0,0,0,0,0,0,0,0,0
705,0,0,0,0,0,0,0,0,0
706,0,0,0,0,0,0,0,0,0
707,0,0,0,0,0,0,0,0,0
708,0,0,0,0,0,0,0,0,0
709,0,0,0,0,0,0,0,0,0
710,0,0,0,0,0,0,0,0,0
711,0,0,0,0,0,0,0,0,0
712,0,0,0,0,0,0,0,0,0
713,0,0,0,0,0,0,0,0,0
714,0,0,0,0,0,0,0,0,0
715,0,0,0,0,0,0,0,0,0
716,0,0,0,0,0,0,0,0,0
717,0,0,0,0,0,0,0,0,0
718,0,0,0,0,0,0,0,0,0
719,0,0,0,0,0,0,0,0,0
720,0,0,0,0,0,0,0,0,0
721,0,0,0,0,0,0,0,0,0
722,0,0,0,0,0,0,0,0,0
723,0,0,0,0,0,0,0,0,0
724,0,0,0,0,0,0,0,0,0
725,0,0,0,0,0,0,0,0,0
726,0,0,0,0,0,0,0,0,0
727,0,0,0,0,0,0,0,0,0
728,0,0,0,0,0,0,0,0,0
729,0,0,0,0,0,0,0,0,0
730,0,0,0,0,0,0,0,0,0
731,0,0,0,0,0,0,0,0,0
732,0,0,0,0,0,0,0,0,0
733,0,0,0,0,0,0,0,0,0
734,0,0,0,0,0,0,0,0,0
735,0,0,0,0,0,0,0,0,0
736,0,0,0,0,0,0,0,0,0
737,0,0,0,0,0,0,0,0,0
738,0,0,0,0,0,0,0,0,0
739,0,0,0,0,0,0,0,0,0
740,0,0,0,0,0,0,0,0,0
741,0,0,0,0,0,0,0,0,0
742,0,0,0,0,0,0,0,0,0
743,0,0,0,0,0,0,0,0,0
744,0,0,0,0,0,0,0,0,0
745,0,0,0,0,0,0,0,0,0
746,0,0,0,0,0,0,0,0,0
747,0,0,0,0,0,0,0,0,0
748,0,0,0,0,0,0,0,0,0
749,0,0,0,0,0,0,0,0,0
750,0,0,0,0,0,0,0,0,0
0,194,7257,201425,4077983,57373546,517292847,2626655236,5935079656,3356972874
1,89,2738,62309,1029825,11826006,86963589,360156511,663505177,305791739
2,43,996,18253,242286,2226057,13105057,43491879,64264189,23748620
3,25,448,6875,75128,566322,2719398,7332999,8760532,2611437
4,16,260,3626,35557,243487,1052420,2535847,2691294,709236
5,11,168,2161,18784,113062,429408,904446,832562,189847
6,8,130,1495,11250,59222,195229,352220,275239,52868
7,7,110,1174,8199,39517,117543,192619,138292,24949
8,4,84,862,5696,25567,70823,109456,74844,13201
9,2,60,624,3749,15830,41674,61864,41167,7013
10,1,51,467,2695,10626,25590,34988,21566,3416
11,1,46,407,2178,8355,19649,26451,16300,2600
12,1,33,246,1262,4724,10574,13823,8415,1360
13,1,25,197,977,3727,8357,10878,6730,1060
14,1,17,165,721,2642,5803,7445,4600,698
15,1,12,130,415,1439,2847,3381,1898,265
16,1,12,109,353,984,1834,1911,920,116
17,0,9,82,215,502,853,728,336,30
18,0,9,52,139,327,528,429,217,24
19,0,9,51,126,277,413,302,148,13
20,0,9,51,115,245,360,279,127,10
21,0,4,34,60,115,153,111,33,1
22,0,4,34,60,110,149,109,33,1
23,0,4,28,48,93,124,97,29,1
24,0,4,28,48,93,117,94,29,1
25,0,4,27,47,79,84,66,16,0
26,0,3,20,41,58,50,47,12,0
27,0,3,20,41,58,50,47,12,0
28,0,3,20,41,58,50,47,12,0
29,0,0,17,41,58,50,47,12,0
30,0,0,13,33,50,38,39,11,0
31,0,0,13,33,50,38,39,11,0
32,0,0,0,12,15,14,11,3,0
33,0,0,0,12,15,13,11,3,0
34,0,0,0,12,15,13,11,3,0
35,0,0,0,12,15,13,11,3,0
36,0,0,0,7,11,3,2,0,0
37,0,0,0,4,7,2,1,0,0
38,0,0,0,4,7,2,1,0,0
39,0,0,0,0,0,0,0,0,0
40,0,0,0,0,0,0,0,0,0
41,0,0,0,0,0,0,0,0,0
42,0,0,0,0,0,0,0,0,0
43,0,0,0,0,0,0,0,0,0
44,0,0,0,0,0,0,0,0,0
45,0,0,0,0,0,0,0,0,0
46,0,0,0,0,0,0,0,0,0
47,0,0,0,0,0,0,0,0,0
48,0,0,0,0,0,0,0,0,0
49,0,0,0,0,0,0,0,0,0
50,0,0,0,0,0,0,0,0,0
51,0,0,0,0,0,0,0,0,0
52,0,0,0,0,0,0,0,0,0
53,0,0,0,0,0,0,0,0,0
54,0,0,0,0,0,0,0,0,0
55,0,0,0,0,0,0,0,0,0
56,0,0,0,0,0,0,0,0,0
57,0,0,0,0,0,0,0,0,0
58,0,0,0,0,0,0,0,0,0
59,0,0,0,0,0,0,0,0,0
60,0,0,0,0,0,0,0,0,0
61,0,0,0,0,0,0,0,0,0
62,0,0,0,0,0,0,0,0,0
63,0,0,0,0,0,0,0,0,0
64,0,0,0,0,0,0,0,0,0
65,0,0,0,0,0,0,0,0,0
66,0,0,0,0,0,0,0,0,0
67,0,0,0,0,0,0,0,0,0
68,0,0,0,0,0,0,0,0,0
69,0,0,0,0,0,0,0,0,0
70,0,0,0,0,0,0,0,0,0
71,0,0,0,0,0,0,0,0,0
72,0,0,0,0,0,0,0,0,0
73,0,0,0,0,0,0,0,0,0
74,0,0,0,0,0,0,0,0,0
75,0,0,0,0,0,0,0,0,0
76,0,0,0,0,0,0,0,0,0
77,0,0,0,0,0,0,0,0,0
78,0,0,0,0,0,0,0,0,0
79,0,0,0,0,0,0,0,0,0
80,0,0,0,0,0,0,0,0,0
81,0,0,0,0,0,0,0,0,0
82,0,0,0,0,0,0,0,0,0
83,0,0,0,0,0,0,0,0,0
84,0,0,0,0,0,0,0,0,0
85,0,0,0,0,0,0,0,0,0
86,0,0,0,0,0,0,0,0,0
87,0,0,0,0,0,0,0,0,0
88,0,0,0,0,0,0,0,0,0
89,0,0,0,0,0,0,0,0,0
90,0,0,0,0,0,0,0,0,0
91,0,0,0,0,0,0,0,0,0
92,0,0,0,0,0,0,0,0,0
93,0,0,0,0,0,0,0,0,0
94,0,0,0,0,0,0,0,0,0
95,0,0,0,0,0,0,0,0,0
96,0,0,0,0,0,0,0,0,0
97,0,0,0,0,0,0,0,0,0
98,0,0,0,0,0,0,0,0,0
99,0,0,0,0,0,0,0,0,0
100,0,0,0,0,0,0,0,0,0
101,0,0,0,0,0,0,0,0,0
102,0,0,0,0,0,0,0,0,0
103,0,0,0,0,0,0,0,0,0
104,0,0,0,0,0,0,0,0,0
105,0,0,0,0,0,0,0,0,0
106,0,0,0,0,0,0,0,0,0
107,0,0,0,0,0,0,0,0,0
108,0,0,0,0,0,0,0,0,0
109,0,0,0,0,0,0,0,0,0
110,0,0,0,0,0,0,0,0,0
111,0,0,0,0,0,0,0,0,0
112,0,0,0,0,0,0,0,0,0
113,0,0,0,0,0,0,0,0,0
114,0,0,0,0,0,0,0,0,0
115,0,0,0,0,0,0,0,0,0
116,0,0,0,0,0,0,0,0,0
117,0,0,0,0,0,0,0,0,0
118,0,0,0,0,0,0,0,0,0
119,0,0,0,0,0,0,0,0,0
120,0,0,0,0,0,0,0,0,0
121,0,0,0,0,0,0,0,0,0
122,0,0,0,0,0,0,0,0,0
123,0,0,0,0,0,0,0,0,0
124,0,0,0,0,0,0,0,0,0
125,0,0,0,0,0,0,0,0,0
126,0,0,0,0,0,0,0,0,0
127,0,0,0,0,0,0,0,0,0
128,0,0,0,0,0,0,0,0,0
129,0,0,0,0,0,0,0,0,0
130,0,0,0,0,0,0,0,0,0
131,0,0,0,0,0,0,0,0,0
132,0,0,0,0,0,0,0,0,0
133,0,0,0,0,0,0,0,0,0
134,0,0,0,0,0,0,0,0,0
135,0,0,0,0,0,0,0,0,0
136,0,0,0,0,0,0,0,0,0
137,0,0,0,0,0,0,0,0,0
138,0,0,0,0,0,0,0,0,0
139,0,0,0,0,0,0,0,0,0
140,0,0,0,0,0,0,0,0,0
141,0,0,0,0,0,0,0,0,0
142,0,0,0,0,0,0,0,0,0
143,0,0,0,0,0,0,0,0,0
144,0,0,0,0,0,0,0,0,0
145,0,0,0,0,0,0,0,0,0
146,0,0,0,0,0,0,0,0,0
147,0,0,0,0,0,0,0,0,0
148,0,0,0,0,0,0,0,0,0
149,0,0,0,0,0,0,0,0,0
150,0,0,0,0,0,0,0,0,0
151,0,0,0,0,0,0,0,0,0
152,0,0,0,0,0,0,0,0,0
153,0,0,0,0,0,0,0,0,0
154,0,0,0,0,0,0,0,0,0
155,0,0,0,0,0,0,0,0,0
156,0,0,0,0,0,0,0,0,0
157,0,0,0,0,0,0,0,0,0
158,0,0,0,0,0,0,0,0,0
159,0,0,0,0,0,0,0,0,0
160,0,0,0,0,0,0,0,0,0
161,0,0,0,0,0,0,0,0,0
162,0,0,0,0,0,0,0,0,0
163,0,0,0,0,0,0,0,0,0
164,0,0,0,0,0,0,0,0,0
165,0,0,0,0,0,0,0,0,0
166,0,0,0,0,0,0,0,0,0
167,0,0,0,0,0,0,0,0,0
168,0,0,0,0,0,0,0,0,0
169,0,0,0,0,0,0,0,0,0
170,0,0,0,0,0,0,0,0,0
171,0,0,0,0,0,0,0,0,0
172,0,0,0,0,0,0,0,0,0
173,0,0,0,0,0,0,0,0,0
174,0,0,0,0,0,0,0,0,0
175,0,0,0,0,0,0,0,0,0
176,0,0,0,0,0,0,0,0,0
177,0,0,0,0,0,0,0,0,0
178,0,0,0,0,0,0,0,0,0
179,0,0,0,0,0,0,0,0,0
180,0,0,0,0,0,0,0,0,0
181,0,0,0,0,0,0,0,0,0
182,0,0,0,0,0,0,0,0,0
183,0,0,0,0,0,0,0,0,0
184,0,0,0,0,0,0,0,0,0
185,0,0,0,0,0,0,0,0,0
186,0,0,0,0,0,0,0,0,0
187,0,0,0,0,0,0,0,0,0
188,0,0,0,0,0,0,0,0,0
189,0,0,0,0,0,0,0,0,0
190,0,0,0,0,0,0,0,0,0
191,0,0,0,0,0,0,0,0,0
192,0,0,0,0,0,0,0,0,0
193,0,0,0,0,0,0,0,0,0
194,0,0,0,0,0,0,0,0,0
195,0,0,0,0,0,0,0,0,0
196,0,0,0,0,0,0,0,0,0
197,0,0,0,0,0,0,0,0,0
198,0,0,0,0,0,0,0,0,0
199,0,0,0,0,0,0,0,0,0
200,0,0,0,0,0,0,0,0,0
201,0,0,0,0,0,0,0,0,0
202,0,0,0,0,0,0,0,0,0
203,0,0,0,0,0,0,0,0,0
204,0,0,0,0,0,0,0,0,0
205,0,0,0,0,0,0,0,0,0
206,0,0,0,0,0,0,0,0,0
207,0,0,0,0,0,0,0,0,0
208,0,0,0,0,0,0,0,0,0
209,0,0,0,0,0,0,0,0,0
210,0,0,0,0,0,0,0,0,0
211,0,0,0,0,0,0,0,0,0
212,0,0,0,0,0,0,0,0,0
213,0,0,0,0,0,0,0,0,0
214,0,0,0,0,0,0,0,0,0
215,0,0,0,0,0,0,0,0,0
216,0,0,0,0,0,0,0,0,0
217,0,0,0,0,0,0,0,0,0
218,0,0,0,0,0,0,0,0,0
219,0,0,0,0,0,0,0,0,0
220,0,0,0,0,0,0,0,0,0
221,0,0,0,0,0,0,0,0,0
222,0,0,0,0,0,0,0,0,0
223,0,0,0,0,0,0,0,0,0
224,0,0,0,0,0,0,0,0,0
225,0,0,0,0,0,0,0,0,0
226,0,0,0,0,0,0,0,0,0
227,0,0,0,0,0,0,0,0,0
228,0,0,0,0,0,0,0,0,0
229,0,0,0,0,0,0,0,0,0
230,0,0,0,0,0,0,0,0,0
231,0,0,0,0,0,0,0,0,0
232,0,0,0,0,0,0,0,0,0
233,0,0,0,0,0,0,0,0,0
234,0,0,0,0,0,0,0,0,0
235,0,0,0,0,0,0,0,0,0
236,0,0,0,0,0,0,0,0,0
237,0,0,0,0,0,0,0,0,0
238,0,0,0,0,0,0,0,0,0
239,0,0,0,0,0,0,0,0,0
240,0,0,0,0,0,0,0,0,0
241,0,0,0,0,0,0,0,0,0
242,0,0,0,0,0,0,0,0,0
243,0,0,0,0,0,0,0,0,0
244,0,0,0,0,0,0,0,0,0
245,0,0,0,0,0,0,0,0,0
246,0,0,0,0,0,0,0,0,0
247,0,0,0,0,0,0,0,0,0
248,0,0,0,0,0,0,0,0,0
249,0,0,0,0,0,0,0,0,0
250,0,0,0,0,0,0,0,0,0
251,0,0,0,0,0,0,0,0,0
252,0,0,0,0,0,0,0,0,0
253,0,0,0,0,0,0,0,0,0
254,0,0,0,0,0,0,0,0,0
255,0,0,0,0,0,0,0,0,0
256,0,0,0,0,0,0,0,0,0
257,0,0,0,0,0,0,0,0,0
258,0,0,0,0,0,0,0,0,0
259,0,0,0,0,0,0,0,0,0
260,0,0,0,0,0,0,0,0,0
261,0,0,0,0,0,0,0,0,0
262,0,0,0,0,0,0,0,0,0
263,0,0,0,0,0,0,0,0,0
264,0,0,0,0,0,0,0,0,0
265,0,0,0,0,0,0,0,0,0
266,0,0,0,0,0,0,0,0,0
267,0,0,0,0,0,0,0,0,0
268,0,0,0,0,0,0,0,0,0
269,0,0,0,0,0,0,0,0,0
270,0,0,0,0,0,0,0,0,0
271,0,0,0,0,0,0,0,0,0
272,0,0,0,0,0,0,0,0,0
273,0,0,0,0,0,0,0,0,0
274,0,0,0,0,0,0,0,0,0
275,0,0,0,0,0,0,0,0,0
276,0,0,0,0,0,0,0,0,0
277,0,0,0,0,0,0,0,0,0
278,0,0,0,0,0,0,0,0,0
279,0,0,0,0,0,0,0,0,0
280,0,0,0,0,0,0,0,0,0
281,0,0,0,0,0,0,0,0,0
282,0,0,0,0,0,0,0,0,0
283,0,0,0,0,0,0,0,0,0
284,0,0,0,0,0,0,0,0,0
285,0,0,0,0,0,0,0,0,0
286,0,0,0,0,0,0,0,0,0
287,0,0,0,0,0,0,0,0,0
288,0,0,0,0,0,0,0,0,0
289,0,0,0,0,0,0,0,0,0
290,0,0,0,0,0,0,0,0,0
291,0,0,0,0,0,0,0,0,0
292,0,0,0,0,0,0,0,0,0
293,0,0,0,0,0,0,0,0,0
294,0,0,0,0,0,0,0,0,0
295,0,0,0,0,0,0,0,0,0
296,0,0,0,0,0,0,0,0,0
297,0,0,0,0,0,0,0,0,0
298,0,0,0,0,0,0,0,0,0
299,0,0,0,0,0,0,0,0,0
300,0,0,0,0,0,0,0,0,0
301,0,0,0,0,0,0,0,0,0
302,0,0,0,0,0,0,0,0,0
303,0,0,0,0,0,0,0,0,0
304,0,0,0,0,0,0,0,0,0
305,0,0,0,0,0,0,0,0,0
306,0,0,0,0,0,0,0,0,0
307,0,0,0,0,0,0,0,0,0
308,0,0,0,0,0,0,0,0,0
309,0,0,0,0,0,0,0,0,0
310,0,0,0,0,0,0,0,0,0
311,0,0,0,0,0,0,0,0,0
312,0,0,0,0,0,0,0,0,0
313,0,0,0,0,0,0,0,0,0
314,0,0,0,0,0,0,0,0,0
315,0,0,0,0,0,0,0,0,0
316,0,0,0,0,0,0,0,0,0
317,0,0,0,0,0,0,0,0,0
318,0,0,0,0,0,0,0,0,0
319,0,0,0,0,0,0,0,0,0
320,0,0,0,0,0,0,0,0,0
321,0,0,0,0,0,0,0,0,0
322,0,0,0,0,0,0,0,0,0
323,0,0,0,0,0,0,0,0,0
324,0,0,0,0,0,0,0,0,0
325,0,0,0,0,0,0,0,0,0
326,0,0,0,0,0,0,0,0,0
327,0,0,0,0,0,0,0,0,0
328,0,0,0,0,0,0,0,0,0
329,0,0,0,0,0,0,0,0,0
330,0,0,0,0,0,0,0,0,0
331,0,0,0,0,0,0,0,0,0
332,0,0,0,0,0,0,0,0,0
333,0,0,0,0,0,0,0,0,0
334,0,0,0,0,0,0,0,0,0
335,0,0,0,0,0,0,0,0,0
336,0,0,0,0,0,0,0,0,0
337,0,0,0,0,0,0,0,0,0
338,0,0,0,0,0,0,0,0,0
339,0,0,0,0,0,0,0,0,0
340,0,0,0,0,0,0,0,0,0
341,0,0,0,0,0,0,0,0,0
342,0,0,0,0,0,0,0,0,0
343,0,0,0,0,0,0,0,0,0
344,0,0,0,0,0,0,0,0,0
345,0,0,0,0,0,0,0,0,0
346,0,0,0,0,0,0,0,0,0
347,0,0,0,0,0,0,0,0,0
348,0,0,0,0,0,0,0,0,0
349,0,0,0,0,0,0,0,0,0
350,0,0,0,0,0,0,0,0,0
351,0,0,0,0,0,0,0,0,0
352,0,0,0,0,0,0,0,0,0
353,0,0,0,0,0,0,0,0,0
354,0,0,0,0,0,0,0,0,0
355,0,0,0,0,0,0,0,0,0
356,0,0,0,0,0,0,0,0,0
357,0,0,0,0,0,0,0,0,0
358,0,0,0,0,0,0,0,0,0
359,0,0,0,0,0,0,0,0,0
360,0,0,0,0,0,0,0,0,0
361,0,0,0,0,0,0,0,0,0
362,0,0,0,0,0,0,0,0,0
363,0,0,0,0,0,0,0,0,0
364,0,0,0,0,0,0,0,0,0
365,0,0,0,0,0,0,0,0,0
366,0,0,0,0,0,0,0,0,0
367,0,0,0,0,0,0,0,0,0
368,0,0,0,0,0,0,0,0,0
369,0,0,0,0,0,0,0,0,0
370,0,0,0,0,0,0,0,0,0
371,0,0,0,0,0,0,0,0,0
372,0,0,0,0,0,0,0,0,0
373,0,0,0,0,0,0,0,0,0
374,0,0,0,0,0,0,0,0,0
375,0,0,0,0,0,0,0,0,0
376,0,0,0,0,0,0,0,0,0
377,0,0,0,0,0,0,0,0,0
378,0,0,0,0,0,0,0,0,0
379,0,0,0,0,0,0,0,0,0
380,0,0,0,0,0,0,0,0,0
381,0,0,0,0,0,0,0,0,0
382,0,0,0,0,0,0,0,0,0
383,0,0,0,0,0,0,0,0,0
384,0,0,0,0,0,0,0,0,0
385,0,0,0,0,0,0,0,0,0
386,0,0,0,0,0,0,0,0,0
387,0,0,0,0,0,0,0,0,0
388,0,0,0,0,0,0,0,0,0
389,0,0,0,0,0,0,0,0,0
390,0,0,0,0,0,0,0,0,0
391,0,0,0,0,0,0,0,0,0
392,0,0,0,0,0,0,0,0,0
393,0,0,0,0,0,0,0,0,0
394,0,0,0,0,0,0,0,0,0
395,0,0,0,0,0,0,0,0,0
396,0,0,0,0,0,0,0,0,0
397,0,0,0,0,0,0,0,0,0
398,0,0,0,0,0,0,0,0,0
399,0,0,0,0,0,0,0,0,0
400,0,0,0,0,0,0,0,0,0
401,0,0,0,0,0,0,0,0,0
402,0,0,0,0,0,0,0,0,0
403,0,0,0,0,0,0,0,0,0
404,0,0,0,0,0,0,0,0,0
405,0,0,0,0,0,0,0,0,0
406,0,0,0,0,0,0,0,0,0
407,0,0,0,0,0,0,0,0,0
408,0,0,0,0,0,0,0,0,0
409,0,0,0,0,0,0,0,0,0
410,0,0,0,0,0,0,0,0,0
411,0,0,0,0,0,0,0,0,0
412,0,0,0,0,0,0,0,0,0
413,0,0,0,0,0,0,0,0,0
414,0,0,0,0,0,0,0,0,0
415,0,0,0,0,0,0,0,0,0
416,0,0,0,0,0,0,0,0,0
417,0,0,0,0,0,0,0,0,0
418,0,0,0,0,0,0,0,0,0
419,0,0,0,0,0,0,0,0,0
420,0,0,0,0,0,0,0,0,0
421,0,0,0,0,0,0,0,0,0
422,0,0,0,0,0,0,0,0,0
423,0,0,0,0,0,0,0,0,0
424,0,0,0,0,0,0,0,0,0
425,0,0,0,0,0,0,0,0,0
426,0,0,0,0,0,0,0,0,0
427,0,0,0,0,0,0,0,0,0
428,0,0,0,0,0,0,0,0,0
429,0,0,0,0,0,0,0,0,0
430,0,0,0,0,0,0,0,0,0
431,0,0,0,0,0,0,0,0,0
432,0,0,0,0,0,0,0,0,0
433,0,0,0,0,0,0,0,0,0
434,0,0,0,0,0,0,0,0,0
435,0,0,0,0,0,0,0,0,0
436,0,0,0,0,0,0,0,0,0
437,0,0,0,0,0,0,0,0,0
438,0,0,0,0,0,0,0,0,0
439,0,0,0,0,0,0,0,0,0
440,0,0,0,0,0,0,0,0,0
441,0,0,0,0,0,0,0,0,0
442,0,0,0,0,0,0,0,0,0
443,0,0,0,0,0,0,0,0,0
444,0,0,0,0,0,0,0,0,0
445,0,0,0,0,0,0,0,0,0
446,0,0,0,0,0,0,0,0,0
447,0,0,0,0,0,0,0,0,0
448,0,0,0,0,0,0,0,0,0
449,0,0,0,0,0,0,0,0,0
450,0,0,0,0,0,0,0,0,0
451,0,0,0,0,0,0,0,0,0
452,0,0,0,0,0,0,0,0,0
453,0,0,0,0,0,0,0,0,0
454,0,0,0,0,0,0,0,0,0
455,0,0,0,0,0,0,0,0,0
456,0,0,0,0,0,0,0,0,0
457,0,0,0,0,0,0,0,0,0
458,0,0,0,0,0,0,0,0,0
459,0,0,0,0,0,0,0,0,0
460,0,0,0,0,0,0,0,0,0
461,0,0,0,0,0,0,0,0,0
462,0,0,0,0,0,0,0,0,0
463,0,0,0,0,0,0,0,0,0
464,0,0,0,0,0,0,0,0,0
465,0,0,0,0,0,0,0,0,0
466,0,0,0,0,0,0,0,0,0
467,0,0,0,0,0,0,0,0,0
468,0,0,0,0,0,0,0,0,0
469,0,0,0,0,0,0,0,0,0
470,0,0,0,0,0,0,0,0,0
471,0,0,0,0,0,0,0,0,0
472,0,0,0,0,0,0,0,0,0
473,0,0,0,0,0,0,0,0,0
474,0,0,0,0,0,0,0,0,0
475,0,0,0,0,0,0,0,0,0
476,0,0,0,0,0,0,0,0,0
477,0,0,0,0,0,0,0,0,0
478,0,0,0,0,0,0,0,0,0
479,0,0,0,0,0,0,0,0,0
480,0,0,0,0,0,0,0,0,0
481,0,0,0,0,0,0,0,0,0
482,0,0,0,0,0,0,0,0,0
483,0,0,0,0,0,0,0,0,0
484,0,0,0,0,0,0,0,0,0
485,0,0,0,0,0,0,0,0,0
486,0,0,0,0,0,0,0,0,0
487,0,0,0,0,0,0,0,0,0
488,0,0,0,0,0,0,0,0,0
489,0,0,0,0,0,0,0,0,0
490,0,0,0,0,0,0,0,0,0
491,0,0,0,0,0,0,0,0,0
492,0,0,0,0,0,0,0,0,0
493,0,0,0,0,0,0,0,0,0
494,0,0,0,0,0,0,0,0,0
495,0,0,0,0,0,0,0,0,0
496,0,0,0,0,0,0,0,0,0
497,0,0,0,0,0,0,0,0,0
498,0,0,0,0,0,0,0,0,0
499,0,0,0,0,0,0,0,0,0
500,0,0,0,0,0,0,0,0,0
501,0,0,0,0,0,0,0,0,0
502,0,0,0,0,0,0,0,0,0
503,0,0,0,0,0,0,0,0,0
504,0,0,0,0,0,0,0,0,0
505,0,0,0,0,0,0,0,0,0
506,0,0,0,0,0,0,0,0,0
507,0,0,0,0,0,0,0,0,0
508,0,0,0,0,0,0,0,0,0
509,0,0,0,0,0,0,0,0,0
510,0,0,0,0,0,0,0,0,0
511,0,0,0,0,0,0,0,0,0
512,0,0,0,0,0,0,0,0,0
513,0,0,0,0,0,0,0,0,0
514,0,0,0,0,0,0,0,0,0
515,0,0,0,0,0,0,0,0,0
516,0,0,0,0,0,0,0,0,0
517,0,0,0,0,0,0,0,0,0
518,0,0,0,0,0,0,0,0,0
519,0,0,0,0,0,0,0,0,0
520,0,0,0,0,0,0,0,0,0
521,0,0,0,0,0,0,0,0,0
522,0,0,0,0,0,0,0,0,0
523,0,0,0,0,0,0,0,0,0
524,0,0,0,0,0,0,0,0,0
525,0,0,0,0,0,0,0,0,0
526,0,0,0,0,0,0,0,0,0
527,0,0,0,0,0,0,0,0,0
528,0,0,0,0,0,0,0,0,0
529,0,0,0,0,0,0,0,0,0
530,0,0,0,0,0,0,0,0,0
531,0,0,0,0,0,0,0,0,0
532,0,0,0,0,0,0,0,0,0
533,0,0,0,0,0,0,0,0,0
534,0,0,0,0,0,0,0,0,0
535,0,0,0,0,0,0,0,0,0
536,0,0,0,0,0,0,0,0,0
537,0,0,0,0,0,0,0,0,0
538,0,0,0,0,0,0,0,0,0
539,0,0,0,0,0,0,0,0,0
540,0,0,0,0,0,0,0,0,0
541,0,0,0,0,0,0,0,0,0
542,0,0,0,0,0,0,0,0,0
543,0,0,0,0,0,0,0,0,0
544,0,0,0,0,0,0,0,0,0
545,0,0,0,0,0,0,0,0,0
546,0,0,0,0,0,0,0,0,0
547,0,0,0,0,0,0,0,0,0
548,0,0,0,0,0,0,0,0,0
549,0,0,0,0,0,0,0,0,0
550,0,0,0,0,0,0,0,0,0
551,0,0,0,0,0,0,0,0,0
552,0,0,0,0,0,0,0,0,0
553,0,0,0,0,0,0,0,0,0
554,0,0,0,0,0,0,0,0,0
555,0,0,0,0,0,0,0,0,0
556,0,0,0,0,0,0,0,0,0
557,0,0,0,0,0,0,0,0,0
558,0,0,0,0,0,0,0,0,0
559,0,0,0,0,0,0,0,0,0
560,0,0,0,0,0,0,0,0,0
561,0,0,0,0,0,0,0,0,0
562,0,0,0,0,0,0,0,0,0
563,0,0,0,0,0,0,0,0,0
564,0,0,0,0,0,0,0,0,0
565,0,0,0,0,0,0,0,0,0
566,0,0,0,0,0,0,0,0,0
567,0,0,0,0,0,0,0,0,0
568,0,0,0,0,0,0,0,0,0
569,0,0,0,0,0,0,0,0,0
570,0,0,0,0,0,0,0,0,0
571,0,0,0,0,0,0,0,0,0
572,0,0,0,0,0,0,0,0,0
573,0,0,0,0,0,0,0,0,0
574,0,0,0,0,0,0,0,0,0
575,0,0,0,0,0,0,0,0,0
576,0,0,0,0,0,0,0,0,0
577,0,0,0,0,0,0,0,0,0
578,0,0,0,0,0,0,0,0,0
579,0,0,0,0,0,0,0,0,0
580,0,0,0,0,0,0,0,0,0
581,0,0,0,0,0,0,0,0,0
582,0,0,0,0,0,0,0,0,0
583,0,0,0,0,0,0,0,0,0
584,0,0,0,0,0,0,0,0,0
585,0,0,0,0,0,0,0,0,0
586,0,0,0,0,0,0,0,0,0
587,0,0,0,0,0,0,0,0,0
588,0,0,0,0,0,0,0,0,0
589,0,0,0,0,0,0,0,0,0
590,0,0,0,0,0,0,0,0,0
591,0,0,0,0,0,0,0,0,0
592,0,0,0,0,0,0,0,0,0
593,0,0,0,0,0,0,0,0,0
594,0,0,0,0,0,0,0,0,0
595,0,0,0,0,0,0,0,0,0
596,0,0,0,0,0,0,0,0,0
597,0,0,0,0,0,0,0,0,0
598,0,0,0,0,0,0,0,0,0
599,0,0,0,0,0,0,0,0,0
600,0,0,0,0,0,0,0,0,0
601,0,0,0,0,0,0,0,0,0
602,0,0,0,0,0,0,0,0,0
603,0,0,0,0,0,0,0,0,0
604,0,0,0,0,0,0,0,0,0
605,0,0,0,0,0,0,0,0,0
606,0,0,0,0,0,0,0,0,0
607,0,0,0,0,0,0,0,0,0
608,0,0,0,0,0,0,0,0,0
609,0,0,0,0,0,0,0,0,0
610,0,0,0,0,0,0,0,0,0
611,0,0,0,0,0,0,0,0,0
612,0,0,0,0,0,0,0,0,0
613,0,0,0,0,0,0,0,0,0
614,0,0,0,0,0,0,0,0,0
615,0,0,0,0,0,0,0,0,0
616,0,0,0,0,0,0,0,0,0
617,0,0,0,0,0,0,0,0,0
618,0,0,0,0,0,0,0,0,0
619,0,0,0,0,0,0,0,0,0
620,0,0,0,0,0,0,0,0,0
621,0,0,0,0,0,0,0,0,0
622,0,0,0,0,0,0,0,0,0
623,0,0,0,0,0,0,0,0,0
624,0,0,0,0,0,0,0,0,0
625,0,0,0,0,0,0,0,0,0
626,0,0,0,0,0,0,0,0,0
627,0,0,0,0,0,0,0,0,0
628,0,0,0,0,0,0,0,0,0
629,0,0,0,0,0,0,0,0,0
630,0,0,0,0,0,0,0,0,0
631,0,0,0,0,0,0,0,0,0
632,0,0,0,0,0,0,0,0,0
633,0,0,0,0,0,0,0,0,0
634,0,0,0,0,0,0,0,0,0
635,0,0,0,0,0,0,0,0,0
636,0,0,0,0,0,0,0,0,0
637,0,0,0,0,0,0,0,0,0
638,0,0,0,0,0,0,0,0,0
639,0,0,0,0,0,0,0,0,0
640,0,0,0,0,0,0,0,0,0
641,0,0,0,0,0,0,0,0,0
642,0,0,0,0,0,0,0,0,0
643,0,0,0,0,0,0,0,0,0
644,0,0,0,0,0,0,0,0,0
645,0,0,0,0,0,0,0,0,0
646,0,0,0,0,0,0,0,0,0
647,0,0,0,0,0,0,0,0,0
648,0,0,0,0,0,0,0,0,0
649,0,0,0,0,0,0,0,0,0
650,0,0,0,0,0,0,0,0,0
651,0,0,0,0,0,0,0,0,0
652,0,0,0,0,0,0,0,0,0
653,0,0,0,0,0,0,0,0,0
654,0,0,0,0,0,0,0,0,0
655,0,0,0,0,0,0,0,0,0
656,0,0,0,0,0,0,0,0,0
657,0,0,0,0,0,0,0,0,0
658,0,0,0,0,0,0,0,0,0
659,0,0,0,0,0,0,0,0,0
660,0,0,0,0,0,0,0,0,0
661,0,0,0,0,0,0,0,0,0
662,0,0,0,0,0,0,0,0,0
663,0,0,0,0,0,0,0,0,0
664,0,0,0,0,0,0,0,0,0
665,0,0,0,0,0,0,0,0,0
666,0,0,0,0,0,0,0,0,0
667,0,0,0,0,0,0,0,0,0
668,0,0,0,0,0,0,0,0,0
669,0,0,0,0,0,0,0,0,0
670,0,0,0,0,0,0,0,0,0
671,0,0,0,0,0,0,0,0,0
672,0,0,0,0,0,0,0,0,0
673,0,0,0,0,0,0,0,0,0
674,0,0,0,0,0,0,0,0,0
675,0,0,0,0,0,0,0,0,0
676,0,0,0,0,0,0,0,0,0
677,0,0,0,0,0,0,0,0,0
678,0,0,0,0,0,0,0,0,0
679,0,0,0,0,0,0,0,0,0
680,0,0,0,0,0,0,0,0,0
681,0,0,0,0,0,0,0,0,0
682,0,0,0,0,0,0,0,0,0
683,0,0,0,0,0,0,0,0,0
684,0,0,0,0,0,0,0,0,0
685,0,0,0,0,0,0,0,0,0
686,0,0,0,0,0,0,0,0,0
687,0,0,0,0,0,0,0,0,0
688,0,0,0,0,0,0,0,0,0
689,0,0,0,0,0,0,0,0,0
690,0,0,0,0,0,0,0,0,0
691,0,0,0,0,0,0,0,0,0
692,0,0,0,0,0,0,0,0,0
693,0,0,0,0,0,0,0,0,0
694,0,0,0,0,0,0,0,0,0
695,0,0,0,0,0,0,0,0,0
696,0,0,0,0,0,0,0,0,0
697,0,0,0,0,0,0,0,0,0
698,0,0,0,0,0,0,0,0,0
699,0,0,0,0,0,0,0,0,0
700,0,0,0,0,0,0,0,0,0
701,0,0,0,0,0,0,0,0,0
702,0,0,0,0,0,0,0,0,0
703,0,0,0,0,0,0,0,0,0
704,0,0,0,0,0,0,0,0,0
705,0,0,0,0,0,0,0,0,0
706,0,0,0,0,0,0,0,0,0
707,0,0,0,0,0,0,0,0,0
708,0,0,0,0,0,0,0,0,0
709,0,0,0,0,0,0,0,0,0
710,0,0,0,0,0,0,0,0,0
711,0,0,0,0,0,0,0,0,0
712,0,0,0,0,0,0,0,0,0
713,0,0,0,0,0,0,0,0,0
714,0,0,0,0,0,0,0,0,0
715,0,0,0,0,0,0,0,0,0
716,0,0,0,0,0,0,0,0,0
717,0,0,0,0,0,0,0,0,0
718,0,0,0,0,0,0,0,0,0
719,0,0,0,0,0,0,0,0,0
720,0,0,0,0,0,0,0,0,0
721,0,0,0,0,0,0,0,0,0
722,0,0,0,0,0,0,0,0,0
723,0,0,0,0,0,0,0,0,0
724,0,0,0,0,0,0,0,0,0
725,0,0,0,0,0,0,0,0,0
726,0,0,0,0,0,0,0,0,0
727,0,0,0,0,0,0,0,0,0
728,0,0,0,0,0,0,0,0,0
729,0,0,0,0,0,0,0,0,0
730,0,0,0,0,0,0,0,0,0
731,0,0,0,0,0,0,0,0,0
732,0,0,0,0,0,0,0,0,0
733,0,0,0,0,0,0,0,0,0
734,0,0,0,0,0,0,0,0,0
735,0,0,0,0,0,0,0,0,0
736,0,0,0,0,0,0,0,0,0
737,0,0,0,0,0,0,0,0,0
738,0,0,0,0,0,0,0,0,0
739,0,0,0,0,0,0,0,0,0
740,0,0,0,0,0,0,0,0,0
741,0,0,0,0,0,0,0,0,0
742,0,0,0,0,0,0,0,0,0
743,0,0,0,0,0,0,0,0,0
744,0,0,0,0,0,0,0,0,0
745,0,0,0,0,0,0,0,0,0
746,0,0,0,0,0,0,0,0,0
747,0,0,0,0,0,0,0,0,0
748,0,0,0,0,0,0,0,0,0
749,0,0,0,0,0,0,0,0,0
750,0,0,0,0,0,0,0,0,0
0,194,7257,201425,4077983,57373546,517292847,2626655236,5935079656,3356972874
1,124,3653,84153,1402751,16192030,119721953,497893901,920281133,425173478
2,75,1723,30878,405809,3674287,21326429,69632042,101001391,36591169
3,57,1023,15296,168622,1285208,6301251,17407673,21455734,6647139
4,56,837,10667,102512,668313,2807648,6630635,6965103,1818620
5,37,541,6364,53696,310295,1159297,2448243,2304431,534556
6,24,367,4472,35610,193696,679068,1339372,1167375,247704
7,22,281,3334,25238,128307,428688,814076,689909,141275
8,18,135,1693,11340,51839,160238,275412,208425,37379
9,16,124,1198,6699,27000,73787,110883,72338,11286
10,13,87,813,4200,15642,39579,56184,34820,5193
11,12,75,645,3282,11577,27902,37866,22656,3168
12,12,74,542,2531,8140,18199,23081,13074,1616
13,12,68,421,1915,5958,12701,15391,8312,1007
14,12,63,360,1563,4789,9648,11140,5821,671
15,9,50,297,1226,3632,7115,7847,3875,410
16,8,41,217,857,2353,4378,4349,1981,195
17,6,33,176,624,1550,2521,2164,795,48
18,5,29,158,534,1354,2178,1830,679,45
19,5,29,152,502,1258,2021,1641,578,37
20,5,24,121,347,784,1131,828,261,14
21,5,23,113,315,680,961,664,197,9
22,5,18,80,209,416,627,455,147,6
23,5,16,72,172,284,367,203,36,1
24,5,16,69,164,262,321,169,26,1
25,5,14,55,136,214,264,136,23,1
26,5,14,53,127,198,245,124,23,1
27,4,11,43,109,163,183,85,16,0
28,4,10,37,94,125,123,55,13,0
29,4,7,23,62,63,66,27,4,0
30,4,7,23,62,63,66,27,4,0
31,2,5,12,27,35,42,12,0,0
32,2,4,8,16,26,28,7,0,0
33,2,1,2,11,18,22,7,0,0
34,1,0,1,9,16,14,5,0,0
35,1,0,1,9,14,11,5,0,0
36,1,0,1,9,12,8,2,0,0
37,1,0,1,9,12,8,2,0,0
38,1,0,1,9,12,8,2,0,0
39,1,0,1,9,12,8,2,0,0
40,1,0,1,9,12,8,2,0,0
41,1,0,1,9,12,8,2,0,0
42,1,0,1,8,12,8,2,0,0
43,1,0,1,8,12,8,2,0,0
44,1,0,1,8,12,8,2,0,0
45,1,0,1,3,2,4,2,0,0
46,1,0,1,3,2,4,2,0,0
47,1,0,1,3,0,2,2,0,0
48,1,0,0,0,0,0,0,0,0
49,1,0,0,0,0,0,0,0,0
50,1,0,0,0,0,0,0,0,0
51,1,0,0,0,0,0,0,0,0
52,1,0,0,0,0,0,0,0,0
53,1,0,0,0,0,0,0,0,0
54,1,0,0,0,0,0,0,0,0
55,1,0,0,0,0,0,0,0,0
56,1,0,0,0,0,0,0,0,0
57,1,0,0,0,0,0,0,0,0
58,1,0,0,0,0,0,0,0,0
59,1,0,0,0,0,0,0,0,0
60,1,0,0,0,0,0,0,0,0
61,1,0,0,0,0,0,0,0,0
62,1,0,0,0,0,0,0,0,0
63,1,0,0,0,0,0,0,0,0
64,1,0,0,0,0,0,0,0,0
65,1,0,0,0,0,0,0,0,0
66,1,0,0,0,0,0,0,0,0
67,1,0,0,0,0,0,0,0,0
68,1,0,0,0,0,0,0,0,0
69,1,0,0,0,0,0,0,0,0
70,0,0,0,0,0,0,0,0,0
71,0,0,0,0,0,0,0,0,0
72,0,0,0,0,0,0,0,0,0
73,0,0,0,0,0,0,0,0,0
74,0,0,0,0,0,0,0,0,0
75,0,0,0,0,0,0,0,0,0
76,0,0,0,0,0,0,0,0,0
77,0,0,0,0,0,0,0,0,0
78,0,0,0,0,0,0,0,0,0
79,0,0,0,0,0,0,0,0,0
80,0,0,0,0,0,0,0,0,0
81,0,0,0,0,0,0,0,0,0
82,0,0,0,0,0,0,0,0,0
83,0,0,0,0,0,0,0,0,0
84,0,0,0,0,0,0,0,0,0
85,0,0,0,0,0,0,0,0,0
86,0,0,0,0,0,0,0,0,0
87,0,0,0,0,0,0,0,0,0
88,0,0,0,0,0,0,0,0,0
89,0,0,0,0,0,0,0,0,0
90,0,0,0,0,0,0,0,0,0
91,0,0,0,0,0,0,0,0,0
92,0,0,0,0,0,0,0,0,0
93,0,0,0,0,0,0,0,0,0
94,0,0,0,0,0,0,0,0,0
95,0,0,0,0,0,0,0,0,0
96,0,0,0,0,0,0,0,0,0
97,0,0,0,0,0,0,0,0,0
98,0,0,0,0,0,0,0,0,0
99,0,0,0,0,0,0,0,0,0
100,0,0,0,0,0,0,0,0,0
101,0,0,0,0,0,0,0,0,0
102,0,0,0,0,0,0,0,0,0
103,0,0,0,0,0,0,0,0,0
104,0,0,0,0,0,0,0,0,0
105,0,0,0,0,0,0,0,0,0
106,0,0,0,0,0,0,0,0,0
107,0,0,0,0,0,0,0,0,0
108,0,0,0,0,0,0,0,0,0
109,0,0,0,0,0,0,0,0,0
110,0,0,0,0,0,0,0,0,0
111,0,0,0,0,0,0,0,0,0
112,0,0,0,0,0,0,0,0,0
113,0,0,0,0,0,0,0,0,0
114,0,0,0,0,0,0,0,0,0
115,0,0,0,0,0,0,0,0,0
116,0,0,0,0,0,0,0,0,0
117,0,0,0,0,0,0,0,0,0
118,0,0,0,0,0,0,0,0,0
119,0,0,0,0,0,0,0,0,0
120,0,0,0,0,0,0,0,0,0
121,0,0,0,0,0,0,0,0,0
122,0,0,0,0,0,0,0,0,0
123,0,0,0,0,0,0,0,0,0
124,0,0,0,0,0,0,0,0,0
125,0,0,0,0,0,0,0,0,0
126,0,0,0,0,0,0,0,0,0
127,0,0,0,0,0,0,0,0,0
128,0,0,0,0,0,0,0,0,0
129,0,0,0,0,0,0,0,0,0
130,0,0,0,0,0,0,0,0,0
131,0,0,0,0,0,0,0,0,0
132,0,0,0,0,0,0,0,0,0
133,0,0,0,0,0,0,0,0,0
134,0,0,0,0,0,0,0,0,0
135,0,0,0,0,0,0,0,0,0
136,0,0,0,0,0,0,0,0,0
137,0,0,0,0,0,0,0,0,0
138,0,0,0,0,0,0,0,0,0
139,0,0,0,0,0,0,0,0,0
140,0,0,0,0,0,0,0,0,0
141,0,0,0,0,0,0,0,0,0
142,0,0,0,0,0,0,0,0,0
143,0,0,0,0,0,0,0,0,0
144,0,0,0,0,0,0,0,0,0
145,0,0,0,0,0,0,0,0,0
146,0,0,0,0,0,0,0,0,0
147,0,0,0,0,0,0,0,0,0
148,0,0,0,0,0,0,0,0,0
149,0,0,0,0,0,0,0,0,0
150,0,0,0,0,0,0,0,0,0
151,0,0,0,0,0,0,0,0,0
152,0,0,0,0,0,0,0,0,0
153,0,0,0,0,0,0,0,0,0
154,0,0,0,0,0,0,0,0,0
155,0,0,0,0,0,0,0,0,0
156,0,0,0,0,0,0,0,0,0
157,0,0,0,0,0,0,0,0,0
158,0,0,0,0,0,0,0,0,0
159,0,0,0,0,0,0,0,0,0
160,0,0,0,0,0,0,0,0,0
161,0,0,0,0,0,0,0,0,0
162,0,0,0,0,0,0,0,0,0
163,0,0,0,0,0,0,0,0,0
164,0,0,0,0,0,0,0,0,0
165,0,0,0,0,0,0,0,0,0
166,0,0,0,0,0,0,0,0,0
167,0,0,0,0,0,0,0,0,0
168,0,0,0,0,0,0,0,0,0
169,0,0,0,0,0,0,0,0,0
170,0,0,0,0,0,0,0,0,0
171,0,0,0,0,0,0,0,0,0
172,0,0,0,0,0,0,0,0,0
173,0,0,0,0,0,0,0,0,0
174,0,0,0,0,0,0,0,0,0
175,0,0,0,0,0,0,0,0,0
176,0,0,0,0,0,0,0,0,0
177,0,0,0,0,0,0,0,0,0
178,0,0,0,0,0,0,0,0,0
179,0,0,0,0,0,0,0,0,0
180,0,0,0,0,0,0,0,0,0
181,0,0,0,0,0,0,0,0,0
182,0,0,0,0,0,0,0,0,0
183,0,0,0,0,0,0,0,0,0
184,0,0,0,0,0,0,0,0,0
185,0,0,0,0,0,0,0,0,0
186,0,0,0,0,0,0,0,0,0
187,0,0,0,0,0,0,0,0,0
188,0,0,0,0,0,0,0,0,0
189,0,0,0,0,0,0,0,0,0
190,0,0,0,0,0,0,0,0,0
191,0,0,0,0,0,0,0,0,0
192,0,0,0,0,0,0,0,0,0
193,0,0,0,0,0,0,0,0,0
194,0,0,0,0,0,0,0,0,0
195,0,0,0,0,0,0,0,0,0
196,0,0,0,0,0,0,0,0,0
197,0,0,0,0,0,0,0,0,0
198,0,0,0,0,0,0,0,0,0
199,0,0,0,0,0,0,0,0,0
200,0,0,0,0,0,0,0,0,0
201,0,0,0,0,0,0,0,0,0
202,0,0,0,0,0,0,0,0,0
203,0,0,0,0,0,0,0,0,0
204,0,0,0,0,0,0,0,0,0
205,0,0,0,0,0,0,0,0,0
206,0,0,0,0,0,0,0,0,0
207,0,0,0,0,0,0,0,0,0
208,0,0,0,0,0,0,0,0,0
209,0,0,0,0,0,0,0,0,0
210,0,0,0,0,0,0,0,0,0
211,0,0,0,0,0,0,0,0,0
212,0,0,0,0,0,0,0,0,0
213,0,0,0,0,0,0,0,0,0
214,0,0,0,0,0,0,0,0,0
215,0,0,0,0,0,0,0,0,0
216,0,0,0,0,0,0,0,0,0
217,0,0,0,0,0,0,0,0,0
218,0,0,0,0,0,0,0,0,0
219,0,0,0,0,0,0,0,0,0
220,0,0,0,0,0,0,0,0,0
221,0,0,0,0,0,0,0,0,0
222,0,0,0,0,0,0,0,0,0
223,0,0,0,0,0,0,0,0,0
224,0,0,0,0,0,0,0,0,0
225,0,0,0,0,0,0,0,0,0
226,0,0,0,0,0,0,0,0,0
227,0,0,0,0,0,0,0,0,0
228,0,0,0,0,0,0,0,0,0
229,0,0,0,0,0,0,0,0,0
230,0,0,0,0,0,0,0,0,0
231,0,0,0,0,0,0,0,0,0
232,0,0,0,0,0,0,0,0,0
233,0,0,0,0,0,0,0,0,0
234,0,0,0,0,0,0,0,0,0
235,0,0,0,0,0,0,0,0,0
236,0,0,0,0,0,0,0,0,0
237,0,0,0,0,0,0,0,0,0
238,0,0,0,0,0,0,0,0,0
239,0,0,0,0,0,0,0,0,0
240,0,0,0,0,0,0,0,0,0
241,0,0,0,0,0,0,0,0,0
242,0,0,0,0,0,0,0,0,0
243,0,0,0,0,0,0,0,0,0
244,0,0,0,0,0,0,0,0,0
245,0,0,0,0,0,0,0,0,0
246,0,0,0,0,0,0,0,0,0
247,0,0,0,0,0,0,0,0,0
248,0,0,0,0,0,0,0,0,0
249,0,0,0,0,0,0,0,0,0
250,0,0,0,0,0,0,0,0,0
251,0,0,0,0,0,0,0,0,0
252,0,0,0,0,0,0,0,0,0
253,0,0,0,0,0,0,0,0,0
254,0,0,0,0,0,0,0,0,0
255,0,0,0,0,0,0,0,0,0
256,0,0,0,0,0,0,0,0,0
257,0,0,0,0,0,0,0,0,0
258,0,0,0,0,0,0,0,0,0
259,0,0,0,0,0,0,0,0,0
260,0,0,0,0,0,0,0,0,0
261,0,0,0,0,0,0,0,0,0
262,0,0,0,0,0,0,0,0,0
263,0,0,0,0,0,0,0,0,0
264,0,0,0,0,0,0,0,0,0
265,0,0,0,0,0,0,0,0,0
266,0,0,0,0,0,0,0,0,0
267,0,0,0,0,0,0,0,0,0
268,0,0,0,0,0,0,0,0,0
269,0,0,0,0,0,0,0,0,0
270,0,0,0,0,0,0,0,0,0
271,0,0,0,0,0,0,0,0,0
272,0,0,0,0,0,0,0,0,0
273,0,0,0,0,0,0,0,0,0
274,0,0,0,0,0,0,0,0,0
275,0,0,0,0,0,0,0,0,0
276,0,0,0,0,0,0,0,0,0
277,0,0,0,0,0,0,0,0,0
278,0,0,0,0,0,0,0,0,0
279,0,0,0,0,0,0,0,0,0
280,0,0,0,0,0,0,0,0,0
281,0,0,0,0,0,0,0,0,0
282,0,0,0,0,0,0,0,0,0
283,0,0,0,0,0,0,0,0,0
284,0,0,0,0,0,0,0,0,0
285,0,0,0,0,0,0,0,0,0
286,0,0,0,0,0,0,0,0,0
287,0,0,0,0,0,0,0,0,0
288,0,0,0,0,0,0,0,0,0
289,0,0,0,0,0,0,0,0,0
290,0,0,0,0,0,0,0,0,0
291,0,0,0,0,0,0,0,0,0
292,0,0,0,0,0,0,0,0,0
293,0,0,0,0,0,0,0,0,0
294,0,0,0,0,0,0,0,0,0
295,0,0,0,0,0,0,0,0,0
296,0,0,0,0,0,0,0,0,0
297,0,0,0,0,0,0,0,0,0
298,0,0,0,0,0,0,0,0,0
299,0,0,0,0,0,0,0,0,0
300,0,0,0,0,0,0,0,0,0
301,0,0,0,0,0,0,0,0,0
302,0,0,0,0,0,0,0,0,0
303,0,0,0,0,0,0,0,0,0
304,0,0,0,0,0,0,0,0,0
305,0,0,0,0,0,0,0,0,0
306,0,0,0,0,0,0,0,0,0
307,0,0,0,0,0,0,0,0,0
308,0,0,0,0,0,0,0,0,0
309,0,0,0,0,0,0,0,0,0
310,0,0,0,0,0,0,0,0,0
311,0,0,0,0,0,0,0,0,0
312,0,0,0,0,0,0,0,0,0
313,0,0,0,0,0,0,0,0,0
314,0,0,0,0,0,0,0,0,0
315,0,0,0,0,0,0,0,0,0
316,0,0,0,0,0,0,0,0,0
317,0,0,0,0,0,0,0,0,0
318,0,0,0,0,0,0,0,0,0
319,0,0,0,0,0,0,0,0,0
320,0,0,0,0,0,0,0,0,0
321,0,0,0,0,0,0,0,0,0
322,0,0,0,0,0,0,0,0,0
323,0,0,0,0,0,0,0,0,0
324,0,0,0,0,0,0,0,0,0
325,0,0,0,0,0,0,0,0,0
326,0,0,0,0,0,0,0,0,0
327,0,0,0,0,0,0,0,0,0
328,0,0,0,0,0,0,0,0,0
329,0,0,0,0,0,0,0,0,0
330,0,0,0,0,0,0,0,0,0
331,0,0,0,0,0,0,0,0,0
332,0,0,0,0,0,0,0,0,0
333,0,0,0,0,0,0,0,0,0
334,0,0,0,0,0,0,0,0,0
335,0,0,0,0,0,0,0,0,0
336,0,0,0,0,0,0,0,0,0
337,0,0,0,0,0,0,0,0,0
338,0,0,0,0,0,0,0,0,0
339,0,0,0,0,0,0,0,0,0
340,0,0,0,0,0,0,0,0,0
341,0,0,0,0,0,0,0,0,0
342,0,0,0,0,0,0,0,0,0
343,0,0,0,0,0,0,0,0,0
344,0,0,0,0,0,0,0,0,0
345,0,0,0,0,0,0,0,0,0
346,0,0,0,0,0,0,0,0,0
347,0,0,0,0,0,0,0,0,0
348,0,0,0,0,0,0,0,0,0
349,0,0,0,0,0,0,0,0,0
350,0,0,0,0,0,0,0,0,0
351,0,0,0,0,0,0,0,0,0
352,0,0,0,0,0,0,0,0,0
353,0,0,0,0,0,0,0,0,0
354,0,0,0,0,0,0,0,0,0
355,0,0,0,0,0,0,0,0,0
356,0,0,0,0,0,0,0,0,0
357,0,0,0,0,0,0,0,0,0
358,0,0,0,0,0,0,0,0,0
359,0,0,0,0,0,0,0,0,0
360,0,0,0,0,0,0,0,0,0
361,0,0,0,0,0,0,0,0,0
362,0,0,0,0,0,0,0,0,0
363,0,0,0,0,0,0,0,0,0
364,0,0,0,0,0,0,0,0,0
365,0,0,0,0,0,0,0,0,0
366,0,0,0,0,0,0,0,0,0
367,0,0,0,0,0,0,0,0,0
368,0,0,0,0,0,0,0,0,0
369,0,0,0,0,0,0,0,0,0
370,0,0,0,0,0,0,0,0,0
371,0,0,0,0,0,0,0,0,0
372,0,0,0,0,0,0,0,0,0
373,0,0,0,0,0,0,0,0,0
374,0,0,0,0,0,0,0,0,0
375,0,0,0,0,0,0,0,0,0
376,0,0,0,0,0,0,0,0,0
377,0,0,0,0,0,0,0,0,0
378,0,0,0,0,0,0,0,0,0
379,0,0,0,0,0,0,0,0,0
380,0,0,0,0,0,0,0,0,0
381,0,0,0,0,0,0,0,0,0
382,0,0,0,0,0,0,0,0,0
383,0,0,0,0,0,0,0,0,0
384,0,0,0,0,0,0,0,0,0
385,0,0,0,0,0,0,0,0,0
386,0,0,0,0,0,0,0,0,0
387,0,0,0,0,0,0,0,0,0
388,0,0,0,0,0,0,0,0,0
389,0,0,0,0,0,0,0,0,0
390,0,0,0,0,0,0,0,0,0
391,0,0,0,0,0,0,0,0,0
392,0,0,0,0,0,0,0,0,0
393,0,0,0,0,0,0,0,0,0
394,0,0,0,0,0,0,0,0,0
395,0,0,0,0,0,0,0,0,0
396,0,0,0,0,0,0,0,0,0
397,0,0,0,0,0,0,0,0,0
398,0,0,0,0,0,0,0,0,0
399,0,0,0,0,0,0,0,0,0
400,0,0,0,0,0,0,0,0,0
401,0,0,0,0,0,0,0,0,0
402,0,0,0,0,0,0,0,0,0
403,0,0,0,0,0,0,0,0,0
404,0,0,0,0,0,0,0,0,0
405,0,0,0,0,0,0,0,0,0
406,0,0,0,0,0,0,0,0,0
407,0,0,0,0,0,0,0,0,0
408,0,0,0,0,0,0,0,0,0
409,0,0,0,0,0,0,0,0,0
410,0,0,0,0,0,0,0,0,0
411,0,0,0,0,0,0,0,0,0
412,0,0,0,0,0,0,0,0,0
413,0,0,0,0,0,0,0,0,0
414,0,0,0,0,0,0,0,0,0
415,0,0,0,0,0,0,0,0,0
416,0,0,0,0,0,0,0,0,0
417,0,0,0,0,0,0,0,0,0
418,0,0,0,0,0,0,0,0,0
419,0,0,0,0,0,0,0,0,0
420,0,0,0,0,0,0,0,0,0
421,0,0,0,0,0,0,0,0,0
422,0,0,0,0,0,0,0,0,0
423,0,0,0,0,0,0,0,0,0
424,0,0,0,0,0,0,0,0,0
425,0,0,0,0,0,0,0,0,0
426,0,0,0,0,0,0,0,0,0
427,0,0,0,0,0,0,0,0,0
428,0,0,0,0,0,0,0,0,0
429,0,0,0,0,0,0,0,0,0
430,0,0,0,0,0,0,0,0,0
431,0,0,0,0,0,0,0,0,0
432,0,0,0,0,0,0,0,0,0
433,0,0,0,0,0,0,0,0,0
434,0,0,0,0,0,0,0,0,0
435,0,0,0,0,0,0,0,0,0
436,0,0,0,0,0,0,0,0,0
437,0,0,0,0,0,0,0,0,0
438,0,0,0,0,0,0,0,0,0
439,0,0,0,0,0,0,0,0,0
440,0,0,0,0,0,0,0,0,0
441,0,0,0,0,0,0,0,0,0
442,0,0,0,0,0,0,0,0,0
443,0,0,0,0,0,0,0,0,0
444,0,0,0,0,0,0,0,0,0
445,0,0,0,0,0,0,0,0,0
446,0,0,0,0,0,0,0,0,0
447,0,0,0,0,0,0,0,0,0
448,0,0,0,0,0,0,0,0,0
449,0,0,0,0,0,0,0,0,0
450,0,0,0,0,0,0,0,0,0
451,0,0,0,0,0,0,0,0,0
452,0,0,0,0,0,0,0,0,0
453,0,0,0,0,0,0,0,0,0
454,0,0,0,0,0,0,0,0,0
455,0,0,0,0,0,0,0,0,0
456,0,0,0,0,0,0,0,0,0
457,0,0,0,0,0,0,0,0,0
458,0,0,0,0,0,0,0,0,0
459,0,0,0,0,0,0,0,0,0
460,0,0,0,0,0,0,0,0,0
461,0,0,0,0,0,0,0,0,0
462,0,0,0,0,0,0,0,0,0
463,0,0,0,0,0,0,0,0,0
464,0,0,0,0,0,0,0,0,0
465,0,0,0,0,0,0,0,0,0
466,0,0,0,0,0,0,0,0,0
467,0,0,0,0,0,0,0,0,0
468,0,0,0,0,0,0,0,0,0
469,0,0,0,0,0,0,0,0,0
470,0,0,0,0,0,0,0,0,0
471,0,0,0,0,0,0,0,0,0
472,0,0,0,0,0,0,0,0,0
473,0,0,0,0,0,0,0,0,0
474,0,0,0,0,0,0,0,0,0
475,0,0,0,0,0,0,0,0,0
476,0,0,0,0,0,0,0,0,0
477,0,0,0,0,0,0,0,0,0
478,0,0,0,0,0,0,0,0,0
479,0,0,0,0,0,0,0,0,0
480,0,0,0,0,0,0,0,0,0
481,0,0,0,0,0,0,0,0,0
482,0,0,0,0,0,0,0,0,0
483,0,0,0,0,0,0,0,0,0
484,0,0,0,0,0,0,0,0,0
485,0,0,0,0,0,0,0,0,0
486,0,0,0,0,0,0,0,0,0
487,0,0,0,0,0,0,0,0,0
488,0,0,0,0,0,0,0,0,0
489,0,0,0,0,0,0,0,0,0
490,0,0,0,0,0,0,0,0,0
491,0,0,0,0,0,0,0,0,0
492,0,0,0,0,0,0,0,0,0
493,0,0,0,0,0,0,0,0,0
494,0,0,0,0,0,0,0,0,0
495,0,0,0,0,0,0,0,0,0
496,0,0,0,0,0,0,0,0,0
497,0,0,0,0,0,0,0,0,0
498,0,0,0,0,0,0,0,0,0
499,0,0,0,0,0,0,0,0,0
500,0,0,0,0,0,0,0,0,0
501,0,0,0,0,0,0,0,0,0
502,0,0,0,0,0,0,0,0,0
503,0,0,0,0,0,0,0,0,0
504,0,0,0,0,0,0,0,0,0
505,0,0,0,0,0,0,0,0,0
506,0,0,0,0,0,0,0,0,0
507,0,0,0,0,0,0,0,0,0
508,0,0,0,0,0,0,0,0,0
509,0,0,0,0,0,0,0,0,0
510,0,0,0,0,0,0,0,0,0
511,0,0,0,0,0,0,0,0,0
512,0,0,0,0,0,0,0,0,0
513,0,0,0,0,0,0,0,0,0
514,0,0,0,0,0,0,0,0,0
515,0,0,0,0,0,0,0,0,0
516,0,0,0,0,0,0,0,0,0
517,0,0,0,0,0,0,0,0,0
518,0,0,0,0,0,0,0,0,0
519,0,0,0,0,0,0,0,0,0
520,0,0,0,0,0,0,0,0,0
521,0,0,0,0,0,0,0,0,0
522,0,0,0,0,0,0,0,0,0
523,0,0,0,0,0,0,0,0,0
524,0,0,0,0,0,0,0,0,0
525,0,0,0,0,0,0,0,0,0
526,0,0,0,0,0,0,0,0,0
527,0,0,0,0,0,0,0,0,0
528,0,0,0,0,0,0,0,0,0
529,0,0,0,0,0,0,0,0,0
530,0,0,0,0,0,0,0,0,0
531,0,0,0,0,0,0,0,0,0
532,0,0,0,0,0,0,0,0,0
533,0,0,0,0,0,0,0,0,0
534,0,0,0,0,0,0,0,0,0
535,0,0,0,0,0,0,0,0,0
536,0,0,0,0,0,0,0,0,0
537,0,0,0,0,0,0,0,0,0
538,0,0,0,0,0,0,0,0,0
539,0,0,0,0,0,0,0,0,0
540,0,0,0,0,0,0,0,0,0
541,0,0,0,0,0,0,0,0,0
542,0,0,0,0,0,0,0,0,0
543,0,0,0,0,0,0,0,0,0
544,0,0,0,0,0,0,0,0,0
545,0,0,0,0,0,0,0,0,0
546,0,0,0,0,0,0,0,0,0
547,0,0,0,0,0,0,0,0,0
548,0,0,0,0,0,0,0,0,0
549,0,0,0,0,0,0,0,0,0
550,0,0,0,0,0,0,0,0,0
551,0,0,0,0,0,0,0,0,0
552,0,0,0,0,0,0,0,0,0
553,0,0,0,0,0,0,0,0,0
554,0,0,0,0,0,0,0,0,0
555,0,0,0,0,0,0,0,0,0
556,0,0,0,0,0,0,0,0,0
557,0,0,0,0,0,0,0,0,0
558,0,0,0,0,0,0,0,0,0
559,0,0,0,0,0,0,0,0,0
560,0,0,0,0,0,0,0,0,0
561,0,0,0,0,0,0,0,0,0
562,0,0,0,0,0,0,0,0,0
563,0,0,0,0,0,0,0,0,0
564,0,0,0,0,0,0,0,0,0
565,0,0,0,0,0,0,0,0,0
566,0,0,0,0,0,0,0,0,0
567,0,0,0,0,0,0,0,0,0
568,0,0,0,0,0,0,0,0,0
569,0,0,0,0,0,0,0,0,0
570,0,0,0,0,0,0,0,0,0
571,0,0,0,0,0,0,0,0,0
572,0,0,0,0,0,0,0,0,0
573,0,0,0,0,0,0,0,0,0
574,0,0,0,0,0,0,0,0,0
575,0,0,0,0,0,0,0,0,0
576,0,0,0,0,0,0,0,0,0
577,0,0,0,0,0,0,0,0,0
578,0,0,0,0,0,0,0,0,0
579,0,0,0,0,0,0,0,0,0
580,0,0,0,0,0,0,0,0,0
581,0,0,0,0,0,0,0,0,0
582,0,0,0,0,0,0,0,0,0
583,0,0,0,0,0,0,0,0,0
584,0,0,0,0,0,0,0,0,0
585,0,0,0,0,0,0,0,0,0
586,0,0,0,0,0,0,0,0,0
587,0,0,0,0,0,0,0,0,0
588,0,0,0,0,0,0,0,0,0
589,0,0,0,0,0,0,0,0,0
590,0,0,0,0,0,0,0,0,0
591,0,0,0,0,0,0,0,0,0
592,0,0,0,0,0,0,0,0,0
593,0,0,0,0,0,0,0,0,0
594,0,0,0,0,0,0,0,0,0
595,0,0,0,0,0,0,0,0,0
596,0,0,0,0,0,0,0,0,0
597,0,0,0,0,0,0,0,0,0
598,0,0,0,0,0,0,0,0,0
599,0,0,0,0,0,0,0,0,0
600,0,0,0,0,0,0,0,0,0
601,0,0,0,0,0,0,0,0,0
602,0,0,0,0,0,0,0,0,0
603,0,0,0,0,0,0,0,0,0
604,0,0,0,0,0,0,0,0,0
605,0,0,0,0,0,0,0,0,0
606,0,0,0,0,0,0,0,0,0
607,0,0,0,0,0,0,0,0,0
608,0,0,0,0,0,0,0,0,0
609,0,0,0,0,0,0,0,0,0
610,0,0,0,0,0,0,0,0,0
611,0,0,0,0,0,0,0,0,0
612,0,0,0,0,0,0,0,0,0
613,0,0,0,0,0,0,0,0,0
614,0,0,0,0,0,0,0,0,0
615,0,0,0,0,0,0,0,0,0
616,0,0,0,0,0,0,0,0,0
617,0,0,0,0,0,0,0,0,0
618,0,0,0,0,0,0,0,0,0
619,0,0,0,0,0,0,0,0,0
620,0,0,0,0,0,0,0,0,0
621,0,0,0,0,0,0,0,0,0
622,0,0,0,0,0,0,0,0,0
623,0,0,0,0,0,0,0,0,0
624,0,0,0,0,0,0,0,0,0
625,0,0,0,0,0,0,0,0,0
626,0,0,0,0,0,0,0,0,0
627,0,0,0,0,0,0,0,0,0
628,0,0,0,0,0,0,0,0,0
629,0,0,0,0,0,0,0,0,0
630,0,0,0,0,0,0,0,0,0
631,0,0,0,0,0,0,0,0,0
632,0,0,0,0,0,0,0,0,0
633,0,0,0,0,0,0,0,0,0
634,0,0,0,0,0,0,0,0,0
635,0,0,0,0,0,0,0,0,0
636,0,0,0,0,0,0,0,0,0
637,0,0,0,0,0,0,0,0,0
638,0,0,0,0,0,0,0,0,0
639,0,0,0,0,0,0,0,0,0
640,0,0,0,0,0,0,0,0,0
641,0,0,0,0,0,0,0,0,0
642,0,0,0,0,0,0,0,0,0
643,0,0,0,0,0,0,0,0,0
644,0,0,0,0,0,0,0,0,0
645,0,0,0,0,0,0,0,0,0
646,0,0,0,0,0,0,0,0,0
647,0,0,0,0,0,0,0,0,0
648,0,0,0,0,0,0,0,0,0
649,0,0,0,0,0,0,0,0,0
650,0,0,0,0,0,0,0,0,0
651,0,0,0,0,0,0,0,0,0
652,0,0,0,0,0,0,0,0,0
653,0,0,0,0,0,0,0,0,0
654,0,0,0,0,0,0,0,0,0
655,0,0,0,0,0,0,0,0,0
656,0,0,0,0,0,0,0,0,0
657,0,0,0,0,0,0,0,0,0
658,0,0,0,0,0,0,0,0,0
659,0,0,0,0,0,0,0,0,0
660,0,0,0,0,0,0,0,0,0
661,0,0,0,0,0,0,0,0,0
662,0,0,0,0,0,0,0,0,0
663,0,0,0,0,0,0,0,0,0
664,0,0,0,0,0,0,0,0,0
665,0,0,0,0,0,0,0,0,0
666,0,0,0,0,0,0,0,0,0
667,0,0,0,0,0,0,0,0,0
668,0,0,0,0,0,0,0,0,0
669,0,0,0,0,0,0,0,0,0
670,0,0,0,0,0,0,0,0,0
671,0,0,0,0,0,0,0,0,0
672,0,0,0,0,0,0,0,0,0
673,0,0,0,0,0,0,0,0,0
674,0,0,0,0,0,0,0,0,0
675,0,0,0,0,0,0,0,0,0
676,0,0,0,0,0,0,0,0,0
677,0,0,0,0,0,0,0,0,0
678,0,0,0,0,0,0,0,0,0
679,0,0,0,0,0,0,0,0,0
680,0,0,0,0,0,0,0,0,0
681,0,0,0,0,0,0,0,0,0
682,0,0,0,0,0,0,0,0,0
683,0,0,0,0,0,0,0,0,0
684,0,0,0,0,0,0,0,0,0
685,0,0,0,0,0,0,0,0,0
686,0,0,0,0,0,0,0,0,0
687,0,0,0,0,0,0,0,0,0
688,0,0,0,0,0,0,0,0,0
689,0,0,0,0,0,0,0,0,0
690,0,0,0,0,0,0,0,0,0
691,0,0,0,0,0,0,0,0,0
692,0,0,0,0,0,0,0,0,0
693,0,0,0,0,0,0,0,0,0
694,0,0,0,0,0,0,0,0,0
695,0,0,0,0,0,0,0,0,0
696,0,0,0,0,0,0,0,0,0
697,0,0,0,0,0,0,0,0,0
698,0,0,0,0,0,0,0,0,0
699,0,0,0,0,0,0,0,0,0
700,0,0,0,0,0,0,0,0,0
701,0,0,0,0,0,0,0,0,0
702,0,0,0,0,0,0,0,0,0
703,0,0,0,0,0,0,0,0,0
704,0,0,0,0,0,0,0,0,0
705,0,0,0,0,0,0,0,0,0
706,0,0,0,0,0,0,0,0,0
707,0,0,0,0,0,0,0,0,0
708,0,0,0,0,0,0,0,0,0
709,0,0,0,0,0,0,0,0,0
710,0,0,0,0,0,0,0,0,0
711,0,0,0,0,0,0,0,0,0
712,0,0,0,0,0,0,0,0,0
713,0,0,0,0,0,0,0,0,0
714,0,0,0,0,0,0,0,0,0
715,0,0,0,0,0,0,0,0,0
716,0,0,0,0,0,0,0,0,0
717,0,0,0,0,0,0,0,0,0
718,0,0,0,0,0,0,0,0,0
719,0,0,0,0,0,0,0,0,0
720,0,0,0,0,0,0,0,0,0
721,0,0,0,0,0,0,0,0,0
722,0,0,0,0,0,0,0,0,0
723,0,0,0,0,0,0,0,0,0
724,0,0,0,0,0,0,0,0,0
725,0,0,0,0,0,0,0,0,0
726,0,0,0,0,0,0,0,0,0
727,0,0,0,0,0,0,0,0,0
728,0,0,0,0,0,0,0,0,0
729,0,0,0,0,0,0,0,0,0
730,0,0,0,0,0,0,0,0,0
731,0,0,0,0,0,0,0,0,0
732,0,0,0,0,0,0,0,0,0
733,0,0,0,0,0,0,0,0,0
734,0,0,0,0,0,0,0,0,0
735,0,0,0,0,0,0,0,0,0
736,0,0,0,0,0,0,0,0,0
737,0,0,0,0,0,0,0,0,0
738,0,0,0,0,0,0,0,0,0
739,0,0,0,0,0,0,0,0,0
740,0,0,0,0,0,0,0,0,0
741,0,0,0,0,0,0,0,0,0
742,0,0,0,0,0,0,0,0,0
743,0,0,0,0,0,0,0,0,0
744,0,0,0,0,0,0,0,0,0
745,0,0,0,0,0,0,0,0,0
746,0,0,0,0,0,0,0,0,0
747,0,0,0,0,0,0,0,0,0
748,0,0,0,0,0,0,0,0,0
749,0,0,0,0,0,0,0,0,0
750,0,0,0,0,0,0,0,0,0
0,194,7257,201425,4077983,57373546,517292847,2626655236,5935079656,3356972874
1,126,3774,83914,1366851,15439196,111753348,455637040,827018405,375951775
2,72,1668,30289,400643,3672559,21528658,70952037,103913434,38106450
3,38,764,11415,125274,956175,4675579,12833070,15628517,4754410
4,30,538,6924,66471,439819,1860277,4401831,4604977,1203330
5,17,357,4235,35538,208298,781869,1642221,1525104,352785
6,12,274,3001,23043,122406,415680,784959,652305,133546
7,8,156,1450,10141,48303,146739,246250,182039,32506
8,6,128,1173,7341,32485,92075,143991,98325,15948
9,5,97,888,5174,21115,56230,82614,51742,7628
10,2,72,578,3192,12590,32080,45166,27454,4052
11,2,37,233,1205,4253,9343,11414,5821,774
12,1,30,194,955,3280,6919,8236,3986,472
13,1,30,186,869,2836,5525,6133,2753,296
14,1,25,155,686,2055,3820,4030,1801,185
15,1,21,131,561,1690,3066,3204,1412,140
16,1,10,46,165,428,743,670,258,24
17,0,5,17,72,204,339,319,130,12
18,0,5,17,67,193,325,313,127,11
19,0,5,17,67,193,325,313,127,11
20,0,5,17,67,191,316,299,118,10
21,0,0,0,0,0,0,0,0,0
22,0,0,0,0,0,0,0,0,0
23,0,0,0,0,0,0,0,0,0
24,0,0,0,0,0,0,0,0,0
25,0,0,0,0,0,0,0,0,0
26,0,0,0,0,0,0,0,0,0
27,0,0,0,0,0,0,0,0,0
28,0,0,0,0,0,0,0,0,0
29,0,0,0,0,0,0,0,0,0
30,0,0,0,0,0,0,0,0,0
31,0,0,0,0,0,0,0,0,0
32,0,0,0,0,0,0,0,0,0
33,0,0,0,0,0,0,0,0,0
34,0,0,0,0,0,0,0,0,0
35,0,0,0,0,0,0,0,0,0
36,0,0,0,0,0,0,0,0,0
37,0,0,0,0,0,0,0,0,0
38,0,0,0,0,0,0,0,0,0
39,0,0,0,0,0,0,0,0,0
40,0,0,0,0,0,0,0,0,0
41,0,0,0,0,0,0,0,0,0
42,0,0,0,0,0,0,0,0,0
43,0,0,0,0,0,0,0,0,0
44,0,0,0,0,0,0,0,0,0
45,0,0,0,0,0,0,0,0,0
46,0,0,0,0,0,0,0,0,0
47,0,0,0,0,0,0,0,0,0
48,0,0,0,0,0,0,0,0,0
49,0,0,0,0,0,0,0,0,0
50,0,0,0,0,0,0,0,0,0
51,0,0,0,0,0,0,0,0,0
52,0,0,0,0,0,0,0,0,0
53,0,0,0,0,0,0,0,0,0
54,0,0,0,0,0,0,0,0,0
55,0,0,0,0,0,0,0,0,0
56,0,0,0,0,0,0,0,0,0
57,0,0,0,0,0,0,0,0,0
58,0,0,0,0,0,0,0,0,0
59,0,0,0,0,0,0,0,0,0
60,0,0,0,0,0,0,0,0,0
61,0,0,0,0,0,0,0,0,0
62,0,0,0,0,0,0,0,0,0
63,0,0,0,0,0,0,0,0,0
64,0,0,0,0,0,0,0,0,0
65,0,0,0,0,0,0,0,0,0
66,0,0,0,0,0,0,0,0,0
67,0,0,0,0,0,0,0,0,0
68,0,0,0,0,0,0,0,0,0
69,0,0,0,0,0,0,0,0,0
70,0,0,0,0,0,0,0,0,0
71,0,0,0,0,0,0,0,0,0
72,0,0,0,0,0,0,0,0,0
73,0,0,0,0,0,0,0,0,0
74,0,0,0,0,0,0,0,0,0
75,0,0,0,0,0,0,0,0,0
76,0,0,0,0,0,0,0,0,0
77,0,0,0,0,0,0,0,0,0
78,0,0,0,0,0,0,0,0,0
79,0,0,0,0,0,0,0,0,0
80,0,0,0,0,0,0,0,0,0
81,0,0,0,0,0,0,0,0,0
82,0,0,0,0,0,0,0,0,0
83,0,0,0,0,0,0,0,0,0
84,0,0,0,0,0,0,0,0,0
85,0,0,0,0,0,0,0,0,0
86,0,0,0,0,0,0,0,0,0
87,0,0,0,0,0,0,0,0,0
88,0,0,0,0,0,0,0,0,0
89,0,0,0,0,0,0,0,0,0
90,0,0,0,0,0,0,0,0,0
91,0,0,0,0,0,0,0,0,0
92,0,0,0,0,0,0,0,0,0
93,0,0,0,0,0,0,0,0,0
94,0,0,0,0,0,0,0,0,0
95,0,0,0,0,0,0,0,0,0
96,0,0,0,0,0,0,0,0,0
97,0,0,0,0,0,0,0,0,0
98,0,0,0,0,0,0,0,0,0
99,0,0,0,0,0,0,0,0,0
100,0,0,0,0,0,0,0,0,0
101,0,0,0,0,0,0,0,0,0
102,0,0,0,0,0,0,0,0,0
103,0,0,0,0,0,0,0,0,0
104,0,0,0,0,0,0,0,0,0
105,0,0,0,0,0,0,0,0,0
106,0,0,0,0,0,0,0,0,0
107,0,0,0,0,0,0,0,0,0
108,0,0,0,0,0,0,0,0,0
109,0,0,0,0,0,0,0,0,0
110,0,0,0,0,0,0,0,0,0
111,0,0,0,0,0,0,0,0,0
112,0,0,0,0,0,0,0,0,0
113,0,0,0,0,0,0,0,0,0
114,0,0,0,0,0,0,0,0,0
115,0,0,0,0,0,0,0,0,0
116,0,0,0,0,0,0,0,0,0
117,0,0,0,0,0,0,0,0,0
118,0,0,0,0,0,0,0,0,0
119,0,0,0,0,0,0,0,0,0
120,0,0,0,0,0,0,0,0,0
121,0,0,0,0,0,0,0,0,0
122,0,0,0,0,0,0,0,0,0
123,0,0,0,0,0,0,0,0,0
124,0,0,0,0,0,0,0,0,0
125,0,0,0,0,0,0,0,0,0
126,0,0,0,0,0,0,0,0,0
127,0,0,0,0,0,0,0,0,0
128,0,0,0,0,0,0,0,0,0
129,0,0,0,0,0,0,0,0,0
130,0,0,0,0,0,0,0,0,0
131,0,0,0,0,0,0,0,0,0
132,0,0,0,0,0,0,0,0,0
133,0,0,0,0,0,0,0,0,0
134,0,0,0,0,0,0,0,0,0
135,0,0,0,0,0,0,0,0,0
136,0,0,0,0,0,0,0,0,0
137,0,0,0,0,0,0,0,0,0
138,0,0,0,0,0,0,0,0,0
139,0,0,0,0,0,0,0,0,0
140,0,0,0,0,0,0,0,0,0
141,0,0,0,0,0,0,0,0,0
142,0,0,0,0,0,0,0,0,0
143,0,0,0,0,0,0,0,0,0
144,0,0,0,0,0,0,0,0,0
145,0,0,0,0,0,0,0,0,0
146,0,0,0,0,0,0,0,0,0
147,0,0,0,0,0,0,0,0,0
148,0,0,0,0,0,0,0,0,0
149,0,0,0,0,0,0,0,0,0
150,0,0,0,0,0,0,0,0,0
151,0,0,0,0,0,0,0,0,0
152,0,0,0,0,0,0,0,0,0
153,0,0,0,0,0,0,0,0,0
154,0,0,0,0,0,0,0,0,0
155,0,0,0,0,0,0,0,0,0
156,0,0,0,0,0,0,0,0,0
157,0,0,0,0,0,0,0,0,0
158,0,0,0,0,0,0,0,0,0
159,0,0,0,0,0,0,0,0,0
160,0,0,0,0,0,0,0,0,0
161,0,0,0,0,0,0,0,0,0
162,0,0,0,0,0,0,0,0,0
163,0,0,0,0,0,0,0,0,0
164,0,0,0,0,0,0,0,0,0
165,0,0,0,0,0,0,0,0,0
166,0,0,0,0,0,0,0,0,0
167,0,0,0,0,0,0,0,0,0
168,0,0,0,0,0,0,0,0,0
169,0,0,0,0,0,0,0,0,0
170,0,0,0,0,0,0,0,0,0
171,0,0,0,0,0,0,0,0,0
172,0,0,0,0,0,0,0,0,0
173,0,0,0,0,0,0,0,0,0
174,0,0,0,0,0,0,0,0,0
175,0,0,0,0,0,0,0,0,0
176,0,0,0,0,0,0,0,0,0
177,0,0,0,0,0,0,0,0,0
178,0,0,0,0,0,0,0,0,0
179,0,0,0,0,0,0,0,0,0
180,0,0,0,0,0,0,0,0,0
181,0,0,0,0,0,0,0,0,0
182,0,0,0,0,0,0,0,0,0
183,0,0,0,0,0,0,0,0,0
184,0,0,0,0,0,0,0,0,0
185,0,0,0,0,0,0,0,0,0
186,0,0,0,0,0,0,0,0,0
187,0,0,0,0,0,0,0,0,0
188,0,0,0,0,0,0,0,0,0
189,0,0,0,0,0,0,0,0,0
190,0,0,0,0,0,0,0,0,0
191,0,0,0,0,0,0,0,0,0
192,0,0,0,0,0,0,0,0,0
193,0,0,0,0,0,0,0,0,0
194,0,0,0,0,0,0,0,0,0
195,0,0,0,0,0,0,0,0,0
196,0,0,0,0,0,0,0,0,0
197,0,0,0,0,0,0,0,0,0
198,0,0,0,0,0,0,0,0,0
199,0,0,0,0,0,0,0,0,0
200,0,0,0,0,0,0,0,0,0
201,0,0,0,0,0,0,0,0,0
202,0,0,0,0,0,0,0,0,0
203,0,0,0,0,0,0,0,0,0
204,0,0,0,0,0,0,0,0,0
205,0,0,0,0,0,0,0,0,0
206,0,0,0,0,0,0,0,0,0
207,0,0,0,0,0,0,0,0,0
208,0,0,0,0,0,0,0,0,0
209,0,0,0,0,0,0,0,0,0
210,0,0,0,0,0,0,0,0,0
211,0,0,0,0,0,0,0,0,0
212,0,0,0,0,0,0,0,0,0
213,0,0,0,0,0,0,0,0,0
214,0,0,0,0,0,0,0,0,0
215,0,0,0,0,0,0,0,0,0
216,0,0,0,0,0,0,0,0,0
217,0,0,0,0,0,0,0,0,0
218,0,0,0,0,0,0,0,0,0
219,0,0,0,0,0,0,0,0,0
220,0,0,0,0,0,0,0,0,0
221,0,0,0,0,0,0,0,0,0
222,0,0,0,0,0,0,0,0,0
223,0,0,0,0,0,0,0,0,0
224,0,0,0,0,0,0,0,0,0
225,0,0,0,0,0,0,0,0,0
226,0,0,0,0,0,0,0,0,0
227,0,0,0,0,0,0,0,0,0
228,0,0,0,0,0,0,0,0,0
229,0,0,0,0,0,0,0,0,0
230,0,0,0,0,0,0,0,0,0
231,0,0,0,0,0,0,0,0,0
232,0,0,0,0,0,0,0,0,0
233,0,0,0,0,0,0,0,0,0
234,0,0,0,0,0,0,0,0,0
235,0,0,0,0,0,0,0,0,0
236,0,0,0,0,0,0,0,0,0
237,0,0,0,0,0,0,0,0,0
238,0,0,0,0,0,0,0,0,0
239,0,0,0,0,0,0,0,0,0
240,0,0,0,0,0,0,0,0,0
241,0,0,0,0,0,0,0,0,0
242,0,0,0,0,0,0,0,0,0
243,0,0,0,0,0,0,0,0,0
244,0,0,0,0,0,0,0,0,0
245,0,0,0,0,0,0,0,0,0
246,0,0,0,0,0,0,0,0,0
247,0,0,0,0,0,0,0,0,0
248,0,0,0,0,0,0,0,0,0
249,0,0,0,0,0,0,0,0,0
250,0,0,0,0,0,0,0,0,0
251,0,0,0,0,0,0,0,0,0
252,0,0,0,0,0,0,0,0,0
253,0,0,0,0,0,0,0,0,0
254,0,0,0,0,0,0,0,0,0
255,0,0,0,0,0,0,0,0,0
256,0,0,0,0,0,0,0,0,0
257,0,0,0,0,0,0,0,0,0
258,0,0,0,0,0,0,0,0,0
259,0,0,0,0,0,0,0,0,0
260,0,0,0,0,0,0,0,0,0
261,0,0,0,0,0,0,0,0,0
262,0,0,0,0,0,0,0,0,0
263,0,0,0,0,0,0,0,0,0
264,0,0,0,0,0,0,0,0,0
265,0,0,0,0,0,0,0,0,0
266,0,0,0,0,0,0,0,0,0
267,0,0,0,0,0,0,0,0,0
268,0,0,0,0,0,0,0,0,0
269,0,0,0,0,0,0,0,0,0
270,0,0,0,0,0,0,0,0,0
271,0,0,0,0,0,0,0,0,0
272,0,0,0,0,0,0,0,0,0
273,0,0,0,0,0,0,0,0,0
274,0,0,0,0,0,0,0,0,0
275,0,0,0,0,0,0,0,0,0
276,0,0,0,0,0,0,0,0,0
277,0,0,0,0,0,0,0,0,0
278,0,0,0,0,0,0,0,0,0
279,0,0,0,0,0,0,0,0,0
280,0,0,0,0,0,0,0,0,0
281,0,0,0,0,0,0,0,0,0
282,0,0,0,0,0,0,0,0,0
283,0,0,0,0,0,0,0,0,0
284,0,0,0,0,0,0,0,0,0
285,0,0,0,0,0,0,0,0,0
286,0,0,0,0,0,0,0,0,0
287,0,0,0,0,0,0,0,0,0
288,0,0,0,0,0,0,0,0,0
289,0,0,0,0,0,0,0,0,0
290,0,0,0,0,0,0,0,0,0
291,0,0,0,0,0,0,0,0,0
292,0,0,0,0,0,0,0,0,0
293,0,0,0,0,0,0,0,0,0
294,0,0,0,0,0,0,0,0,0
295,0,0,0,0,0,0,0,0,0
296,0,0,0,0,0,0,0,0,0
297,0,0,0,0,0,0,0,0,0
298,0,0,0,0,0,0,0,0,0
299,0,0,0,0,0,0,0,0,0
300,0,0,0,0,0,0,0,0,0
301,0,0,0,0,0,0,0,0,0
302,0,0,0,0,0,0,0,0,0
303,0,0,0,0,0,0,0,0,0
304,0,0,0,0,0,0,0,0,0
305,0,0,0,0,0,0,0,0,0
306,0,0,0,0,0,0,0,0,0
307,0,0,0,0,0,0,0,0,0
308,0,0,0,0,0,0,0,0,0
309,0,0,0,0,0,0,0,0,0
310,0,0,0,0,0,0,0,0,0
311,0,0,0,0,0,0,0,0,0
312,0,0,0,0,0,0,0,0,0
313,0,0,0,0,0,0,0,0,0
314,0,0,0,0,0,0,0,0,0
315,0,0,0,0,0,0,0,0,0
316,0,0,0,0,0,0,0,0,0
317,0,0,0,0,0,0,0,0,0
318,0,0,0,0,0,0,0,0,0
319,0,0,0,0,0,0,0,0,0
320,0,0,0,0,0,0,0,0,0
321,0,0,0,0,0,0,0,0,0
322,0,0,0,0,0,0,0,0,0
323,0,0,0,0,0,0,0,0,0
324,0,0,0,0,0,0,0,0,0
325,0,0,0,0,0,0,0,0,0
326,0,0,0,0,0,0,0,0,0
327,0,0,0,0,0,0,0,0,0
328,0,0,0,0,0,0,0,0,0
329,0,0,0,0,0,0,0,0,0
330,0,0,0,0,0,0,0,0,0
331,0,0,0,0,0,0,0,0,0
332,0,0,0,0,0,0,0,0,0
333,0,0,0,0,0,0,0,0,0
334,0,0,0,0,0,0,0,0,0
335,0,0,0,0,0,0,0,0,0
336,0,0,0,0,0,0,0,0,0
337,0,0,0,0,0,0,0,0,0
338,0,0,0,0,0,0,0,0,0
339,0,0,0,0,0,0,0,0,0
340,0,0,0,0,0,0,0,0,0
341,0,0,0,0,0,0,0,0,0
342,0,0,0,0,0,0,0,0,0
343,0,0,0,0,0,0,0,0,0
344,0,0,0,0,0,0,0,0,0
345,0,0,0,0,0,0,0,0,0
346,0,0,0,0,0,0,0,0,0
347,0,0,0,0,0,0,0,0,0
348,0,0,0,0,0,0,0,0,0
349,0,0,0,0,0,0,0,0,0
350,0,0,0,0,0,0,0,0,0
351,0,0,0,0,0,0,0,0,0
352,0,0,0,0,0,0,0,0,0
353,0,0,0,0,0,0,0,0,0
354,0,0,0,0,0,0,0,0,0
355,0,0,0,0,0,0,0,0,0
356,0,0,0,0,0,0,0,0,0
357,0,0,0,0,0,0,0,0,0
358,0,0,0,0,0,0,0,0,0
359,0,0,0,0,0,0,0,0,0
360,0,0,0,0,0,0,0,0,0
361,0,0,0,0,0,0,0,0,0
362,0,0,0,0,0,0,0,0,0
363,0,0,0,0,0,0,0,0,0
364,0,0,0,0,0,0,0,0,0
365,0,0,0,0,0,0,0,0,0
366,0,0,0,0,0,0,0,0,0
367,0,0,0,0,0,0,0,0,0
368,0,0,0,0,0,0,0,0,0
369,0,0,0,0,0,0,0,0,0
370,0,0,0,0,0,0,0,0,0
371,0,0,0,0,0,0,0,0,0
372,0,0,0,0,0,0,0,0,0
373,0,0,0,0,0,0,0,0,0
374,0,0,0,0,0,0,0,0,0
375,0,0,0,0,0,0,0,0,0
376,0,0,0,0,0,0,0,0,0
377,0,0,0,0,0,0,0,0,0
378,0,0,0,0,0,0,0,0,0
379,0,0,0,0,0,0,0,0,0
380,0,0,0,0,0,0,0,0,0
381,0,0,0,0,0,0,0,0,0
382,0,0,0,0,0,0,0,0,0
383,0,0,0,0,0,0,0,0,0
384,0,0,0,0,0,0,0,0,0
385,0,0,0,0,0,0,0,0,0
386,0,0,0,0,0,0,0,0,0
387,0,0,0,0,0,0,0,0,0
388,0,0,0,0,0,0,0,0,0
389,0,0,0,0,0,0,0,0,0
390,0,0,0,0,0,0,0,0,0
391,0,0,0,0,0,0,0,0,0
392,0,0,0,0,0,0,0,0,0
393,0,0,0,0,0,0,0,0,0
394,0,0,0,0,0,0,0,0,0
395,0,0,0,0,0,0,0,0,0
396,0,0,0,0,0,0,0,0,0
397,0,0,0,0,0,0,0,0,0
398,0,0,0,0,0,0,0,0,0
399,0,0,0,0,0,0,0,0,0
400,0,0,0,0,0,0,0,0,0
401,0,0,0,0,0,0,0,0,0
402,0,0,0,0,0,0,0,0,0
403,0,0,0,0,0,0,0,0,0
404,0,0,0,0,0,0,0,0,0
405,0,0,0,0,0,0,0,0,0
406,0,0,0,0,0,0,0,0,0
407,0,0,0,0,0,0,0,0,0
408,0,0,0,0,0,0,0,0,0
409,0,0,0,0,0,0,0,0,0
410,0,0,0,0,0,0,0,0,0
411,0,0,0,0,0,0,0,0,0
412,0,0,0,0,0,0,0,0,0
413,0,0,0,0,0,0,0,0,0
414,0,0,0,0,0,0,0,0,0
415,0,0,0,0,0,0,0,0,0
416,0,0,0,0,0,0,0,0,0
417,0,0,0,0,0,0,0,0,0
418,0,0,0,0,0,0,0,0,0
419,0,0,0,0,0,0,0,0,0
420,0,0,0,0,0,0,0,0,0
421,0,0,0,0,0,0,0,0,0
422,0,0,0,0,0,0,0,0,0
423,0,0,0,0,0,0,0,0,0
424,0,0,0,0,0,0,0,0,0
425,0,0,0,0,0,0,0,0,0
426,0,0,0,0,0,0,0,0,0
427,0,0,0,0,0,0,0,0,0
428,0,0,0,0,0,0,0,0,0
429,0,0,0,0,0,0,0,0,0
430,0,0,0,0,0,0,0,0,0
431,0,0,0,0,0,0,0,0,0
432,0,0,0,0,0,0,0,0,0
433,0,0,0,0,0,0,0,0,0
434,0,0,0,0,0,0,0,0,0
435,0,0,0,0,0,0,0,0,0
436,0,0,0,0,0,0,0,0,0
437,0,0,0,0,0,0,0,0,0
438,0,0,0,0,0,0,0,0,0
439,0,0,0,0,0,0,0,0,0
440,0,0,0,0,0,0,0,0,0
441,0,0,0,0,0,0,0,0,0
442,0,0,0,0,0,0,0,0,0
443,0,0,0,0,0,0,0,0,0
444,0,0,0,0,0,0,0,0,0
445,0,0,0,0,0,0,0,0,0
446,0,0,0,0,0,0,0,0,0
447,0,0,0,0,0,0,0,0,0
448,0,0,0,0,0,0,0,0,0
449,0,0,0,0,0,0,0,0,0
450,0,0,0,0,0,0,0,0,0
451,0,0,0,0,0,0,0,0,0
452,0,0,0,0,0,0,0,0,0
453,0,0,0,0,0,0,0,0,0
454,0,0,0,0,0,0,0,0,0
455,0,0,0,0,0,0,0,0,0
456,0,0,0,0,0,0,0,0,0
457,0,0,0,0,0,0,0,0,0
458,0,0,0,0,0,0,0,0,0
459,0,0,0,0,0,0,0,0,0
460,0,0,0,0,0,0,0,0,0
461,0,0,0,0,0,0,0,0,0
462,0,0,0,0,0,0,0,0,0
463,0,0,0,0,0,0,0,0,0
464,0,0,0,0,0,0,0,0,0
465,0,0,0,0,0,0,0,0,0
466,0,0,0,0,0,0,0,0,0
467,0,0,0,0,0,0,0,0,0
468,0,0,0,0,0,0,0,0,0
469,0,0,0,0,0,0,0,0,0
470,0,0,0,0,0,0,0,0,0
471,0,0,0,0,0,0,0,0,0
472,0,0,0,0,0,0,0,0,0
473,0,0,0,0,0,0,0,0,0
474,0,0,0,0,0,0,0,0,0
475,0,0,0,0,0,0,0,0,0
476,0,0,0,0,0,0,0,0,0
477,0,0,0,0,0,0,0,0,0
478,0,0,0,0,0,0,0,0,0
479,0,0,0,0,0,0,0,0,0
480,0,0,0,0,0,0,0,0,0
481,0,0,0,0,0,0,0,0,0
482,0,0,0,0,0,0,0,0,0
483,0,0,0,0,0,0,0,0,0
484,0,0,0,0,0,0,0,0,0
485,0,0,0,0,0,0,0,0,0
486,0,0,0,0,0,0,0,0,0
487,0,0,0,0,0,0,0,0,0
488,0,0,0,0,0,0,0,0,0
489,0,0,0,0,0,0,0,0,0
490,0,0,0,0,0,0,0,0,0
491,0,0,0,0,0,0,0,0,0
492,0,0,0,0,0,0,0,0,0
493,0,0,0,0,0,0,0,0,0
494,0,0,0,0,0,0,0,0,0
495,0,0,0,0,0,0,0,0,0
496,0,0,0,0,0,0,0,0,0
497,0,0,0,0,0,0,0,0,0
498,0,0,0,0,0,0,0,0,0
499,0,0,0,0,0,0,0,0,0
500,0,0,0,0,0,0,0,0,0
501,0,0,0,0,0,0,0,0,0
502,0,0,0,0,0,0,0,0,0
503,0,0,0,0,0,0,0,0,0
504,0,0,0,0,0,0,0,0,0
505,0,0,0,0,0,0,0,0,0
506,0,0,0,0,0,0,0,0,0
507,0,0,0,0,0,0,0,0,0
508,0,0,0,0,0,0,0,0,0
509,0,0,0,0,0,0,0,0,0
510,0,0,0,0,0,0,0,0,0
511,0,0,0,0,0,0,0,0,0
512,0,0,0,0,0,0,0,0,0
513,0,0,0,0,0,0,0,0,0
514,0,0,0,0,0,0,0,0,0
515,0,0,0,0,0,0,0,0,0
516,0,0,0,0,0,0,0,0,0
517,0,0,0,0,0,0,0,0,0
518,0,0,0,0,0,0,0,0,0
519,0,0,0,0,0,0,0,0,0
520,0,0,0,0,0,0,0,0,0
521,0,0,0,0,0,0,0,0,0
522,0,0,0,0,0,0,0,0,0
523,0,0,0,0,0,0,0,0,0
524,0,0,0,0,0,0,0,0,0
525,0,0,0,0,0,0,0,0,0
526,0,0,0,0,0,0,0,0,0
527,0,0,0,0,0,0,0,0,0
528,0,0,0,0,0,0,0,0,0
529,0,0,0,0,0,0,0,0,0
530,0,0,0,0,0,0,0,0,0
531,0,0,0,0,0,0,0,0,0
532,0,0,0,0,0,0,0,0,0
533,0,0,0,0,0,0,0,0,0
534,0,0,0,0,0,0,0,0,0
535,0,0,0,0,0,0,0,0,0
536,0,0,0,0,0,0,0,0,0
537,0,0,0,0,0,0,0,0,0
538,0,0,0,0,0,0,0,0,0
539,0,0,0,0,0,0,0,0,0
540,0,0,0,0,0,0,0,0,0
541,0,0,0,0,0,0,0,0,0
542,0,0,0,0,0,0,0,0,0
543,0,0,0,0,0,0,0,0,0
544,0,0,0,0,0,0,0,0,0
545,0,0,0,0,0,0,0,0,0
546,0,0,0,0,0,0,0,0,0
547,0,0,0,0,0,0,0,0,0
548,0,0,0,0,0,0,0,0,0
549,0,0,0,0,0,0,0,0,0
550,0,0,0,0,0,0,0,0,0
551,0,0,0,0,0,0,0,0,0
552,0,0,0,0,0,0,0,0,0
553,0,0,0,0,0,0,0,0,0
554,0,0,0,0,0,0,0,0,0
555,0,0,0,0,0,0,0,0,0
556,0,0,0,0,0,0,0,0,0
557,0,0,0,0,0,0,0,0,0
558,0,0,0,0,0,0,0,0,0
559,0,0,0,0,0,0,0,0,0
560,0,0,0,0,0,0,0,0,0
561,0,0,0,0,0,0,0,0,0
562,0,0,0,0,0,0,0,0,0
563,0,0,0,0,0,0,0,0,0
564,0,0,0,0,0,0,0,0,0
565,0,0,0,0,0,0,0,0,0
566,0,0,0,0,0,0,0,0,0
567,0,0,0,0,0,0,0,0,0
568,0,0,0,0,0,0,0,0,0
569,0,0,0,0,0,0,0,0,0
570,0,0,0,0,0,0,0,0,0
571,0,0,0,0,0,0,0,0,0
572,0,0,0,0,0,0,0,0,0
573,0,0,0,0,0,0,0,0,0
574,0,0,0,0,0,0,0,0,0
575,0,0,0,0,0,0,0,0,0
576,0,0,0,0,0,0,0,0,0
577,0,0,0,0,0,0,0,0,0
578,0,0,0,0,0,0,0,0,0
579,0,0,0,0,0,0,0,0,0
580,0,0,0,0,0,0,0,0,0
581,0,0,0,0,0,0,0,0,0
582,0,0,0,0,0,0,0,0,0
583,0,0,0,0,0,0,0,0,0
584,0,0,0,0,0,0,0,0,0
585,0,0,0,0,0,0,0,0,0
586,0,0,0,0,0,0,0,0,0
587,0,0,0,0,0,0,0,0,0
588,0,0,0,0,0,0,0,0,0
589,0,0,0,0,0,0,0,0,0
590,0,0,0,0,0,0,0,0,0
591,0,0,0,0,0,0,0,0,0
592,0,0,0,0,0,0,0,0,0
593,0,0,0,0,0,0,0,0,0
594,0,0,0,0,0,0,0,0,0
595,0,0,0,0,0,0,0,0,0
596,0,0,0,0,0,0,0,0,0
597,0,0,0,0,0,0,0,0,0
598,0,0,0,0,0,0,0,0,0
599,0,0,0,0,0,0,0,0,0
600,0,0,0,0,0,0,0,0,0
601,0,0,0,0,0,0,0,0,0
602,0,0,0,0,0,0,0,0,0
603,0,0,0,0,0,0,0,0,0
604,0,0,0,0,0,0,0,0,0
605,0,0,0,0,0,0,0,0,0
606,0,0,0,0,0,0,0,0,0
607,0,0,0,0,0,0,0,0,0
608,0,0,0,0,0,0,0,0,0
609,0,0,0,0,0,0,0,0,0
610,0,0,0,0,0,0,0,0,0
611,0,0,0,0,0,0,0,0,0
612,0,0,0,0,0,0,0,0,0
613,0,0,0,0,0,0,0,0,0
614,0,0,0,0,0,0,0,0,0
615,0,0,0,0,0,0,0,0,0
616,0,0,0,0,0,0,0,0,0
617,0,0,0,0,0,0,0,0,0
618,0,0,0,0,0,0,0,0,0
619,0,0,0,0,0,0,0,0,0
620,0,0,0,0,0,0,0,0,0
621,0,0,0,0,0,0,0,0,0
622,0,0,0,0,0,0,0,0,0
623,0,0,0,0,0,0,0,0,0
624,0,0,0,0,0,0,0,0,0
625,0,0,0,0,0,0,0,0,0
626,0,0,0,0,0,0,0,0,0
627,0,0,0,0,0,0,0,0,0
628,0,0,0,0,0,0,0,0,0
629,0,0,0,0,0,0,0,0,0
630,0,0,0,0,0,0,0,0,0
631,0,0,0,0,0,0,0,0,0
632,0,0,0,0,0,0,0,0,0
633,0,0,0,0,0,0,0,0,0
634,0,0,0,0,0,0,0,0,0
635,0,0,0,0,0,0,0,0,0
636,0,0,0,0,0,0,0,0,0
637,0,0,0,0,0,0,0,0,0
638,0,0,0,0,0,0,0,0,0
639,0,0,0,0,0,0,0,0,0
640,0,0,0,0,0,0,0,0,0
641,0,0,0,0,0,0,0,0,0
642,0,0,0,0,0,0,0,0,0
643,0,0,0,0,0,0,0,0,0
644,0,0,0,0,0,0,0,0,0
645,0,0,0,0,0,0,0,0,0
646,0,0,0,0,0,0,0,0,0
647,0,0,0,0,0,0,0,0,0
648,0,0,0,0,0,0,0,0,0
649,0,0,0,0,0,0,0,0,0
650,0,0,0,0,0,0,0,0,0
651,0,0,0,0,0,0,0,0,0
652,0,0,0,0,0,0,0,0,0
653,0,0,0,0,0,0,0,0,0
654,0,0,0,0,0,0,0,0,0
655,0,0,0,0,0,0,0,0,0
656,0,0,0,0,0,0,0,0,0
657,0,0,0,0,0,0,0,0,0
658,0,0,0,0,0,0,0,0,0
659,0,0,0,0,0,0,0,0,0
660,0,0,0,0,0,0,0,0,0
661,0,0,0,0,0,0,0,0,0
662,0,0,0,0,0,0,0,0,0
663,0,0,0,0,0,0,0,0,0
664,0,0,0,0,0,0,0,0,0
665,0,0,0,0,0,0,0,0,0
666,0,0,0,0,0,0,0,0,0
667,0,0,0,0,0,0,0,0,0
668,0,0,0,0,0,0,0,0,0
669,0,0,0,0,0,0,0,0,0
670,0,0,0,0,0,0,0,0,0
671,0,0,0,0,0,0,0,0,0
672,0,0,0,0,0,0,0,0,0
673,0,0,0,0,0,0,0,0,0
674,0,0,0,0,0,0,0,0,0
675,0,0,0,0,0,0,0,0,0
676,0,0,0,0,0,0,0,0,0
677,0,0,0,0,0,0,0,0,0
678,0,0,0,0,0,0,0,0,0
679,0,0,0,0,0,0,0,0,0
680,0,0,0,0,0,0,0,0,0
681,0,0,0,0,0,0,0,0,0
682,0,0,0,0,0,0,0,0,0
683,0,0,0,0,0,0,0,0,0
684,0,0,0,0,0,0,0,0,0
685,0,0,0,0,0,0,0,0,0
686,0,0,0,0,0,0,0,0,0
687,0,0,0,0,0,0,0,0,0
688,0,0,0,0,0,0,0,0,0
689,0,0,0,0,0,0,0,0,0
690,0,0,0,0,0,0,0,0,0
691,0,0,0,0,0,0,0,0,0
692,0,0,0,0,0,0,0,0,0
693,0,0,0,0,0,0,0,0,0
694,0,0,0,0,0,0,0,0,0
695,0,0,0,0,0,0,0,0,0
696,0,0,0,0,0,0,0,0,0
697,0,0,0,0,0,0,0,0,0
698,0,0,0,0,0,0,0,0,0
699,0,0,0,0,0,0,0,0,0
700,0,0,0,0,0,0,0,0,0
701,0,0,0,0,0,0,0,0,0
702,0,0,0,0,0,0,0,0,0
703,0,0,0,0,0,0,0,0,0
704,0,0,0,0,0,0,0,0,0
705,0,0,0,0,0,0,0,0,0
706,0,0,0,0,0,0,0,0,0
707,0,0,0,0,0,0,0,0,0
708,0,0,0,0,0,0,0,0,0
709,0,0,0,0,0,0,0,0,0
710,0,0,0,0,0,0,0,0,0
711,0,0,0,0,0,0,0,0,0
712,0,0,0,0,0,0,0,0,0
713,0,0,0,0,0,0,0,0,0
714,0,0,0,0,0,0,0,0,0
715,0,0,0,0,0,0,0,0,0
716,0,0,0,0,0,0,0,0,0
717,0,0,0,0,0,0,0,0,0
718,0,0,0,0,0,0,0,0,0
719,0,0,0,0,0,0,0,0,0
720,0,0,0,0,0,0,0,0,0
721,0,0,0,0,0,0,0,0,0
722,0,0,0,0,0,0,0,0,0
723,0,0,0,0,0,0,0,0,0
724,0,0,0,0,0,0,0,0,0
725,0,0,0,0,0,0,0,0,0
726,0,0,0,0,0,0,0,0,0
727,0,0,0,0,0,0,0,0,0
728,0,0,0,0,0,0,0,0,0
729,0,0,0,0,0,0,0,0,0
730,0,0,0,0,0,0,0,0,0
731,0,0,0,0,0,0,0,0,0
732,0,0,0,0,0,0,0,0,0
733,0,0,0,0,0,0,0,0,0
734,0,0,0,0,0,0,0,0,0
735,0,0,0,0,0,0,0,0,0
736,0,0,0,0,0,0,0,0,0
737,0,0,0,0,0,0,0,0,0
738,0,0,0,0,0,0,0,0,0
739,0,0,0,0,0,0,0,0,0
740,0,0,0,0,0,0,0,0,0
741,0,0,0,0,0,0,0,0,0
742,0,0,0,0,0,0,0,0,0
743,0,0,0,0,0,0,0,0,0
744,0,0,0,0,0,0,0,0,0
745,0,0,0,0,0,0,0,0,0
746,0,0,0,0,0,0,0,0,0
747,0,0,0,0,0,0,0,0,0
748,0,0,0,0,0,0,0,0,0
749,0,0,0,0,0,0,0,0,0
750,0,0,0,0,0,0,0,0,0
0,194,7257,201425,4077983,57373546,517292847,2626655236,5935079656,3356972874
1,84,2315,47887,727834,7667233,51777235,196896620,333171086,141101300
2,55,1244,21608,282474,2541466,14703335,48014146,69843136,25435303
3,32,726,11234,128370,1014856,5165726,14863269,19065668,6123991
4,22,458,6146,60311,407131,1768691,4309174,4665527,1260501
5,12,213,2636,23457,144717,572839,1276555,1269169,315068
6,8,165,1869,15797,91309,336728,696675,643844,148217
7,5,83,781,5803,30252,100076,184580,150316,30303
8,5,65,569,3719,17317,50900,83426,60392,10489
9,3,41,345,2153,9179,25554,39270,26775,4515
10,1,23,176,1036,3981,9901,14035,8971,1513
11,1,8,84,492,1967,4931,6919,4350,767
12,1,5,50,274,1021,2321,3034,1748,303
13,1,4,40,187,720,1593,1984,1117,197
14,1,4,36,151,603,1253,1538,889,155
15,1,4,36,123,522,997,1127,596,95
16,1,2,16,61,193,301,278,119,15
17,0,2,16,61,191,295,267,113,14
18,0,2,16,60,189,278,248,105,11
19,0,2,14,58,176,259,216,91,9
20,0,2,11,46,136,178,145,47,1
21,0,1,7,32,90,106,87,31,1
22,0,0,3,17,40,52,46,21,1
23,0,0,2,13,37,42,35,12,1
24,0,0,0,0,0,0,0,0,0
25,0,0,0,0,0,0,0,0,0
26,0,0,0,0,0,0,0,0,0
27,0,0,0,0,0,0,0,0,0
28,0,0,0,0,0,0,0,0,0
29,0,0,0,0,0,0,0,0,0
30,0,0,0,0,0,0,0,0,0
31,0,0,0,0,0,0,0,0,0
32,0,0,0,0,0,0,0,0,0
33,0,0,0,0,0,0,0,0,0
34,0,0,0,0,0,0,0,0,0
35,0,0,0,0,0,0,0,0,0
36,0,0,0,0,0,0,0,0,0
37,0,0,0,0,0,0,0,0,0
38,0,0,0,0,0,0,0,0,0
39,0,0,0,0,0,0,0,0,0
40,0,0,0,0,0,0,0,0,0
41,0,0,0,0,0,0,0,0,0
42,0,0,0,0,0,0,0,0,0
43,0,0,0,0,0,0,0,0,0
44,0,0,0,0,0,0,0,0,0
45,0,0,0,0,0,0,0,0,0
46,0,0,0,0,0,0,0,0,0
47,0,0,0,0,0,0,0,0,0
48,0,0,0,0,0,0,0,0,0
49,0,0,0,0,0,0,0,0,0
50,0,0,0,0,0,0,0,0,0
51,0,0,0,0,0,0,0,0,0
52,0,0,0,0,0,0,0,0,0
53,0,0,0,0,0,0,0,0,0
54,0,0,0,0,0,0,0,0,0
55,0,0,0,0,0,0,0,0,0
56,0,0,0,0,0,0,0,0,0
57,0,0,0,0,0,0,0,0,0
58,0,0,0,0,0,0,0,0,0
59,0,0,0,0,0,0,0,0,0
60,0,0,0,0,0,0,0,0,0
61,0,0,0,0,0,0,0,0,0
62,0,0,0,0,0,0,0,0,0
63,0,0,0,0,0,0,0,0,0
64,0,0,0,0,0,0,0,0,0
65,0,0,0,0,0,0,0,0,0
66,0,0,0,0,0,0,0,0,0
67,0,0,0,0,0,0,0,0,0
68,0,0,0,0,0,0,0,0,0
69,0,0,0,0,0,0,0,0,0
70,0,0,0,0,0,0,0,0,0
71,0,0,0,0,0,0,0,0,0
72,0,0,0,0,0,0,0,0,0
73,0,0,0,0,0,0,0,0,0
74,0,0,0,0,0,0,0,0,0
75,0,0,0,0,0,0,0,0,0
76,0,0,0,0,0,0,0,0,0
77,0,0,0,0,0,0,0,0,0
78,0,0,0,0,0,0,0,0,0
79,0,0,0,0,0,0,0,0,0
80,0,0,0,0,0,0,0,0,0
81,0,0,0,0,0,0,0,0,0
82,0,0,0,0,0,0,0,0,0
83,0,0,0,0,0,0,0,0,0
84,0,0,0,0,0,0,0,0,0
85,0,0,0,0,0,0,0,0,0
86,0,0,0,0,0,0,0,0,0
87,0,0,0,0,0,0,0,0,0
88,0,0,0,0,0,0,0,0,0
89,0,0,0,0,0,0,0,0,0
90,0,0,0,0,0,0,0,0,0
91,0,0,0,0,0,0,0,0,0
92,0,0,0,0,0,0,0,0,0
93,0,0,0,0,0,0,0,0,0
94,0,0,0,0,0,0,0,0,0
95,0,0,0,0,0,0,0,0,0
96,0,0,0,0,0,0,0,0,0
97,0,0,0,0,0,0,0,0,0
98,0,0,0,0,0,0,0,0,0
99,0,0,0,0,0,0,0,0,0
100,0,0,0,0,0,0,0,0,0
101,0,0,0,0,0,0,0,0,0
102,0,0,0,0,0,0,0,0,0
103,0,0,0,0,0,0,0,0,0
104,0,0,0,0,0,0,0,0,0
105,0,0,0,0,0,0,0,0,0
106,0,0,0,0,0,0,0,0,0
107,0,0,0,0,0,0,0,0,0
108,0,0,0,0,0,0,0,0,0
109,0,0,0,0,0,0,0,0,0
110,0,0,0,0,0,0,0,0,0
111,0,0,0,0,0,0,0,0,0
112,0,0,0,0,0,0,0,0,0
113,0,0,0,0,0,0,0,0,0
114,0,0,0,0,0,0,0,0,0
115,0,0,0,0,0,0,0,0,0
116,0,0,0,0,0,0,0,0,0
117,0,0,0,0,0,0,0,0,0
118,0,0,0,0,0,0,0,0,0
119,0,0,0,0,0,0,0,0,0
120,0,0,0,0,0,0,0,0,0
121,0,0,0,0,0,0,0,0,0
122,0,0,0,0,0,0,0,0,0
123,0,0,0,0,0,0,0,0,0
124,0,0,0,0,0,0,0,0,0
125,0,0,0,0,0,0,0,0,0
126,0,0,0,0,0,0,0,0,0
127,0,0,0,0,0,0,0,0,0
128,0,0,0,0,0,0,0,0,0
129,0,0,0,0,0,0,0,0,0
130,0,0,0,0,0,0,0,0,0
131,0,0,0,0,0,0,0,0,0
132,0,0,0,0,0,0,0,0,0
133,0,0,0,0,0,0,0,0,0
134,0,0,0,0,0,0,0,0,0
135,0,0,0,0,0,0,0,0,0
136,0,0,0,0,0,0,0,0,0
137,0,0,0,0,0,0,0,0,0
138,0,0,0,0,0,0,0,0,0
139,0,0,0,0,0,0,0,0,0
140,0,0,0,0,0,0,0,0,0
141,0,0,0,0,0,0,0,0,0
142,0,0,0,0,0,0,0,0,0
143,0,0,0,0,0,0,0,0,0
144,0,0,0,0,0,0,0,0,0
145,0,0,0,0,0,0,0,0,0
146,0,0,0,0,0,0,0,0,0
147,0,0,0,0,0,0,0,0,0
148,0,0,0,0,0,0,0,0,0
149,0,0,0,0,0,0,0,0,0
150,0,0,0,0,0,0,0,0,0
151,0,0,0,0,0,0,0,0,0
152,0,0,0,0,0,0,0,0,0
153,0,0,0,0,0,0,0,0,0
154,0,0,0,0,0,0,0,0,0
155,0,0,0,0,0,0,0,0,0
156,0,0,0,0,0,0,0,0,0
157,0,0,0,0,0,0,0,0,0
158,0,0,0,0,0,0,0,0,0
159,0,0,0,0,0,0,0,0,0
160,0,0,0,0,0,0,0,0,0
161,0,0,0,0,0,0,0,0,0
162,0,0,0,0,0,0,0,0,0
163,0,0,0,0,0,0,0,0,0
164,0,0,0,0,0,0,0,0,0
165,0,0,0,0,0,0,0,0,0
166,0,0,0,0,0,0,0,0,0
167,0,0,0,0,0,0,0,0,0
168,0,0,0,0,0,0,0,0,0
169,0,0,0,0,0,0,0,0,0
170,0,0,0,0,0,0,0,0,0
171,0,0,0,0,0,0,0,0,0
172,0,0,0,0,0,0,0,0,0
173,0,0,0,0,0,0,0,0,0
174,0,0,0,0,0,0,0,0,0
175,0,0,0,0,0,0,0,0,0
176,0,0,0,0,0,0,0,0,0
177,0,0,0,0,0,0,0,0,0
178,0,0,0,0,0,0,0,0,0
179,0,0,0,0,0,0,0,0,0
180,0,0,0,0,0,0,0,0,0
181,0,0,0,0,0,0,0,0,0
182,0,0,0,0,0,0,0,0,0
183,0,0,0,0,0,0,0,0,0
184,0,0,0,0,0,0,0,0,0
185,0,0,0,0,0,0,0,0,0
186,0,0,0,0,0,0,0,0,0
187,0,0,0,0,0,0,0,0,0
188,0,0,0,0,0,0,0,0,0
189,0,0,0,0,0,0,0,0,0
190,0,0,0,0,0,0,0,0,0
191,0,0,0,0,0,0,0,0,0
192,0,0,0,0,0,0,0,0,0
193,0,0,0,0,0,0,0,0,0
194,0,0,0,0,0,0,0,0,0
195,0,0,0,0,0,0,0,0,0
196,0,0,0,0,0,0,0,0,0
197,0,0,0,0,0,0,0,0,0
198,0,0,0,0,0,0,0,0,0
199,0,0,0,0,0,0,0,0,0
200,0,0,0,0,0,0,0,0,0
201,0,0,0,0,0,0,0,0,0
202,0,0,0,0,0,0,0,0,0
203,0,0,0,0,0,0,0,0,0
204,0,0,0,0,0,0,0,0,0
205,0,0,0,0,0,0,0,0,0
206,0,0,0,0,0,0,0,0,0
207,0,0,0,0,0,0,0,0,0
208,0,0,0,0,0,0,0,0,0
209,0,0,0,0,0,0,0,0,0
210,0,0,0,0,0,0,0,0,0
211,0,0,0,0,0,0,0,0,0
212,0,0,0,0,0,0,0,0,0
213,0,0,0,0,0,0,0,0,0
214,0,0,0,0,0,0,0,0,0
215,0,0,0,0,0,0,0,0,0
216,0,0,0,0,0,0,0,0,0
217,0,0,0,0,0,0,0,0,0
218,0,0,0,0,0,0,0,0,0
219,0,0,0,0,0,0,0,0,0
220,0,0,0,0,0,0,0,0,0
221,0,0,0,0,0,0,0,0,0
222,0,0,0,0,0,0,0,0,0
223,0,0,0,0,0,0,0,0,0
224,0,0,0,0,0,0,0,0,0
225,0,0,0,0,0,0,0,0,0
226,0,0,0,0,0,0,0,0,0
227,0,0,0,0,0,0,0,0,0
228,0,0,0,0,0,0,0,0,0
229,0,0,0,0,0,0,0,0,0
230,0,0,0,0,0,0,0,0,0
231,0,0,0,0,0,0,0,0,0
232,0,0,0,0,0,0,0,0,0
233,0,0,0,0,0,0,0,0,0
234,0,0,0,0,0,0,0,0,0
235,0,0,0,0,0,0,0,0,0
236,0,0,0,0,0,0,0,0,0
237,0,0,0,0,0,0,0,0,0
238,0,0,0,0,0,0,0,0,0
239,0,0,0,0,0,0,0,0,0
240,0,0,0,0,0,0,0,0,0
241,0,0,0,0,0,0,0,0,0
242,0,0,0,0,0,0,0,0,0
243,0,0,0,0,0,0,0,0,0
244,0,0,0,0,0,0,0,0,0
245,0,0,0,0,0,0,0,0,0
246,0,0,0,0,0,0,0,0,0
247,0,0,0,0,0,0,0,0,0
248,0,0,0,0,0,0,0,0,0
249,0,0,0,0,0,0,0,0,0
250,0,0,0,0,0,0,0,0,0
251,0,0,0,0,0,0,0,0,0
252,0,0,0,0,0,0,0,0,0
253,0,0,0,0,0,0,0,0,0
254,0,0,0,0,0,0,0,0,0
255,0,0,0,0,0,0,0,0,0
256,0,0,0,0,0,0,0,0,0
257,0,0,0,0,0,0,0,0,0
258,0,0,0,0,0,0,0,0,0
259,0,0,0,0,0,0,0,0,0
260,0,0,0,0,0,0,0,0,0
261,0,0,0,0,0,0,0,0,0
262,0,0,0,0,0,0,0,0,0
263,0,0,0,0,0,0,0,0,0
264,0,0,0,0,0,0,0,0,0
265,0,0,0,0,0,0,0,0,0
266,0,0,0,0,0,0,0,0,0
267,0,0,0,0,0,0,0,0,0
268,0,0,0,0,0,0,0,0,0
269,0,0,0,0,0,0,0,0,0
270,0,0,0,0,0,0,0,0,0
271,0,0,0,0,0,0,0,0,0
272,0,0,0,0,0,0,0,0,0
273,0,0,0,0,0,0,0,0,0
274,0,0,0,0,0,0,0,0,0
275,0,0,0,0,0,0,0,0,0
276,0,0,0,0,0,0,0,0,0
277,0,0,0,0,0,0,0,0,0
278,0,0,0,0,0,0,0,0,0
279,0,0,0,0,0,0,0,0,0
280,0,0,0,0,0,0,0,0,0
281,0,0,0,0,0,0,0,0,0
282,0,0,0,0,0,0,0,0,0
283,0,0,0,0,0,0,0,0,0
284,0,0,0,0,0,0,0,0,0
285,0,0,0,0,0,0,0,0,0
286,0,0,0,0,0,0,0,0,0
287,0,0,0,0,0,0,0,0,0
288,0,0,0,0,0,0,0,0,0
289,0,0,0,0,0,0,0,0,0
290,0,0,0,0,0,0,0,0,0
291,0,0,0,0,0,0,0,0,0
292,0,0,0,0,0,0,0,0,0
293,0,0,0,0,0,0,0,0,0
294,0,0,0,0,0,0,0,0,0
295,0,0,0,0,0,0,0,0,0
296,0,0,0,0,0,0,0,0,0
297,0,0,0,0,0,0,0,0,0
298,0,0,0,0,0,0,0,0,0
299,0,0,0,0,0,0,0,0,0
300,0,0,0,0,0,0,0,0,0
301,0,0,0,0,0,0,0,0,0
302,0,0,0,0,0,0,0,0,0
303,0,0,0,0,0,0,0,0,0
304,0,0,0,0,0,0,0,0,0
305,0,0,0,0,0,0,0,0,0
306,0,0,0,0,0,0,0,0,0
307,0,0,0,0,0,0,0,0,0
308,0,0,0,0,0,0,0,0,0
309,0,0,0,0,0,0,0,0,0
310,0,0,0,0,0,0,0,0,0
311,0,0,0,0,0,0,0,0,0
312,0,0,0,0,0,0,0,0,0
313,0,0,0,0,0,0,0,0,0
314,0,0,0,0,0,0,0,0,0
315,0,0,0,0,0,0,0,0,0
316,0,0,0,0,0,0,0,0,0
317,0,0,0,0,0,0,0,0,0
318,0,0,0,0,0,0,0,0,0
319,0,0,0,0,0,0,0,0,0
320,0,0,0,0,0,0,0,0,0
321,0,0,0,0,0,0,0,0,0
322,0,0,0,0,0,0,0,0,0
323,0,0,0,0,0,0,0,0,0
324,0,0,0,0,0,0,0,0,0
325,0,0,0,0,0,0,0,0,0
326,0,0,0,0,0,0,0,0,0
327,0,0,0,0,0,0,0,0,0
328,0,0,0,0,0,0,0,0,0
329,0,0,0,0,0,0,0,0,0
330,0,0,0,0,0,0,0,0,0
331,0,0,0,0,0,0,0,0,0
332,0,0,0,0,0,0,0,0,0
333,0,0,0,0,0,0,0,0,0
334,0,0,0,0,0,0,0,0,0
335,0,0,0,0,0,0,0,0,0
336,0,0,0,0,0,0,0,0,0
337,0,0,0,0,0,0,0,0,0
338,0,0,0,0,0,0,0,0,0
339,0,0,0,0,0,0,0,0,0
340,0,0,0,0,0,0,0,0,0
341,0,0,0,0,0,0,0,0,0
342,0,0,0,0,0,0,0,0,0
343,0,0,0,0,0,0,0,0,0
344,0,0,0,0,0,0,0,0,0
345,0,0,0,0,0,0,0,0,0
346,0,0,0,0,0,0,0,0,0
347,0,0,0,0,0,0,0,0,0
348,0,0,0,0,0,0,0,0,0
349,0,0,0,0,0,0,0,0,0
350,0,0,0,0,0,0,0,0,0
351,0,0,0,0,0,0,0,0,0
352,0,0,0,0,0,0,0,0,0
353,0,0,0,0,0,0,0,0,0
354,0,0,0,0,0,0,0,0,0
355,0,0,0,0,0,0,0,0,0
356,0,0,0,0,0,0,0,0,0
357,0,0,0,0,0,0,0,0,0
358,0,0,0,0,0,0,0,0,0
359,0,0,0,0,0,0,0,0,0
360,0,0,0,0,0,0,0,0,0
361,0,0,0,0,0,0,0,0,0
362,0,0,0,0,0,0,0,0,0
363,0,0,0,0,0,0,0,0,0
364,0,0,0,0,0,0,0,0,0
365,0,0,0,0,0,0,0,0,0
366,0,0,0,0,0,0,0,0,0
367,0,0,0,0,0,0,0,0,0
368,0,0,0,0,0,0,0,0,0
369,0,0,0,0,0,0,0,0,0
370,0,0,0,0,0,0,0,0,0
371,0,0,0,0,0,0,0,0,0
372,0,0,0,0,0,0,0,0,0
373,0,0,0,0,0,0,0,0,0
374,0,0,0,0,0,0,0,0,0
375,0,0,0,0,0,0,0,0,0
376,0,0,0,0,0,0,0,0,0
377,0,0,0,0,0,0,0,0,0
378,0,0,0,0,0,0,0,0,0
379,0,0,0,0,0,0,0,0,0
380,0,0,0,0,0,0,0,0,0
381,0,0,0,0,0,0,0,0,0
382,0,0,0,0,0,0,0,0,0
383,0,0,0,0,0,0,0,0,0
384,0,0,0,0,0,0,0,0,0
385,0,0,0,0,0,0,0,0,0
386,0,0,0,0,0,0,0,0,0
387,0,0,0,0,0,0,0,0,0
388,0,0,0,0,0,0,0,0,0
389,0,0,0,0,0,0,0,0,0
390,0,0,0,0,0,0,0,0,0
391,0,0,0,0,0,0,0,0,0
392,0,0,0,0,0,0,0,0,0
393,0,0,0,0,0,0,0,0,0
394,0,0,0,0,0,0,0,0,0
395,0,0,0,0,0,0,0,0,0
396,0,0,0,0,0,0,0,0,0
397,0,0,0,0,0,0,0,0,0
398,0,0,0,0,0,0,0,0,0
399,0,0,0,0,0,0,0,0,0
400,0,0,0,0,0,0,0,0,0
401,0,0,0,0,0,0,0,0,0
402,0,0,0,0,0,0,0,0,0
403,0,0,0,0,0,0,0,0,0
404,0,0,0,0,0,0,0,0,0
405,0,0,0,0,0,0,0,0,0
406,0,0,0,0,0,0,0,0,0
407,0,0,0,0,0,0,0,0,0
408,0,0,0,0,0,0,0,0,0
409,0,0,0,0,0,0,0,0,0
410,0,0,0,0,0,0,0,0,0
411,0,0,0,0,0,0,0,0,0
412,0,0,0,0,0,0,0,0,0
413,0,0,0,0,0,0,0,0,0
414,0,0,0,0,0,0,0,0,0
415,0,0,0,0,0,0,0,0,0
416,0,0,0,0,0,0,0,0,0
417,0,0,0,0,0,0,0,0,0
418,0,0,0,0,0,0,0,0,0
419,0,0,0,0,0,0,0,0,0
420,0,0,0,0,0,0,0,0,0
421,0,0,0,0,0,0,0,0,0
422,0,0,0,0,0,0,0,0,0
423,0,0,0,0,0,0,0,0,0
424,0,0,0,0,0,0,0,0,0
425,0,0,0,0,0,0,0,0,0
426,0,0,0,0,0,0,0,0,0
427,0,0,0,0,0,0,0,0,0
428,0,0,0,0,0,0,0,0,0
429,0,0,0,0,0,0,0,0,0
430,0,0,0,0,0,0,0,0,0
431,0,0,0,0,0,0,0,0,0
432,0,0,0,0,0,0,0,0,0
433,0,0,0,0,0,0,0,0,0
434,0,0,0,0,0,0,0,0,0
435,0,0,0,0,0,0,0,0,0
436,0,0,0,0,0,0,0,0,0
437,0,0,0,0,0,0,0,0,0
438,0,0,0,0,0,0,0,0,0
439,0,0,0,0,0,0,0,0,0
440,0,0,0,0,0,0,0,0,0
441,0,0,0,0,0,0,0,0,0
442,0,0,0,0,0,0,0,0,0
443,0,0,0,0,0,0,0,0,0
444,0,0,0,0,0,0,0,0,0
445,0,0,0,0,0,0,0,0,0
446,0,0,0,0,0,0,0,0,0
447,0,0,0,0,0,0,0,0,0
448,0,0,0,0,0,0,0,0,0
449,0,0,0,0,0,0,0,0,0
450,0,0,0,0,0,0,0,0,0
451,0,0,0,0,0,0,0,0,0
452,0,0,0,0,0,0,0,0,0
453,0,0,0,0,0,0,0,0,0
454,0,0,0,0,0,0,0,0,0
455,0,0,0,0,0,0,0,0,0
456,0,0,0,0,0,0,0,0,0
457,0,0,0,0,0,0,0,0,0
458,0,0,0,0,0,0,0,0,0
459,0,0,0,0,0,0,0,0,0
460,0,0,0,0,0,0,0,0,0
461,0,0,0,0,0,0,0,0,0
462,0,0,0,0,0,0,0,0,0
463,0,0,0,0,0,0,0,0,0
464,0,0,0,0,0,0,0,0,0
465,0,0,0,0,0,0,0,0,0
466,0,0,0,0,0,0,0,0,0
467,0,0,0,0,0,0,0,0,0
468,0,0,0,0,0,0,0,0,0
469,0,0,0,0,0,0,0,0,0
470,0,0,0,0,0,0,0,0,0
471,0,0,0,0,0,0,0,0,0
472,0,0,0,0,0,0,0,0,0
473,0,0,0,0,0,0,0,0,0
474,0,0,0,0,0,0,0,0,0
475,0,0,0,0,0,0,0,0,0
476,0,0,0,0,0,0,0,0,0
477,0,0,0,0,0,0,0,0,0
478,0,0,0,0,0,0,0,0,0
479,0,0,0,0,0,0,0,0,0
480,0,0,0,0,0,0,0,0,0
481,0,0,0,0,0,0,0,0,0
482,0,0,0,0,0,0,0,0,0
483,0,0,0,0,0,0,0,0,0
484,0,0,0,0,0,0,0,0,0
485,0,0,0,0,0,0,0,0,0
486,0,0,0,0,0,0,0,0,0
487,0,0,0,0,0,0,0,0,0
488,0,0,0,0,0,0,0,0,0
489,0,0,0,0,0,0,0,0,0
490,0,0,0,0,0,0,0,0,0
491,0,0,0,0,0,0,0,0,0
492,0,0,0,0,0,0,0,0,0
493,0,0,0,0,0,0,0,0,0
494,0,0,0,0,0,0,0,0,0
495,0,0,0,0,0,0,0,0,0
496,0,0,0,0,0,0,0,0,0
497,0,0,0,0,0,0,0,0,0
498,0,0,0,0,0,0,0,0,0
499,0,0,0,0,0,0,0,0,0
500,0,0,0,0,0,0,0,0,0
501,0,0,0,0,0,0,0,0,0
502,0,0,0,0,0,0,0,0,0
503,0,0,0,0,0,0,0,0,0
504,0,0,0,0,0,0,0,0,0
505,0,0,0,0,0,0,0,0,0
506,0,0,0,0,0,0,0,0,0
507,0,0,0,0,0,0,0,0,0
508,0,0,0,0,0,0,0,0,0
509,0,0,0,0,0,0,0,0,0
510,0,0,0,0,0,0,0,0,0
511,0,0,0,0,0,0,0,0,0
512,0,0,0,0,0,0,0,0,0
513,0,0,0,0,0,0,0,0,0
514,0,0,0,0,0,0,0,0,0
515,0,0,0,0,0,0,0,0,0
516,0,0,0,0,0,0,0,0,0
517,0,0,0,0,0,0,0,0,0
518,0,0,0,0,0,0,0,0,0
519,0,0,0,0,0,0,0,0,0
520,0,0,0,0,0,0,0,0,0
521,0,0,0,0,0,0,0,0,0
522,0,0,0,0,0,0,0,0,0
523,0,0,0,0,0,0,0,0,0
524,0,0,0,0,0,0,0,0,0
525,0,0,0,0,0,0,0,0,0
526,0,0,0,0,0,0,0,0,0
527,0,0,0,0,0,0,0,0,0
528,0,0,0,0,0,0,0,0,0
529,0,0,0,0,0,0,0,0,0
530,0,0,0,0,0,0,0,0,0
531,0,0,0,0,0,0,0,0,0
532,0,0,0,0,0,0,0,0,0
533,0,0,0,0,0,0,0,0,0
534,0,0,0,0,0,0,0,0,0
535,0,0,0,0,0,0,0,0,0
536,0,0,0,0,0,0,0,0,0
537,0,0,0,0,0,0,0,0,0
538,0,0,0,0,0,0,0,0,0
539,0,0,0,0,0,0,0,0,0
540,0,0,0,0,0,0,0,0,0
541,0,0,0,0,0,0,0,0,0
542,0,0,0,0,0,0,0,0,0
543,0,0,0,0,0,0,0,0,0
544,0,0,0,0,0,0,0,0,0
545,0,0,0,0,0,0,0,0,0
546,0,0,0,0,0,0,0,0,0
547,0,0,0,0,0,0,0,0,0
548,0,0,0,0,0,0,0,0,0
549,0,0,0,0,0,0,0,0,0
550,0,0,0,0,0,0,0,0,0
551,0,0,0,0,0,0,0,0,0
552,0,0,0,0,0,0,0,0,0
553,0,0,0,0,0,0,0,0,0
554,0,0,0,0,0,0,0,0,0
555,0,0,0,0,0,0,0,0,0
556,0,0,0,0,0,0,0,0,0
557,0,0,0,0,0,0,0,0,0
558,0,0,0,0,0,0,0,0,0
559,0,0,0,0,0,0,0,0,0
560,0,0,0,0,0,0,0,0,0
561,0,0,0,0,0,0,0,0,0
562,0,0,0,0,0,0,0,0,0
563,0,0,0,0,0,0,0,0,0
564,0,0,0,0,0,0,0,0,0
565,0,0,0,0,0,0,0,0,0
566,0,0,0,0,0,0,0,0,0
567,0,0,0,0,0,0,0,0,0
568,0,0,0,0,0,0,0,0,0
569,0,0,0,0,0,0,0,0,0
570,0,0,0,0,0,0,0,0,0
571,0,0,0,0,0,0,0,0,0
572,0,0,0,0,0,0,0,0,0
573,0,0,0,0,0,0,0,0,0
574,0,0,0,0,0,0,0,0,0
575,0,0,0,0,0,0,0,0,0
576,0,0,0,0,0,0,0,0,0
577,0,0,0,0,0,0,0,0,0
578,0,0,0,0,0,0,0,0,0
579,0,0,0,0,0,0,0,0,0
580,0,0,0,0,0,0,0,0,0
581,0,0,0,0,0,0,0,0,0
582,0,0,0,0,0,0,0,0,0
583,0,0,0,0,0,0,0,0,0
584,0,0,0,0,0,0,0,0,0
585,0,0,0,0,0,0,0,0,0
586,0,0,0,0,0,0,0,0,0
587,0,0,0,0,0,0,0,0,0
588,0,0,0,0,0,0,0,0,0
589,0,0,0,0,0,0,0,0,0
590,0,0,0,0,0,0,0,0,0
591,0,0,0,0,0,0,0,0,0
592,0,0,0,0,0,0,0,0,0
593,0,0,0,0,0,0,0,0,0
594,0,0,0,0,0,0,0,0,0
595,0,0,0,0,0,0,0,0,0
596,0,0,0,0,0,0,0,0,0
597,0,0,0,0,0,0,0,0,0
598,0,0,0,0,0,0,0,0,0
599,0,0,0,0,0,0,0,0,0
600,0,0,0,0,0,0,0,0,0
601,0,0,0,0,0,0,0,0,0
602,0,0,0,0,0,0,0,0,0
603,0,0,0,0,0,0,0,0,0
604,0,0,0,0,0,0,0,0,0
605,0,0,0,0,0,0,0,0,0
606,0,0,0,0,0,0,0,0,0
607,0,0,0,0,0,0,0,0,0
608,0,0,0,0,0,0,0,0,0
609,0,0,0,0,0,0,0,0,0
610,0,0,0,0,0,0,0,0,0
611,0,0,0,0,0,0,0,0,0
612,0,0,0,0,0,0,0,0,0
613,0,0,0,0,0,0,0,0,0
614,0,0,0,0,0,0,0,0,0
615,0,0,0,0,0,0,0,0,0
616,0,0,0,0,0,0,0,0,0
617,0,0,0,0,0,0,0,0,0
618,0,0,0,0,0,0,0,0,0
619,0,0,0,0,0,0,0,0,0
620,0,0,0,0,0,0,0,0,0
621,0,0,0,0,0,0,0,0,0
622,0,0,0,0,0,0,0,0,0
623,0,0,0,0,0,0,0,0,0
624,0,0,0,0,0,0,0,0,0
625,0,0,0,0,0,0,0,0,0
626,0,0,0,0,0,0,0,0,0
627,0,0,0,0,0,0,0,0,0
628,0,0,0,0,0,0,0,0,0
629,0,0,0,0,0,0,0,0,0
630,0,0,0,0,0,0,0,0,0
631,0,0,0,0,0,0,0,0,0
632,0,0,0,0,0,0,0,0,0
633,0,0,0,0,0,0,0,0,0
634,0,0,0,0,0,0,0,0,0
635,0,0,0,0,0,0,0,0,0
636,0,0,0,0,0,0,0,0,0
637,0,0,0,0,0,0,0,0,0
638,0,0,0,0,0,0,0,0,0
639,0,0,0,0,0,0,0,0,0
640,0,0,0,0,0,0,0,0,0
641,0,0,0,0,0,0,0,0,0
642,0,0,0,0,0,0,0,0,0
643,0,0,0,0,0,0,0,0,0
644,0,0,0,0,0,0,0,0,0
645,0,0,0,0,0,0,0,0,0
646,0,0,0,0,0,0,0,0,0
647,0,0,0,0,0,0,0,0,0
648,0,0,0,0,0,0,0,0,0
649,0,0,0,0,0,0,0,0,0
650,0,0,0,0,0,0,0,0,0
651,0,0,0,0,0,0,0,0,0
652,0,0,0,0,0,0,0,0,0
653,0,0,0,0,0,0,0,0,0
654,0,0,0,0,0,0,0,0,0
655,0,0,0,0,0,0,0,0,0
656,0,0,0,0,0,0,0,0,0
657,0,0,0,0,0,0,0,0,0
658,0,0,0,0,0,0,0,0,0
659,0,0,0,0,0,0,0,0,0
660,0,0,0,0,0,0,0,0,0
661,0,0,0,0,0,0,0,0,0
662,0,0,0,0,0,0,0,0,0
663,0,0,0,0,0,0,0,0,0
664,0,0,0,0,0,0,0,0,0
665,0,0,0,0,0,0,0,0,0
666,0,0,0,0,0,0,0,0,0
667,0,0,0,0,0,0,0,0,0
668,0,0,0,0,0,0,0,0,0
669,0,0,0,0,0,0,0,0,0
670,0,0,0,0,0,0,0,0,0
671,0,0,0,0,0,0,0,0,0
672,0,0,0,0,0,0,0,0,0
673,0,0,0,0,0,0,0,0,0
674,0,0,0,0,0,0,0,0,0
675,0,0,0,0,0,0,0,0,0
676,0,0,0,0,0,0,0,0,0
677,0,0,0,0,0,0,0,0,0
678,0,0,0,0,0,0,0,0,0
679,0,0,0,0,0,0,0,0,0
680,0,0,0,0,0,0,0,0,0
681,0,0,0,0,0,0,0,0,0
682,0,0,0,0,0,0,0,0,0
683,0,0,0,0,0,0,0,0,0
684,0,0,0,0,0,0,0,0,0
685,0,0,0,0,0,0,0,0,0
686,0,0,0,0,0,0,0,0,0
687,0,0,0,0,0,0,0,0,0
688,0,0,0,0,0,0,0,0,0
689,0,0,0,0,0,0,0,0,0
690,0,0,0,0,0,0,0,0,0
691,0,0,0,0,0,0,0,0,0
692,0,0,0,0,0,0,0,0,0
693,0,0,0,0,0,0,0,0,0
694,0,0,0,0,0,0,0,0,0
695,0,0,0,0,0,0,0,0,0
696,0,0,0,0,0,0,0,0,0
697,0,0,0,0,0,0,0,0,0
698,0,0,0,0,0,0,0,0,0
699,0,0,0,0,0,0,0,0,0
700,0,0,0,0,0,0,0,0,0
701,0,0,0,0,0,0,0,0,0
702,0,0,0,0,0,0,0,0,0
703,0,0,0,0,0,0,0,0,0
704,0,0,0,0,0,0,0,0,0
705,0,0,0,0,0,0,0,0,0
706,0,0,0,0,0,0,0,0,0
707,0,0,0,0,0,0,0,0,0
708,0,0,0,0,0,0,0,0,0
709,0,0,0,0,0,0,0,0,0
710,0,0,0,0,0,0,0,0,0
711,0,0,0,0,0,0,0,0,0
712,0,0,0,0,0,0,0,0,0
713,0,0,0,0,0,0,0,0,0
714,0,0,0,0,0,0,0,0,0
715,0,0,0,0,0,0,0,0,0
716,0,0,0,0,0,0,0,0,0
717,0,0,0,0,0,0,0,0,0
718,0,0,0,0,0,0,0,0,0
719,0,0,0,0,0,0,0,0,0
720,0,0,0,0,0,0,0,0,0
721,0,0,0,0,0,0,0,0,0
722,0,0,0,0,0,0,0,0,0
723,0,0,0,0,0,0,0,0,0
724,0,0,0,0,0,0,0,0,0
725,0,0,0,0,0,0,0,0,0
726,0,0,0,0,0,0,0,0,0
727,0,0,0,0,0,0,0,0,0
728,0,0,0,0,0,0,0,0,0
729,0,0,0,0,0,0,0,0,0
730,0,0,0,0,0,0,0,0,0
731,0,0,0,0,0,0,0,0,0
732,0,0,0,0,0,0,0,0,0
733,0,0,0,0,0,0,0,0,0
734,0,0,0,0,0,0,0,0,0
735,0,0,0,0,0,0,0,0,0
736,0,0,0,0,0,0,0,0,0
737,0,0,0,0,0,0,0,0,0
738,0,0,0,0,0,0,0,0,0
739,0,0,0,0,0,0,0,0,0
740,0,0,0,0,0,0,0,0,0
741,0,0,0,0,0,0,0,0,0
742,0,0,0,0,0,0,0,0,0
743,0,0,0,0,0,0,0,0,0
744,0,0,0,0,0,0,0,0,0
745,0,0,0,0,0,0,0,0,0
746,0,0,0,0,0,0,0,0,0
747,0,0,0,0,0,0,0,0,0
748,0,0,0,0,0,0,0,0,0
749,0,0,0,0,0,0,0,0,0
750,0,0,0,0,0,0,0,0,0
0,194,7257,201425,4077983,57373546,517292847,2626655236,5935079656,3356972874
1,77,2351,48864,736973,7715610,51739305,195347522,328067580,137901375
2,51,1290,22020,273080,2362570,13128467,41176440,57538475,20158862
3,42,914,13866,152074,1166194,5762780,16075247,19977630,6216794
4,34,568,6939,63314,397658,1616643,3699354,3766193,954446
5,21,340,3756,29889,164442,582328,1160607,1028522,226691
6,14,196,2020,14746,72828,233652,425328,345356,70138
7,5,85,811,5469,24505,69895,113976,83588,15432
8,5,68,572,3498,14016,35752,52472,35287,6025
9,2,44,357,2043,7583,18403,25156,15601,2519
10,1,29,221,1297,4723,10910,13922,8142,1262
11,1,22,149,835,2949,6440,7826,4330,633
12,1,17,125,665,2273,4637,5187,2614,382
13,0,7,93,448,1553,3057,3371,1704,257
14,0,7,87,405,1248,2319,2370,1142,167
15,0,6,68,306,869,1615,1507,715,97
16,0,6,68,301,838,1487,1337,607,79
17,0,6,60,262,735,1275,1166,543,64
18,0,6,55,227,578,938,808,353,43
19,0,4,44,185,465,728,628,261,26
20,0,4,34,148,369,605,518,214,19
21,0,1,21,79,211,345,320,149,13
22,0,0,15,68,171,287,264,134,13
23,0,0,15,68,171,287,264,134,13
24,0,0,15,65,157,261,216,98,9
25,0,0,10,45,109,160,120,41,4
26,0,0,9,41,94,140,108,33,2
27,0,0,9,41,94,140,108,33,2
28,0,0,8,37,84,117,87,21,1
29,0,0,7,33,77,107,80,21,1
30,0,0,4,22,55,81,63,17,1
31,0,0,4,22,50,71,45,8,0
32,0,0,4,22,50,71,45,8,0
33,0,0,4,19,44,66,42,8,0
34,0,0,2,12,29,49,29,6,0
35,0,0,1,11,23,25,9,0,0
36,0,0,1,11,23,25,9,0,0
37,0,0,1,11,22,23,7,0,0
38,0,0,1,11,22,23,7,0,0
39,0,0,1,11,22,23,7,0,0
40,0,0,1,11,22,23,7,0,0
41,0,0,1,11,22,23,7,0,0
42,0,0,1,11,16,9,7,0,0
43,0,0,1,11,16,9,7,0,0
44,0,0,1,11,16,9,7,0,0
45,0,0,1,7,7,9,5,0,0
46,0,0,1,7,6,9,5,0,0
47,0,0,1,6,4,7,1,0,0
48,0,0,1,4,2,6,0,0,0
49,0,0,1,4,2,6,0,0,0
50,0,0,1,4,2,6,0,0,0
51,0,0,1,4,2,6,0,0,0
52,0,0,1,4,2,6,0,0,0
53,0,0,1,4,2,6,0,0,0
54,0,0,1,4,2,6,0,0,0
55,0,0,0,0,0,0,0,0,0
56,0,0,0,0,0,0,0,0,0
57,0,0,0,0,0,0,0,0,0
58,0,0,0,0,0,0,0,0,0
59,0,0,0,0,0,0,0,0,0
60,0,0,0,0,0,0,0,0,0
61,0,0,0,0,0,0,0,0,0
62,0,0,0,0,0,0,0,0,0
63,0,0,0,0,0,0,0,0,0
64,0,0,0,0,0,0,0,0,0
65,0,0,0,0,0,0,0,0,0
66,0,0,0,0,0,0,0,0,0
67,0,0,0,0,0,0,0,0,0
68,0,0,0,0,0,0,0,0,0
69,0,0,0,0,0,0,0,0,0
70,0,0,0,0,0,0,0,0,0
71,0,0,0,0,0,0,0,0,0
72,0,0,0,0,0,0,0,0,0
73,0,0,0,0,0,0,0,0,0
74,0,0,0,0,0,0,0,0,0
75,0,0,0,0,0,0,0,0,0
76,0,0,0,0,0,0,0,0,0
77,0,0,0,0,0,0,0,0,0
78,0,0,0,0,0,0,0,0,0
79,0,0,0,0,0,0,0,0,0
80,0,0,0,0,0,0,0,0,0
81,0,0,0,0,0,0,0,0,0
82,0,0,0,0,0,0,0,0,0
83,0,0,0,0,0,0,0,0,0
84,0,0,0,0,0,0,0,0,0
85,0,0,0,0,0,0,0,0,0
86,0,0,0,0,0,0,0,0,0
87,0,0,0,0,0,0,0,0,0
88,0,0,0,0,0,0,0,0,0
89,0,0,0,0,0,0,0,0,0
90,0,0,0,0,0,0,0,0,0
91,0,0,0,0,0,0,0,0,0
92,0,0,0,0,0,0,0,0,0
93,0,0,0,0,0,0,0,0,0
94,0,0,0,0,0,0,0,0,0
95,0,0,0,0,0,0,0,0,0
96,0,0,0,0,0,0,0,0,0
97,0,0,0,0,0,0,0,0,0
98,0,0,0,0,0,0,0,0,0
99,0,0,0,0,0,0,0,0,0
100,0,0,0,0,0,0,0,0,0
101,0,0,0,0,0,0,0,0,0
102,0,0,0,0,0,0,0,0,0
103,0,0,0,0,0,0,0,0,0
104,0,0,0,0,0,0,0,0,0
105,0,0,0,0,0,0,0,0,0
106,0,0,0,0,0,0,0,0,0
107,0,0,0,0,0,0,0,0,0
108,0,0,0,0,0,0,0,0,0
109,0,0,0,0,0,0,0,0,0
110,0,0,0,0,0,0,0,0,0
111,0,0,0,0,0,0,0,0,0
112,0,0,0,0,0,0,0,0,0
113,0,0,0,0,0,0,0,0,0
114,0,0,0,0,0,0,0,0,0
115,0,0,0,0,0,0,0,0,0
116,0,0,0,0,0,0,0,0,0
117,0,0,0,0,0,0,0,0,0
118,0,0,0,0,0,0,0,0,0
119,0,0,0,0,0,0,0,0,0
120,0,0,0,0,0,0,0,0,0
121,0,0,0,0,0,0,0,0,0
122,0,0,0,0,0,0,0,0,0
123,0,0,0,0,0,0,0,0,0
124,0,0,0,0,0,0,0,0,0
125,0,0,0,0,0,0,0,0,0
126,0,0,0,0,0,0,0,0,0
127,0,0,0,0,0,0,0,0,0
128,0,0,0,0,0,0,0,0,0
129,0,0,0,0,0,0,0,0,0
130,0,0,0,0,0,0,0,0,0
131,0,0,0,0,0,0,0,0,0
132,0,0,0,0,0,0,0,0,0
133,0,0,0,0,0,0,0,0,0
134,0,0,0,0,0,0,0,0,0
135,0,0,0,0,0,0,0,0,0
136,0,0,0,0,0,0,0,0,0
137,0,0,0,0,0,0,0,0,0
138,0,0,0,0,0,0,0,0,0
139,0,0,0,0,0,0,0,0,0
140,0,0,0,0,0,0,0,0,0
141,0,0,0,0,0,0,0,0,0
142,0,0,0,0,0,0,0,0,0
143,0,0,0,0,0,0,0,0,0
144,0,0,0,0,0,0,0,0,0
145,0,0,0,0,0,0,0,0,0
146,0,0,0,0,0,0,0,0,0
147,0,0,0,0,0,0,0,0,0
148,0,0,0,0,0,0,0,0,0
149,0,0,0,0,0,0,0,0,0
150,0,0,0,0,0,0,0,0,0
151,0,0,0,0,0,0,0,0,0
152,0,0,0,0,0,0,0,0,0
153,0,0,0,0,0,0,0,0,0
154,0,0,0,0,0,0,0,0,0
155,0,0,0,0,0,0,0,0,0
156,0,0,0,0,0,0,0,0,0
157,0,0,0,0,0,0,0,0,0
158,0,0,0,0,0,0,0,0,0
159,0,0,0,0,0,0,0,0,0
160,0,0,0,0,0,0,0,0,0
161,0,0,0,0,0,0,0,0,0
162,0,0,0,0,0,0,0,0,0
163,0,0,0,0,0,0,0,0,0
164,0,0,0,0,0,0,0,0,0
165,0,0,0,0,0,0,0,0,0
166,0,0,0,0,0,0,0,0,0
167,0,0,0,0,0,0,0,0,0
168,0,0,0,0,0,0,0,0,0
169,0,0,0,0,0,0,0,0,0
170,0,0,0,0,0,0,0,0,0
171,0,0,0,0,0,0,0,0,0
172,0,0,0,0,0,0,0,0,0
173,0,0,0,0,0,0,0,0,0
174,0,0,0,0,0,0,0,0,0
175,0,0,0,0,0,0,0,0,0
176,0,0,0,0,0,0,0,0,0
177,0,0,0,0,0,0,0,0,0
178,0,0,0,0,0,0,0,0,0
179,0,0,0,0,0,0,0,0,0
180,0,0,0,0,0,0,0,0,0
181,0,0,0,0,0,0,0,0,0
182,0,0,0,0,0,0,0,0,0
183,0,0,0,0,0,0,0,0,0
184,0,0,0,0,0,0,0,0,0
185,0,0,0,0,0,0,0,0,0
186,0,0,0,0,0,0,0,0,0
187,0,0,0,0,0,0,0,0,0
188,0,0,0,0,0,0,0,0,0
189,0,0,0,0,0,0,0,0,0
190,0,0,0,0,0,0,0,0,0
191,0,0,0,0,0,0,0,0,0
192,0,0,0,0,0,0,0,0,0
193,0,0,0,0,0,0,0,0,0
194,0,0,0,0,0,0,0,0,0
195,0,0,0,0,0,0,0,0,0
196,0,0,0,0,0,0,0,0,0
197,0,0,0,0,0,0,0,0,0
198,0,0,0,0,0,0,0,0,0
199,0,0,0,0,0,0,0,0,0
200,0,0,0,0,0,0,0,0,0
201,0,0,0,0,0,0,0,0,0
202,0,0,0,0,0,0,0,0,0
203,0,0,0,0,0,0,0,0,0
204,0,0,0,0,0,0,0,0,0
205,0,0,0,0,0,0,0,0,0
206,0,0,0,0,0,0,0,0,0
207,0,0,0,0,0,0,0,0,0
208,0,0,0,0,0,0,0,0,0
209,0,0,0,0,0,0,0,0,0
210,0,0,0,0,0,0,0,0,0
211,0,0,0,0,0,0,0,0,0
212,0,0,0,0,0,0,0,0,0
213,0,0,0,0,0,0,0,0,0
214,0,0,0,0,0,0,0,0,0
215,0,0,0,0,0,0,0,0,0
216,0,0,0,0,0,0,0,0,0
217,0,0,0,0,0,0,0,0,0
218,0,0,0,0,0,0,0,0,0
219,0,0,0,0,0,0,0,0,0
220,0,0,0,0,0,0,0,0,0
221,0,0,0,0,0,0,0,0,0
222,0,0,0,0,0,0,0,0,0
223,0,0,0,0,0,0,0,0,0
224,0,0,0,0,0,0,0,0,0
225,0,0,0,0,0,0,0,0,0
226,0,0,0,0,0,0,0,0,0
227,0,0,0,0,0,0,0,0,0
228,0,0,0,0,0,0,0,0,0
229,0,0,0,0,0,0,0,0,0
230,0,0,0,0,0,0,0,0,0
231,0,0,0,0,0,0,0,0,0
232,0,0,0,0,0,0,0,0,0
233,0,0,0,0,0,0,0,0,0
234,0,0,0,0,0,0,0,0,0
235,0,0,0,0,0,0,0,0,0
236,0,0,0,0,0,0,0,0,0
237,0,0,0,0,0,0,0,0,0
238,0,0,0,0,0,0,0,0,0
239,0,0,0,0,0,0,0,0,0
240,0,0,0,0,0,0,0,0,0
241,0,0,0,0,0,0,0,0,0
242,0,0,0,0,0,0,0,0,0
243,0,0,0,0,0,0,0,0,0
244,0,0,0,0,0,0,0,0,0
245,0,0,0,0,0,0,0,0,0
246,0,0,0,0,0,0,0,0,0
247,0,0,0,0,0,0,0,0,0
248,0,0,0,0,0,0,0,0,0
249,0,0,0,0,0,0,0,0,0
250,0,0,0,0,0,0,0,0,0
251,0,0,0,0,0,0,0,0,0
252,0,0,0,0,0,0,0,0,0
253,0,0,0,0,0,0,0,0,0
254,0,0,0,0,0,0,0,0,0
255,0,0,0,0,0,0,0,0,0
256,0,0,0,0,0,0,0,0,0
257,0,0,0,0,0,0,0,0,0
258,0,0,0,0,0,0,0,0,0
259,0,0,0,0,0,0,0,0,0
260,0,0,0,0,0,0,0,0,0
261,0,0,0,0,0,0,0,0,0
262,0,0,0,0,0,0,0,0,0
263,0,0,0,0,0,0,0,0,0
264,0,0,0,0,0,0,0,0,0
265,0,0,0,0,0,0,0,0,0
266,0,0,0,0,0,0,0,0,0
267,0,0,0,0,0,0,0,0,0
268,0,0,0,0,0,0,0,0,0
269,0,0,0,0,0,0,0,0,0
270,0,0,0,0,0,0,0,0,0
271,0,0,0,0,0,0,0,0,0
272,0,0,0,0,0,0,0,0,0
273,0,0,0,0,0,0,0,0,0
274,0,0,0,0,0,0,0,0,0
275,0,0,0,0,0,0,0,0,0
276,0,0,0,0,0,0,0,0,0
277,0,0,0,0,0,0,0,0,0
278,0,0,0,0,0,0,0,0,0
279,0,0,0,0,0,0,0,0,0
280,0,0,0,0,0,0,0,0,0
281,0,0,0,0,0,0,0,0,0
282,0,0,0,0,0,0,0,0,0
283,0,0,0,0,0,0,0,0,0
284,0,0,0,0,0,0,0,0,0
285,0,0,0,0,0,0,0,0,0
286,0,0,0,0,0,0,0,0,0
287,0,0,0,0,0,0,0,0,0
288,0,0,0,0,0,0,0,0,0
289,0,0,0,0,0,0,0,0,0
290,0,0,0,0,0,0,0,0,0
291,0,0,0,0,0,0,0,0,0
292,0,0,0,0,0,0,0,0,0
293,0,0,0,0,0,0,0,0,0
294,0,0,0,0,0,0,0,0,0
295,0,0,0,0,0,0,0,0,0
296,0,0,0,0,0,0,0,0,0
297,0,0,0,0,0,0,0,0,0
298,0,0,0,0,0,0,0,0,0
299,0,0,0,0,0,0,0,0,0
300,0,0,0,0,0,0,0,0,0
301,0,0,0,0,0,0,0,0,0
302,0,0,0,0,0,0,0,0,0
303,0,0,0,0,0,0,0,0,0
304,0,0,0,0,0,0,0,0,0
305,0,0,0,0,0,0,0,0,0
306,0,0,0,0,0,0,0,0,0
307,0,0,0,0,0,0,0,0,0
308,0,0,0,0,0,0,0,0,0
309,0,0,0,0,0,0,0,0,0
310,0,0,0,0,0,0,0,0,0
311,0,0,0,0,0,0,0,0,0
312,0,0,0,0,0,0,0,0,0
313,0,0,0,0,0,0,0,0,0
314,0,0,0,0,0,0,0,0,0
315,0,0,0,0,0,0,0,0,0
316,0,0,0,0,0,0,0,0,0
317,0,0,0,0,0,0,0,0,0
318,0,0,0,0,0,0,0,0,0
319,0,0,0,0,0,0,0,0,0
320,0,0,0,0,0,0,0,0,0
321,0,0,0,0,0,0,0,0,0
322,0,0,0,0,0,0,0,0,0
323,0,0,0,0,0,0,0,0,0
324,0,0,0,0,0,0,0,0,0
325,0,0,0,0,0,0,0,0,0
326,0,0,0,0,0,0,0,0,0
327,0,0,0,0,0,0,0,0,0
328,0,0,0,0,0,0,0,0,0
329,0,0,0,0,0,0,0,0,0
330,0,0,0,0,0,0,0,0,0
331,0,0,0,0,0,0,0,0,0
332,0,0,0,0,0,0,0,0,0
333,0,0,0,0,0,0,0,0,0
334,0,0,0,0,0,0,0,0,0
335,0,0,0,0,0,0,0,0,0
336,0,0,0,0,0,0,0,0,0
337,0,0,0,0,0,0,0,0,0
338,0,0,0,0,0,0,0,0,0
339,0,0,0,0,0,0,0,0,0
340,0,0,0,0,0,0,0,0,0
341,0,0,0,0,0,0,0,0,0
342,0,0,0,0,0,0,0,0,0
343,0,0,0,0,0,0,0,0,0
344,0,0,0,0,0,0,0,0,0
345,0,0,0,0,0,0,0,0,0
346,0,0,0,0,0,0,0,0,0
347,0,0,0,0,0,0,0,0,0
348,0,0,0,0,0,0,0,0,0
349,0,0,0,0,0,0,0,0,0
350,0,0,0,0,0,0,0,0,0
351,0,0,0,0,0,0,0,0,0
352,0,0,0,0,0,0,0,0,0
353,0,0,0,0,0,0,0,0,0
354,0,0,0,0,0,0,0,0,0
355,0,0,0,0,0,0,0,0,0
356,0,0,0,0,0,0,0,0,0
357,0,0,0,0,0,0,0,0,0
358,0,0,0,0,0,0,0,0,0
359,0,0,0,0,0,0,0,0,0
360,0,0,0,0,0,0,0,0,0
361,0,0,0,0,0,0,0,0,0
362,0,0,0,0,0,0,0,0,0
363,0,0,0,0,0,0,0,0,0
364,0,0,0,0,0,0,0,0,0
365,0,0,0,0,0,0,0,0,0
366,0,0,0,0,0,0,0,0,0
367,0,0,0,0,0,0,0,0,0
368,0,0,0,0,0,0,0,0,0
369,0,0,0,0,0,0,0,0,0
370,0,0,0,0,0,0,0,0,0
371,0,0,0,0,0,0,0,0,0
372,0,0,0,0,0,0,0,0,0
373,0,0,0,0,0,0,0,0,0
374,0,0,0,0,0,0,0,0,0
375,0,0,0,0,0,0,0,0,0
376,0,0,0,0,0,0,0,0,0
377,0,0,0,0,0,0,0,0,0
378,0,0,0,0,0,0,0,0,0
379,0,0,0,0,0,0,0,0,0
380,0,0,0,0,0,0,0,0,0
381,0,0,0,0,0,0,0,0,0
382,0,0,0,0,0,0,0,0,0
383,0,0,0,0,0,0,0,0,0
384,0,0,0,0,0,0,0,0,0
385,0,0,0,0,0,0,0,0,0
386,0,0,0,0,0,0,0,0,0
387,0,0,0,0,0,0,0,0,0
388,0,0,0,0,0,0,0,0,0
389,0,0,0,0,0,0,0,0,0
390,0,0,0,0,0,0,0,0,0
391,0,0,0,0,0,0,0,0,0
392,0,0,0,0,0,0,0,0,0
393,0,0,0,0,0,0,0,0,0
394,0,0,0,0,0,0,0,0,0
395,0,0,0,0,0,0,0,0,0
396,0,0,0,0,0,0,0,0,0
397,0,0,0,0,0,0,0,0,0
398,0,0,0,0,0,0,0,0,0
399,0,0,0,0,0,0,0,0,0
400,0,0,0,0,0,0,0,0,0
401,0,0,0,0,0,0,0,0,0
402,0,0,0,0,0,0,0,0,0
403,0,0,0,0,0,0,0,0,0
404,0,0,0,0,0,0,0,0,0
405,0,0,0,0,0,0,0,0,0
406,0,0,0,0,0,0,0,0,0
407,0,0,0,0,0,0,0,0,0
408,0,0,0,0,0,0,0,0,0
409,0,0,0,0,0,0,0,0,0
410,0,0,0,0,0,0,0,0,0
411,0,0,0,0,0,0,0,0,0
412,0,0,0,0,0,0,0,0,0
413,0,0,0,0,0,0,0,0,0
414,0,0,0,0,0,0,0,0,0
415,0,0,0,0,0,0,0,0,0
416,0,0,0,0,0,0,0,0,0
417,0,0,0,0,0,0,0,0,0
418,0,0,0,0,0,0,0,0,0
419,0,0,0,0,0,0,0,0,0
420,0,0,0,0,0,0,0,0,0
421,0,0,0,0,0,0,0,0,0
422,0,0,0,0,0,0,0,0,0
423,0,0,0,0,0,0,0,0,0
424,0,0,0,0,0,0,0,0,0
425,0,0,0,0,0,0,0,0,0
426,0,0,0,0,0,0,0,0,0
427,0,0,0,0,0,0,0,0,0
428,0,0,0,0,0,0,0,0,0
429,0,0,0,0,0,0,0,0,0
430,0,0,0,0,0,0,0,0,0
431,0,0,0,0,0,0,0,0,0
432,0,0,0,0,0,0,0,0,0
433,0,0,0,0,0,0,0,0,0
434,0,0,0,0,0,0,0,0,0
435,0,0,0,0,0,0,0,0,0
436,0,0,0,0,0,0,0,0,0
437,0,0,0,0,0,0,0,0,0
438,0,0,0,0,0,0,0,0,0
439,0,0,0,0,0,0,0,0,0
440,0,0,0,0,0,0,0,0,0
441,0,0,0,0,0,0,0,0,0
442,0,0,0,0,0,0,0,0,0
443,0,0,0,0,0,0,0,0,0
444,0,0,0,0,0,0,0,0,0
445,0,0,0,0,0,0,0,0,0
446,0,0,0,0,0,0,0,0,0
447,0,0,0,0,0,0,0,0,0
448,0,0,0,0,0,0,0,0,0
449,0,0,0,0,0,0,0,0,0
450,0,0,0,0,0,0,0,0,0
451,0,0,0,0,0,0,0,0,0
452,0,0,0,0,0,0,0,0,0
453,0,0,0,0,0,0,0,0,0
454,0,0,0,0,0,0,0,0,0
455,0,0,0,0,0,0,0,0,0
456,0,0,0,0,0,0,0,0,0
457,0,0,0,0,0,0,0,0,0
458,0,0,0,0,0,0,0,0,0
459,0,0,0,0,0,0,0,0,0
460,0,0,0,0,0,0,0,0,0
461,0,0,0,0,0,0,0,0,0
462,0,0,0,0,0,0,0,0,0
463,0,0,0,0,0,0,0,0,0
464,0,0,0,0,0,0,0,0,0
465,0,0,0,0,0,0,0,0,0
466,0,0,0,0,0,0,0,0,0
467,0,0,0,0,0,0,0,0,0
468,0,0,0,0,0,0,0,0,0
469,0,0,0,0,0,0,0,0,0
470,0,0,0,0,0,0,0,0,0
471,0,0,0,0,0,0,0,0,0
472,0,0,0,0,0,0,0,0,0
473,0,0,0,0,0,0,0,0,0
474,0,0,0,0,0,0,0,0,0
475,0,0,0,0,0,0,0,0,0
476,0,0,0,0,0,0,0,0,0
477,0,0,0,0,0,0,0,0,0
478,0,0,0,0,0,0,0,0,0
479,0,0,0,0,0,0,0,0,0
480,0,0,0,0,0,0,0,0,0
481,0,0,0,0,0,0,0,0,0
482,0,0,0,0,0,0,0,0,0
483,0,0,0,0,0,0,0,0,0
484,0,0,0,0,0,0,0,0,0
485,0,0,0,0,0,0,0,0,0
486,0,0,0,0,0,0,0,0,0
487,0,0,0,0,0,0,0,0,0
488,0,0,0,0,0,0,0,0,0
489,0,0,0,0,0,0,0,0,0
490,0,0,0,0,0,0,0,0,0
491,0,0,0,0,0,0,0,0,0
492,0,0,0,0,0,0,0,0,0
493,0,0,0,0,0,0,0,0,0
494,0,0,0,0,0,0,0,0,0
495,0,0,0,0,0,0,0,0,0
496,0,0,0,0,0,0,0,0,0
497,0,0,0,0,0,0,0,0,0
498,0,0,0,0,0,0,0,0,0
499,0,0,0,0,0,0,0,0,0
500,0,0,0,0,0,0,0,0,0
501,0,0,0,0,0,0,0,0,0
502,0,0,0,0,0,0,0,0,0
503,0,0,0,0,0,0,0,0,0
504,0,0,0,0,0,0,0,0,0
505,0,0,0,0,0,0,0,0,0
506,0,0,0,0,0,0,0,0,0
507,0,0,0,0,0,0,0,0,0
508,0,0,0,0,0,0,0,0,0
509,0,0,0,0,0,0,0,0,0
510,0,0,0,0,0,0,0,0,0
511,0,0,0,0,0,0,0,0,0
512,0,0,0,0,0,0,0,0,0
513,0,0,0,0,0,0,0,0,0
514,0,0,0,0,0,0,0,0,0
515,0,0,0,0,0,0,0,0,0
516,0,0,0,0,0,0,0,0,0
517,0,0,0,0,0,0,0,0,0
518,0,0,0,0,0,0,0,0,0
519,0,0,0,0,0,0,0,0,0
520,0,0,0,0,0,0,0,0,0
521,0,0,0,0,0,0,0,0,0
522,0,0,0,0,0,0,0,0,0
523,0,0,0,0,0,0,0,0,0
524,0,0,0,0,0,0,0,0,0
525,0,0,0,0,0,0,0,0,0
526,0,0,0,0,0,0,0,0,0
527,0,0,0,0,0,0,0,0,0
528,0,0,0,0,0,0,0,0,0
529,0,0,0,0,0,0,0,0,0
530,0,0,0,0,0,0,0,0,0
531,0,0,0,0,0,0,0,0,0
532,0,0,0,0,0,0,0,0,0
533,0,0,0,0,0,0,0,0,0
534,0,0,0,0,0,0,0,0,0
535,0,0,0,0,0,0,0,0,0
536,0,0,0,0,0,0,0,0,0
537,0,0,0,0,0,0,0,0,0
538,0,0,0,0,0,0,0,0,0
539,0,0,0,0,0,0,0,0,0
540,0,0,0,0,0,0,0,0,0
541,0,0,0,0,0,0,0,0,0
542,0,0,0,0,0,0,0,0,0
543,0,0,0,0,0,0,0,0,0
544,0,0,0,0,0,0,0,0,0
545,0,0,0,0,0,0,0,0,0
546,0,0,0,0,0,0,0,0,0
547,0,0,0,0,0,0,0,0,0
548,0,0,0,0,0,0,0,0,0
549,0,0,0,0,0,0,0,0,0
550,0,0,0,0,0,0,0,0,0
551,0,0,0,0,0,0,0,0,0
552,0,0,0,0,0,0,0,0,0
553,0,0,0,0,0,0,0,0,0
554,0,0,0,0,0,0,0,0,0
555,0,0,0,0,0,0,0,0,0
556,0,0,0,0,0,0,0,0,0
557,0,0,0,0,0,0,0,0,0
558,0,0,0,0,0,0,0,0,0
559,0,0,0,0,0,0,0,0,0
560,0,0,0,0,0,0,0,0,0
561,0,0,0,0,0,0,0,0,0
562,0,0,0,0,0,0,0,0,0
563,0,0,0,0,0,0,0,0,0
564,0,0,0,0,0,0,0,0,0
565,0,0,0,0,0,0,0,0,0
566,0,0,0,0,0,0,0,0,0
567,0,0,0,0,0,0,0,0,0
568,0,0,0,0,0,0,0,0,0
569,0,0,0,0,0,0,0,0,0
570,0,0,0,0,0,0,0,0,0
571,0,0,0,0,0,0,0,0,0
572,0,0,0,0,0,0,0,0,0
573,0,0,0,0,0,0,0,0,0
574,0,0,0,0,0,0,0,0,0
575,0,0,0,0,0,0,0,0,0
576,0,0,0,0,0,0,0,0,0
577,0,0,0,0,0,0,0,0,0
578,0,0,0,0,0,0,0,0,0
579,0,0,0,0,0,0,0,0,0
580,0,0,0,0,0,0,0,0,0
581,0,0,0,0,0,0,0,0,0
582,0,0,0,0,0,0,0,0,0
583,0,0,0,0,0,0,0,0,0
584,0,0,0,0,0,0,0,0,0
585,0,0,0,0,0,0,0,0,0
586,0,0,0,0,0,0,0,0,0
587,0,0,0,0,0,0,0,0,0
588,0,0,0,0,0,0,0,0,0
589,0,0,0,0,0,0,0,0,0
590,0,0,0,0,0,0,0,0,0
591,0,0,0,0,0,0,0,0,0
592,0,0,0,0,0,0,0,0,0
593,0,0,0,0,0,0,0,0,0
594,0,0,0,0,0,0,0,0,0
595,0,0,0,0,0,0,0,0,0
596,0,0,0,0,0,0,0,0,0
597,0,0,0,0,0,0,0,0,0
598,0,0,0,0,0,0,0,0,0
599,0,0,0,0,0,0,0,0,0
600,0,0,0,0,0,0,0,0,0
601,0,0,0,0,0,0,0,0,0
602,0,0,0,0,0,0,0,0,0
603,0,0,0,0,0,0,0,0,0
604,0,0,0,0,0,0,0,0,0
605,0,0,0,0,0,0,0,0,0
606,0,0,0,0,0,0,0,0,0
607,0,0,0,0,0,0,0,0,0
608,0,0,0,0,0,0,0,0,0
609,0,0,0,0,0,0,0,0,0
610,0,0,0,0,0,0,0,0,0
611,0,0,0,0,0,0,0,0,0
612,0,0,0,0,0,0,0,0,0
613,0,0,0,0,0,0,0,0,0
614,0,0,0,0,0,0,0,0,0
615,0,0,0,0,0,0,0,0,0
616,0,0,0,0,0,0,0,0,0
617,0,0,0,0,0,0,0,0,0
618,0,0,0,0,0,0,0,0,0
619,0,0,0,0,0,0,0,0,0
620,0,0,0,0,0,0,0,0,0
621,0,0,0,0,0,0,0,0,0
622,0,0,0,0,0,0,0,0,0
623,0,0,0,0,0,0,0,0,0
624,0,0,0,0,0,0,0,0,0
625,0,0,0,0,0,0,0,0,0
626,0,0,0,0,0,0,0,0,0
627,0,0,0,0,0,0,0,0,0
628,0,0,0,0,0,0,0,0,0
629,0,0,0,0,0,0,0,0,0
630,0,0,0,0,0,0,0,0,0
631,0,0,0,0,0,0,0,0,0
632,0,0,0,0,0,0,0,0,0
633,0,0,0,0,0,0,0,0,0
634,0,0,0,0,0,0,0,0,0
635,0,0,0,0,0,0,0,0,0
636,0,0,0,0,0,0,0,0,0
637,0,0,0,0,0,0,0,0,0
638,0,0,0,0,0,0,0,0,0
639,0,0,0,0,0,0,0,0,0
640,0,0,0,0,0,0,0,0,0
641,0,0,0,0,0,0,0,0,0
642,0,0,0,0,0,0,0,0,0
643,0,0,0,0,0,0,0,0,0
644,0,0,0,0,0,0,0,0,0
645,0,0,0,0,0,0,0,0,0
646,0,0,0,0,0,0,0,0,0
647,0,0,0,0,0,0,0,0,0
648,0,0,0,0,0,0,0,0,0
649,0,0,0,0,0,0,0,0,0
650,0,0,0,0,0,0,0,0,0
651,0,0,0,0,0,0,0,0,0
652,0,0,0,0,0,0,0,0,0
653,0,0,0,0,0,0,0,0,0
654,0,0,0,0,0,0,0,0,0
655,0,0,0,0,0,0,0,0,0
656,0,0,0,0,0,0,0,0,0
657,0,0,0,0,0,0,0,0,0
658,0,0,0,0,0,0,0,0,0
659,0,0,0,0,0,0,0,0,0
660,0,0,0,0,0,0,0,0,0
661,0,0,0,0,0,0,0,0,0
662,0,0,0,0,0,0,0,0,0
663,0,0,0,0,0,0,0,0,0
664,0,0,0,0,0,0,0,0,0
665,0,0,0,0,0,0,0,0,0
666,0,0,0,0,0,0,0,0,0
667,0,0,0,0,0,0,0,0,0
668,0,0,0,0,0,0,0,0,0
669,0,0,0,0,0,0,0,0,0
670,0,0,0,0,0,0,0,0,0
671,0,0,0,0,0,0,0,0,0
672,0,0,0,0,0,0,0,0,0
673,0,0,0,0,0,0,0,0,0
674,0,0,0,0,0,0,0,0,0
675,0,0,0,0,0,0,0,0,0
676,0,0,0,0,0,0,0,0,0
677,0,0,0,0,0,0,0,0,0
678,0,0,0,0,0,0,0,0,0
679,0,0,0,0,0,0,0,0,0
680,0,0,0,0,0,0,0,0,0
681,0,0,0,0,0,0,0,0,0
682,0,0,0,0,0,0,0,0,0
683,0,0,0,0,0,0,0,0,0
684,0,0,0,0,0,0,0,0,0
685,0,0,0,0,0,0,0,0,0
686,0,0,0,0,0,0,0,0,0
687,0,0,0,0,0,0,0,0,0
688,0,0,0,0,0,0,0,0,0
689,0,0,0,0,0,0,0,0,0
690,0,0,0,0,0,0,0,0,0
691,0,0,0,0,0,0,0,0,0
692,0,0,0,0,0,0,0,0,0
693,0,0,0,0,0,0,0,0,0
694,0,0,0,0,0,0,0,0,0
695,0,0,0,0,0,0,0,0,0
696,0,0,0,0,0,0,0,0,0
697,0,0,0,0,0,0,0,0,0
698,0,0,0,0,0,0,0,0,0
699,0,0,0,0,0,0,0,0,0
700,0,0,0,0,0,0,0,0,0
701,0,0,0,0,0,0,0,0,0
702,0,0,0,0,0,0,0,0,0
703,0,0,0,0,0,0,0,0,0
704,0,0,0,0,0,0,0,0,0
705,0,0,0,0,0,0,0,0,0
706,0,0,0,0,0,0,0,0,0
707,0,0,0,0,0,0,0,0,0
708,0,0,0,0,0,0,0,0,0
709,0,0,0,0,0,0,0,0,0
710,0,0,0,0,0,0,0,0,0
711,0,0,0,0,0,0,0,0,0
712,0,0,0,0,0,0,0,0,0
713,0,0,0,0,0,0,0,0,0
714,0,0,0,0,0,0,0,0,0
715,0,0,0,0,0,0,0,0,0
716,0,0,0,0,0,0,0,0,0
717,0,0,0,0,0,0,0,0,0
718,0,0,0,0,0,0,0,0,0
719,0,0,0,0,0,0,0,0,0
720,0,0,0,0,0,0,0,0,0
721,0,0,0,0,0,0,0,0,0
722,0,0,0,0,0,0,0,0,0
723,0,0,0,0,0,0,0,0,0
724,0,0,0,0,0,0,0,0,0
725,0,0,0,0,0,0,0,0,0
726,0,0,0,0,0,0,0,0,0
727,0,0,0,0,0,0,0,0,0
728,0,0,0,0,0,0,0,0,0
729,0,0,0,0,0,0,0,0,0
730,0,0,0,0,0,0,0,0,0
731,0,0,0,0,0,0,0,0,0
732,0,0,0,0,0,0,0,0,0
733,0,0,0,0,0,0,0,0,0
734,0,0,0,0,0,0,0,0,0
735,0,0,0,0,0,0,0,0,0
736,0,0,0,0,0,0,0,0,0
737,0,0,0,0,0,0,0,0,0
738,0,0,0,0,0,0,0,0,0
739,0,0,0,0,0,0,0,0,0
740,0,0,0,0,0,0,0,0,0
741,0,0,0,0,0,0,0,0,0
742,0,0,0,0,0,0,0,0,0
743,0,0,0,0,0,0,0,0,0
744,0,0,0,0,0,0,0,0,0
745,0,0,0,0,0,0,0,0,0
746,0,0,0,0,0,0,0,0,0
747,0,0,0,0,0,0,0,0,0
748,0,0,0,0,0,0,0,0,0
749,0,0,0,0,0,0,0,0,0
750,0,0,0,0,0,0,0,0,0
0,194,7257,201425,4077983,57373546,517292847,2626655236,5935079656,3356972874
1,90,2691,58444,918758,10042204,70342754,277554450,487565070,214451494
2,50,1110,19300,244028,2144917,12086073,38366773,54224411,19161496
3,34,651,9882,108626,824259,4030699,11131046,13686796,4210515
4,24,422,5624,53469,352465,1499892,3606539,3866675,1035094
5,22,336,4249,37414,229916,912151,2032427,2010535,493401
6,20,260,2928,22691,122013,421499,816208,702305,150200
7,16,185,1838,12941,62029,188306,318283,236668,42698
8,14,131,1205,7804,34434,95327,148282,101609,16745
9,12,116,1023,6446,27449,73528,110653,73491,11861
10,12,89,711,3923,14832,34033,44184,25632,3672
11,7,44,285,1537,5233,11449,13977,7531,933
12,6,31,189,936,2985,6038,6774,3380,407
13,6,30,181,828,2522,4782,4990,2370,269
14,2,27,147,658,1850,3158,3044,1191,89
15,1,19,101,433,1138,1862,1755,687,45
16,1,18,87,338,806,1169,938,314,20
17,1,17,80,281,577,661,416,114,9
18,1,11,46,183,387,461,292,90,8
19,1,11,36,113,208,188,66,13,0
20,1,11,35,108,185,148,49,7,0
21,1,8,28,69,102,80,21,4,0
22,1,8,26,65,96,68,16,3,0
23,0,2,14,20,38,35,10,3,0
24,0,2,14,20,32,29,8,2,0
25,0,2,14,17,23,18,4,1,0
26,0,0,8,12,19,12,4,1,0
27,0,0,8,12,18,11,4,1,0
28,0,0,5,9,16,7,0,1,0
29,0,0,5,8,13,4,0,0,0
30,0,0,5,8,13,4,0,0,0
31,0,0,5,8,13,4,0,0,0
32,0,0,5,8,13,4,0,0,0
33,0,0,3,3,6,3,0,0,0
34,0,0,3,3,5,2,0,0,0
35,0,0,3,3,3,0,0,0,0
36,0,0,0,0,0,0,0,0,0
37,0,0,0,0,0,0,0,0,0
38,0,0,0,0,0,0,0,0,0
39,0,0,0,0,0,0,0,0,0
40,0,0,0,0,0,0,0,0,0
41,0,0,0,0,0,0,0,0,0
42,0,0,0,0,0,0,0,0,0
43,0,0,0,0,0,0,0,0,0
44,0,0,0,0,0,0,0,0,0
45,0,0,0,0,0,0,0,0,0
46,0,0,0,0,0,0,0,0,0
47,0,0,0,0,0,0,0,0,0
48,0,0,0,0,0,0,0,0,0
49,0,0,0,0,0,0,0,0,0
50,0,0,0,0,0,0,0,0,0
51,0,0,0,0,0,0,0,0,0
52,0,0,0,0,0,0,0,0,0
53,0,0,0,0,0,0,0,0,0
54,0,0,0,0,0,0,0,0,0
55,0,0,0,0,0,0,0,0,0
56,0,0,0,0,0,0,0,0,0
57,0,0,0,0,0,0,0,0,0
58,0,0,0,0,0,0,0,0,0
59,0,0,0,0,0,0,0,0,0
60,0,0,0,0,0,0,0,0,0
61,0,0,0,0,0,0,0,0,0
62,0,0,0,0,0,0,0,0,0
63,0,0,0,0,0,0,0,0,0
64,0,0,0,0,0,0,0,0,0
65,0,0,0,0,0,0,0,0,0
66,0,0,0,0,0,0,0,0,0
67,0,0,0,0,0,0,0,0,0
68,0,0,0,0,0,0,0,0,0
69,0,0,0,0,0,0,0,0,0
70,0,0,0,0,0,0,0,0,0
71,0,0,0,0,0,0,0,0,0
72,0,0,0,0,0,0,0,0,0
73,0,0,0,0,0,0,0,0,0
74,0,0,0,0,0,0,0,0,0
75,0,0,0,0,0,0,0,0,0
76,0,0,0,0,0,0,0,0,0
77,0,0,0,0,0,0,0,0,0
78,0,0,0,0,0,0,0,0,0
79,0,0,0,0,0,0,0,0,0
80,0,0,0,0,0,0,0,0,0
81,0,0,0,0,0,0,0,0,0
82,0,0,0,0,0,0,0,0,0
83,0,0,0,0,0,0,0,0,0
84,0,0,0,0,0,0,0,0,0
85,0,0,0,0,0,0,0,0,0
86,0,0,0,0,0,0,0,0,0
87,0,0,0,0,0,0,0,0,0
88,0,0,0,0,0,0,0,0,0
89,0,0,0,0,0,0,0,0,0
90,0,0,0,0,0,0,0,0,0
91,0,0,0,0,0,0,0,0,0
92,0,0,0,0,0,0,0,0,0
93,0,0,0,0,0,0,0,0,0
94,0,0,0,0,0,0,0,0,0
95,0,0,0,0,0,0,0,0,0
96,0,0,0,0,0,0,0,0,0
97,0,0,0,0,0,0,0,0,0
98,0,0,0,0,0,0,0,0,0
99,0,0,0,0,0,0,0,0,0
100,0,0,0,0,0,0,0,0,0
101,0,0,0,0,0,0,0,0,0
102,0,0,0,0,0,0,0,0,0
103,0,0,0,0,0,0,0,0,0
104,0,0,0,0,0,0,0,0,0
105,0,0,0,0,0,0,0,0,0
106,0,0,0,0,0,0,0,0,0
107,0,0,0,0,0,0,0,0,0
108,0,0,0,0,0,0,0,0,0
109,0,0,0,0,0,0,0,0,0
110,0,0,0,0,0,0,0,0,0
111,0,0,0,0,0,0,0,0,0
112,0,0,0,0,0,0,0,0,0
113,0,0,0,0,0,0,0,0,0
114,0,0,0,0,0,0,0,0,0
115,0,0,0,0,0,0,0,0,0
116,0,0,0,0,0,0,0,0,0
117,0,0,0,0,0,0,0,0,0
118,0,0,0,0,0,0,0,0,0
119,0,0,0,0,0,0,0,0,0
120,0,0,0,0,0,0,0,0,0
121,0,0,0,0,0,0,0,0,0
122,0,0,0,0,0,0,0,0,0
123,0,0,0,0,0,0,0,0,0
124,0,0,0,0,0,0,0,0,0
125,0,0,0,0,0,0,0,0,0
126,0,0,0,0,0,0,0,0,0
127,0,0,0,0,0,0,0,0,0
128,0,0,0,0,0,0,0,0,0
129,0,0,0,0,0,0,0,0,0
130,0,0,0,0,0,0,0,0,0
131,0,0,0,0,0,0,0,0,0
132,0,0,0,0,0,0,0,0,0
133,0,0,0,0,0,0,0,0,0
134,0,0,0,0,0,0,0,0,0
135,0,0,0,0,0,0,0,0,0
136,0,0,0,0,0,0,0,0,0
137,0,0,0,0,0,0,0,0,0
138,0,0,0,0,0,0,0,0,0
139,0,0,0,0,0,0,0,0,0
140,0,0,0,0,0,0,0,0,0
141,0,0,0,0,0,0,0,0,0
142,0,0,0,0,0,0,0,0,0
143,0,0,0,0,0,0,0,0,0
144,0,0,0,0,0,0,0,0,0
145,0,0,0,0,0,0,0,0,0
146,0,0,0,0,0,0,0,0,0
147,0,0,0,0,0,0,0,0,0
148,0,0,0,0,0,0,0,0,0
149,0,0,0,0,0,0,0,0,0
150,0,0,0,0,0,0,0,0,0
151,0,0,0,0,0,0,0,0,0
152,0,0,0,0,0,0,0,0,0
153,0,0,0,0,0,0,0,0,0
154,0,0,0,0,0,0,0,0,0
155,0,0,0,0,0,0,0,0,0
156,0,0,0,0,0,0,0,0,0
157,0,0,0,0,0,0,0,0,0
158,0,0,0,0,0,0,0,0,0
159,0,0,0,0,0,0,0,0,0
160,0,0,0,0,0,0,0,0,0
161,0,0,0,0,0,0,0,0,0
162,0,0,0,0,0,0,0,0,0
163,0,0,0,0,0,0,0,0,0
164,0,0,0,0,0,0,0,0,0
165,0,0,0,0,0,0,0,0,0
166,0,0,0,0,0,0,0,0,0
167,0,0,0,0,0,0,0,0,0
168,0,0,0,0,0,0,0,0,0
169,0,0,0,0,0,0,0,0,0
170,0,0,0,0,0,0,0,0,0
171,0,0,0,0,0,0,0,0,0
172,0,0,0,0,0,0,0,0,0
173,0,0,0,0,0,0,0,0,0
174,0,0,0,0,0,0,0,0,0
175,0,0,0,0,0,0,0,0,0
176,0,0,0,0,0,0,0,0,0
177,0,0,0,0,0,0,0,0,0
178,0,0,0,0,0,0,0,0,0
179,0,0,0,0,0,0,0,0,0
180,0,0,0,0,0,0,0,0,0
181,0,0,0,0,0,0,0,0,0
182,0,0,0,0,0,0,0,0,0
183,0,0,0,0,0,0,0,0,0
184,0,0,0,0,0,0,0,0,0
185,0,0,0,0,0,0,0,0,0
186,0,0,0,0,0,0,0,0,0
187,0,0,0,0,0,0,0,0,0
188,0,0,0,0,0,0,0,0,0
189,0,0,0,0,0,0,0,0,0
190,0,0,0,0,0,0,0,0,0
191,0,0,0,0,0,0,0,0,0
192,0,0,0,0,0,0,0,0,0
193,0,0,0,0,0,0,0,0,0
194,0,0,0,0,0,0,0,0,0
195,0,0,0,0,0,0,0,0,0
196,0,0,0,0,0,0,0,0,0
197,0,0,0,0,0,0,0,0,0
198,0,0,0,0,0,0,0,0,0
199,0,0,0,0,0,0,0,0,0
200,0,0,0,0,0,0,0,0,0
201,0,0,0,0,0,0,0,0,0
202,0,0,0,0,0,0,0,0,0
203,0,0,0,0,0,0,0,0,0
204,0,0,0,0,0,0,0,0,0
205,0,0,0,0,0,0,0,0,0
206,0,0,0,0,0,0,0,0,0
207,0,0,0,0,0,0,0,0,0
208,0,0,0,0,0,0,0,0,0
209,0,0,0,0,0,0,0,0,0
210,0,0,0,0,0,0,0,0,0
211,0,0,0,0,0,0,0,0,0
212,0,0,0,0,0,0,0,0,0
213,0,0,0,0,0,0,0,0,0
214,0,0,0,0,0,0,0,0,0
215,0,0,0,0,0,0,0,0,0
216,0,0,0,0,0,0,0,0,0
217,0,0,0,0,0,0,0,0,0
218,0,0,0,0,0,0,0,0,0
219,0,0,0,0,0,0,0,0,0
220,0,0,0,0,0,0,0,0,0
221,0,0,0,0,0,0,0,0,0
222,0,0,0,0,0,0,0,0,0
223,0,0,0,0,0,0,0,0,0
224,0,0,0,0,0,0,0,0,0
225,0,0,0,0,0,0,0,0,0
226,0,0,0,0,0,0,0,0,0
227,0,0,0,0,0,0,0,0,0
228,0,0,0,0,0,0,0,0,0
229,0,0,0,0,0,0,0,0,0
230,0,0,0,0,0,0,0,0,0
231,0,0,0,0,0,0,0,0,0
232,0,0,0,0,0,0,0,0,0
233,0,0,0,0,0,0,0,0,0
234,0,0,0,0,0,0,0,0,0
235,0,0,0,0,0,0,0,0,0
236,0,0,0,0,0,0,0,0,0
237,0,0,0,0,0,0,0,0,0
238,0,0,0,0,0,0,0,0,0
239,0,0,0,0,0,0,0,0,0
240,0,0,0,0,0,0,0,0,0
241,0,0,0,0,0,0,0,0,0
242,0,0,0,0,0,0,0,0,0
243,0,0,0,0,0,0,0,0,0
244,0,0,0,0,0,0,0,0,0
245,0,0,0,0,0,0,0,0,0
246,0,0,0,0,0,0,0,0,0
247,0,0,0,0,0,0,0,0,0
248,0,0,0,0,0,0,0,0,0
249,0,0,0,0,0,0,0,0,0
250,0,0,0,0,0,0,0,0,0
251,0,0,0,0,0,0,0,0,0
252,0,0,0,0,0,0,0,0,0
253,0,0,0,0,0,0,0,0,0
254,0,0,0,0,0,0,0,0,0
255,0,0,0,0,0,0,0,0,0
256,0,0,0,0,0,0,0,0,0
257,0,0,0,0,0,0,0,0,0
258,0,0,0,0,0,0,0,0,0
259,0,0,0,0,0,0,0,0,0
260,0,0,0,0,0,0,0,0,0
261,0,0,0,0,0,0,0,0,0
262,0,0,0,0,0,0,0,0,0
263,0,0,0,0,0,0,0,0,0
264,0,0,0,0,0,0,0,0,0
265,0,0,0,0,0,0,0,0,0
266,0,0,0,0,0,0,0,0,0
267,0,0,0,0,0,0,0,0,0
268,0,0,0,0,0,0,0,0,0
269,0,0,0,0,0,0,0,0,0
270,0,0,0,0,0,0,0,0,0
271,0,0,0,0,0,0,0,0,0
272,0,0,0,0,0,0,0,0,0
273,0,0,0,0,0,0,0,0,0
274,0,0,0,0,0,0,0,0,0
275,0,0,0,0,0,0,0,0,0
276,0,0,0,0,0,0,0,0,0
277,0,0,0,0,0,0,0,0,0
278,0,0,0,0,0,0,0,0,0
279,0,0,0,0,0,0,0,0,0
280,0,0,0,0,0,0,0,0,0
281,0,0,0,0,0,0,0,0,0
282,0,0,0,0,0,0,0,0,0
283,0,0,0,0,0,0,0,0,0
284,0,0,0,0,0,0,0,0,0
285,0,0,0,0,0,0,0,0,0
286,0,0,0,0,0,0,0,0,0
287,0,0,0,0,0,0,0,0,0
288,0,0,0,0,0,0,0,0,0
289,0,0,0,0,0,0,0,0,0
290,0,0,0,0,0,0,0,0,0
291,0,0,0,0,0,0,0,0,0
292,0,0,0,0,0,0,0,0,0
293,0,0,0,0,0,0,0,0,0
294,0,0,0,0,0,0,0,0,0
295,0,0,0,0,0,0,0,0,0
296,0,0,0,0,0,0,0,0,0
297,0,0,0,0,0,0,0,0,0
298,0,0,0,0,0,0,0,0,0
299,0,0,0,0,0,0,0,0,0
300,0,0,0,0,0,0,0,0,0
301,0,0,0,0,0,0,0,0,0
302,0,0,0,0,0,0,0,0,0
303,0,0,0,0,0,0,0,0,0
304,0,0,0,0,0,0,0,0,0
305,0,0,0,0,0,0,0,0,0
306,0,0,0,0,0,0,0,0,0
307,0,0,0,0,0,0,0,0,0
308,0,0,0,0,0,0,0,0,0
309,0,0,0,0,0,0,0,0,0
310,0,0,0,0,0,0,0,0,0
311,0,0,0,0,0,0,0,0,0
312,0,0,0,0,0,0,0,0,0
313,0,0,0,0,0,0,0,0,0
314,0,0,0,0,0,0,0,0,0
315,0,0,0,0,0,0,0,0,0
316,0,0,0,0,0,0,0,0,0
317,0,0,0,0,0,0,0,0,0
318,0,0,0,0,0,0,0,0,0
319,0,0,0,0,0,0,0,0,0
320,0,0,0,0,0,0,0,0,0
321,0,0,0,0,0,0,0,0,0
322,0,0,0,0,0,0,0,0,0
323,0,0,0,0,0,0,0,0,0
324,0,0,0,0,0,0,0,0,0
325,0,0,0,0,0,0,0,0,0
326,0,0,0,0,0,0,0,0,0
327,0,0,0,0,0,0,0,0,0
328,0,0,0,0,0,0,0,0,0
329,0,0,0,0,0,0,0,0,0
330,0,0,0,0,0,0,0,0,0
331,0,0,0,0,0,0,0,0,0
332,0,0,0,0,0,0,0,0,0
333,0,0,0,0,0,0,0,0,0
334,0,0,0,0,0,0,0,0,0
335,0,0,0,0,0,0,0,0,0
336,0,0,0,0,0,0,0,0,0
337,0,0,0,0,0,0,0,0,0
338,0,0,0,0,0,0,0,0,0
339,0,0,0,0,0,0,0,0,0
340,0,0,0,0,0,0,0,0,0
341,0,0,0,0,0,0,0,0,0
342,0,0,0,0,0,0,0,0,0
343,0,0,0,0,0,0,0,0,0
344,0,0,0,0,0,0,0,0,0
345,0,0,0,0,0,0,0,0,0
346,0,0,0,0,0,0,0,0,0
347,0,0,0,0,0,0,0,0,0
348,0,0,0,0,0,0,0,0,0
349,0,0,0,0,0,0,0,0,0
350,0,0,0,0,0,0,0,0,0
351,0,0,0,0,0,0,0,0,0
352,0,0,0,0,0,0,0,0,0
353,0,0,0,0,0,0,0,0,0
354,0,0,0,0,0,0,0,0,0
355,0,0,0,0,0,0,0,0,0
356,0,0,0,0,0,0,0,0,0
357,0,0,0,0,0,0,0,0,0
358,0,0,0,0,0,0,0,0,0
359,0,0,0,0,0,0,0,0,0
360,0,0,0,0,0,0,0,0,0
361,0,0,0,0,0,0,0,0,0
362,0,0,0,0,0,0,0,0,0
363,0,0,0,0,0,0,0,0,0
364,0,0,0,0,0,0,0,0,0
365,0,0,0,0,0,0,0,0,0
366,0,0,0,0,0,0,0,0,0
367,0,0,0,0,0,0,0,0,0
368,0,0,0,0,0,0,0,0,0
369,0,0,0,0,0,0,0,0,0
370,0,0,0,0,0,0,0,0,0
371,0,0,0,0,0,0,0,0,0
372,0,0,0,0,0,0,0,0,0
373,0,0,0,0,0,0,0,0,0
374,0,0,0,0,0,0,0,0,0
375,0,0,0,0,0,0,0,0,0
376,0,0,0,0,0,0,0,0,0
377,0,0,0,0,0,0,0,0,0
378,0,0,0,0,0,0,0,0,0
379,0,0,0,0,0,0,0,0,0
380,0,0,0,0,0,0,0,0,0
381,0,0,0,0,0,0,0,0,0
382,0,0,0,0,0,0,0,0,0
383,0,0,0,0,0,0,0,0,0
384,0,0,0,0,0,0,0,0,0
385,0,0,0,0,0,0,0,0,0
386,0,0,0,0,0,0,0,0,0
387,0,0,0,0,0,0,0,0,0
388,0,0,0,0,0,0,0,0,0
389,0,0,0,0,0,0,0,0,0
390,0,0,0,0,0,0,0,0,0
391,0,0,0,0,0,0,0,0,0
392,0,0,0,0,0,0,0,0,0
393,0,0,0,0,0,0,0,0,0
394,0,0,0,0,0,0,0,0,0
395,0,0,0,0,0,0,0,0,0
396,0,0,0,0,0,0,0,0,0
397,0,0,0,0,0,0,0,0,0
398,0,0,0,0,0,0,0,0,0
399,0,0,0,0,0,0,0,0,0
400,0,0,0,0,0,0,0,0,0
401,0,0,0,0,0,0,0,0,0
402,0,0,0,0,0,0,0,0,0
403,0,0,0,0,0,0,0,0,0
404,0,0,0,0,0,0,0,0,0
405,0,0,0,0,0,0,0,0,0
406,0,0,0,0,0,0,0,0,0
407,0,0,0,0,0,0,0,0,0
408,0,0,0,0,0,0,0,0,0
409,0,0,0,0,0,0,0,0,0
410,0,0,0,0,0,0,0,0,0
411,0,0,0,0,0,0,0,0,0
412,0,0,0,0,0,0,0,0,0
413,0,0,0,0,0,0,0,0,0
414,0,0,0,0,0,0,0,0,0
415,0,0,0,0,0,0,0,0,0
416,0,0,0,0,0,0,0,0,0
417,0,0,0,0,0,0,0,0,0
418,0,0,0,0,0,0,0,0,0
419,0,0,0,0,0,0,0,0,0
420,0,0,0,0,0,0,0,0,0
421,0,0,0,0,0,0,0,0,0
422,0,0,0,0,0,0,0,0,0
423,0,0,0,0,0,0,0,0,0
424,0,0,0,0,0,0,0,0,0
425,0,0,0,0,0,0,0,0,0
426,0,0,0,0,0,0,0,0,0
427,0,0,0,0,0,0,0,0,0
428,0,0,0,0,0,0,0,0,0
429,0,0,0,0,0,0,0,0,0
430,0,0,0,0,0,0,0,0,0
431,0,0,0,0,0,0,0,0,0
432,0,0,0,0,0,0,0,0,0
433,0,0,0,0,0,0,0,0,0
434,0,0,0,0,0,0,0,0,0
435,0,0,0,0,0,0,0,0,0
436,0,0,0,0,0,0,0,0,0
437,0,0,0,0,0,0,0,0,0
438,0,0,0,0,0,0,0,0,0
439,0,0,0,0,0,0,0,0,0
440,0,0,0,0,0,0,0,0,0
441,0,0,0,0,0,0,0,0,0
442,0,0,0,0,0,0,0,0,0
443,0,0,0,0,0,0,0,0,0
444,0,0,0,0,0,0,0,0,0
445,0,0,0,0,0,0,0,0,0
446,0,0,0,0,0,0,0,0,0
447,0,0,0,0,0,0,0,0,0
448,0,0,0,0,0,0,0,0,0
449,0,0,0,0,0,0,0,0,0
450,0,0,0,0,0,0,0,0,0
451,0,0,0,0,0,0,0,0,0
452,0,0,0,0,0,0,0,0,0
453,0,0,0,0,0,0,0,0,0
454,0,0,0,0,0,0,0,0,0
455,0,0,0,0,0,0,0,0,0
456,0,0,0,0,0,0,0,0,0
457,0,0,0,0,0,0,0,0,0
458,0,0,0,0,0,0,0,0,0
459,0,0,0,0,0,0,0,0,0
460,0,0,0,0,0,0,0,0,0
461,0,0,0,0,0,0,0,0,0
462,0,0,0,0,0,0,0,0,0
463,0,0,0,0,0,0,0,0,0
464,0,0,0,0,0,0,0,0,0
465,0,0,0,0,0,0,0,0,0
466,0,0,0,0,0,0,0,0,0
467,0,0,0,0,0,0,0,0,0
468,0,0,0,0,0,0,0,0,0
469,0,0,0,0,0,0,0,0,0
470,0,0,0,0,0,0,0,0,0
471,0,0,0,0,0,0,0,0,0
472,0,0,0,0,0,0,0,0,0
473,0,0,0,0,0,0,0,0,0
474,0,0,0,0,0,0,0,0,0
475,0,0,0,0,0,0,0,0,0
476,0,0,0,0,0,0,0,0,0
477,0,0,0,0,0,0,0,0,0
478,0,0,0,0,0,0,0,0,0
479,0,0,0,0,0,0,0,0,0
480,0,0,0,0,0,0,0,0,0
481,0,0,0,0,0,0,0,0,0
482,0,0,0,0,0,0,0,0,0
483,0,0,0,0,0,0,0,0,0
484,0,0,0,0,0,0,0,0,0
485,0,0,0,0,0,0,0,0,0
486,0,0,0,0,0,0,0,0,0
487,0,0,0,0,0,0,0,0,0
488,0,0,0,0,0,0,0,0,0
489,0,0,0,0,0,0,0,0,0
490,0,0,0,0,0,0,0,0,0
491,0,0,0,0,0,0,0,0,0
492,0,0,0,0,0,0,0,0,0
493,0,0,0,0,0,0,0,0,0
494,0,0,0,0,0,0,0,0,0
495,0,0,0,0,0,0,0,0,0
496,0,0,0,0,0,0,0,0,0
497,0,0,0,0,0,0,0,0,0
498,0,0,0,0,0,0,0,0,0
499,0,0,0,0,0,0,0,0,0
500,0,0,0,0,0,0,0,0,0
501,0,0,0,0,0,0,0,0,0
502,0,0,0,0,0,0,0,0,0
503,0,0,0,0,0,0,0,0,0
504,0,0,0,0,0,0,0,0,0
505,0,0,0,0,0,0,0,0,0
506,0,0,0,0,0,0,0,0,0
507,0,0,0,0,0,0,0,0,0
508,0,0,0,0,0,0,0,0,0
509,0,0,0,0,0,0,0,0,0
510,0,0,0,0,0,0,0,0,0
511,0,0,0,0,0,0,0,0,0
512,0,0,0,0,0,0,0,0,0
513,0,0,0,0,0,0,0,0,0
514,0,0,0,0,0,0,0,0,0
515,0,0,0,0,0,0,0,0,0
516,0,0,0,0,0,0,0,0,0
517,0,0,0,0,0,0,0,0,0
518,0,0,0,0,0,0,0,0,0
519,0,0,0,0,0,0,0,0,0
520,0,0,0,0,0,0,0,0,0
521,0,0,0,0,0,0,0,0,0
522,0,0,0,0,0,0,0,0,0
523,0,0,0,0,0,0,0,0,0
524,0,0,0,0,0,0,0,0,0
525,0,0,0,0,0,0,0,0,0
526,0,0,0,0,0,0,0,0,0
527,0,0,0,0,0,0,0,0,0
528,0,0,0,0,0,0,0,0,0
529,0,0,0,0,0,0,0,0,0
530,0,0,0,0,0,0,0,0,0
531,0,0,0,0,0,0,0,0,0
532,0,0,0,0,0,0,0,0,0
533,0,0,0,0,0,0,0,0,0
534,0,0,0,0,0,0,0,0,0
535,0,0,0,0,0,0,0,0,0
536,0,0,0,0,0,0,0,0,0
537,0,0,0,0,0,0,0,0,0
538,0,0,0,0,0,0,0,0,0
539,0,0,0,0,0,0,0,0,0
540,0,0,0,0,0,0,0,0,0
541,0,0,0,0,0,0,0,0,0
542,0,0,0,0,0,0,0,0,0
543,0,0,0,0,0,0,0,0,0
544,0,0,0,0,0,0,0,0,0
545,0,0,0,0,0,0,0,0,0
546,0,0,0,0,0,0,0,0,0
547,0,0,0,0,0,0,0,0,0
548,0,0,0,0,0,0,0,0,0
549,0,0,0,0,0,0,0,0,0
550,0,0,0,0,0,0,0,0,0
551,0,0,0,0,0,0,0,0,0
552,0,0,0,0,0,0,0,0,0
553,0,0,0,0,0,0,0,0,0
554,0,0,0,0,0,0,0,0,0
555,0,0,0,0,0,0,0,0,0
556,0,0,0,0,0,0,0,0,0
557,0,0,0,0,0,0,0,0,0
558,0,0,0,0,0,0,0,0,0
559,0,0,0,0,0,0,0,0,0
560,0,0,0,0,0,0,0,0,0
561,0,0,0,0,0,0,0,0,0
562,0,0,0,0,0,0,0,0,0
563,0,0,0,0,0,0,0,0,0
564,0,0,0,0,0,0,0,0,0
565,0,0,0,0,0,0,0,0,0
566,0,0,0,0,0,0,0,0,0
567,0,0,0,0,0,0,0,0,0
568,0,0,0,0,0,0,0,0,0
569,0,0,0,0,0,0,0,0,0
570,0,0,0,0,0,0,0,0,0
571,0,0,0,0,0,0,0,0,0
572,0,0,0,0,0,0,0,0,0
573,0,0,0,0,0,0,0,0,0
574,0,0,0,0,0,0,0,0,0
575,0,0,0,0,0,0,0,0,0
576,0,0,0,0,0,0,0,0,0
577,0,0,0,0,0,0,0,0,0
578,0,0,0,0,0,0,0,0,0
579,0,0,0,0,0,0,0,0,0
580,0,0,0,0,0,0,0,0,0
581,0,0,0,0,0,0,0,0,0
582,0,0,0,0,0,0,0,0,0
583,0,0,0,0,0,0,0,0,0
584,0,0,0,0,0,0,0,0,0
585,0,0,0,0,0,0,0,0,0
586,0,0,0,0,0,0,0,0,0
587,0,0,0,0,0,0,0,0,0
588,0,0,0,0,0,0,0,0,0
589,0,0,0,0,0,0,0,0,0
590,0,0,0,0,0,0,0,0,0
591,0,0,0,0,0,0,0,0,0
592,0,0,0,0,0,0,0,0,0
593,0,0,0,0,0,0,0,0,0
594,0,0,0,0,0,0,0,0,0
595,0,0,0,0,0,0,0,0,0
596,0,0,0,0,0,0,0,0,0
597,0,0,0,0,0,0,0,0,0
598,0,0,0,0,0,0,0,0,0
599,0,0,0,0,0,0,0,0,0
600,0,0,0,0,0,0,0,0,0
601,0,0,0,0,0,0,0,0,0
602,0,0,0,0,0,0,0,0,0
603,0,0,0,0,0,0,0,0,0
604,0,0,0,0,0,0,0,0,0
605,0,0,0,0,0,0,0,0,0
606,0,0,0,0,0,0,0,0,0
607,0,0,0,0,0,0,0,0,0
608,0,0,0,0,0,0,0,0,0
609,0,0,0,0,0,0,0,0,0
610,0,0,0,0,0,0,0,0,0
611,0,0,0,0,0,0,0,0,0
612,0,0,0,0,0,0,0,0,0
613,0,0,0,0,0,0,0,0,0
614,0,0,0,0,0,0,0,0,0
615,0,0,0,0,0,0,0,0,0
616,0,0,0,0,0,0,0,0,0
617,0,0,0,0,0,0,0,0,0
618,0,0,0,0,0,0,0,0,0
619,0,0,0,0,0,0,0,0,0
620,0,0,0,0,0,0,0,0,0
621,0,0,0,0,0,0,0,0,0
622,0,0,0,0,0,0,0,0,0
623,0,0,0,0,0,0,0,0,0
624,0,0,0,0,0,0,0,0,0
625,0,0,0,0,0,0,0,0,0
626,0,0,0,0,0,0,0,0,0
627,0,0,0,0,0,0,0,0,0
628,0,0,0,0,0,0,0,0,0
629,0,0,0,0,0,0,0,0,0
630,0,0,0,0,0,0,0,0,0
631,0,0,0,0,0,0,0,0,0
632,0,0,0,0,0,0,0,0,0
633,0,0,0,0,0,0,0,0,0
634,0,0,0,0,0,0,0,0,0
635,0,0,0,0,0,0,0,0,0
636,0,0,0,0,0,0,0,0,0
637,0,0,0,0,0,0,0,0,0
638,0,0,0,0,0,0,0,0,0
639,0,0,0,0,0,0,0,0,0
640,0,0,0,0,0,0,0,0,0
641,0,0,0,0,0,0,0,0,0
642,0,0,0,0,0,0,0,0,0
643,0,0,0,0,0,0,0,0,0
644,0,0,0,0,0,0,0,0,0
645,0,0,0,0,0,0,0,0,0
646,0,0,0,0,0,0,0,0,0
647,0,0,0,0,0,0,0,0,0
648,0,0,0,0,0,0,0,0,0
649,0,0,0,0,0,0,0,0,0
650,0,0,0,0,0,0,0,0,0
651,0,0,0,0,0,0,0,0,0
652,0,0,0,0,0,0,0,0,0
653,0,0,0,0,0,0,0,0,0
654,0,0,0,0,0,0,0,0,0
655,0,0,0,0,0,0,0,0,0
656,0,0,0,0,0,0,0,0,0
657,0,0,0,0,0,0,0,0,0
658,0,0,0,0,0,0,0,0,0
659,0,0,0,0,0,0,0,0,0
660,0,0,0,0,0,0,0,0,0
661,0,0,0,0,0,0,0,0,0
662,0,0,0,0,0,0,0,0,0
663,0,0,0,0,0,0,0,0,0
664,0,0,0,0,0,0,0,0,0
665,0,0,0,0,0,0,0,0,0
666,0,0,0,0,0,0,0,0,0
667,0,0,0,0,0,0,0,0,0
668,0,0,0,0,0,0,0,0,0
669,0,0,0,0,0,0,0,0,0
670,0,0,0,0,0,0,0,0,0
671,0,0,0,0,0,0,0,0,0
672,0,0,0,0,0,0,0,0,0
673,0,0,0,0,0,0,0,0,0
674,0,0,0,0,0,0,0,0,0
675,0,0,0,0,0,0,0,0,0
676,0,0,0,0,0,0,0,0,0
677,0,0,0,0,0,0,0,0,0
678,0,0,0,0,0,0,0,0,0
679,0,0,0,0,0,0,0,0,0
680,0,0,0,0,0,0,0,0,0
681,0,0,0,0,0,0,0,0,0
682,0,0,0,0,0,0,0,0,0
683,0,0,0,0,0,0,0,0,0
684,0,0,0,0,0,0,0,0,0
685,0,0,0,0,0,0,0,0,0
686,0,0,0,0,0,0,0,0,0
687,0,0,0,0,0,0,0,0,0
688,0,0,0,0,0,0,0,0,0
689,0,0,0,0,0,0,0,0,0
690,0,0,0,0,0,0,0,0,0
691,0,0,0,0,0,0,0,0,0
692,0,0,0,0,0,0,0,0,0
693,0,0,0,0,0,0,0,0,0
694,0,0,0,0,0,0,0,0,0
695,0,0,0,0,0,0,0,0,0
696,0,0,0,0,0,0,0,0,0
697,0,0,0,0,0,0,0,0,0
698,0,0,0,0,0,0,0,0,0
699,0,0,0,0,0,0,0,0,0
700,0,0,0,0,0,0,0,0,0
701,0,0,0,0,0,0,0,0,0
702,0,0,0,0,0,0,0,0,0
703,0,0,0,0,0,0,0,0,0
704,0,0,0,0,0,0,0,0,0
705,0,0,0,0,0,0,0,0,0
706,0,0,0,0,0,0,0,0,0
707,0,0,0,0,0,0,0,0,0
708,0,0,0,0,0,0,0,0,0
709,0,0,0,0,0,0,0,0,0
710,0,0,0,0,0,0,0,0,0
711,0,0,0,0,0,0,0,0,0
712,0,0,0,0,0,0,0,0,0
713,0,0,0,0,0,0,0,0,0
714,0,0,0,0,0,0,0,0,0
715,0,0,0,0,0,0,0,0,0
716,0,0,0,0,0,0,0,0,0
717,0,0,0,0,0,0,0,0,0
718,0,0,0,0,0,0,0,0,0
719,0,0,0,0,0,0,0,0,0
720,0,0,0,0,0,0,0,0,0
721,0,0,0,0,0,0,0,0,0
722,0,0,0,0,0,0,0,0,0
723,0,0,0,0,0,0,0,0,0
724,0,0,0,0,0,0,0,0,0
725,0,0,0,0,0,0,0,0,0
726,0,0,0,0,0,0,0,0,0
727,0,0,0,0,0,0,0,0,0
728,0,0,0,0,0,0,0,0,0
729,0,0,0,0,0,0,0,0,0
730,0,0,0,0,0,0,0,0,0
731,0,0,0,0,0,0,0,0,0
732,0,0,0,0,0,0,0,0,0
733,0,0,0,0,0,0,0,0,0
734,0,0,0,0,0,0,0,0,0
735,0,0,0,0,0,0,0,0,0
736,0,0,0,0,0,0,0,0,0
737,0,0,0,0,0,0,0,0,0
738,0,0,0,0,0,0,0,0,0
739,0,0,0,0,0,0,0,0,0
740,0,0,0,0,0,0,0,0,0
741,0,0,0,0,0,0,0,0,0
742,0,0,0,0,0,0,0,0,0
743,0,0,0,0,0,0,0,0,0
744,0,0,0,0,0,0,0,0,0
745,0,0,0,0,0,0,0,0,0
746,0,0,0,0,0,0,0,0,0
747,0,0,0,0,0,0,0,0,0
748,0,0,0,0,0,0,0,0,0
749,0,0,0,0,0,0,0,0,0
750,0,0,0,0,0,0,0,0,0
0,194,7257,201425,4077983,57373546,517292847,2626655236,5935079656,3356972874
1,106,3352,79107,1337809,15722341,118366663,501839206,947018391,447645683
2,58,1387,26600,359177,3401017,20658977,70823717,108122599,41346855
3,39,712,11001,122868,942936,4611493,12670012,15400383,4653997
4,32,492,7023,70276,483871,2106818,5141041,5525253,1466664
5,19,318,3923,35433,218258,852712,1866597,1800337,428390
6,8,154,1610,12557,67479,224997,418187,339732,67469
7,7,131,1278,9470,47854,148284,256095,193502,35470
8,5,87,688,4392,19529,51085,73858,46695,6874
9,4,61,515,3208,13008,31524,42066,24393,3269
10,4,61,482,2788,10581,24176,30454,16915,2236
11,3,35,234,1211,4218,9030,10620,5559,707
12,3,32,186,869,2850,5510,5598,2494,261
13,1,24,133,602,1910,3603,3606,1588,160
14,1,17,89,340,1016,1935,1882,789,94
15,1,17,84,309,850,1573,1495,558,52
16,1,9,62,229,625,1160,1055,394,34
17,0,2,39,139,302,496,404,125,9
18,0,2,30,105,203,290,243,81,6
19,0,2,28,90,161,218,170,58,3
20,0,2,28,89,160,214,165,58,3
21,0,2,22,75,132,166,118,44,3
22,0,2,15,55,89,105,64,22,2
23,0,2,15,54,86,94,57,18,1
24,0,2,15,54,86,94,57,18,1
25,0,2,14,54,84,94,57,17,1
26,0,0,2,22,37,38,20,9,0
27,0,0,2,20,35,36,19,8,0
28,0,0,2,17,31,23,18,6,0
29,0,0,2,17,31,23,14,4,0
30,0,0,2,15,26,18,10,1,0
31,0,0,2,15,26,18,10,1,0
32,0,0,0,0,0,0,0,0,0
33,0,0,0,0,0,0,0,0,0
34,0,0,0,0,0,0,0,0,0
35,0,0,0,0,0,0,0,0,0
36,0,0,0,0,0,0,0,0,0
37,0,0,0,0,0,0,0,0,0
38,0,0,0,0,0,0,0,0,0
39,0,0,0,0,0,0,0,0,0
40,0,0,0,0,0,0,0,0,0
41,0,0,0,0,0,0,0,0,0
42,0,0,0,0,0,0,0,0,0
43,0,0,0,0,0,0,0,0,0
44,0,0,0,0,0,0,0,0,0
45,0,0,0,0,0,0,0,0,0
46,0,0,0,0,0,0,0,0,0
47,0,0,0,0,0,0,0,0,0
48,0,0,0,0,0,0,0,0,0
49,0,0,0,0,0,0,0,0,0
50,0,0,0,0,0,0,0,0,0
51,0,0,0,0,0,0,0,0,0
52,0,0,0,0,0,0,0,0,0
53,0,0,0,0,0,0,0,0,0
54,0,0,0,0,0,0,0,0,0
55,0,0,0,0,0,0,0,0,0
56,0,0,0,0,0,0,0,0,0
57,0,0,0,0,0,0,0,0,0
58,0,0,0,0,0,0,0,0,0
59,0,0,0,0,0,0,0,0,0
60,0,0,0,0,0,0,0,0,0
61,0,0,0,0,0,0,0,0,0
62,0,0,0,0,0,0,0,0,0
63,0,0,0,0,0,0,0,0,0
64,0,0,0,0,0,0,0,0,0
65,0,0,0,0,0,0,0,0,0
66,0,0,0,0,0,0,0,0,0
67,0,0,0,0,0,0,0,0,0
68,0,0,0,0,0,0,0,0,0
69,0,0,0,0,0,0,0,0,0
70,0,0,0,0,0,0,0,0,0
71,0,0,0,0,0,0,0,0,0
72,0,0,0,0,0,0,0,0,0
73,0,0,0,0,0,0,0,0,0
74,0,0,0,0,0,0,0,0,0
75,0,0,0,0,0,0,0,0,0
76,0,0,0,0,0,0,0,0,0
77,0,0,0,0,0,0,0,0,0
78,0,0,0,0,0,0,0,0,0
79,0,0,0,0,0,0,0,0,0
80,0,0,0,0,0,0,0,0,0
81,0,0,0,0,0,0,0,0,0
82,0,0,0,0,0,0,0,0,0
83,0,0,0,0,0,0,0,0,0
84,0,0,0,0,0,0,0,0,0
85,0,0,0,0,0,0,0,0,0
86,0,0,0,0,0,0,0,0,0
87,0,0,0,0,0,0,0,0,0
88,0,0,0,0,0,0,0,0,0
89,0,0,0,0,0,0,0,0,0
90,0,0,0,0,0,0,0,0,0
91,0,0,0,0,0,0,0,0,0
92,0,0,0,0,0,0,0,0,0
93,0,0,0,0,0,0,0,0,0
94,0,0,0,0,0,0,0,0,0
95,0,0,0,0,0,0,0,0,0
96,0,0,0,0,0,0,0,0,0
97,0,0,0,0,0,0,0,0,0
98,0,0,0,0,0,0,0,0,0
99,0,0,0,0,0,0,0,0,0
100,0,0,0,0,0,0,0,0,0
101,0,0,0,0,0,0,0,0,0
102,0,0,0,0,0,0,0,0,0
103,0,0,0,0,0,0,0,0,0
104,0,0,0,0,0,0,0,0,0
105,0,0,0,0,0,0,0,0,0
106,0,0,0,0,0,0,0,0,0
107,0,0,0,0,0,0,0,0,0
108,0,0,0,0,0,0,0,0,0
109,0,0,0,0,0,0,0,0,0
110,0,0,0,0,0,0,0,0,0
111,0,0,0,0,0,0,0,0,0
112,0,0,0,0,0,0,0,0,0
113,0,0,0,0,0,0,0,0,0
114,0,0,0,0,0,0,0,0,0
115,0,0,0,0,0,0,0,0,0
116,0,0,0,0,0,0,0,0,0
117,0,0,0,0,0,0,0,0,0
118,0,0,0,0,0,0,0,0,0
119,0,0,0,0,0,0,0,0,0
120,0,0,0,0,0,0,0,0,0
121,0,0,0,0,0,0,0,0,0
122,0,0,0,0,0,0,0,0,0
123,0,0,0,0,0,0,0,0,0
124,0,0,0,0,0,0,0,0,0
125,0,0,0,0,0,0,0,0,0
126,0,0,0,0,0,0,0,0,0
127,0,0,0,0,0,0,0,0,0
128,0,0,0,0,0,0,0,0,0
129,0,0,0,0,0,0,0,0,0
130,0,0,0,0,0,0,0,0,0
131,0,0,0,0,0,0,0,0,0
132,0,0,0,0,0,0,0,0,0
133,0,0,0,0,0,0,0,0,0
134,0,0,0,0,0,0,0,0,0
135,0,0,0,0,0,0,0,0,0
136,0,0,0,0,0,0,0,0,0
137,0,0,0,0,0,0,0,0,0
138,0,0,0,0,0,0,0,0,0
139,0,0,0,0,0,0,0,0,0
140,0,0,0,0,0,0,0,0,0
141,0,0,0,0,0,0,0,0,0
142,0,0,0,0,0,0,0,0,0
143,0,0,0,0,0,0,0,0,0
144,0,0,0,0,0,0,0,0,0
145,0,0,0,0,0,0,0,0,0
146,0,0,0,0,0,0,0,0,0
147,0,0,0,0,0,0,0,0,0
148,0,0,0,0,0,0,0,0,0
149,0,0,0,0,0,0,0,0,0
150,0,0,0,0,0,0,0,0,0
151,0,0,0,0,0,0,0,0,0
152,0,0,0,0,0,0,0,0,0
153,0,0,0,0,0,0,0,0,0
154,0,0,0,0,0,0,0,0,0
155,0,0,0,0,0,0,0,0,0
156,0,0,0,0,0,0,0,0,0
157,0,0,0,0,0,0,0,0,0
158,0,0,0,0,0,0,0,0,0
159,0,0,0,0,0,0,0,0,0
160,0,0,0,0,0,0,0,0,0
161,0,0,0,0,0,0,0,0,0
162,0,0,0,0,0,0,0,0,0
163,0,0,0,0,0,0,0,0,0
164,0,0,0,0,0,0,0,0,0
165,0,0,0,0,0,0,0,0,0
166,0,0,0,0,0,0,0,0,0
167,0,0,0,0,0,0,0,0,0
168,0,0,0,0,0,0,0,0,0
169,0,0,0,0,0,0,0,0,0
170,0,0,0,0,0,0,0,0,0
171,0,0,0,0,0,0,0,0,0
172,0,0,0,0,0,0,0,0,0
173,0,0,0,0,0,0,0,0,0
174,0,0,0,0,0,0,0,0,0
175,0,0,0,0,0,0,0,0,0
176,0,0,0,0,0,0,0,0,0
177,0,0,0,0,0,0,0,0,0
178,0,0,0,0,0,0,0,0,0
179,0,0,0,0,0,0,0,0,0
180,0,0,0,0,0,0,0,0,0
181,0,0,0,0,0,0,0,0,0
182,0,0,0,0,0,0,0,0,0
183,0,0,0,0,0,0,0,0,0
184,0,0,0,0,0,0,0,0,0
185,0,0,0,0,0,0,0,0,0
186,0,0,0,0,0,0,0,0,0
187,0,0,0,0,0,0,0,0,0
188,0,0,0,0,0,0,0,0,0
189,0,0,0,0,0,0,0,0,0
190,0,0,0,0,0,0,0,0,0
191,0,0,0,0,0,0,0,0,0
192,0,0,0,0,0,0,0,0,0
193,0,0,0,0,0,0,0,0,0
194,0,0,0,0,0,0,0,0,0
195,0,0,0,0,0,0,0,0,0
196,0,0,0,0,0,0,0,0,0
197,0,0,0,0,0,0,0,0,0
198,0,0,0,0,0,0,0,0,0
199,0,0,0,0,0,0,0,0,0
200,0,0,0,0,0,0,0,0,0
201,0,0,0,0,0,0,0,0,0
202,0,0,0,0,0,0,0,0,0
203,0,0,0,0,0,0,0,0,0
204,0,0,0,0,0,0,0,0,0
205,0,0,0,0,0,0,0,0,0
206,0,0,0,0,0,0,0,0,0
207,0,0,0,0,0,0,0,0,0
208,0,0,0,0,0,0,0,0,0
209,0,0,0,0,0,0,0,0,0
210,0,0,0,0,0,0,0,0,0
211,0,0,0,0,0,0,0,0,0
212,0,0,0,0,0,0,0,0,0
213,0,0,0,0,0,0,0,0,0
214,0,0,0,0,0,0,0,0,0
215,0,0,0,0,0,0,0,0,0
216,0,0,0,0,0,0,0,0,0
217,0,0,0,0,0,0,0,0,0
218,0,0,0,0,0,0,0,0,0
219,0,0,0,0,0,0,0,0,0
220,0,0,0,0,0,0,0,0,0
221,0,0,0,0,0,0,0,0,0
222,0,0,0,0,0,0,0,0,0
223,0,0,0,0,0,0,0,0,0
224,0,0,0,0,0,0,0,0,0
225,0,0,0,0,0,0,0,0,0
226,0,0,0,0,0,0,0,0,0
227,0,0,0,0,0,0,0,0,0
228,0,0,0,0,0,0,0,0,0
229,0,0,0,0,0,0,0,0,0
230,0,0,0,0,0,0,0,0,0
231,0,0,0,0,0,0,0,0,0
232,0,0,0,0,0,0,0,0,0
233,0,0,0,0,0,0,0,0,0
234,0,0,0,0,0,0,0,0,0
235,0,0,0,0,0,0,0,0,0
236,0,0,0,0,0,0,0,0,0
237,0,0,0,0,0,0,0,0,0
238,0,0,0,0,0,0,0,0,0
239,0,0,0,0,0,0,0,0,0
240,0,0,0,0,0,0,0,0,0
241,0,0,0,0,0,0,0,0,0
242,0,0,0,0,0,0,0,0,0
243,0,0,0,0,0,0,0,0,0
244,0,0,0,0,0,0,0,0,0
245,0,0,0,0,0,0,0,0,0
246,0,0,0,0,0,0,0,0,0
247,0,0,0,0,0,0,0,0,0
248,0,0,0,0,0,0,0,0,0
249,0,0,0,0,0,0,0,0,0
250,0,0,0,0,0,0,0,0,0
251,0,0,0,0,0,0,0,0,0
252,0,0,0,0,0,0,0,0,0
253,0,0,0,0,0,0,0,0,0
254,0,0,0,0,0,0,0,0,0
255,0,0,0,0,0,0,0,0,0
256,0,0,0,0,0,0,0,0,0
257,0,0,0,0,0,0,0,0,0
258,0,0,0,0,0,0,0,0,0
259,0,0,0,0,0,0,0,0,0
260,0,0,0,0,0,0,0,0,0
261,0,0,0,0,0,0,0,0,0
262,0,0,0,0,0,0,0,0,0
263,0,0,0,0,0,0,0,0,0
264,0,0,0,0,0,0,0,0,0
265,0,0,0,0,0,0,0,0,0
266,0,0,0,0,0,0,0,0,0
267,0,0,0,0,0,0,0,0,0
268,0,0,0,0,0,0,0,0,0
269,0,0,0,0,0,0,0,0,0
270,0,0,0,0,0,0,0,0,0
271,0,0,0,0,0,0,0,0,0
272,0,0,0,0,0,0,0,0,0
273,0,0,0,0,0,0,0,0,0
274,0,0,0,0,0,0,0,0,0
275,0,0,0,0,0,0,0,0,0
276,0,0,0,0,0,0,0,0,0
277,0,0,0,0,0,0,0,0,0
278,0,0,0,0,0,0,0,0,0
279,0,0,0,0,0,0,0,0,0
280,0,0,0,0,0,0,0,0,0
281,0,0,0,0,0,0,0,0,0
282,0,0,0,0,0,0,0,0,0
283,0,0,0,0,0,0,0,0,0
284,0,0,0,0,0,0,0,0,0
285,0,0,0,0,0,0,0,0,0
286,0,0,0,0,0,0,0,0,0
287,0,0,0,0,0,0,0,0,0
288,0,0,0,0,0,0,0,0,0
289,0,0,0,0,0,0,0,0,0
290,0,0,0,0,0,0,0,0,0
291,0,0,0,0,0,0,0,0,0
292,0,0,0,0,0,0,0,0,0
293,0,0,0,0,0,0,0,0,0
294,0,0,0,0,0,0,0,0,0
295,0,0,0,0,0,0,0,0,0
296,0,0,0,0,0,0,0,0,0
297,0,0,0,0,0,0,0,0,0
298,0,0,0,0,0,0,0,0,0
299,0,0,0,0,0,0,0,0,0
300,0,0,0,0,0,0,0,0,0
301,0,0,0,0,0,0,0,0,0
302,0,0,0,0,0,0,0,0,0
303,0,0,0,0,0,0,0,0,0
304,0,0,0,0,0,0,0,0,0
305,0,0,0,0,0,0,0,0,0
306,0,0,0,0,0,0,0,0,0
307,0,0,0,0,0,0,0,0,0
308,0,0,0,0,0,0,0,0,0
309,0,0,0,0,0,0,0,0,0
310,0,0,0,0,0,0,0,0,0
311,0,0,0,0,0,0,0,0,0
312,0,0,0,0,0,0,0,0,0
313,0,0,0,0,0,0,0,0,0
314,0,0,0,0,0,0,0,0,0
315,0,0,0,0,0,0,0,0,0
316,0,0,0,0,0,0,0,0,0
317,0,0,0,0,0,0,0,0,0
318,0,0,0,0,0,0,0,0,0
319,0,0,0,0,0,0,0,0,0
320,0,0,0,0,0,0,0,0,0
321,0,0,0,0,0,0,0,0,0
322,0,0,0,0,0,0,0,0,0
323,0,0,0,0,0,0,0,0,0
324,0,0,0,0,0,0,0,0,0
325,0,0,0,0,0,0,0,0,0
326,0,0,0,0,0,0,0,0,0
327,0,0,0,0,0,0,0,0,0
328,0,0,0,0,0,0,0,0,0
329,0,0,0,0,0,0,0,0,0
330,0,0,0,0,0,0,0,0,0
331,0,0,0,0,0,0,0,0,0
332,0,0,0,0,0,0,0,0,0
333,0,0,0,0,0,0,0,0,0
334,0,0,0,0,0,0,0,0,0
335,0,0,0,0,0,0,0,0,0
336,0,0,0,0,0,0,0,0,0
337,0,0,0,0,0,0,0,0,0
338,0,0,0,0,0,0,0,0,0
339,0,0,0,0,0,0,0,0,0
340,0,0,0,0,0,0,0,0,0
341,0,0,0,0,0,0,0,0,0
342,0,0,0,0,0,0,0,0,0
343,0,0,0,0,0,0,0,0,0
344,0,0,0,0,0,0,0,0,0
345,0,0,0,0,0,0,0,0,0
346,0,0,0,0,0,0,0,0,0
347,0,0,0,0,0,0,0,0,0
348,0,0,0,0,0,0,0,0,0
349,0,0,0,0,0,0,0,0,0
350,0,0,0,0,0,0,0,0,0
351,0,0,0,0,0,0,0,0,0
352,0,0,0,0,0,0,0,0,0
353,0,0,0,0,0,0,0,0,0
354,0,0,0,0,0,0,0,0,0
355,0,0,0,0,0,0,0,0,0
356,0,0,0,0,0,0,0,0,0
357,0,0,0,0,0,0,0,0,0
358,0,0,0,0,0,0,0,0,0
359,0,0,0,0,0,0,0,0,0
360,0,0,0,0,0,0,0,0,0
361,0,0,0,0,0,0,0,0,0
362,0,0,0,0,0,0,0,0,0
363,0,0,0,0,0,0,0,0,0
364,0,0,0,0,0,0,0,0,0
365,0,0,0,0,0,0,0,0,0
366,0,0,0,0,0,0,0,0,0
367,0,0,0,0,0,0,0,0,0
368,0,0,0,0,0,0,0,0,0
369,0,0,0,0,0,0,0,0,0
370,0,0,0,0,0,0,0,0,0
371,0,0,0,0,0,0,0,0,0
372,0,0,0,0,0,0,0,0,0
373,0,0,0,0,0,0,0,0,0
374,0,0,0,0,0,0,0,0,0
375,0,0,0,0,0,0,0,0,0
376,0,0,0,0,0,0,0,0,0
377,0,0,0,0,0,0,0,0,0
378,0,0,0,0,0,0,0,0,0
379,0,0,0,0,0,0,0,0,0
380,0,0,0,0,0,0,0,0,0
381,0,0,0,0,0,0,0,0,0
382,0,0,0,0,0,0,0,0,0
383,0,0,0,0,0,0,0,0,0
384,0,0,0,0,0,0,0,0,0
385,0,0,0,0,0,0,0,0,0
386,0,0,0,0,0,0,0,0,0
387,0,0,0,0,0,0,0,0,0
388,0,0,0,0,0,0,0,0,0
389,0,0,0,0,0,0,0,0,0
390,0,0,0,0,0,0,0,0,0
391,0,0,0,0,0,0,0,0,0
392,0,0,0,0,0,0,0,0,0
393,0,0,0,0,0,0,0,0,0
394,0,0,0,0,0,0,0,0,0
395,0,0,0,0,0,0,0,0,0
396,0,0,0,0,0,0,0,0,0
397,0,0,0,0,0,0,0,0,0
398,0,0,0,0,0,0,0,0,0
399,0,0,0,0,0,0,0,0,0
400,0,0,0,0,0,0,0,0,0
401,0,0,0,0,0,0,0,0,0
402,0,0,0,0,0,0,0,0,0
403,0,0,0,0,0,0,0,0,0
404,0,0,0,0,0,0,0,0,0
405,0,0,0,0,0,0,0,0,0
406,0,0,0,0,0,0,0,0,0
407,0,0,0,0,0,0,0,0,0
408,0,0,0,0,0,0,0,0,0
409,0,0,0,0,0,0,0,0,0
410,0,0,0,0,0,0,0,0,0
411,0,0,0,0,0,0,0,0,0
412,0,0,0,0,0,0,0,0,0
413,0,0,0,0,0,0,0,0,0
414,0,0,0,0,0,0,0,0,0
415,0,0,0,0,0,0,0,0,0
416,0,0,0,0,0,0,0,0,0
417,0,0,0,0,0,0,0,0,0
418,0,0,0,0,0,0,0,0,0
419,0,0,0,0,0,0,0,0,0
420,0,0,0,0,0,0,0,0,0
421,0,0,0,0,0,0,0,0,0
422,0,0,0,0,0,0,0,0,0
423,0,0,0,0,0,0,0,0,0
424,0,0,0,0,0,0,0,0,0
425,0,0,0,0,0,0,0,0,0
426,0,0,0,0,0,0,0,0,0
427,0,0,0,0,0,0,0,0,0
428,0,0,0,0,0,0,0,0,0
429,0,0,0,0,0,0,0,0,0
430,0,0,0,0,0,0,0,0,0
431,0,0,0,0,0,0,0,0,0
432,0,0,0,0,0,0,0,0,0
433,0,0,0,0,0,0,0,0,0
434,0,0,0,0,0,0,0,0,0
435,0,0,0,0,0,0,0,0,0
436,0,0,0,0,0,0,0,0,0
437,0,0,0,0,0,0,0,0,0
438,0,0,0,0,0,0,0,0,0
439,0,0,0,0,0,0,0,0,0
440,0,0,0,0,0,0,0,0,0
441,0,0,0,0,0,0,0,0,0
442,0,0,0,0,0,0,0,0,0
443,0,0,0,0,0,0,0,0,0
444,0,0,0,0,0,0,0,0,0
445,0,0,0,0,0,0,0,0,0
446,0,0,0,0,0,0,0,0,0
447,0,0,0,0,0,0,0,0,0
448,0,0,0,0,0,0,0,0,0
449,0,0,0,0,0,0,0,0,0
450,0,0,0,0,0,0,0,0,0
451,0,0,0,0,0,0,0,0,0
452,0,0,0,0,0,0,0,0,0
453,0,0,0,0,0,0,0,0,0
454,0,0,0,0,0,0,0,0,0
455,0,0,0,0,0,0,0,0,0
456,0,0,0,0,0,0,0,0,0
457,0,0,0,0,0,0,0,0,0
458,0,0,0,0,0,0,0,0,0
459,0,0,0,0,0,0,0,0,0
460,0,0,0,0,0,0,0,0,0
461,0,0,0,0,0,0,0,0,0
462,0,0,0,0,0,0,0,0,0
463,0,0,0,0,0,0,0,0,0
464,0,0,0,0,0,0,0,0,0
465,0,0,0,0,0,0,0,0,0
466,0,0,0,0,0,0,0,0,0
467,0,0,0,0,0,0,0,0,0
468,0,0,0,0,0,0,0,0,0
469,0,0,0,0,0,0,0,0,0
470,0,0,0,0,0,0,0,0,0
471,0,0,0,0,0,0,0,0,0
472,0,0,0,0,0,0,0,0,0
473,0,0,0,0,0,0,0,0,0
474,0,0,0,0,0,0,0,0,0
475,0,0,0,0,0,0,0,0,0
476,0,0,0,0,0,0,0,0,0
477,0,0,0,0,0,0,0,0,0
478,0,0,0,0,0,0,0,0,0
479,0,0,0,0,0,0,0,0,0
480,0,0,0,0,0,0,0,0,0
481,0,0,0,0,0,0,0,0,0
482,0,0,0,0,0,0,0,0,0
483,0,0,0,0,0,0,0,0,0
484,0,0,0,0,0,0,0,0,0
485,0,0,0,0,0,0,0,0,0
486,0,0,0,0,0,0,0,0,0
487,0,0,0,0,0,0,0,0,0
488,0,0,0,0,0,0,0,0,0
489,0,0,0,0,0,0,0,0,0
490,0,0,0,0,0,0,0,0,0
491,0,0,0,0,0,0,0,0,0
492,0,0,0,0,0,0,0,0,0
493,0,0,0,0,0,0,0,0,0
494,0,0,0,0,0,0,0,0,0
495,0,0,0,0,0,0,0,0,0
496,0,0,0,0,0,0,0,0,0
497,0,0,0,0,0,0,0,0,0
498,0,0,0,0,0,0,0,0,0
499,0,0,0,0,0,0,0,0,0
500,0,0,0,0,0,0,0,0,0
501,0,0,0,0,0,0,0,0,0
502,0,0,0,0,0,0,0,0,0
503,0,0,0,0,0,0,0,0,0
504,0,0,0,0,0,0,0,0,0
505,0,0,0,0,0,0,0,0,0
506,0,0,0,0,0,0,0,0,0
507,0,0,0,0,0,0,0,0,0
508,0,0,0,0,0,0,0,0,0
509,0,0,0,0,0,0,0,0,0
510,0,0,0,0,0,0,0,0,0
511,0,0,0,0,0,0,0,0,0
512,0,0,0,0,0,0,0,0,0
513,0,0,0,0,0,0,0,0,0
514,0,0,0,0,0,0,0,0,0
515,0,0,0,0,0,0,0,0,0
516,0,0,0,0,0,0,0,0,0
517,0,0,0,0,0,0,0,0,0
518,0,0,0,0,0,0,0,0,0
519,0,0,0,0,0,0,0,0,0
520,0,0,0,0,0,0,0,0,0
521,0,0,0,0,0,0,0,0,0
522,0,0,0,0,0,0,0,0,0
523,0,0,0,0,0,0,0,0,0
524,0,0,0,0,0,0,0,0,0
525,0,0,0,0,0,0,0,0,0
526,0,0,0,0,0,0,0,0,0
527,0,0,0,0,0,0,0,0,0
528,0,0,0,0,0,0,0,0,0
529,0,0,0,0,0,0,0,0,0
530,0,0,0,0,0,0,0,0,0
531,0,0,0,0,0,0,0,0,0
532,0,0,0,0,0,0,0,0,0
533,0,0,0,0,0,0,0,0,0
534,0,0,0,0,0,0,0,0,0
535,0,0,0,0,0,0,0,0,0
536,0,0,0,0,0,0,0,0,0
537,0,0,0,0,0,0,0,0,0
538,0,0,0,0,0,0,0,0,0
539,0,0,0,0,0,0,0,0,0
540,0,0,0,0,0,0,0,0,0
541,0,0,0,0,0,0,0,0,0
542,0,0,0,0,0,0,0,0,0
543,0,0,0,0,0,0,0,0,0
544,0,0,0,0,0,0,0,0,0
545,0,0,0,0,0,0,0,0,0
546,0,0,0,0,0,0,0,0,0
547,0,0,0,0,0,0,0,0,0
548,0,0,0,0,0,0,0,0,0
549,0,0,0,0,0,0,0,0,0
550,0,0,0,0,0,0,0,0,0
551,0,0,0,0,0,0,0,0,0
552,0,0,0,0,0,0,0,0,0
553,0,0,0,0,0,0,0,0,0
554,0,0,0,0,0,0,0,0,0
555,0,0,0,0,0,0,0,0,0
556,0,0,0,0,0,0,0,0,0
557,0,0,0,0,0,0,0,0,0
558,0,0,0,0,0,0,0,0,0
559,0,0,0,0,0,0,0,0,0
560,0,0,0,0,0,0,0,0,0
561,0,0,0,0,0,0,0,0,0
562,0,0,0,0,0,0,0,0,0
563,0,0,0,0,0,0,0,0,0
564,0,0,0,0,0,0,0,0,0
565,0,0,0,0,0,0,0,0,0
566,0,0,0,0,0,0,0,0,0
567,0,0,0,0,0,0,0,0,0
568,0,0,0,0,0,0,0,0,0
569,0,0,0,0,0,0,0,0,0
570,0,0,0,0,0,0,0,0,0
571,0,0,0,0,0,0,0,0,0
572,0,0,0,0,0,0,0,0,0
573,0,0,0,0,0,0,0,0,0
574,0,0,0,0,0,0,0,0,0
575,0,0,0,0,0,0,0,0,0
576,0,0,0,0,0,0,0,0,0
577,0,0,0,0,0,0,0,0,0
578,0,0,0,0,0,0,0,0,0
579,0,0,0,0,0,0,0,0,0
580,0,0,0,0,0,0,0,0,0
581,0,0,0,0,0,0,0,0,0
582,0,0,0,0,0,0,0,0,0
583,0,0,0,0,0,0,0,0,0
584,0,0,0,0,0,0,0,0,0
585,0,0,0,0,0,0,0,0,0
586,0,0,0,0,0,0,0,0,0
587,0,0,0,0,0,0,0,0,0
588,0,0,0,0,0,0,0,0,0
589,0,0,0,0,0,0,0,0,0
590,0,0,0,0,0,0,0,0,0
591,0,0,0,0,0,0,0,0,0
592,0,0,0,0,0,0,0,0,0
593,0,0,0,0,0,0,0,0,0
594,0,0,0,0,0,0,0,0,0
595,0,0,0,0,0,0,0,0,0
596,0,0,0,0,0,0,0,0,0
597,0,0,0,0,0,0,0,0,0
598,0,0,0,0,0,0,0,0,0
599,0,0,0,0,0,0,0,0,0
600,0,0,0,0,0,0,0,0,0
601,0,0,0,0,0,0,0,0,0
602,0,0,0,0,0,0,0,0,0
603,0,0,0,0,0,0,0,0,0
604,0,0,0,0,0,0,0,0,0
605,0,0,0,0,0,0,0,0,0
606,0,0,0,0,0,0,0,0,0
607,0,0,0,0,0,0,0,0,0
608,0,0,0,0,0,0,0,0,0
609,0,0,0,0,0,0,0,0,0
610,0,0,0,0,0,0,0,0,0
611,0,0,0,0,0,0,0,0,0
612,0,0,0,0,0,0,0,0,0
613,0,0,0,0,0,0,0,0,0
614,0,0,0,0,0,0,0,0,0
615,0,0,0,0,0,0,0,0,0
616,0,0,0,0,0,0,0,0,0
617,0,0,0,0,0,0,0,0,0
618,0,0,0,0,0,0,0,0,0
619,0,0,0,0,0,0,0,0,0
620,0,0,0,0,0,0,0,0,0
621,0,0,0,0,0,0,0,0,0
622,0,0,0,0,0,0,0,0,0
623,0,0,0,0,0,0,0,0,0
624,0,0,0,0,0,0,0,0,0
625,0,0,0,0,0,0,0,0,0
626,0,0,0,0,0,0,0,0,0
627,0,0,0,0,0,0,0,0,0
628,0,0,0,0,0,0,0,0,0
629,0,0,0,0,0,0,0,0,0
630,0,0,0,0,0,0,0,0,0
631,0,0,0,0,0,0,0,0,0
632,0,0,0,0,0,0,0,0,0
633,0,0,0,0,0,0,0,0,0
634,0,0,0,0,0,0,0,0,0
635,0,0,0,0,0,0,0,0,0
636,0,0,0,0,0,0,0,0,0
637,0,0,0,0,0,0,0,0,0
638,0,0,0,0,0,0,0,0,0
639,0,0,0,0,0,0,0,0,0
640,0,0,0,0,0,0,0,0,0
641,0,0,0,0,0,0,0,0,0
642,0,0,0,0,0,0,0,0,0
643,0,0,0,0,0,0,0,0,0
644,0,0,0,0,0,0,0,0,0
645,0,0,0,0,0,0,0,0,0
646,0,0,0,0,0,0,0,0,0
647,0,0,0,0,0,0,0,0,0
648,0,0,0,0,0,0,0,0,0
649,0,0,0,0,0,0,0,0,0
650,0,0,0,0,0,0,0,0,0
651,0,0,0,0,0,0,0,0,0
652,0,0,0,0,0,0,0,0,0
653,0,0,0,0,0,0,0,0,0
654,0,0,0,0,0,0,0,0,0
655,0,0,0,0,0,0,0,0,0
656,0,0,0,0,0,0,0,0,0
657,0,0,0,0,0,0,0,0,0
658,0,0,0,0,0,0,0,0,0
659,0,0,0,0,0,0,0,0,0
660,0,0,0,0,0,0,0,0,0
661,0,0,0,0,0,0,0,0,0
662,0,0,0,0,0,0,0,0,0
663,0,0,0,0,0,0,0,0,0
664,0,0,0,0,0,0,0,0,0
665,0,0,0,0,0,0,0,0,0
666,0,0,0,0,0,0,0,0,0
667,0,0,0,0,0,0,0,0,0
668,0,0,0,0,0,0,0,0,0
669,0,0,0,0,0,0,0,0,0
670,0,0,0,0,0,0,0,0,0
671,0,0,0,0,0,0,0,0,0
672,0,0,0,0,0,0,0,0,0
673,0,0,0,0,0,0,0,0,0
674,0,0,0,0,0,0,0,0,0
675,0,0,0,0,0,0,0,0,0
676,0,0,0,0,0,0,0,0,0
677,0,0,0,0,0,0,0,0,0
678,0,0,0,0,0,0,0,0,0
679,0,0,0,0,0,0,0,0,0
680,0,0,0,0,0,0,0,0,0
681,0,0,0,0,0,0,0,0,0
682,0,0,0,0,0,0,0,0,0
683,0,0,0,0,0,0,0,0,0
684,0,0,0,0,0,0,0,0,0
685,0,0,0,0,0,0,0,0,0
686,0,0,0,0,0,0,0,0,0
687,0,0,0,0,0,0,0,0,0
688,0,0,0,0,0,0,0,0,0
689,0,0,0,0,0,0,0,0,0
690,0,0,0,0,0,0,0,0,0
691,0,0,0,0,0,0,0,0,0
692,0,0,0,0,0,0,0,0,0
693,0,0,0,0,0,0,0,0,0
694,0,0,0,0,0,0,0,0,0
695,0,0,0,0,0,0,0,0,0
696,0,0,0,0,0,0,0,0,0
697,0,0,0,0,0,0,0,0,0
698,0,0,0,0,0,0,0,0,0
699,0,0,0,0,0,0,0,0,0
700,0,0,0,0,0,0,0,0,0
701,0,0,0,0,0,0,0,0,0
702,0,0,0,0,0,0,0,0,0
703,0,0,0,0,0,0,0,0,0
704,0,0,0,0,0,0,0,0,0
705,0,0,0,0,0,0,0,0,0
706,0,0,0,0,0,0,0,0,0
707,0,0,0,0,0,0,0,0,0
708,0,0,0,0,0,0,0,0,0
709,0,0,0,0,0,0,0,0,0
710,0,0,0,0,0,0,0,0,0
711,0,0,0,0,0,0,0,0,0
712,0,0,0,0,0,0,0,0,0
713,0,0,0,0,0,0,0,0,0
714,0,0,0,0,0,0,0,0,0
715,0,0,0,0,0,0,0,0,0
716,0,0,0,0,0,0,0,0,0
717,0,0,0,0,0,0,0,0,0
718,0,0,0,0,0,0,0,0,0
719,0,0,0,0,0,0,0,0,0
720,0,0,0,0,0,0,0,0,0
721,0,0,0,0,0,0,0,0,0
722,0,0,0,0,0,0,0,0,0
723,0,0,0,0,0,0,0,0,0
724,0,0,0,0,0,0,0,0,0
725,0,0,0,0,0,0,0,0,0
726,0,0,0,0,0,0,0,0,0
727,0,0,0,0,0,0,0,0,0
728,0,0,0,0,0,0,0,0,0
729,0,0,0,0,0,0,0,0,0
730,0,0,0,0,0,0,0,0,0
731,0,0,0,0,0,0,0,0,0
732,0,0,0,0,0,0,0,0,0
733,0,0,0,0,0,0,0,0,0
734,0,0,0,0,0,0,0,0,0
735,0,0,0,0,0,0,0,0,0
736,0,0,0,0,0,0,0,0,0
737,0,0,0,0,0,0,0,0,0
738,0,0,0,0,0,0,0,0,0
739,0,0,0,0,0,0,0,0,0
740,0,0,0,0,0,0,0,0,0
741,0,0,0,0,0,0,0,0,0
742,0,0,0,0,0,0,0,0,0
743,0,0,0,0,0,0,0,0,0
744,0,0,0,0,0,0,0,0,0
745,0,0,0,0,0,0,0,0,0
746,0,0,0,0,0,0,0,0,0
747,0,0,0,0,0,0,0,0,0
748,0,0,0,0,0,0,0,0,0
749,0,0,0,0,0,0,0,0,0
750,0,0,0,0,0,0,0,0,0
0,194,7257,201425,4077983,57373546,517292847,2626655236,5935079656,3356972874
1,90,2700,60027,982777,11210101,82070476,338827269,623405378,287620818
2,70,1633,29944,406672,3825653,23080501,78425320,118559626,44871559
3,51,926,14250,155929,1182015,5734476,15645001,19002213,5798839
4,27,414,5741,54121,356115,1491767,3512447,3678730,968840
5,15,201,2622,22287,131285,492720,1041501,978734,232981
6,9,110,1245,9686,51821,176695,334941,280477,59499
7,5,84,915,6426,31553,98537,168851,127056,24360
8,2,53,470,2989,12774,34552,51745,32683,5140
9,2,45,366,1945,7520,18149,24455,13774,1876
10,1,36,290,1407,5212,12235,15851,8579,1058
11,1,25,208,908,3025,6604,7410,3549,383
12,0,21,171,717,2126,4232,4443,1990,199
13,0,13,100,388,1186,2431,2526,1118,109
14,0,8,67,230,631,1241,1108,449,39
15,0,8,67,228,610,1177,1033,407,34
16,0,6,48,169,456,766,668,236,17
17,0,6,47,149,387,651,541,192,14
18,0,6,39,114,294,480,378,143,10
19,0,5,36,100,258,414,316,110,9
20,0,5,33,86,230,374,283,99,5
21,0,5,30,76,204,321,214,72,1
22,0,5,30,76,204,321,214,72,1
23,0,5,28,66,183,261,166,48,1
24,0,4,21,40,115,149,82,17,0
25,0,4,15,31,71,82,53,11,0
26,0,4,12,24,48,51,31,4,0
27,0,4,12,20,34,28,22,1,0
28,0,2,10,18,22,19,18,1,0
29,0,2,10,18,22,19,18,1,0
30,0,2,10,18,22,19,16,1,0
31,0,2,10,18,22,19,16,1,0
32,0,2,10,15,17,16,10,1,0
33,0,1,2,2,2,0,0,0,0
34,0,1,2,2,2,0,0,0,0
35,0,1,2,2,2,0,0,0,0
36,0,1,1,2,1,0,0,0,0
37,0,1,1,1,0,0,0,0,0
38,0,1,1,1,0,0,0,0,0
39,0,1,1,1,0,0,0,0,0
40,0,0,0,0,0,0,0,0,0
41,0,0,0,0,0,0,0,0,0
42,0,0,0,0,0,0,0,0,0
43,0,0,0,0,0,0,0,0,0
44,0,0,0,0,0,0,0,0,0
45,0,0,0,0,0,0,0,0,0
46,0,0,0,0,0,0,0,0,0
47,0,0,0,0,0,0,0,0,0
48,0,0,0,0,0,0,0,0,0
49,0,0,0,0,0,0,0,0,0
50,0,0,0,0,0,0,0,0,0
51,0,0,0,0,0,0,0,0,0
52,0,0,0,0,0,0,0,0,0
53,0,0,0,0,0,0,0,0,0
54,0,0,0,0,0,0,0,0,0
55,0,0,0,0,0,0,0,0,0
56,0,0,0,0,0,0,0,0,0
57,0,0,0,0,0,0,0,0,0
58,0,0,0,0,0,0,0,0,0
59,0,0,0,0,0,0,0,0,0
60,0,0,0,0,0,0,0,0,0
61,0,0,0,0,0,0,0,0,0
62,0,0,0,0,0,0,0,0,0
63,0,0,0,0,0,0,0,0,0
64,0,0,0,0,0,0,0,0,0
65,0,0,0,0,0,0,0,0,0
66,0,0,0,0,0,0,0,0,0
67,0,0,0,0,0,0,0,0,0
68,0,0,0,0,0,0,0,0,0
69,0,0,0,0,0,0,0,0,0
70,0,0,0,0,0,0,0,0,0
71,0,0,0,0,0,0,0,0,0
72,0,0,0,0,0,0,0,0,0
73,0,0,0,0,0,0,0,0,0
74,0,0,0,0,0,0,0,0,0
75,0,0,0,0,0,0,0,0,0
76,0,0,0,0,0,0,0,0,0
77,0,0,0,0,0,0,0,0,0
78,0,0,0,0,0,0,0,0,0
79,0,0,0,0,0,0,0,0,0
80,0,0,0,0,0,0,0,0,0
81,0,0,0,0,0,0,0,0,0
82,0,0,0,0,0,0,0,0,0
83,0,0,0,0,0,0,0,0,0
84,0,0,0,0,0,0,0,0,0
85,0,0,0,0,0,0,0,0,0
86,0,0,0,0,0,0,0,0,0
87,0,0,0,0,0,0,0,0,0
88,0,0,0,0,0,0,0,0,0
89,0,0,0,0,0,0,0,0,0
90,0,0,0,0,0,0,0,0,0
91,0,0,0,0,0,0,0,0,0
92,0,0,0,0,0,0,0,0,0
93,0,0,0,0,0,0,0,0,0
94,0,0,0,0,0,0,0,0,0
95,0,0,0,0,0,0,0,0,0
96,0,0,0,0,0,0,0,0,0
97,0,0,0,0,0,0,0,0,0
98,0,0,0,0,0,0,0,0,0
99,0,0,0,0,0,0,0,0,0
100,0,0,0,0,0,0,0,0,0
101,0,0,0,0,0,0,0,0,0
102,0,0,0,0,0,0,0,0,0
103,0,0,0,0,0,0,0,0,0
104,0,0,0,0,0,0,0,0,0
105,0,0,0,0,0,0,0,0,0
106,0,0,0,0,0,0,0,0,0
107,0,0,0,0,0,0,0,0,0
108,0,0,0,0,0,0,0,0,0
109,0,0,0,0,0,0,0,0,0
110,0,0,0,0,0,0,0,0,0
111,0,0,0,0,0,0,0,0,0
112,0,0,0,0,0,0,0,0,0
113,0,0,0,0,0,0,0,0,0
114,0,0,0,0,0,0,0,0,0
115,0,0,0,0,0,0,0,0,0
116,0,0,0,0,0,0,0,0,0
117,0,0,0,0,0,0,0,0,0
118,0,0,0,0,0,0,0,0,0
119,0,0,0,0,0,0,0,0,0
120,0,0,0,0,0,0,0,0,0
121,0,0,0,0,0,0,0,0,0
122,0,0,0,0,0,0,0,0,0
123,0,0,0,0,0,0,0,0,0
124,0,0,0,0,0,0,0,0,0
125,0,0,0,0,0,0,0,0,0
126,0,0,0,0,0,0,0,0,0
127,0,0,0,0,0,0,0,0,0
128,0,0,0,0,0,0,0,0,0
129,0,0,0,0,0,0,0,0,0
130,0,0,0,0,0,0,0,0,0
131,0,0,0,0,0,0,0,0,0
132,0,0,0,0,0,0,0,0,0
133,0,0,0,0,0,0,0,0,0
134,0,0,0,0,0,0,0,0,0
135,0,0,0,0,0,0,0,0,0
136,0,0,0,0,0,0,0,0,0
137,0,0,0,0,0,0,0,0,0
138,0,0,0,0,0,0,0,0,0
139,0,0,0,0,0,0,0,0,0
140,0,0,0,0,0,0,0,0,0
141,0,0,0,0,0,0,0,0,0
142,0,0,0,0,0,0,0,0,0
143,0,0,0,0,0,0,0,0,0
144,0,0,0,0,0,0,0,0,0
145,0,0,0,0,0,0,0,0,0
146,0,0,0,0,0,0,0,0,0
147,0,0,0,0,0,0,0,0,0
148,0,0,0,0,0,0,0,0,0
149,0,0,0,0,0,0,0,0,0
150,0,0,0,0,0,0,0,0,0
151,0,0,0,0,0,0,0,0,0
152,0,0,0,0,0,0,0,0,0
153,0,0,0,0,0,0,0,0,0
154,0,0,0,0,0,0,0,0,0
155,0,0,0,0,0,0,0,0,0
156,0,0,0,0,0,0,0,0,0
157,0,0,0,0,0,0,0,0,0
158,0,0,0,0,0,0,0,0,0
159,0,0,0,0,0,0,0,0,0
160,0,0,0,0,0,0,0,0,0
161,0,0,0,0,0,0,0,0,0
162,0,0,0,0,0,0,0,0,0
163,0,0,0,0,0,0,0,0,0
164,0,0,0,0,0,0,0,0,0
165,0,0,0,0,0,0,0,0,0
166,0,0,0,0,0,0,0,0,0
167,0,0,0,0,0,0,0,0,0
168,0,0,0,0,0,0,0,0,0
169,0,0,0,0,0,0,0,0,0
170,0,0,0,0,0,0,0,0,0
171,0,0,0,0,0,0,0,0,0
172,0,0,0,0,0,0,0,0,0
173,0,0,0,0,0,0,0,0,0
174,0,0,0,0,0,0,0,0,0
175,0,0,0,0,0,0,0,0,0
176,0,0,0,0,0,0,0,0,0
177,0,0,0,0,0,0,0,0,0
178,0,0,0,0,0,0,0,0,0
179,0,0,0,0,0,0,0,0,0
180,0,0,0,0,0,0,0,0,0
181,0,0,0,0,0,0,0,0,0
182,0,0,0,0,0,0,0,0,0
183,0,0,0,0,0,0,0,0,0
184,0,0,0,0,0,0,0,0,0
185,0,0,0,0,0,0,0,0,0
186,0,0,0,0,0,0,0,0,0
187,0,0,0,0,0,0,0,0,0
188,0,0,0,0,0,0,0,0,0
189,0,0,0,0,0,0,0,0,0
190,0,0,0,0,0,0,0,0,0
191,0,0,0,0,0,0,0,0,0
192,0,0,0,0,0,0,0,0,0
193,0,0,0,0,0,0,0,0,0
194,0,0,0,0,0,0,0,0,0
195,0,0,0,0,0,0,0,0,0
196,0,0,0,0,0,0,0,0,0
197,0,0,0,0,0,0,0,0,0
198,0,0,0,0,0,0,0,0,0
199,0,0,0,0,0,0,0,0,0
200,0,0,0,0,0,0,0,0,0
201,0,0,0,0,0,0,0,0,0
202,0,0,0,0,0,0,0,0,0
203,0,0,0,0,0,0,0,0,0
204,0,0,0,0,0,0,0,0,0
205,0,0,0,0,0,0,0,0,0
206,0,0,0,0,0,0,0,0,0
207,0,0,0,0,0,0,0,0,0
208,0,0,0,0,0,0,0,0,0
209,0,0,0,0,0,0,0,0,0
210,0,0,0,0,0,0,0,0,0
211,0,0,0,0,0,0,0,0,0
212,0,0,0,0,0,0,0,0,0
213,0,0,0,0,0,0,0,0,0
214,0,0,0,0,0,0,0,0,0
215,0,0,0,0,0,0,0,0,0
216,0,0,0,0,0,0,0,0,0
217,0,0,0,0,0,0,0,0,0
218,0,0,0,0,0,0,0,0,0
219,0,0,0,0,0,0,0,0,0
220,0,0,0,0,0,0,0,0,0
221,0,0,0,0,0,0,0,0,0
222,0,0,0,0,0,0,0,0,0
223,0,0,0,0,0,0,0,0,0
224,0,0,0,0,0,0,0,0,0
225,0,0,0,0,0,0,0,0,0
226,0,0,0,0,0,0,0,0,0
227,0,0,0,0,0,0,0,0,0
228,0,0,0,0,0,0,0,0,0
229,0,0,0,0,0,0,0,0,0
230,0,0,0,0,0,0,0,0,0
231,0,0,0,0,0,0,0,0,0
232,0,0,0,0,0,0,0,0,0
233,0,0,0,0,0,0,0,0,0
234,0,0,0,0,0,0,0,0,0
235,0,0,0,0,0,0,0,0,0
236,0,0,0,0,0,0,0,0,0
237,0,0,0,0,0,0,0,0,0
238,0,0,0,0,0,0,0,0,0
239,0,0,0,0,0,0,0,0,0
240,0,0,0,0,0,0,0,0,0
241,0,0,0,0,0,0,0,0,0
242,0,0,0,0,0,0,0,0,0
243,0,0,0,0,0,0,0,0,0
244,0,0,0,0,0,0,0,0,0
245,0,0,0,0,0,0,0,0,0
246,0,0,0,0,0,0,0,0,0
247,0,0,0,0,0,0,0,0,0
248,0,0,0,0,0,0,0,0,0
249,0,0,0,0,0,0,0,0,0
250,0,0,0,0,0,0,0,0,0
251,0,0,0,0,0,0,0,0,0
252,0,0,0,0,0,0,0,0,0
253,0,0,0,0,0,0,0,0,0
254,0,0,0,0,0,0,0,0,0
255,0,0,0,0,0,0,0,0,0
256,0,0,0,0,0,0,0,0,0
257,0,0,0,0,0,0,0,0,0
258,0,0,0,0,0,0,0,0,0
259,0,0,0,0,0,0,0,0,0
260,0,0,0,0,0,0,0,0,0
261,0,0,0,0,0,0,0,0,0
262,0,0,0,0,0,0,0,0,0
263,0,0,0,0,0,0,0,0,0
264,0,0,0,0,0,0,0,0,0
265,0,0,0,0,0,0,0,0,0
266,0,0,0,0,0,0,0,0,0
267,0,0,0,0,0,0,0,0,0
268,0,0,0,0,0,0,0,0,0
269,0,0,0,0,0,0,0,0,0
270,0,0,0,0,0,0,0,0,0
271,0,0,0,0,0,0,0,0,0
272,0,0,0,0,0,0,0,0,0
273,0,0,0,0,0,0,0,0,0
274,0,0,0,0,0,0,0,0,0
275,0,0,0,0,0,0,0,0,0
276,0,0,0,0,0,0,0,0,0
277,0,0,0,0,0,0,0,0,0
278,0,0,0,0,0,0,0,0,0
279,0,0,0,0,0,0,0,0,0
280,0,0,0,0,0,0,0,0,0
281,0,0,0,0,0,0,0,0,0
282,0,0,0,0,0,0,0,0,0
283,0,0,0,0,0,0,0,0,0
284,0,0,0,0,0,0,0,0,0
285,0,0,0,0,0,0,0,0,0
286,0,0,0,0,0,0,0,0,0
287,0,0,0,0,0,0,0,0,0
288,0,0,0,0,0,0,0,0,0
289,0,0,0,0,0,0,0,0,0
290,0,0,0,0,0,0,0,0,0
291,0,0,0,0,0,0,0,0,0
292,0,0,0,0,0,0,0,0,0
293,0,0,0,0,0,0,0,0,0
294,0,0,0,0,0,0,0,0,0
295,0,0,0,0,0,0,0,0,0
296,0,0,0,0,0,0,0,0,0
297,0,0,0,0,0,0,0,0,0
298,0,0,0,0,0,0,0,0,0
299,0,0,0,0,0,0,0,0,0
300,0,0,0,0,0,0,0,0,0
301,0,0,0,0,0,0,0,0,0
302,0,0,0,0,0,0,0,0,0
303,0,0,0,0,0,0,0,0,0
304,0,0,0,0,0,0,0,0,0
305,0,0,0,0,0,0,0,0,0
306,0,0,0,0,0,0,0,0,0
307,0,0,0,0,0,0,0,0,0
308,0,0,0,0,0,0,0,0,0
309,0,0,0,0,0,0,0,0,0
310,0,0,0,0,0,0,0,0,0
311,0,0,0,0,0,0,0,0,0
312,0,0,0,0,0,0,0,0,0
313,0,0,0,0,0,0,0,0,0
314,0,0,0,0,0,0,0,0,0
315,0,0,0,0,0,0,0,0,0
316,0,0,0,0,0,0,0,0,0
317,0,0,0,0,0,0,0,0,0
318,0,0,0,0,0,0,0,0,0
319,0,0,0,0,0,0,0,0,0
320,0,0,0,0,0,0,0,0,0
321,0,0,0,0,0,0,0,0,0
322,0,0,0,0,0,0,0,0,0
323,0,0,0,0,0,0,0,0,0
324,0,0,0,0,0,0,0,0,0
325,0,0,0,0,0,0,0,0,0
326,0,0,0,0,0,0,0,0,0
327,0,0,0,0,0,0,0,0,0
328,0,0,0,0,0,0,0,0,0
329,0,0,0,0,0,0,0,0,0
330,0,0,0,0,0,0,0,0,0
331,0,0,0,0,0,0,0,0,0
332,0,0,0,0,0,0,0,0,0
333,0,0,0,0,0,0,0,0,0
334,0,0,0,0,0,0,0,0,0
335,0,0,0,0,0,0,0,0,0
336,0,0,0,0,0,0,0,0,0
337,0,0,0,0,0,0,0,0,0
338,0,0,0,0,0,0,0,0,0
339,0,0,0,0,0,0,0,0,0
340,0,0,0,0,0,0,0,0,0
341,0,0,0,0,0,0,0,0,0
342,0,0,0,0,0,0,0,0,0
343,0,0,0,0,0,0,0,0,0
344,0,0,0,0,0,0,0,0,0
345,0,0,0,0,0,0,0,0,0
346,0,0,0,0,0,0,0,0,0
347,0,0,0,0,0,0,0,0,0
348,0,0,0,0,0,0,0,0,0
349,0,0,0,0,0,0,0,0,0
350,0,0,0,0,0,0,0,0,0
351,0,0,0,0,0,0,0,0,0
352,0,0,0,0,0,0,0,0,0
353,0,0,0,0,0,0,0,0,0
354,0,0,0,0,0,0,0,0,0
355,0,0,0,0,0,0,0,0,0
356,0,0,0,0,0,0,0,0,0
357,0,0,0,0,0,0,0,0,0
358,0,0,0,0,0,0,0,0,0
359,0,0,0,0,0,0,0,0,0
360,0,0,0,0,0,0,0,0,0
361,0,0,0,0,0,0,0,0,0
362,0,0,0,0,0,0,0,0,0
363,0,0,0,0,0,0,0,0,0
364,0,0,0,0,0,0,0,0,0
365,0,0,0,0,0,0,0,0,0
366,0,0,0,0,0,0,0,0,0
367,0,0,0,0,0,0,0,0,0
368,0,0,0,0,0,0,0,0,0
369,0,0,0,0,0,0,0,0,0
370,0,0,0,0,0,0,0,0,0
371,0,0,0,0,0,0,0,0,0
372,0,0,0,0,0,0,0,0,0
373,0,0,0,0,0,0,0,0,0
374,0,0,0,0,0,0,0,0,0
375,0,0,0,0,0,0,0,0,0
376,0,0,0,0,0,0,0,0,0
377,0,0,0,0,0,0,0,0,0
378,0,0,0,0,0,0,0,0,0
379,0,0,0,0,0,0,0,0,0
380,0,0,0,0,0,0,0,0,0
381,0,0,0,0,0,0,0,0,0
382,0,0,0,0,0,0,0,0,0
383,0,0,0,0,0,0,0,0,0
384,0,0,0,0,0,0,0,0,0
385,0,0,0,0,0,0,0,0,0
386,0,0,0,0,0,0,0,0,0
387,0,0,0,0,0,0,0,0,0
388,0,0,0,0,0,0,0,0,0
389,0,0,0,0,0,0,0,0,0
390,0,0,0,0,0,0,0,0,0
391,0,0,0,0,0,0,0,0,0
392,0,0,0,0,0,0,0,0,0
393,0,0,0,0,0,0,0,0,0
394,0,0,0,0,0,0,0,0,0
395,0,0,0,0,0,0,0,0,0
396,0,0,0,0,0,0,0,0,0
397,0,0,0,0,0,0,0,0,0
398,0,0,0,0,0,0,0,0,0
399,0,0,0,0,0,0,0,0,0
400,0,0,0,0,0,0,0,0,0
401,0,0,0,0,0,0,0,0,0
402,0,0,0,0,0,0,0,0,0
403,0,0,0,0,0,0,0,0,0
404,0,0,0,0,0,0,0,0,0
405,0,0,0,0,0,0,0,0,0
406,0,0,0,0,0,0,0,0,0
407,0,0,0,0,0,0,0,0,0
408,0,0,0,0,0,0,0,0,0
409,0,0,0,0,0,0,0,0,0
410,0,0,0,0,0,0,0,0,0
411,0,0,0,0,0,0,0,0,0
412,0,0,0,0,0,0,0,0,0
413,0,0,0,0,0,0,0,0,0
414,0,0,0,0,0,0,0,0,0
415,0,0,0,0,0,0,0,0,0
416,0,0,0,0,0,0,0,0,0
417,0,0,0,0,0,0,0,0,0
418,0,0,0,0,0,0,0,0,0
419,0,0,0,0,0,0,0,0,0
420,0,0,0,0,0,0,0,0,0
421,0,0,0,0,0,0,0,0,0
422,0,0,0,0,0,0,0,0,0
423,0,0,0,0,0,0,0,0,0
424,0,0,0,0,0,0,0,0,0
425,0,0,0,0,0,0,0,0,0
426,0,0,0,0,0,0,0,0,0
427,0,0,0,0,0,0,0,0,0
428,0,0,0,0,0,0,0,0,0
429,0,0,0,0,0,0,0,0,0
430,0,0,0,0,0,0,0,0,0
431,0,0,0,0,0,0,0,0,0
432,0,0,0,0,0,0,0,0,0
433,0,0,0,0,0,0,0,0,0
434,0,0,0,0,0,0,0,0,0
435,0,0,0,0,0,0,0,0,0
436,0,0,0,0,0,0,0,0,0
437,0,0,0,0,0,0,0,0,0
438,0,0,0,0,0,0,0,0,0
439,0,0,0,0,0,0,0,0,0
440,0,0,0,0,0,0,0,0,0
441,0,0,0,0,0,0,0,0,0
442,0,0,0,0,0,0,0,0,0
443,0,0,0,0,0,0,0,0,0
444,0,0,0,0,0,0,0,0,0
445,0,0,0,0,0,0,0,0,0
446,0,0,0,0,0,0,0,0,0
447,0,0,0,0,0,0,0,0,0
448,0,0,0,0,0,0,0,0,0
449,0,0,0,0,0,0,0,0,0
450,0,0,0,0,0,0,0,0,0
451,0,0,0,0,0,0,0,0,0
452,0,0,0,0,0,0,0,0,0
453,0,0,0,0,0,0,0,0,0
454,0,0,0,0,0,0,0,0,0
455,0,0,0,0,0,0,0,0,0
456,0,0,0,0,0,0,0,0,0
457,0,0,0,0,0,0,0,0,0
458,0,0,0,0,0,0,0,0,0
459,0,0,0,0,0,0,0,0,0
460,0,0,0,0,0,0,0,0,0
461,0,0,0,0,0,0,0,0,0
462,0,0,0,0,0,0,0,0,0
463,0,0,0,0,0,0,0,0,0
464,0,0,0,0,0,0,0,0,0
465,0,0,0,0,0,0,0,0,0
466,0,0,0,0,0,0,0,0,0
467,0,0,0,0,0,0,0,0,0
468,0,0,0,0,0,0,0,0,0
469,0,0,0,0,0,0,0,0,0
470,0,0,0,0,0,0,0,0,0
471,0,0,0,0,0,0,0,0,0
472,0,0,0,0,0,0,0,0,0
473,0,0,0,0,0,0,0,0,0
474,0,0,0,0,0,0,0,0,0
475,0,0,0,0,0,0,0,0,0
476,0,0,0,0,0,0,0,0,0
477,0,0,0,0,0,0,0,0,0
478,0,0,0,0,0,0,0,0,0
479,0,0,0,0,0,0,0,0,0
480,0,0,0,0,0,0,0,0,0
481,0,0,0,0,0,0,0,0,0
482,0,0,0,0,0,0,0,0,0
483,0,0,0,0,0,0,0,0,0
484,0,0,0,0,0,0,0,0,0
485,0,0,0,0,0,0,0,0,0
486,0,0,0,0,0,0,0,0,0
487,0,0,0,0,0,0,0,0,0
488,0,0,0,0,0,0,0,0,0
489,0,0,0,0,0,0,0,0,0
490,0,0,0,0,0,0,0,0,0
491,0,0,0,0,0,0,0,0,0
492,0,0,0,0,0,0,0,0,0
493,0,0,0,0,0,0,0,0,0
494,0,0,0,0,0,0,0,0,0
495,0,0,0,0,0,0,0,0,0
496,0,0,0,0,0,0,0,0,0
497,0,0,0,0,0,0,0,0,0
498,0,0,0,0,0,0,0,0,0
499,0,0,0,0,0,0,0,0,0
500,0,0,0,0,0,0,0,0,0
501,0,0,0,0,0,0,0,0,0
502,0,0,0,0,0,0,0,0,0
503,0,0,0,0,0,0,0,0,0
504,0,0,0,0,0,0,0,0,0
505,0,0,0,0,0,0,0,0,0
506,0,0,0,0,0,0,0,0,0
507,0,0,0,0,0,0,0,0,0
508,0,0,0,0,0,0,0,0,0
509,0,0,0,0,0,0,0,0,0
510,0,0,0,0,0,0,0,0,0
511,0,0,0,0,0,0,0,0,0
512,0,0,0,0,0,0,0,0,0
513,0,0,0,0,0,0,0,0,0
514,0,0,0,0,0,0,0,0,0
515,0,0,0,0,0,0,0,0,0
516,0,0,0,0,0,0,0,0,0
517,0,0,0,0,0,0,0,0,0
518,0,0,0,0,0,0,0,0,0
519,0,0,0,0,0,0,0,0,0
520,0,0,0,0,0,0,0,0,0
521,0,0,0,0,0,0,0,0,0
522,0,0,0,0,0,0,0,0,0
523,0,0,0,0,0,0,0,0,0
524,0,0,0,0,0,0,0,0,0
525,0,0,0,0,0,0,0,0,0
526,0,0,0,0,0,0,0,0,0
527,0,0,0,0,0,0,0,0,0
528,0,0,0,0,0,0,0,0,0
529,0,0,0,0,0,0,0,0,0
530,0,0,0,0,0,0,0,0,0
531,0,0,0,0,0,0,0,0,0
532,0,0,0,0,0,0,0,0,0
533,0,0,0,0,0,0,0,0,0
534,0,0,0,0,0,0,0,0,0
535,0,0,0,0,0,0,0,0,0
536,0,0,0,0,0,0,0,0,0
537,0,0,0,0,0,0,0,0,0
538,0,0,0,0,0,0,0,0,0
539,0,0,0,0,0,0,0,0,0
540,0,0,0,0,0,0,0,0,0
541,0,0,0,0,0,0,0,0,0
542,0,0,0,0,0,0,0,0,0
543,0,0,0,0,0,0,0,0,0
544,0,0,0,0,0,0,0,0,0
545,0,0,0,0,0,0,0,0,0
546,0,0,0,0,0,0,0,0,0
547,0,0,0,0,0,0,0,0,0
548,0,0,0,0,0,0,0,0,0
549,0,0,0,0,0,0,0,0,0
550,0,0,0,0,0,0,0,0,0
551,0,0,0,0,0,0,0,0,0
552,0,0,0,0,0,0,0,0,0
553,0,0,0,0,0,0,0,0,0
554,0,0,0,0,0,0,0,0,0
555,0,0,0,0,0,0,0,0,0
556,0,0,0,0,0,0,0,0,0
557,0,0,0,0,0,0,0,0,0
558,0,0,0,0,0,0,0,0,0
559,0,0,0,0,0,0,0,0,0
560,0,0,0,0,0,0,0,0,0
561,0,0,0,0,0,0,0,0,0
562,0,0,0,0,0,0,0,0,0
563,0,0,0,0,0,0,0,0,0
564,0,0,0,0,0,0,0,0,0
565,0,0,0,0,0,0,0,0,0
566,0,0,0,0,0,0,0,0,0
567,0,0,0,0,0,0,0,0,0
568,0,0,0,0,0,0,0,0,0
569,0,0,0,0,0,0,0,0,0
570,0,0,0,0,0,0,0,0,0
571,0,0,0,0,0,0,0,0,0
572,0,0,0,0,0,0,0,0,0
573,0,0,0,0,0,0,0,0,0
574,0,0,0,0,0,0,0,0,0
575,0,0,0,0,0,0,0,0,0
576,0,0,0,0,0,0,0,0,0
577,0,0,0,0,0,0,0,0,0
578,0,0,0,0,0,0,0,0,0
579,0,0,0,0,0,0,0,0,0
580,0,0,0,0,0,0,0,0,0
581,0,0,0,0,0,0,0,0,0
582,0,0,0,0,0,0,0,0,0
583,0,0,0,0,0,0,0,0,0
584,0,0,0,0,0,0,0,0,0
585,0,0,0,0,0,0,0,0,0
586,0,0,0,0,0,0,0,0,0
587,0,0,0,0,0,0,0,0,0
588,0,0,0,0,0,0,0,0,0
589,0,0,0,0,0,0,0,0,0
590,0,0,0,0,0,0,0,0,0
591,0,0,0,0,0,0,0,0,0
592,0,0,0,0,0,0,0,0,0
593,0,0,0,0,0,0,0,0,0
594,0,0,0,0,0,0,0,0,0
595,0,0,0,0,0,0,0,0,0
596,0,0,0,0,0,0,0,0,0
597,0,0,0,0,0,0,0,0,0
598,0,0,0,0,0,0,0,0,0
599,0,0,0,0,0,0,0,0,0
600,0,0,0,0,0,0,0,0,0
601,0,0,0,0,0,0,0,0,0
602,0,0,0,0,0,0,0,0,0
603,0,0,0,0,0,0,0,0,0
604,0,0,0,0,0,0,0,0,0
605,0,0,0,0,0,0,0,0,0
606,0,0,0,0,0,0,0,0,0
607,0,0,0,0,0,0,0,0,0
608,0,0,0,0,0,0,0,0,0
609,0,0,0,0,0,0,0,0,0
610,0,0,0,0,0,0,0,0,0
611,0,0,0,0,0,0,0,0,0
612,0,0,0,0,0,0,0,0,0
613,0,0,0,0,0,0,0,0,0
614,0,0,0,0,0,0,0,0,0
615,0,0,0,0,0,0,0,0,0
616,0,0,0,0,0,0,0,0,0
617,0,0,0,0,0,0,0,0,0
618,0,0,0,0,0,0,0,0,0
619,0,0,0,0,0,0,0,0,0
620,0,0,0,0,0,0,0,0,0
621,0,0,0,0,0,0,0,0,0
622,0,0,0,0,0,0,0,0,0
623,0,0,0,0,0,0,0,0,0
624,0,0,0,0,0,0,0,0,0
625,0,0,0,0,0,0,0,0,0
626,0,0,0,0,0,0,0,0,0
627,0,0,0,0,0,0,0,0,0
628,0,0,0,0,0,0,0,0,0
629,0,0,0,0,0,0,0,0,0
630,0,0,0,0,0,0,0,0,0
631,0,0,0,0,0,0,0,0,0
632,0,0,0,0,0,0,0,0,0
633,0,0,0,0,0,0,0,0,0
634,0,0,0,0,0,0,0,0,0
635,0,0,0,0,0,0,0,0,0
636,0,0,0,0,0,0,0,0,0
637,0,0,0,0,0,0,0,0,0
638,0,0,0,0,0,0,0,0,0
639,0,0,0,0,0,0,0,0,0
640,0,0,0,0,0,0,0,0,0
641,0,0,0,0,0,0,0,0,0
642,0,0,0,0,0,0,0,0,0
643,0,0,0,0,0,0,0,0,0
644,0,0,0,0,0,0,0,0,0
645,0,0,0,0,0,0,0,0,0
646,0,0,0,0,0,0,0,0,0
647,0,0,0,0,0,0,0,0,0
648,0,0,0,0,0,0,0,0,0
649,0,0,0,0,0,0,0,0,0
650,0,0,0,0,0,0,0,0,0
651,0,0,0,0,0,0,0,0,0
652,0,0,0,0,0,0,0,0,0
653,0,0,0,0,0,0,0,0,0
654,0,0,0,0,0,0,0,0,0
655,0,0,0,0,0,0,0,0,0
656,0,0,0,0,0,0,0,0,0
657,0,0,0,0,0,0,0,0,0
658,0,0,0,0,0,0,0,0,0
659,0,0,0,0,0,0,0,0,0
660,0,0,0,0,0,0,0,0,0
661,0,0,0,0,0,0,0,0,0
662,0,0,0,0,0,0,0,0,0
663,0,0,0,0,0,0,0,0,0
664,0,0,0,0,0,0,0,0,0
665,0,0,0,0,0,0,0,0,0
666,0,0,0,0,0,0,0,0,0
667,0,0,0,0,0,0,0,0,0
668,0,0,0,0,0,0,0,0,0
669,0,0,0,0,0,0,0,0,0
670,0,0,0,0,0,0,0,0,0
671,0,0,0,0,0,0,0,0,0
672,0,0,0,0,0,0,0,0,0
673,0,0,0,0,0,0,0,0,0
674,0,0,0,0,0,0,0,0,0
675,0,0,0,0,0,0,0,0,0
676,0,0,0,0,0,0,0,0,0
677,0,0,0,0,0,0,0,0,0
678,0,0,0,0,0,0,0,0,0
679,0,0,0,0,0,0,0,0,0
680,0,0,0,0,0,0,0,0,0
681,0,0,0,0,0,0,0,0,0
682,0,0,0,0,0,0,0,0,0
683,0,0,0,0,0,0,0,0,0
684,0,0,0,0,0,0,0,0,0
685,0,0,0,0,0,0,0,0,0
686,0,0,0,0,0,0,0,0,0
687,0,0,0,0,0,0,0,0,0
688,0,0,0,0,0,0,0,0,0
689,0,0,0,0,0,0,0,0,0
690,0,0,0,0,0,0,0,0,0
691,0,0,0,0,0,0,0,0,0
692,0,0,0,0,0,0,0,0,0
693,0,0,0,0,0,0,0,0,0
694,0,0,0,0,0,0,0,0,0
695,0,0,0,0,0,0,0,0,0
696,0,0,0,0,0,0,0,0,0
697,0,0,0,0,0,0,0,0,0
698,0,0,0,0,0,0,0,0,0
699,0,0,0,0,0,0,0,0,0
700,0,0,0,0,0,0,0,0,0
701,0,0,0,0,0,0,0,0,0
702,0,0,0,0,0,0,0,0,0
703,0,0,0,0,0,0,0,0,0
704,0,0,0,0,0,0,0,0,0
705,0,0,0,0,0,0,0,0,0
706,0,0,0,0,0,0,0,0,0
707,0,0,0,0,0,0,0,0,0
708,0,0,0,0,0,0,0,0,0
709,0,0,0,0,0,0,0,0,0
710,0,0,0,0,0,0,0,0,0
711,0,0,0,0,0,0,0,0,0
712,0,0,0,0,0,0,0,0,0
713,0,0,0,0,0,0,0,0,0
714,0,0,0,0,0,0,0,0,0
715,0,0,0,0,0,0,0,0,0
716,0,0,0,0,0,0,0,0,0
717,0,0,0,0,0,0,0,0,0
718,0,0,0,0,0,0,0,0,0
719,0,0,0,0,0,0,0,0,0
720,0,0,0,0,0,0,0,0,0
721,0,0,0,0,0,0,0,0,0
722,0,0,0,0,0,0,0,0,0
723,0,0,0,0,0,0,0,0,0
724,0,0,0,0,0,0,0,0,0
725,0,0,0,0,0,0,0,0,0
726,0,0,0,0,0,0,0,0,0
727,0,0,0,0,0,0,0,0,0
728,0,0,0,0,0,0,0,0,0
729,0,0,0,0,0,0,0,0,0
730,0,0,0,0,0,0,0,0,0
731,0,0,0,0,0,0,0,0,0
732,0,0,0,0,0,0,0,0,0
733,0,0,0,0,0,0,0,0,0
734,0,0,0,0,0,0,0,0,0
735,0,0,0,0,0,0,0,0,0
736,0,0,0,0,0,0,0,0,0
737,0,0,0,0,0,0,0,0,0
738,0,0,0,0,0,0,0,0,0
739,0,0,0,0,0,0,0,0,0
740,0,0,0,0,0,0,0,0,0
741,0,0,0,0,0,0,0,0,0
742,0,0,0,0,0,0,0,0,0
743,0,0,0,0,0,0,0,0,0
744,0,0,0,0,0,0,0,0,0
745,0,0,0,0,0,0,0,0,0
746,0,0,0,0,0,0,0,0,0
747,0,0,0,0,0,0,0,0,0
748,0,0,0,0,0,0,0,0,0
749,0,0,0,0,0,0,0,0,0
750,0,0,0,0,0,0,0,0,0
0,194,7257,201425,4077983,57373546,517292847,2626655236,5935079656,3356972874
1,120,3687,83442,1354186,15297773,110756633,451676940,819453685,371807447
2,69,1852,34550,459919,4223254,24821194,82099543,120671218,44286788
3,54,1188,18674,213812,1699676,8632418,24685988,31369115,9951440
4,52,986,13812,140027,984176,4417251,11141545,12463841,3475987
5,26,511,6438,55649,334320,1284568,2778697,2663296,634936
6,15,374,4312,34459,191677,686623,1394147,1263725,286556
7,11,184,2086,15015,77306,256377,484278,410749,87353
8,8,102,982,6779,32748,100484,176276,138644,27343
9,8,90,825,5464,24825,71236,117438,86789,15981
10,1,24,322,2207,9457,25371,39226,27293,4689
11,1,22,297,1887,7480,18579,26649,17203,2677
12,1,20,258,1576,6020,14368,20030,12596,1895
13,1,15,187,1070,3727,8004,9986,5539,703
14,1,12,131,691,2351,4832,5530,2975,373
15,1,12,115,576,1885,3698,4107,2139,254
16,1,12,97,443,1310,2251,2169,1013,109
17,1,12,97,441,1283,2161,2058,960,103
18,1,12,93,392,1098,1735,1577,747,74
19,1,10,89,355,970,1531,1365,650,58
20,0,10,72,269,697,1021,914,417,37
21,0,9,67,227,618,846,745,316,23
22,0,7,49,190,459,599,476,186,11
23,0,7,39,133,312,350,317,142,11
24,0,4,22,78,186,205,148,72,7
25,0,3,13,45,135,138,94,44,6
26,0,3,13,45,135,138,94,44,6
27,0,3,13,38,125,119,80,40,6
28,0,0,5,13,40,29,27,10,0
29,0,0,5,13,40,29,27,10,0
30,0,0,3,8,21,9,3,3,0
31,0,0,2,6,14,4,3,2,0
32,0,0,2,6,14,4,3,2,0
33,0,0,0,0,0,0,0,0,0
34,0,0,0,0,0,0,0,0,0
35,0,0,0,0,0,0,0,0,0
36,0,0,0,0,0,0,0,0,0
37,0,0,0,0,0,0,0,0,0
38,0,0,0,0,0,0,0,0,0
39,0,0,0,0,0,0,0,0,0
40,0,0,0,0,0,0,0,0,0
41,0,0,0,0,0,0,0,0,0
42,0,0,0,0,0,0,0,0,0
43,0,0,0,0,0,0,0,0,0
44,0,0,0,0,0,0,0,0,0
45,0,0,0,0,0,0,0,0,0
46,0,0,0,0,0,0,0,0,0
47,0,0,0,0,0,0,0,0,0
48,0,0,0,0,0,0,0,0,0
49,0,0,0,0,0,0,0,0,0
50,0,0,0,0,0,0,0,0,0
51,0,0,0,0,0,0,0,0,0
52,0,0,0,0,0,0,0,0,0
53,0,0,0,0,0,0,0,0,0
54,0,0,0,0,0,0,0,0,0
55,0,0,0,0,0,0,0,0,0
56,0,0,0,0,0,0,0,0,0
57,0,0,0,0,0,0,0,0,0
58,0,0,0,0,0,0,0,0,0
59,0,0,0,0,0,0,0,0,0
60,0,0,0,0,0,0,0,0,0
61,0,0,0,0,0,0,0,0,0
62,0,0,0,0,0,0,0,0,0
63,0,0,0,0,0,0,0,0,0
64,0,0,0,0,0,0,0,0,0
65,0,0,0,0,0,0,0,0,0
66,0,0,0,0,0,0,0,0,0
67,0,0,0,0,0,0,0,0,0
68,0,0,0,0,0,0,0,0,0
69,0,0,0,0,0,0,0,0,0
70,0,0,0,0,0,0,0,0,0
71,0,0,0,0,0,0,0,0,0
72,0,0,0,0,0,0,0,0,0
73,0,0,0,0,0,0,0,0,0
74,0,0,0,0,0,0,0,0,0
75,0,0,0,0,0,0,0,0,0
76,0,0,0,0,0,0,0,0,0
77,0,0,0,0,0,0,0,0,0
78,0,0,0,0,0,0,0,0,0
79,0,0,0,0,0,0,0,0,0
80,0,0,0,0,0,0,0,0,0
81,0,0,0,0,0,0,0,0,0
82,0,0,0,0,0,0,0,0,0
83,0,0,0,0,0,0,0,0,0
84,0,0,0,0,0,0,0,0,0
85,0,0,0,0,0,0,0,0,0
86,0,0,0,0,0,0,0,0,0
87,0,0,0,0,0,0,0,0,0
88,0,0,0,0,0,0,0,0,0
89,0,0,0,0,0,0,0,0,0
90,0,0,0,0,0,0,0,0,0
91,0,0,0,0,0,0,0,0,0
92,0,0,0,0,0,0,0,0,0
93,0,0,0,0,0,0,0,0,0
94,0,0,0,0,0,0,0,0,0
95,0,0,0,0,0,0,0,0,0
96,0,0,0,0,0,0,0,0,0
97,0,0,0,0,0,0,0,0,0
98,0,0,0,0,0,0,0,0,0
99,0,0,0,0,0,0,0,0,0
100,0,0,0,0,0,0,0,0,0
101,0,0,0,0,0,0,0,0,0
102,0,0,0,0,0,0,0,0,0
103,0,0,0,0,0,0,0,0,0
104,0,0,0,0,0,0,0,0,0
105,0,0,0,0,0,0,0,0,0
106,0,0,0,0,0,0,0,0,0
107,0,0,0,0,0,0,0,0,0
108,0,0,0,0,0,0,0,0,0
109,0,0,0,0,0,0,0,0,0
110,0,0,0,0,0,0,0,0,0
111,0,0,0,0,0,0,0,0,0
112,0,0,0,0,0,0,0,0,0
113,0,0,0,0,0,0,0,0,0
114,0,0,0,0,0,0,0,0,0
115,0,0,0,0,0,0,0,0,0
116,0,0,0,0,0,0,0,0,0
117,0,0,0,0,0,0,0,0,0
118,0,0,0,0,0,0,0,0,0
119,0,0,0,0,0,0,0,0,0
120,0,0,0,0,0,0,0,0,0
121,0,0,0,0,0,0,0,0,0
122,0,0,0,0,0,0,0,0,0
123,0,0,0,0,0,0,0,0,0
124,0,0,0,0,0,0,0,0,0
125,0,0,0,0,0,0,0,0,0
126,0,0,0,0,0,0,0,0,0
127,0,0,0,0,0,0,0,0,0
128,0,0,0,0,0,0,0,0,0
129,0,0,0,0,0,0,0,0,0
130,0,0,0,0,0,0,0,0,0
131,0,0,0,0,0,0,0,0,0
132,0,0,0,0,0,0,0,0,0
133,0,0,0,0,0,0,0,0,0
134,0,0,0,0,0,0,0,0,0
135,0,0,0,0,0,0,0,0,0
136,0,0,0,0,0,0,0,0,0
137,0,0,0,0,0,0,0,0,0
138,0,0,0,0,0,0,0,0,0
139,0,0,0,0,0,0,0,0,0
140,0,0,0,0,0,0,0,0,0
141,0,0,0,0,0,0,0,0,0
142,0,0,0,0,0,0,0,0,0
143,0,0,0,0,0,0,0,0,0
144,0,0,0,0,0,0,0,0,0
145,0,0,0,0,0,0,0,0,0
146,0,0,0,0,0,0,0,0,0
147,0,0,0,0,0,0,0,0,0
148,0,0,0,0,0,0,0,0,0
149,0,0,0,0,0,0,0,0,0
150,0,0,0,0,0,0,0,0,0
151,0,0,0,0,0,0,0,0,0
152,0,0,0,0,0,0,0,0,0
153,0,0,0,0,0,0,0,0,0
154,0,0,0,0,0,0,0,0,0
155,0,0,0,0,0,0,0,0,0
156,0,0,0,0,0,0,0,0,0
157,0,0,0,0,0,0,0,0,0
158,0,0,0,0,0,0,0,0,0
159,0,0,0,0,0,0,0,0,0
160,0,0,0,0,0,0,0,0,0
161,0,0,0,0,0,0,0,0,0
162,0,0,0,0,0,0,0,0,0
163,0,0,0,0,0,0,0,0,0
164,0,0,0,0,0,0,0,0,0
165,0,0,0,0,0,0,0,0,0
166,0,0,0,0,0,0,0,0,0
167,0,0,0,0,0,0,0,0,0
168,0,0,0,0,0,0,0,0,0
169,0,0,0,0,0,0,0,0,0
170,0,0,0,0,0,0,0,0,0
171,0,0,0,0,0,0,0,0,0
172,0,0,0,0,0,0,0,0,0
173,0,0,0,0,0,0,0,0,0
174,0,0,0,0,0,0,0,0,0
175,0,0,0,0,0,0,0,0,0
176,0,0,0,0,0,0,0,0,0
177,0,0,0,0,0,0,0,0,0
178,0,0,0,0,0,0,0,0,0
179,0,0,0,0,0,0,0,0,0
180,0,0,0,0,0,0,0,0,0
181,0,0,0,0,0,0,0,0,0
182,0,0,0,0,0,0,0,0,0
183,0,0,0,0,0,0,0,0,0
184,0,0,0,0,0,0,0,0,0
185,0,0,0,0,0,0,0,0,0
186,0,0,0,0,0,0,0,0,0
187,0,0,0,0,0,0,0,0,0
188,0,0,0,0,0,0,0,0,0
189,0,0,0,0,0,0,0,0,0
190,0,0,0,0,0,0,0,0,0
191,0,0,0,0,0,0,0,0,0
192,0,0,0,0,0,0,0,0,0
193,0,0,0,0,0,0,0,0,0
194,0,0,0,0,0,0,0,0,0
195,0,0,0,0,0,0,0,0,0
196,0,0,0,0,0,0,0,0,0
197,0,0,0,0,0,0,0,0,0
198,0,0,0,0,0,0,0,0,0
199,0,0,0,0,0,0,0,0,0
200,0,0,0,0,0,0,0,0,0
201,0,0,0,0,0,0,0,0,0
202,0,0,0,0,0,0,0,0,0
203,0,0,0,0,0,0,0,0,0
204,0,0,0,0,0,0,0,0,0
205,0,0,0,0,0,0,0,0,0
206,0,0,0,0,0,0,0,0,0
207,0,0,0,0,0,0,0,0,0
208,0,0,0,0,0,0,0,0,0
209,0,0,0,0,0,0,0,0,0
210,0,0,0,0,0,0,0,0,0
211,0,0,0,0,0,0,0,0,0
212,0,0,0,0,0,0,0,0,0
213,0,0,0,0,0,0,0,0,0
214,0,0,0,0,0,0,0,0,0
215,0,0,0,0,0,0,0,0,0
216,0,0,0,0,0,0,0,0,0
217,0,0,0,0,0,0,0,0,0
218,0,0,0,0,0,0,0,0,0
219,0,0,0,0,0,0,0,0,0
220,0,0,0,0,0,0,0,0,0
221,0,0,0,0,0,0,0,0,0
222,0,0,0,0,0,0,0,0,0
223,0,0,0,0,0,0,0,0,0
224,0,0,0,0,0,0,0,0,0
225,0,0,0,0,0,0,0,0,0
226,0,0,0,0,0,0,0,0,0
227,0,0,0,0,0,0,0,0,0
228,0,0,0,0,0,0,0,0,0
229,0,0,0,0,0,0,0,0,0
230,0,0,0,0,0,0,0,0,0
231,0,0,0,0,0,0,0,0,0
232,0,0,0,0,0,0,0,0,0
233,0,0,0,0,0,0,0,0,0
234,0,0,0,0,0,0,0,0,0
235,0,0,0,0,0,0,0,0,0
236,0,0,0,0,0,0,0,0,0
237,0,0,0,0,0,0,0,0,0
238,0,0,0,0,0,0,0,0,0
239,0,0,0,0,0,0,0,0,0
240,0,0,0,0,0,0,0,0,0
241,0,0,0,0,0,0,0,0,0
242,0,0,0,0,0,0,0,0,0
243,0,0,0,0,0,0,0,0,0
244,0,0,0,0,0,0,0,0,0
245,0,0,0,0,0,0,0,0,0
246,0,0,0,0,0,0,0,0,0
247,0,0,0,0,0,0,0,0,0
248,0,0,0,0,0,0,0,0,0
249,0,0,0,0,0,0,0,0,0
250,0,0,0,0,0,0,0,0,0
251,0,0,0,0,0,0,0,0,0
252,0,0,0,0,0,0,0,0,0
253,0,0,0,0,0,0,0,0,0
254,0,0,0,0,0,0,0,0,0
255,0,0,0,0,0,0,0,0,0
256,0,0,0,0,0,0,0,0,0
257,0,0,0,0,0,0,0,0,0
258,0,0,0,0,0,0,0,0,0
259,0,0,0,0,0,0,0,0,0
260,0,0,0,0,0,0,0,0,0
261,0,0,0,0,0,0,0,0,0
262,0,0,0,0,0,0,0,0,0
263,0,0,0,0,0,0,0,0,0
264,0,0,0,0,0,0,0,0,0
265,0,0,0,0,0,0,0,0,0
266,0,0,0,0,0,0,0,0,0
267,0,0,0,0,0,0,0,0,0
268,0,0,0,0,0,0,0,0,0
269,0,0,0,0,0,0,0,0,0
270,0,0,0,0,0,0,0,0,0
271,0,0,0,0,0,0,0,0,0
272,0,0,0,0,0,0,0,0,0
273,0,0,0,0,0,0,0,0,0
274,0,0,0,0,0,0,0,0,0
275,0,0,0,0,0,0,0,0,0
276,0,0,0,0,0,0,0,0,0
277,0,0,0,0,0,0,0,0,0
278,0,0,0,0,0,0,0,0,0
279,0,0,0,0,0,0,0,0,0
280,0,0,0,0,0,0,0,0,0
281,0,0,0,0,0,0,0,0,0
282,0,0,0,0,0,0,0,0,0
283,0,0,0,0,0,0,0,0,0
284,0,0,0,0,0,0,0,0,0
285,0,0,0,0,0,0,0,0,0
286,0,0,0,0,0,0,0,0,0
287,0,0,0,0,0,0,0,0,0
288,0,0,0,0,0,0,0,0,0
289,0,0,0,0,0,0,0,0,0
290,0,0,0,0,0,0,0,0,0
291,0,0,0,0,0,0,0,0,0
292,0,0,0,0,0,0,0,0,0
293,0,0,0,0,0,0,0,0,0
294,0,0,0,0,0,0,0,0,0
295,0,0,0,0,0,0,0,0,0
296,0,0,0,0,0,0,0,0,0
297,0,0,0,0,0,0,0,0,0
298,0,0,0,0,0,0,0,0,0
299,0,0,0,0,0,0,0,0,0
300,0,0,0,0,0,0,0,0,0
301,0,0,0,0,0,0,0,0,0
302,0,0,0,0,0,0,0,0,0
303,0,0,0,0,0,0,0,0,0
304,0,0,0,0,0,0,0,0,0
305,0,0,0,0,0,0,0,0,0
306,0,0,0,0,0,0,0,0,0
307,0,0,0,0,0,0,0,0,0
308,0,0,0,0,0,0,0,0,0
309,0,0,0,0,0,0,0,0,0
310,0,0,0,0,0,0,0,0,0
311,0,0,0,0,0,0,0,0,0
312,0,0,0,0,0,0,0,0,0
313,0,0,0,0,0,0,0,0,0
314,0,0,0,0,0,0,0,0,0
315,0,0,0,0,0,0,0,0,0
316,0,0,0,0,0,0,0,0,0
317,0,0,0,0,0,0,0,0,0
318,0,0,0,0,0,0,0,0,0
319,0,0,0,0,0,0,0,0,0
320,0,0,0,0,0,0,0,0,0
321,0,0,0,0,0,0,0,0,0
322,0,0,0,0,0,0,0,0,0
323,0,0,0,0,0,0,0,0,0
324,0,0,0,0,0,0,0,0,0
325,0,0,0,0,0,0,0,0,0
326,0,0,0,0,0,0,0,0,0
327,0,0,0,0,0,0,0,0,0
328,0,0,0,0,0,0,0,0,0
329,0,0,0,0,0,0,0,0,0
330,0,0,0,0,0,0,0,0,0
331,0,0,0,0,0,0,0,0,0
332,0,0,0,0,0,0,0,0,0
333,0,0,0,0,0,0,0,0,0
334,0,0,0,0,0,0,0,0,0
335,0,0,0,0,0,0,0,0,0
336,0,0,0,0,0,0,0,0,0
337,0,0,0,0,0,0,0,0,0
338,0,0,0,0,0,0,0,0,0
339,0,0,0,0,0,0,0,0,0
340,0,0,0,0,0,0,0,0,0
341,0,0,0,0,0,0,0,0,0
342,0,0,0,0,0,0,0,0,0
343,0,0,0,0,0,0,0,0,0
344,0,0,0,0,0,0,0,0,0
345,0,0,0,0,0,0,0,0,0
346,0,0,0,0,0,0,0,0,0
347,0,0,0,0,0,0,0,0,0
348,0,0,0,0,0,0,0,0,0
349,0,0,0,0,0,0,0,0,0
350,0,0,0,0,0,0,0,0,0
351,0,0,0,0,0,0,0,0,0
352,0,0,0,0,0,0,0,0,0
353,0,0,0,0,0,0,0,0,0
354,0,0,0,0,0,0,0,0,0
355,0,0,0,0,0,0,0,0,0
356,0,0,0,0,0,0,0,0,0
357,0,0,0,0,0,0,0,0,0
358,0,0,0,0,0,0,0,0,0
359,0,0,0,0,0,0,0,0,0
360,0,0,0,0,0,0,0,0,0
361,0,0,0,0,0,0,0,0,0
362,0,0,0,0,0,0,0,0,0
363,0,0,0,0,0,0,0,0,0
364,0,0,0,0,0,0,0,0,0
365,0,0,0,0,0,0,0,0,0
366,0,0,0,0,0,0,0,0,0
367,0,0,0,0,0,0,0,0,0
368,0,0,0,0,0,0,0,0,0
369,0,0,0,0,0,0,0,0,0
370,0,0,0,0,0,0,0,0,0
371,0,0,0,0,0,0,0,0,0
372,0,0,0,0,0,0,0,0,0
373,0,0,0,0,0,0,0,0,0
374,0,0,0,0,0,0,0,0,0
375,0,0,0,0,0,0,0,0,0
376,0,0,0,0,0,0,0,0,0
377,0,0,0,0,0,0,0,0,0
378,0,0,0,0,0,0,0,0,0
379,0,0,0,0,0,0,0,0,0
380,0,0,0,0,0,0,0,0,0
381,0,0,0,0,0,0,0,0,0
382,0,0,0,0,0,0,0,0,0
383,0,0,0,0,0,0,0,0,0
384,0,0,0,0,0,0,0,0,0
385,0,0,0,0,0,0,0,0,0
386,0,0,0,0,0,0,0,0,0
387,0,0,0,0,0,0,0,0,0
388,0,0,0,0,0,0,0,0,0
389,0,0,0,0,0,0,0,0,0
390,0,0,0,0,0,0,0,0,0
391,0,0,0,0,0,0,0,0,0
392,0,0,0,0,0,0,0,0,0
393,0,0,0,0,0,0,0,0,0
394,0,0,0,0,0,0,0,0,0
395,0,0,0,0,0,0,0,0,0
396,0,0,0,0,0,0,0,0,0
397,0,0,0,0,0,0,0,0,0
398,0,0,0,0,0,0,0,0,0
399,0,0,0,0,0,0,0,0,0
400,0,0,0,0,0,0,0,0,0
401,0,0,0,0,0,0,0,0,0
402,0,0,0,0,0,0,0,0,0
403,0,0,0,0,0,0,0,0,0
404,0,0,0,0,0,0,0,0,0
405,0,0,0,0,0,0,0,0,0
406,0,0,0,0,0,0,0,0,0
407,0,0,0,0,0,0,0,0,0
408,0,0,0,0,0,0,0,0,0
409,0,0,0,0,0,0,0,0,0
410,0,0,0,0,0,0,0,0,0
411,0,0,0,0,0,0,0,0,0
412,0,0,0,0,0,0,0,0,0
413,0,0,0,0,0,0,0,0,0
414,0,0,0,0,0,0,0,0,0
415,0,0,0,0,0,0,0,0,0
416,0,0,0,0,0,0,0,0,0
417,0,0,0,0,0,0,0,0,0
418,0,0,0,0,0,0,0,0,0
419,0,0,0,0,0,0,0,0,0
420,0,0,0,0,0,0,0,0,0
421,0,0,0,0,0,0,0,0,0
422,0,0,0,0,0,0,0,0,0
423,0,0,0,0,0,0,0,0,0
424,0,0,0,0,0,0,0,0,0
425,0,0,0,0,0,0,0,0,0
426,0,0,0,0,0,0,0,0,0
427,0,0,0,0,0,0,0,0,0
428,0,0,0,0,0,0,0,0,0
429,0,0,0,0,0,0,0,0,0
430,0,0,0,0,0,0,0,0,0
431,0,0,0,0,0,0,0,0,0
432,0,0,0,0,0,0,0,0,0
433,0,0,0,0,0,0,0,0,0
434,0,0,0,0,0,0,0,0,0
435,0,0,0,0,0,0,0,0,0
436,0,0,0,0,0,0,0,0,0
437,0,0,0,0,0,0,0,0,0
438,0,0,0,0,0,0,0,0,0
439,0,0,0,0,0,0,0,0,0
440,0,0,0,0,0,0,0,0,0
441,0,0,0,0,0,0,0,0,0
442,0,0,0,0,0,0,0,0,0
443,0,0,0,0,0,0,0,0,0
444,0,0,0,0,0,0,0,0,0
445,0,0,0,0,0,0,0,0,0
446,0,0,0,0,0,0,0,0,0
447,0,0,0,0,0,0,0,0,0
448,0,0,0,0,0,0,0,0,0
449,0,0,0,0,0,0,0,0,0
450,0,0,0,0,0,0,0,0,0
451,0,0,0,0,0,0,0,0,0
452,0,0,0,0,0,0,0,0,0
453,0,0,0,0,0,0,0,0,0
454,0,0,0,0,0,0,0,0,0
455,0,0,0,0,0,0,0,0,0
456,0,0,0,0,0,0,0,0,0
457,0,0,0,0,0,0,0,0,0
458,0,0,0,0,0,0,0,0,0
459,0,0,0,0,0,0,0,0,0
460,0,0,0,0,0,0,0,0,0
461,0,0,0,0,0,0,0,0,0
462,0,0,0,0,0,0,0,0,0
463,0,0,0,0,0,0,0,0,0
464,0,0,0,0,0,0,0,0,0
465,0,0,0,0,0,0,0,0,0
466,0,0,0,0,0,0,0,0,0
467,0,0,0,0,0,0,0,0,0
468,0,0,0,0,0,0,0,0,0
469,0,0,0,0,0,0,0,0,0
470,0,0,0,0,0,0,0,0,0
471,0,0,0,0,0,0,0,0,0
472,0,0,0,0,0,0,0,0,0
473,0,0,0,0,0,0,0,0,0
474,0,0,0,0,0,0,0,0,0
475,0,0,0,0,0,0,0,0,0
476,0,0,0,0,0,0,0,0,0
477,0,0,0,0,0,0,0,0,0
478,0,0,0,0,0,0,0,0,0
479,0,0,0,0,0,0,0,0,0
480,0,0,0,0,0,0,0,0,0
481,0,0,0,0,0,0,0,0,0
482,0,0,0,0,0,0,0,0,0
483,0,0,0,0,0,0,0,0,0
484,0,0,0,0,0,0,0,0,0
485,0,0,0,0,0,0,0,0,0
486,0,0,0,0,0,0,0,0,0
487,0,0,0,0,0,0,0,0,0
488,0,0,0,0,0,0,0,0,0
489,0,0,0,0,0,0,0,0,0
490,0,0,0,0,0,0,0,0,0
491,0,0,0,0,0,0,0,0,0
492,0,0,0,0,0,0,0,0,0
493,0,0,0,0,0,0,0,0,0
494,0,0,0,0,0,0,0,0,0
495,0,0,0,0,0,0,0,0,0
496,0,0,0,0,0,0,0,0,0
497,0,0,0,0,0,0,0,0,0
498,0,0,0,0,0,0,0,0,0
499,0,0,0,0,0,0,0,0,0
500,0,0,0,0,0,0,0,0,0
501,0,0,0,0,0,0,0,0,0
502,0,0,0,0,0,0,0,0,0
503,0,0,0,0,0,0,0,0,0
504,0,0,0,0,0,0,0,0,0
505,0,0,0,0,0,0,0,0,0
506,0,0,0,0,0,0,0,0,0
507,0,0,0,0,0,0,0,0,0
508,0,0,0,0,0,0,0,0,0
509,0,0,0,0,0,0,0,0,0
510,0,0,0,0,0,0,0,0,0
511,0,0,0,0,0,0,0,0,0
512,0,0,0,0,0,0,0,0,0
513,0,0,0,0,0,0,0,0,0
514,0,0,0,0,0,0,0,0,0
515,0,0,0,0,0,0,0,0,0
516,0,0,0,0,0,0,0,0,0
517,0,0,0,0,0,0,0,0,0
518,0,0,0,0,0,0,0,0,0
519,0,0,0,0,0,0,0,0,0
520,0,0,0,0,0,0,0,0,0
521,0,0,0,0,0,0,0,0,0
522,0,0,0,0,0,0,0,0,0
523,0,0,0,0,0,0,0,0,0
524,0,0,0,0,0,0,0,0,0
525,0,0,0,0,0,0,0,0,0
526,0,0,0,0,0,0,0,0,0
527,0,0,0,0,0,0,0,0,0
528,0,0,0,0,0,0,0,0,0
529,0,0,0,0,0,0,0,0,0
530,0,0,0,0,0,0,0,0,0
531,0,0,0,0,0,0,0,0,0
532,0,0,0,0,0,0,0,0,0
533,0,0,0,0,0,0,0,0,0
534,0,0,0,0,0,0,0,0,0
535,0,0,0,0,0,0,0,0,0
536,0,0,0,0,0,0,0,0,0
537,0,0,0,0,0,0,0,0,0
538,0,0,0,0,0,0,0,0,0
539,0,0,0,0,0,0,0,0,0
540,0,0,0,0,0,0,0,0,0
541,0,0,0,0,0,0,0,0,0
542,0,0,0,0,0,0,0,0,0
543,0,0,0,0,0,0,0,0,0
544,0,0,0,0,0,0,0,0,0
545,0,0,0,0,0,0,0,0,0
546,0,0,0,0,0,0,0,0,0
547,0,0,0,0,0,0,0,0,0
548,0,0,0,0,0,0,0,0,0
549,0,0,0,0,0,0,0,0,0
550,0,0,0,0,0,0,0,0,0
551,0,0,0,0,0,0,0,0,0
552,0,0,0,0,0,0,0,0,0
553,0,0,0,0,0,0,0,0,0
554,0,0,0,0,0,0,0,0,0
555,0,0,0,0,0,0,0,0,0
556,0,0,0,0,0,0,0,0,0
557,0,0,0,0,0,0,0,0,0
558,0,0,0,0,0,0,0,0,0
559,0,0,0,0,0,0,0,0,0
560,0,0,0,0,0,0,0,0,0
561,0,0,0,0,0,0,0,0,0
562,0,0,0,0,0,0,0,0,0
563,0,0,0,0,0,0,0,0,0
564,0,0,0,0,0,0,0,0,0
565,0,0,0,0,0,0,0,0,0
566,0,0,0,0,0,0,0,0,0
567,0,0,0,0,0,0,0,0,0
568,0,0,0,0,0,0,0,0,0
569,0,0,0,0,0,0,0,0,0
570,0,0,0,0,0,0,0,0,0
571,0,0,0,0,0,0,0,0,0
572,0,0,0,0,0,0,0,0,0
573,0,0,0,0,0,0,0,0,0
574,0,0,0,0,0,0,0,0,0
575,0,0,0,0,0,0,0,0,0
576,0,0,0,0,0,0,0,0,0
577,0,0,0,0,0,0,0,0,0
578,0,0,0,0,0,0,0,0,0
579,0,0,0,0,0,0,0,0,0
580,0,0,0,0,0,0,0,0,0
581,0,0,0,0,0,0,0,0,0
582,0,0,0,0,0,0,0,0,0
583,0,0,0,0,0,0,0,0,0
584,0,0,0,0,0,0,0,0,0
585,0,0,0,0,0,0,0,0,0
586,0,0,0,0,0,0,0,0,0
587,0,0,0,0,0,0,0,0,0
588,0,0,0,0,0,0,0,0,0
589,0,0,0,0,0,0,0,0,0
590,0,0,0,0,0,0,0,0,0
591,0,0,0,0,0,0,0,0,0
592,0,0,0,0,0,0,0,0,0
593,0,0,0,0,0,0,0,0,0
594,0,0,0,0,0,0,0,0,0
595,0,0,0,0,0,0,0,0,0
596,0,0,0,0,0,0,0,0,0
597,0,0,0,0,0,0,0,0,0
598,0,0,0,0,0,0,0,0,0
599,0,0,0,0,0,0,0,0,0
600,0,0,0,0,0,0,0,0,0
601,0,0,0,0,0,0,0,0,0
602,0,0,0,0,0,0,0,0,0
603,0,0,0,0,0,0,0,0,0
604,0,0,0,0,0,0,0,0,0
605,0,0,0,0,0,0,0,0,0
606,0,0,0,0,0,0,0,0,0
607,0,0,0,0,0,0,0,0,0
608,0,0,0,0,0,0,0,0,0
609,0,0,0,0,0,0,0,0,0
610,0,0,0,0,0,0,0,0,0
611,0,0,0,0,0,0,0,0,0
612,0,0,0,0,0,0,0,0,0
613,0,0,0,0,0,0,0,0,0
614,0,0,0,0,0,0,0,0,0
615,0,0,0,0,0,0,0,0,0
616,0,0,0,0,0,0,0,0,0
617,0,0,0,0,0,0,0,0,0
618,0,0,0,0,0,0,0,0,0
619,0,0,0,0,0,0,0,0,0
620,0,0,0,0,0,0,0,0,0
621,0,0,0,0,0,0,0,0,0
622,0,0,0,0,0,0,0,0,0
623,0,0,0,0,0,0,0,0,0
624,0,0,0,0,0,0,0,0,0
625,0,0,0,0,0,0,0,0,0
626,0,0,0,0,0,0,0,0,0
627,0,0,0,0,0,0,0,0,0
628,0,0,0,0,0,0,0,0,0
629,0,0,0,0,0,0,0,0,0
630,0,0,0,0,0,0,0,0,0
631,0,0,0,0,0,0,0,0,0
632,0,0,0,0,0,0,0,0,0
633,0,0,0,0,0,0,0,0,0
634,0,0,0,0,0,0,0,0,0
635,0,0,0,0,0,0,0,0,0
636,0,0,0,0,0,0,0,0,0
637,0,0,0,0,0,0,0,0,0
638,0,0,0,0,0,0,0,0,0
639,0,0,0,0,0,0,0,0,0
640,0,0,0,0,0,0,0,0,0
641,0,0,0,0,0,0,0,0,0
642,0,0,0,0,0,0,0,0,0
643,0,0,0,0,0,0,0,0,0
644,0,0,0,0,0,0,0,0,0
645,0,0,0,0,0,0,0,0,0
646,0,0,0,0,0,0,0,0,0
647,0,0,0,0,0,0,0,0,0
648,0,0,0,0,0,0,0,0,0
649,0,0,0,0,0,0,0,0,0
650,0,0,0,0,0,0,0,0,0
651,0,0,0,0,0,0,0,0,0
652,0,0,0,0,0,0,0,0,0
653,0,0,0,0,0,0,0,0,0
654,0,0,0,0,0,0,0,0,0
655,0,0,0,0,0,0,0,0,0
656,0,0,0,0,0,0,0,0,0
657,0,0,0,0,0,0,0,0,0
658,0,0,0,0,0,0,0,0,0
659,0,0,0,0,0,0,0,0,0
660,0,0,0,0,0,0,0,0,0
661,0,0,0,0,0,0,0,0,0
662,0,0,0,0,0,0,0,0,0
663,0,0,0,0,0,0,0,0,0
664,0,0,0,0,0,0,0,0,0
665,0,0,0,0,0,0,0,0,0
666,0,0,0,0,0,0,0,0,0
667,0,0,0,0,0,0,0,0,0
668,0,0,0,0,0,0,0,0,0
669,0,0,0,0,0,0,0,0,0
670,0,0,0,0,0,0,0,0,0
671,0,0,0,0,0,0,0,0,0
672,0,0,0,0,0,0,0,0,0
673,0,0,0,0,0,0,0,0,0
674,0,0,0,0,0,0,0,0,0
675,0,0,0,0,0,0,0,0,0
676,0,0,0,0,0,0,0,0,0
677,0,0,0,0,0,0,0,0,0
678,0,0,0,0,0,0,0,0,0
679,0,0,0,0,0,0,0,0,0
680,0,0,0,0,0,0,0,0,0
681,0,0,0,0,0,0,0,0,0
682,0,0,0,0,0,0,0,0,0
683,0,0,0,0,0,0,0,0,0
684,0,0,0,0,0,0,0,0,0
685,0,0,0,0,0,0,0,0,0
686,0,0,0,0,0,0,0,0,0
687,0,0,0,0,0,0,0,0,0
688,0,0,0,0,0,0,0,0,0
689,0,0,0,0,0,0,0,0,0
690,0,0,0,0,0,0,0,0,0
691,0,0,0,0,0,0,0,0,0
692,0,0,0,0,0,0,0,0,0
693,0,0,0,0,0,0,0,0,0
694,0,0,0,0,0,0,0,0,0
695,0,0,0,0,0,0,0,0,0
696,0,0,0,0,0,0,0,0,0
697,0,0,0,0,0,0,0,0,0
698,0,0,0,0,0,0,0,0,0
699,0,0,0,0,0,0,0,0,0
700,0,0,0,0,0,0,0,0,0
701,0,0,0,0,0,0,0,0,0
702,0,0,0,0,0,0,0,0,0
703,0,0,0,0,0,0,0,0,0
704,0,0,0,0,0,0,0,0,0
705,0,0,0,0,0,0,0,0,0
706,0,0,0,0,0,0,0,0,0
707,0,0,0,0,0,0,0,0,0
708,0,0,0,0,0,0,0,0,0
709,0,0,0,0,0,0,0,0,0
710,0,0,0,0,0,0,0,0,0
711,0,0,0,0,0,0,0,0,0
712,0,0,0,0,0,0,0,0,0
713,0,0,0,0,0,0,0,0,0
714,0,0,0,0,0,0,0,0,0
715,0,0,0,0,0,0,0,0,0
716,0,0,0,0,0,0,0,0,0
717,0,0,0,0,0,0,0,0,0
718,0,0,0,0,0,0,0,0,0
719,0,0,0,0,0,0,0,0,0
720,0,0,0,0,0,0,0,0,0
721,0,0,0,0,0,0,0,0,0
722,0,0,0,0,0,0,0,0,0
723,0,0,0,0,0,0,0,0,0
724,0,0,0,0,0,0,0,0,0
725,0,0,0,0,0,0,0,0,0
726,0,0,0,0,0,0,0,0,0
727,0,0,0,0,0,0,0,0,0
728,0,0,0,0,0,0,0,0,0
729,0,0,0,0,0,0,0,0,0
730,0,0,0,0,0,0,0,0,0
731,0,0,0,0,0,0,0,0,0
732,0,0,0,0,0,0,0,0,0
733,0,0,0,0,0,0,0,0,0
734,0,0,0,0,0,0,0,0,0
735,0,0,0,0,0,0,0,0,0
736,0,0,0,0,0,0,0,0,0
737,0,0,0,0,0,0,0,0,0
738,0,0,0,0,0,0,0,0,0
739,0,0,0,0,0,0,0,0,0
740,0,0,0,0,0,0,0,0,0
741,0,0,0,0,0,0,0,0,0
742,0,0,0,0,0,0,0,0,0
743,0,0,0,0,0,0,0,0,0
744,0,0,0,0,0,0,0,0,0
745,0,0,0,0,0,0,0,0,0
746,0,0,0,0,0,0,0,0,0
747,0,0,0,0,0,0,0,0,0
748,0,0,0,0,0,0,0,0,0
749,0,0,0,0,0,0,0,0,0
750,0,0,0,0,0,0,0,0,0
0,194,7257,201425,4077983,57373546,517292847,2626655236,5935079656,3356972874
1,109,3035,65350,1030130,11295230,79533168,315875403,559105523,248162693
2,67,1643,28535,363933,3228530,18367394,58896586,84157234,30165875
3,40,765,10832,115031,862065,4155685,11310882,13727424,4187057
4,26,506,6396,59935,397422,1697949,4083747,4370090,1173798
5,22,378,4211,34160,195172,712574,1456573,1320263,298957
6,20,237,2050,13926,68838,219910,397780,324056,67101
7,9,151,1248,7693,33979,97662,158934,117638,22052
8,8,108,818,4367,17421,44613,66529,45587,8045
9,3,79,538,2620,9849,23808,33855,22408,3824
10,3,76,482,2367,8505,19430,25866,15757,2447
11,3,57,370,1844,6098,13178,16059,8521,1117
12,3,57,362,1765,5679,12000,14179,7318,957
13,1,50,307,1446,4576,9408,10683,5296,669
14,1,47,250,1175,3560,6810,7212,3275,369
15,1,42,195,878,2563,4696,4890,2138,217
16,1,27,120,497,1399,2460,2442,1025,88
17,0,12,50,194,557,1035,1029,409,37
18,0,12,42,124,334,539,439,144,14
19,0,11,32,103,282,450,325,89,2
20,0,11,32,103,277,430,319,86,2
21,0,11,32,103,277,430,319,86,2
22,0,10,30,89,203,268,164,44,0
23,0,9,28,70,148,189,106,35,0
24,0,8,25,61,111,113,62,19,0
25,0,7,20,54,101,102,59,18,0
26,0,6,16,28,57,60,28,10,0
27,0,4,15,26,52,52,25,7,0
28,0,4,12,24,46,46,23,7,0
29,0,4,10,19,32,33,15,4,0
30,0,4,10,17,27,32,14,2,0
31,0,4,9,15,21,22,12,1,0
32,0,3,8,13,16,15,11,0,0
33,0,3,8,13,16,15,11,0,0
34,0,2,7,13,15,15,11,0,0
35,0,2,7,9,11,13,9,0,0
36,0,1,6,7,8,9,9,0,0
37,0,1,6,1,4,4,5,0,0
38,0,0,6,1,4,3,5,0,0
39,0,0,6,1,4,3,5,0,0
40,0,0,6,1,4,3,5,0,0
41,0,0,6,0,2,0,0,0,0
42,0,0,6,0,2,0,0,0,0
43,0,0,6,0,2,0,0,0,0
44,0,0,6,0,2,0,0,0,0
45,0,0,4,0,2,0,0,0,0
46,0,0,3,0,2,0,0,0,0
47,0,0,3,0,2,0,0,0,0
48,0,0,3,0,2,0,0,0,0
49,0,0,2,0,0,0,0,0,0
50,0,0,2,0,0,0,0,0,0
51,0,0,2,0,0,0,0,0,0
52,0,0,2,0,0,0,0,0,0
53,0,0,2,0,0,0,0,0,0
54,0,0,2,0,0,0,0,0,0
55,0,0,2,0,0,0,0,0,0
56,0,0,0,0,0,0,0,0,0
57,0,0,0,0,0,0,0,0,0
58,0,0,0,0,0,0,0,0,0
59,0,0,0,0,0,0,0,0,0
60,0,0,0,0,0,0,0,0,0
61,0,0,0,0,0,0,0,0,0
62,0,0,0,0,0,0,0,0,0
63,0,0,0,0,0,0,0,0,0
64,0,0,0,0,0,0,0,0,0
65,0,0,0,0,0,0,0,0,0
66,0,0,0,0,0,0,0,0,0
67,0,0,0,0,0,0,0,0,0
68,0,0,0,0,0,0,0,0,0
69,0,0,0,0,0,0,0,0,0
70,0,0,0,0,0,0,0,0,0
71,0,0,0,0,0,0,0,0,0
72,0,0,0,0,0,0,0,0,0
73,0,0,0,0,0,0,0,0,0
74,0,0,0,0,0,0,0,0,0
75,0,0,0,0,0,0,0,0,0
76,0,0,0,0,0,0,0,0,0
77,0,0,0,0,0,0,0,0,0
78,0,0,0,0,0,0,0,0,0
79,0,0,0,0,0,0,0,0,0
80,0,0,0,0,0,0,0,0,0
81,0,0,0,0,0,0,0,0,0
82,0,0,0,0,0,0,0,0,0
83,0,0,0,0,0,0,0,0,0
84,0,0,0,0,0,0,0,0,0
85,0,0,0,0,0,0,0,0,0
86,0,0,0,0,0,0,0,0,0
87,0,0,0,0,0,0,0,0,0
88,0,0,0,0,0,0,0,0,0
89,0,0,0,0,0,0,0,0,0
90,0,0,0,0,0,0,0,0,0
91,0,0,0,0,0,0,0,0,0
92,0,0,0,0,0,0,0,0,0
93,0,0,0,0,0,0,0,0,0
94,0,0,0,0,0,0,0,0,0
95,0,0,0,0,0,0,0,0,0
96,0,0,0,0,0,0,0,0,0
97,0,0,0,0,0,0,0,0,0
98,0,0,0,0,0,0,0,0,0
99,0,0,0,0,0,0,0,0,0
100,0,0,0,0,0,0,0,0,0
101,0,0,0,0,0,0,0,0,0
102,0,0,0,0,0,0,0,0,0
103,0,0,0,0,0,0,0,0,0
104,0,0,0,0,0,0,0,0,0
105,0,0,0,0,0,0,0,0,0
106,0,0,0,0,0,0,0,0,0
107,0,0,0,0,0,0,0,0,0
108,0,0,0,0,0,0,0,0,0
109,0,0,0,0,0,0,0,0,0
110,0,0,0,0,0,0,0,0,0
111,0,0,0,0,0,0,0,0,0
112,0,0,0,0,0,0,0,0,0
113,0,0,0,0,0,0,0,0,0
114,0,0,0,0,0,0,0,0,0
115,0,0,0,0,0,0,0,0,0
116,0,0,0,0,0,0,0,0,0
117,0,0,0,0,0,0,0,0,0
118,0,0,0,0,0,0,0,0,0
119,0,0,0,0,0,0,0,0,0
120,0,0,0,0,0,0,0,0,0
121,0,0,0,0,0,0,0,0,0
122,0,0,0,0,0,0,0,0,0
123,0,0,0,0,0,0,0,0,0
124,0,0,0,0,0,0,0,0,0
125,0,0,0,0,0,0,0,0,0
126,0,0,0,0,0,0,0,0,0
127,0,0,0,0,0,0,0,0,0
128,0,0,0,0,0,0,0,0,0
129,0,0,0,0,0,0,0,0,0
130,0,0,0,0,0,0,0,0,0
131,0,0,0,0,0,0,0,0,0
132,0,0,0,0,0,0,0,0,0
133,0,0,0,0,0,0,0,0,0
134,0,0,0,0,0,0,0,0,0
135,0,0,0,0,0,0,0,0,0
136,0,0,0,0,0,0,0,0,0
137,0,0,0,0,0,0,0,0,0
138,0,0,0,0,0,0,0,0,0
139,0,0,0,0,0,0,0,0,0
140,0,0,0,0,0,0,0,0,0
141,0,0,0,0,0,0,0,0,0
142,0,0,0,0,0,0,0,0,0
143,0,0,0,0,0,0,0,0,0
144,0,0,0,0,0,0,0,0,0
145,0,0,0,0,0,0,0,0,0
146,0,0,0,0,0,0,0,0,0
147,0,0,0,0,0,0,0,0,0
148,0,0,0,0,0,0,0,0,0
149,0,0,0,0,0,0,0,0,0
150,0,0,0,0,0,0,0,0,0
151,0,0,0,0,0,0,0,0,0
152,0,0,0,0,0,0,0,0,0
153,0,0,0,0,0,0,0,0,0
154,0,0,0,0,0,0,0,0,0
155,0,0,0,0,0,0,0,0,0
156,0,0,0,0,0,0,0,0,0
157,0,0,0,0,0,0,0,0,0
158,0,0,0,0,0,0,0,0,0
159,0,0,0,0,0,0,0,0,0
160,0,0,0,0,0,0,0,0,0
161,0,0,0,0,0,0,0,0,0
162,0,0,0,0,0,0,0,0,0
163,0,0,0,0,0,0,0,0,0
164,0,0,0,0,0,0,0,0,0
165,0,0,0,0,0,0,0,0,0
166,0,0,0,0,0,0,0,0,0
167,0,0,0,0,0,0,0,0,0
168,0,0,0,0,0,0,0,0,0
169,0,0,0,0,0,0,0,0,0
170,0,0,0,0,0,0,0,0,0
171,0,0,0,0,0,0,0,0,0
172,0,0,0,0,0,0,0,0,0
173,0,0,0,0,0,0,0,0,0
174,0,0,0,0,0,0,0,0,0
175,0,0,0,0,0,0,0,0,0
176,0,0,0,0,0,0,0,0,0
177,0,0,0,0,0,0,0,0,0
178,0,0,0,0,0,0,0,0,0
179,0,0,0,0,0,0,0,0,0
180,0,0,0,0,0,0,0,0,0
181,0,0,0,0,0,0,0,0,0
182,0,0,0,0,0,0,0,0,0
183,0,0,0,0,0,0,0,0,0
184,0,0,0,0,0,0,0,0,0
185,0,0,0,0,0,0,0,0,0
186,0,0,0,0,0,0,0,0,0
187,0,0,0,0,0,0,0,0,0
188,0,0,0,0,0,0,0,0,0
189,0,0,0,0,0,0,0,0,0
190,0,0,0,0,0,0,0,0,0
191,0,0,0,0,0,0,0,0,0
192,0,0,0,0,0,0,0,0,0
193,0,0,0,0,0,0,0,0,0
194,0,0,0,0,0,0,0,0,0
195,0,0,0,0,0,0,0,0,0
196,0,0,0,0,0,0,0,0,0
197,0,0,0,0,0,0,0,0,0
198,0,0,0,0,0,0,0,0,0
199,0,0,0,0,0,0,0,0,0
200,0,0,0,0,0,0,0,0,0
201,0,0,0,0,0,0,0,0,0
202,0,0,0,0,0,0,0,0,0
203,0,0,0,0,0,0,0,0,0
204,0,0,0,0,0,0,0,0,0
205,0,0,0,0,0,0,0,0,0
206,0,0,0,0,0,0,0,0,0
207,0,0,0,0,0,0,0,0,0
208,0,0,0,0,0,0,0,0,0
209,0,0,0,0,0,0,0,0,0
210,0,0,0,0,0,0,0,0,0
211,0,0,0,0,0,0,0,0,0
212,0,0,0,0,0,0,0,0,0
213,0,0,0,0,0,0,0,0,0
214,0,0,0,0,0,0,0,0,0
215,0,0,0,0,0,0,0,0,0
216,0,0,0,0,0,0,0,0,0
217,0,0,0,0,0,0,0,0,0
218,0,0,0,0,0,0,0,0,0
219,0,0,0,0,0,0,0,0,0
220,0,0,0,0,0,0,0,0,0
221,0,0,0,0,0,0,0,0,0
222,0,0,0,0,0,0,0,0,0
223,0,0,0,0,0,0,0,0,0
224,0,0,0,0,0,0,0,0,0
225,0,0,0,0,0,0,0,0,0
226,0,0,0,0,0,0,0,0,0
227,0,0,0,0,0,0,0,0,0
228,0,0,0,0,0,0,0,0,0
229,0,0,0,0,0,0,0,0,0
230,0,0,0,0,0,0,0,0,0
231,0,0,0,0,0,0,0,0,0
232,0,0,0,0,0,0,0,0,0
233,0,0,0,0,0,0,0,0,0
234,0,0,0,0,0,0,0,0,0
235,0,0,0,0,0,0,0,0,0
236,0,0,0,0,0,0,0,0,0
237,0,0,0,0,0,0,0,0,0
238,0,0,0,0,0,0,0,0,0
239,0,0,0,0,0,0,0,0,0
240,0,0,0,0,0,0,0,0,0
241,0,0,0,0,0,0,0,0,0
242,0,0,0,0,0,0,0,0,0
243,0,0,0,0,0,0,0,0,0
244,0,0,0,0,0,0,0,0,0
245,0,0,0,0,0,0,0,0,0
246,0,0,0,0,0,0,0,0,0
247,0,0,0,0,0,0,0,0,0
248,0,0,0,0,0,0,0,0,0
249,0,0,0,0,0,0,0,0,0
250,0,0,0,0,0,0,0,0,0
251,0,0,0,0,0,0,0,0,0
252,0,0,0,0,0,0,0,0,0
253,0,0,0,0,0,0,0,0,0
254,0,0,0,0,0,0,0,0,0
255,0,0,0,0,0,0,0,0,0
256,0,0,0,0,0,0,0,0,0
257,0,0,0,0,0,0,0,0,0
258,0,0,0,0,0,0,0,0,0
259,0,0,0,0,0,0,0,0,0
260,0,0,0,0,0,0,0,0,0
261,0,0,0,0,0,0,0,0,0
262,0,0,0,0,0,0,0,0,0
263,0,0,0,0,0,0,0,0,0
264,0,0,0,0,0,0,0,0,0
265,0,0,0,0,0,0,0,0,0
266,0,0,0,0,0,0,0,0,0
267,0,0,0,0,0,0,0,0,0
268,0,0,0,0,0,0,0,0,0
269,0,0,0,0,0,0,0,0,0
270,0,0,0,0,0,0,0,0,0
271,0,0,0,0,0,0,0,0,0
272,0,0,0,0,0,0,0,0,0
273,0,0,0,0,0,0,0,0,0
274,0,0,0,0,0,0,0,0,0
275,0,0,0,0,0,0,0,0,0
276,0,0,0,0,0,0,0,0,0
277,0,0,0,0,0,0,0,0,0
278,0,0,0,0,0,0,0,0,0
279,0,0,0,0,0,0,0,0,0
280,0,0,0,0,0,0,0,0,0
281,0,0,0,0,0,0,0,0,0
282,0,0,0,0,0,0,0,0,0
283,0,0,0,0,0,0,0,0,0
284,0,0,0,0,0,0,0,0,0
285,0,0,0,0,0,0,0,0,0
286,0,0,0,0,0,0,0,0,0
287,0,0,0,0,0,0,0,0,0
288,0,0,0,0,0,0,0,0,0
289,0,0,0,0,0,0,0,0,0
290,0,0,0,0,0,0,0,0,0
291,0,0,0,0,0,0,0,0,0
292,0,0,0,0,0,0,0,0,0
293,0,0,0,0,0,0,0,0,0
294,0,0,0,0,0,0,0,0,0
295,0,0,0,0,0,0,0,0,0
296,0,0,0,0,0,0,0,0,0
297,0,0,0,0,0,0,0,0,0
298,0,0,0,0,0,0,0,0,0
299,0,0,0,0,0,0,0,0,0
300,0,0,0,0,0,0,0,0,0
301,0,0,0,0,0,0,0,0,0
302,0,0,0,0,0,0,0,0,0
303,0,0,0,0,0,0,0,0,0
304,0,0,0,0,0,0,0,0,0
305,0,0,0,0,0,0,0,0,0
306,0,0,0,0,0,0,0,0,0
307,0,0,0,0,0,0,0,0,0
308,0,0,0,0,0,0,0,0,0
309,0,0,0,0,0,0,0,0,0
310,0,0,0,0,0,0,0,0,0
311,0,0,0,0,0,0,0,0,0
312,0,0,0,0,0,0,0,0,0
313,0,0,0,0,0,0,0,0,0
314,0,0,0,0,0,0,0,0,0
315,0,0,0,0,0,0,0,0,0
316,0,0,0,0,0,0,0,0,0
317,0,0,0,0,0,0,0,0,0
318,0,0,0,0,0,0,0,0,0
319,0,0,0,0,0,0,0,0,0
320,0,0,0,0,0,0,0,0,0
321,0,0,0,0,0,0,0,0,0
322,0,0,0,0,0,0,0,0,0
323,0,0,0,0,0,0,0,0,0
324,0,0,0,0,0,0,0,0,0
325,0,0,0,0,0,0,0,0,0
326,0,0,0,0,0,0,0,0,0
327,0,0,0,0,0,0,0,0,0
328,0,0,0,0,0,0,0,0,0
329,0,0,0,0,0,0,0,0,0
330,0,0,0,0,0,0,0,0,0
331,0,0,0,0,0,0,0,0,0
332,0,0,0,0,0,0,0,0,0
333,0,0,0,0,0,0,0,0,0
334,0,0,0,0,0,0,0,0,0
335,0,0,0,0,0,0,0,0,0
336,0,0,0,0,0,0,0,0,0
337,0,0,0,0,0,0,0,0,0
338,0,0,0,0,0,0,0,0,0
339,0,0,0,0,0,0,0,0,0
340,0,0,0,0,0,0,0,0,0
341,0,0,0,0,0,0,0,0,0
342,0,0,0,0,0,0,0,0,0
343,0,0,0,0,0,0,0,0,0
344,0,0,0,0,0,0,0,0,0
345,0,0,0,0,0,0,0,0,0
346,0,0,0,0,0,0,0,0,0
347,0,0,0,0,0,0,0,0,0
348,0,0,0,0,0,0,0,0,0
349,0,0,0,0,0,0,0,0,0
350,0,0,0,0,0,0,0,0,0
351,0,0,0,0,0,0,0,0,0
352,0,0,0,0,0,0,0,0,0
353,0,0,0,0,0,0,0,0,0
354,0,0,0,0,0,0,0,0,0
355,0,0,0,0,0,0,0,0,0
356,0,0,0,0,0,0,0,0,0
357,0,0,0,0,0,0,0,0,0
358,0,0,0,0,0,0,0,0,0
359,0,0,0,0,0,0,0,0,0
360,0,0,0,0,0,0,0,0,0
361,0,0,0,0,0,0,0,0,0
362,0,0,0,0,0,0,0,0,0
363,0,0,0,0,0,0,0,0,0
364,0,0,0,0,0,0,0,0,0
365,0,0,0,0,0,0,0,0,0
366,0,0,0,0,0,0,0,0,0
367,0,0,0,0,0,0,0,0,0
368,0,0,0,0,0,0,0,0,0
369,0,0,0,0,0,0,0,0,0
370,0,0,0,0,0,0,0,0,0
371,0,0,0,0,0,0,0,0,0
372,0,0,0,0,0,0,0,0,0
373,0,0,0,0,0,0,0,0,0
374,0,0,0,0,0,0,0,0,0
375,0,0,0,0,0,0,0,0,0
376,0,0,0,0,0,0,0,0,0
377,0,0,0,0,0,0,0,0,0
378,0,0,0,0,0,0,0,0,0
379,0,0,0,0,0,0,0,0,0
380,0,0,0,0,0,0,0,0,0
381,0,0,0,0,0,0,0,0,0
382,0,0,0,0,0,0,0,0,0
383,0,0,0,0,0,0,0,0,0
384,0,0,0,0,0,0,0,0,0
385,0,0,0,0,0,0,0,0,0
386,0,0,0,0,0,0,0,0,0
387,0,0,0,0,0,0,0,0,0
388,0,0,0,0,0,0,0,0,0
389,0,0,0,0,0,0,0,0,0
390,0,0,0,0,0,0,0,0,0
391,0,0,0,0,0,0,0,0,0
392,0,0,0,0,0,0,0,0,0
393,0,0,0,0,0,0,0,0,0
394,0,0,0,0,0,0,0,0,0
395,0,0,0,0,0,0,0,0,0
396,0,0,0,0,0,0,0,0,0
397,0,0,0,0,0,0,0,0,0
398,0,0,0,0,0,0,0,0,0
399,0,0,0,0,0,0,0,0,0
400,0,0,0,0,0,0,0,0,0
401,0,0,0,0,0,0,0,0,0
402,0,0,0,0,0,0,0,0,0
403,0,0,0,0,0,0,0,0,0
404,0,0,0,0,0,0,0,0,0
405,0,0,0,0,0,0,0,0,0
406,0,0,0,0,0,0,0,0,0
407,0,0,0,0,0,0,0,0,0
408,0,0,0,0,0,0,0,0,0
409,0,0,0,0,0,0,0,0,0
410,0,0,0,0,0,0,0,0,0
411,0,0,0,0,0,0,0,0,0
412,0,0,0,0,0,0,0,0,0
413,0,0,0,0,0,0,0,0,0
414,0,0,0,0,0,0,0,0,0
415,0,0,0,0,0,0,0,0,0
416,0,0,0,0,0,0,0,0,0
417,0,0,0,0,0,0,0,0,0
418,0,0,0,0,0,0,0,0,0
419,0,0,0,0,0,0,0,0,0
420,0,0,0,0,0,0,0,0,0
421,0,0,0,0,0,0,0,0,0
422,0,0,0,0,0,0,0,0,0
423,0,0,0,0,0,0,0,0,0
424,0,0,0,0,0,0,0,0,0
425,0,0,0,0,0,0,0,0,0
426,0,0,0,0,0,0,0,0,0
427,0,0,0,0,0,0,0,0,0
428,0,0,0,0,0,0,0,0,0
429,0,0,0,0,0,0,0,0,0
430,0,0,0,0,0,0,0,0,0
431,0,0,0,0,0,0,0,0,0
432,0,0,0,0,0,0,0,0,0
433,0,0,0,0,0,0,0,0,0
434,0,0,0,0,0,0,0,0,0
435,0,0,0,0,0,0,0,0,0
436,0,0,0,0,0,0,0,0,0
437,0,0,0,0,0,0,0,0,0
438,0,0,0,0,0,0,0,0,0
439,0,0,0,0,0,0,0,0,0
440,0,0,0,0,0,0,0,0,0
441,0,0,0,0,0,0,0,0,0
442,0,0,0,0,0,0,0,0,0
443,0,0,0,0,0,0,0,0,0
444,0,0,0,0,0,0,0,0,0
445,0,0,0,0,0,0,0,0,0
446,0,0,0,0,0,0,0,0,0
447,0,0,0,0,0,0,0,0,0
448,0,0,0,0,0,0,0,0,0
449,0,0,0,0,0,0,0,0,0
450,0,0,0,0,0,0,0,0,0
451,0,0,0,0,0,0,0,0,0
452,0,0,0,0,0,0,0,0,0
453,0,0,0,0,0,0,0,0,0
454,0,0,0,0,0,0,0,0,0
455,0,0,0,0,0,0,0,0,0
456,0,0,0,0,0,0,0,0,0
457,0,0,0,0,0,0,0,0,0
458,0,0,0,0,0,0,0,0,0
459,0,0,0,0,0,0,0,0,0
460,0,0,0,0,0,0,0,0,0
461,0,0,0,0,0,0,0,0,0
462,0,0,0,0,0,0,0,0,0
463,0,0,0,0,0,0,0,0,0
464,0,0,0,0,0,0,0,0,0
465,0,0,0,0,0,0,0,0,0
466,0,0,0,0,0,0,0,0,0
467,0,0,0,0,0,0,0,0,0
468,0,0,0,0,0,0,0,0,0
469,0,0,0,0,0,0,0,0,0
470,0,0,0,0,0,0,0,0,0
471,0,0,0,0,0,0,0,0,0
472,0,0,0,0,0,0,0,0,0
473,0,0,0,0,0,0,0,0,0
474,0,0,0,0,0,0,0,0,0
475,0,0,0,0,0,0,0,0,0
476,0,0,0,0,0,0,0,0,0
477,0,0,0,0,0,0,0,0,0
478,0,0,0,0,0,0,0,0,0
479,0,0,0,0,0,0,0,0,0
480,0,0,0,0,0,0,0,0,0
481,0,0,0,0,0,0,0,0,0
482,0,0,0,0,0,0,0,0,0
483,0,0,0,0,0,0,0,0,0
484,0,0,0,0,0,0,0,0,0
485,0,0,0,0,0,0,0,0,0
486,0,0,0,0,0,0,0,0,0
487,0,0,0,0,0,0,0,0,0
488,0,0,0,0,0,0,0,0,0
489,0,0,0,0,0,0,0,0,0
490,0,0,0,0,0,0,0,0,0
491,0,0,0,0,0,0,0,0,0
492,0,0,0,0,0,0,0,0,0
493,0,0,0,0,0,0,0,0,0
494,0,0,0,0,0,0,0,0,0
495,0,0,0,0,0,0,0,0,0
496,0,0,0,0,0,0,0,0,0
497,0,0,0,0,0,0,0,0,0
498,0,0,0,0,0,0,0,0,0
499,0,0,0,0,0,0,0,0,0
500,0,0,0,0,0,0,0,0,0
501,0,0,0,0,0,0,0,0,0
502,0,0,0,0,0,0,0,0,0
503,0,0,0,0,0,0,0,0,0
504,0,0,0,0,0,0,0,0,0
505,0,0,0,0,0,0,0,0,0
506,0,0,0,0,0,0,0,0,0
507,0,0,0,0,0,0,0,0,0
508,0,0,0,0,0,0,0,0,0
509,0,0,0,0,0,0,0,0,0
510,0,0,0,0,0,0,0,0,0
511,0,0,0,0,0,0,0,0,0
512,0,0,0,0,0,0,0,0,0
513,0,0,0,0,0,0,0,0,0
514,0,0,0,0,0,0,0,0,0
515,0,0,0,0,0,0,0,0,0
516,0,0,0,0,0,0,0,0,0
517,0,0,0,0,0,0,0,0,0
518,0,0,0,0,0,0,0,0,0
519,0,0,0,0,0,0,0,0,0
520,0,0,0,0,0,0,0,0,0
521,0,0,0,0,0,0,0,0,0
522,0,0,0,0,0,0,0,0,0
523,0,0,0,0,0,0,0,0,0
524,0,0,0,0,0,0,0,0,0
525,0,0,0,0,0,0,0,0,0
526,0,0,0,0,0,0,0,0,0
527,0,0,0,0,0,0,0,0,0
528,0,0,0,0,0,0,0,0,0
529,0,0,0,0,0,0,0,0,0
530,0,0,0,0,0,0,0,0,0
531,0,0,0,0,0,0,0,0,0
532,0,0,0,0,0,0,0,0,0
533,0,0,0,0,0,0,0,0,0
534,0,0,0,0,0,0,0,0,0
535,0,0,0,0,0,0,0,0,0
536,0,0,0,0,0,0,0,0,0
537,0,0,0,0,0,0,0,0,0
538,0,0,0,0,0,0,0,0,0
539,0,0,0,0,0,0,0,0,0
540,0,0,0,0,0,0,0,0,0
541,0,0,0,0,0,0,0,0,0
542,0,0,0,0,0,0,0,0,0
543,0,0,0,0,0,0,0,0,0
544,0,0,0,0,0,0,0,0,0
545,0,0,0,0,0,0,0,0,0
546,0,0,0,0,0,0,0,0,0
547,0,0,0,0,0,0,0,0,0
548,0,0,0,0,0,0,0,0,0
549,0,0,0,0,0,0,0,0,0
550,0,0,0,0,0,0,0,0,0
551,0,0,0,0,0,0,0,0,0
552,0,0,0,0,0,0,0,0,0
553,0,0,0,0,0,0,0,0,0
554,0,0,0,0,0,0,0,0,0
555,0,0,0,0,0,0,0,0,0
556,0,0,0,0,0,0,0,0,0
557,0,0,0,0,0,0,0,0,0
558,0,0,0,0,0,0,0,0,0
559,0,0,0,0,0,0,0,0,0
560,0,0,0,0,0,0,0,0,0
561,0,0,0,0,0,0,0,0,0
562,0,0,0,0,0,0,0,0,0
563,0,0,0,0,0,0,0,0,0
564,0,0,0,0,0,0,0,0,0
565,0,0,0,0,0,0,0,0,0
566,0,0,0,0,0,0,0,0,0
567,0,0,0,0,0,0,0,0,0
568,0,0,0,0,0,0,0,0,0
569,0,0,0,0,0,0,0,0,0
570,0,0,0,0,0,0,0,0,0
571,0,0,0,0,0,0,0,0,0
572,0,0,0,0,0,0,0,0,0
573,0,0,0,0,0,0,0,0,0
574,0,0,0,0,0,0,0,0,0
575,0,0,0,0,0,0,0,0,0
576,0,0,0,0,0,0,0,0,0
577,0,0,0,0,0,0,0,0,0
578,0,0,0,0,0,0,0,0,0
579,0,0,0,0,0,0,0,0,0
580,0,0,0,0,0,0,0,0,0
581,0,0,0,0,0,0,0,0,0
582,0,0,0,0,0,0,0,0,0
583,0,0,0,0,0,0,0,0,0
584,0,0,0,0,0,0,0,0,0
585,0,0,0,0,0,0,0,0,0
586,0,0,0,0,0,0,0,0,0
587,0,0,0,0,0,0,0,0,0
588,0,0,0,0,0,0,0,0,0
589,0,0,0,0,0,0,0,0,0
590,0,0,0,0,0,0,0,0,0
591,0,0,0,0,0,0,0,0,0
592,0,0,0,0,0,0,0,0,0
593,0,0,0,0,0,0,0,0,0
594,0,0,0,0,0,0,0,0,0
595,0,0,0,0,0,0,0,0,0
596,0,0,0,0,0,0,0,0,0
597,0,0,0,0,0,0,0,0,0
598,0,0,0,0,0,0,0,0,0
599,0,0,0,0,0,0,0,0,0
600,0,0,0,0,0,0,0,0,0
601,0,0,0,0,0,0,0,0,0
602,0,0,0,0,0,0,0,0,0
603,0,0,0,0,0,0,0,0,0
604,0,0,0,0,0,0,0,0,0
605,0,0,0,0,0,0,0,0,0
606,0,0,0,0,0,0,0,0,0
607,0,0,0,0,0,0,0,0,0
608,0,0,0,0,0,0,0,0,0
609,0,0,0,0,0,0,0,0,0
610,0,0,0,0,0,0,0,0,0
611,0,0,0,0,0,0,0,0,0
612,0,0,0,0,0,0,0,0,0
613,0,0,0,0,0,0,0,0,0
614,0,0,0,0,0,0,0,0,0
615,0,0,0,0,0,0,0,0,0
616,0,0,0,0,0,0,0,0,0
617,0,0,0,0,0,0,0,0,0
618,0,0,0,0,0,0,0,0,0
619,0,0,0,0,0,0,0,0,0
620,0,0,0,0,0,0,0,0,0
621,0,0,0,0,0,0,0,0,0
622,0,0,0,0,0,0,0,0,0
623,0,0,0,0,0,0,0,0,0
624,0,0,0,0,0,0,0,0,0
625,0,0,0,0,0,0,0,0,0
626,0,0,0,0,0,0,0,0,0
627,0,0,0,0,0,0,0,0,0
628,0,0,0,0,0,0,0,0,0
629,0,0,0,0,0,0,0,0,0
630,0,0,0,0,0,0,0,0,0
631,0,0,0,0,0,0,0,0,0
632,0,0,0,0,0,0,0,0,0
633,0,0,0,0,0,0,0,0,0
634,0,0,0,0,0,0,0,0,0
635,0,0,0,0,0,0,0,0,0
636,0,0,0,0,0,0,0,0,0
637,0,0,0,0,0,0,0,0,0
638,0,0,0,0,0,0,0,0,0
639,0,0,0,0,0,0,0,0,0
640,0,0,0,0,0,0,0,0,0
641,0,0,0,0,0,0,0,0,0
642,0,0,0,0,0,0,0,0,0
643,0,0,0,0,0,0,0,0,0
644,0,0,0,0,0,0,0,0,0
645,0,0,0,0,0,0,0,0,0
646,0,0,0,0,0,0,0,0,0
647,0,0,0,0,0,0,0,0,0
648,0,0,0,0,0,0,0,0,0
649,0,0,0,0,0,0,0,0,0
650,0,0,0,0,0,0,0,0,0
651,0,0,0,0,0,0,0,0,0
652,0,0,0,0,0,0,0,0,0
653,0,0,0,0,0,0,0,0,0
654,0,0,0,0,0,0,0,0,0
655,0,0,0,0,0,0,0,0,0
656,0,0,0,0,0,0,0,0,0
657,0,0,0,0,0,0,0,0,0
658,0,0,0,0,0,0,0,0,0
659,0,0,0,0,0,0,0,0,0
660,0,0,0,0,0,0,0,0,0
661,0,0,0,0,0,0,0,0,0
662,0,0,0,0,0,0,0,0,0
663,0,0,0,0,0,0,0,0,0
664,0,0,0,0,0,0,0,0,0
665,0,0,0,0,0,0,0,0,0
666,0,0,0,0,0,0,0,0,0
667,0,0,0,0,0,0,0,0,0
668,0,0,0,0,0,0,0,0,0
669,0,0,0,0,0,0,0,0,0
670,0,0,0,0,0,0,0,0,0
671,0,0,0,0,0,0,0,0,0
672,0,0,0,0,0,0,0,0,0
673,0,0,0,0,0,0,0,0,0
674,0,0,0,0,0,0,0,0,0
675,0,0,0,0,0,0,0,0,0
676,0,0,0,0,0,0,0,0,0
677,0,0,0,0,0,0,0,0,0
678,0,0,0,0,0,0,0,0,0
679,0,0,0,0,0,0,0,0,0
680,0,0,0,0,0,0,0,0,0
681,0,0,0,0,0,0,0,0,0
682,0,0,0,0,0,0,0,0,0
683,0,0,0,0,0,0,0,0,0
684,0,0,0,0,0,0,0,0,0
685,0,0,0,0,0,0,0,0,0
686,0,0,0,0,0,0,0,0,0
687,0,0,0,0,0,0,0,0,0
688,0,0,0,0,0,0,0,0,0
689,0,0,0,0,0,0,0,0,0
690,0,0,0,0,0,0,0,0,0
691,0,0,0,0,0,0,0,0,0
692,0,0,0,0,0,0,0,0,0
693,0,0,0,0,0,0,0,0,0
694,0,0,0,0,0,0,0,0,0
695,0,0,0,0,0,0,0,0,0
696,0,0,0,0,0,0,0,0,0
697,0,0,0,0,0,0,0,0,0
698,0,0,0,0,0,0,0,0,0
699,0,0,0,0,0,0,0,0,0
700,0,0,0,0,0,0,0,0,0
701,0,0,0,0,0,0,0,0,0
702,0,0,0,0,0,0,0,0,0
703,0,0,0,0,0,0,0,0,0
704,0,0,0,0,0,0,0,0,0
705,0,0,0,0,0,0,0,0,0
706,0,0,0,0,0,0,0,0,0
707,0,0,0,0,0,0,0,0,0
708,0,0,0,0,0,0,0,0,0
709,0,0,0,0,0,0,0,0,0
710,0,0,0,0,0,0,0,0,0
711,0,0,0,0,0,0,0,0,0
712,0,0,0,0,0,0,0,0,0
713,0,0,0,0,0,0,0,0,0
714,0,0,0,0,0,0,0,0,0
715,0,0,0,0,0,0,0,0,0
716,0,0,0,0,0,0,0,0,0
717,0,0,0,0,0,0,0,0,0
718,0,0,0,0,0,0,0,0,0
719,0,0,0,0,0,0,0,0,0
720,0,0,0,0,0,0,0,0,0
721,0,0,0,0,0,0,0,0,0
722,0,0,0,0,0,0,0,0,0
723,0,0,0,0,0,0,0,0,0
724,0,0,0,0,0,0,0,0,0
725,0,0,0,0,0,0,0,0,0
726,0,0,0,0,0,0,0,0,0
727,0,0,0,0,0,0,0,0,0
728,0,0,0,0,0,0,0,0,0
729,0,0,0,0,0,0,0,0,0
730,0,0,0,0,0,0,0,0,0
731,0,0,0,0,0,0,0,0,0
732,0,0,0,0,0,0,0,0,0
733,0,0,0,0,0,0,0,0,0
734,0,0,0,0,0,0,0,0,0
735,0,0,0,0,0,0,0,0,0
736,0,0,0,0,0,0,0,0,0
737,0,0,0,0,0,0,0,0,0
738,0,0,0,0,0,0,0,0,0
739,0,0,0,0,0,0,0,0,0
740,0,0,0,0,0,0,0,0,0
741,0,0,0,0,0,0,0,0,0
742,0,0,0,0,0,0,0,0,0
743,0,0,0,0,0,0,0,0,0
744,0,0,0,0,0,0,0,0,0
745,0,0,0,0,0,0,0,0,0
746,0,0,0,0,0,0,0,0,0
747,0,0,0,0,0,0,0,0,0
748,0,0,0,0,0,0,0,0,0
749,0,0,0,0,0,0,0,0,0
750,0,0,0,0,0,0,0,0,0
0,194,7257,201425,4077983,57373546,517292847,2626655236,5935079656,3356972874
1,118,3165,69273,1110622,12361723,88251889,355270743,637488515,286860200
2,58,1283,22533,285689,2517411,14251735,45543991,65045562,23402082
3,42,740,11665,131279,1027421,5173518,14710979,18684992,5966103
4,32,454,6298,58408,381717,1614120,3870733,4164420,1129280
5,24,299,3675,29960,171809,641731,1365407,1316369,319566
6,17,169,1743,12941,65957,219608,418478,359241,76851
7,16,146,1382,9451,44655,136005,236068,183827,35770
8,14,124,1025,6378,27238,74476,116489,81479,14378
9,13,100,755,4451,17476,44325,64738,42986,7129
10,7,41,305,1756,6170,14751,19546,11456,1719
11,7,30,197,1169,3704,8416,10854,6113,949
12,5,22,155,860,2763,5985,7485,4109,654
13,4,11,81,364,1071,2123,2560,1316,189
14,2,5,47,200,573,1135,1381,642,76
15,2,5,43,191,477,879,954,396,34
16,2,5,39,158,371,630,632,257,19
17,2,2,34,106,255,478,465,208,15
18,2,2,34,106,255,478,465,208,15
19,2,2,31,98,231,405,412,190,15
20,1,0,19,46,97,185,189,79,2
21,1,0,12,38,75,125,111,47,0
22,1,0,8,24,51,90,71,29,0
23,1,0,7,7,37,52,31,16,0
24,1,0,7,7,34,47,27,10,0
25,1,0,7,7,27,43,24,8,0
26,0,0,4,6,21,35,19,5,0
27,0,0,0,4,6,13,6,1,0
28,0,0,0,4,5,6,2,1,0
29,0,0,0,4,5,6,2,1,0
30,0,0,0,4,4,6,2,1,0
31,0,0,0,4,4,6,2,1,0
32,0,0,0,3,2,3,1,0,0
33,0,0,0,3,2,3,1,0,0
34,0,0,0,3,2,3,1,0,0
35,0,0,0,3,2,3,1,0,0
36,0,0,0,2,1,2,1,0,0
37,0,0,0,2,1,2,1,0,0
38,0,0,0,2,1,2,1,0,0
39,0,0,0,1,1,1,1,0,0
40,0,0,0,1,1,1,1,0,0
41,0,0,0,1,1,1,1,0,0
42,0,0,0,1,1,1,1,0,0
43,0,0,0,1,0,1,1,0,0
44,0,0,0,1,0,1,1,0,0
45,0,0,0,1,0,1,0,0,0
46,0,0,0,1,0,1,0,0,0
47,0,0,0,1,0,1,0,0,0
48,0,0,0,1,0,0,0,0,0
49,0,0,0,1,0,0,0,0,0
50,0,0,0,1,0,0,0,0,0
51,0,0,0,1,0,0,0,0,0
52,0,0,0,1,0,0,0,0,0
53,0,0,0,1,0,0,0,0,0
54,0,0,0,1,0,0,0,0,0
55,0,0,0,1,0,0,0,0,0
56,0,0,0,1,0,0,0,0,0
57,0,0,0,1,0,0,0,0,0
58,0,0,0,1,0,0,0,0,0
59,0,0,0,1,0,0,0,0,0
60,0,0,0,1,0,0,0,0,0
61,0,0,0,1,0,0,0,0,0
62,0,0,0,1,0,0,0,0,0
63,0,0,0,1,0,0,0,0,0
64,0,0,0,1,0,0,0,0,0
65,0,0,0,1,0,0,0,0,0
66,0,0,0,1,0,0,0,0,0
67,0,0,0,1,0,0,0,0,0
68,0,0,0,1,0,0,0,0,0
69,0,0,0,1,0,0,0,0,0
70,0,0,0,1,0,0,0,0,0
71,0,0,0,1,0,0,0,0,0
72,0,0,0,1,0,0,0,0,0
73,0,0,0,1,0,0,0,0,0
74,0,0,0,1,0,0,0,0,0
75,0,0,0,1,0,0,0,0,0
76,0,0,0,1,0,0,0,0,0
77,0,0,0,1,0,0,0,0,0
78,0,0,0,1,0,0,0,0,0
79,0,0,0,1,0,0,0,0,0
80,0,0,0,1,0,0,0,0,0
81,0,0,0,1,0,0,0,0,0
82,0,0,0,1,0,0,0,0,0
83,0,0,0,1,0,0,0,0,0
84,0,0,0,1,0,0,0,0,0
85,0,0,0,1,0,0,0,0,0
86,0,0,0,1,0,0,0,0,0
87,0,0,0,1,0,0,0,0,0
88,0,0,0,1,0,0,0,0,0
89,0,0,0,1,0,0,0,0,0
90,0,0,0,1,0,0,0,0,0
91,0,0,0,1,0,0,0,0,0
92,0,0,0,1,0,0,0,0,0
93,0,0,0,1,0,0,0,0,0
94,0,0,0,1,0,0,0,0,0
95,0,0,0,1,0,0,0,0,0
96,0,0,0,1,0,0,0,0,0
97,0,0,0,1,0,0,0,0,0
98,0,0,0,1,0,0,0,0,0
99,0,0,0,1,0,0,0,0,0
100,0,0,0,1,0,0,0,0,0
101,0,0,0,0,0,0,0,0,0
102,0,0,0,0,0,0,0,0,0
103,0,0,0,0,0,0,0,0,0
104,0,0,0,0,0,0,0,0,0
105,0,0,0,0,0,0,0,0,0
106,0,0,0,0,0,0,0,0,0
107,0,0,0,0,0,0,0,0,0
108,0,0,0,0,0,0,0,0,0
109,0,0,0,0,0,0,0,0,0
110,0,0,0,0,0,0,0,0,0
111,0,0,0,0,0,0,0,0,0
112,0,0,0,0,0,0,0,0,0
113,0,0,0,0,0,0,0,0,0
114,0,0,0,0,0,0,0,0,0
115,0,0,0,0,0,0,0,0,0
116,0,0,0,0,0,0,0,0,0
117,0,0,0,0,0,0,0,0,0
118,0,0,0,0,0,0,0,0,0
119,0,0,0,0,0,0,0,0,0
120,0,0,0,0,0,0,0,0,0
121,0,0,0,0,0,0,0,0,0
122,0,0,0,0,0,0,0,0,0
123,0,0,0,0,0,0,0,0,0
124,0,0,0,0,0,0,0,0,0
125,0,0,0,0,0,0,0,0,0
126,0,0,0,0,0,0,0,0,0
127,0,0,0,0,0,0,0,0,0
128,0,0,0,0,0,0,0,0,0
129,0,0,0,0,0,0,0,0,0
130,0,0,0,0,0,0,0,0,0
131,0,0,0,0,0,0,0,0,0
132,0,0,0,0,0,0,0,0,0
133,0,0,0,0,0,0,0,0,0
134,0,0,0,0,0,0,0,0,0
135,0,0,0,0,0,0,0,0,0
136,0,0,0,0,0,0,0,0,0
137,0,0,0,0,0,0,0,0,0
138,0,0,0,0,0,0,0,0,0
139,0,0,0,0,0,0,0,0,0
140,0,0,0,0,0,0,0,0,0
141,0,0,0,0,0,0,0,0,0
142,0,0,0,0,0,0,0,0,0
143,0,0,0,0,0,0,0,0,0
144,0,0,0,0,0,0,0,0,0
145,0,0,0,0,0,0,0,0,0
146,0,0,0,0,0,0,0,0,0
147,0,0,0,0,0,0,0,0,0
148,0,0,0,0,0,0,0,0,0
149,0,0,0,0,0,0,0,0,0
150,0,0,0,0,0,0,0,0,0
151,0,0,0,0,0,0,0,0,0
152,0,0,0,0,0,0,0,0,0
153,0,0,0,0,0,0,0,0,0
154,0,0,0,0,0,0,0,0,0
155,0,0,0,0,0,0,0,0,0
156,0,0,0,0,0,0,0,0,0
157,0,0,0,0,0,0,0,0,0
158,0,0,0,0,0,0,0,0,0
159,0,0,0,0,0,0,0,0,0
160,0,0,0,0,0,0,0,0,0
161,0,0,0,0,0,0,0,0,0
162,0,0,0,0,0,0,0,0,0
163,0,0,0,0,0,0,0,0,0
164,0,0,0,0,0,0,0,0,0
165,0,0,0,0,0,0,0,0,0
166,0,0,0,0,0,0,0,0,0
167,0,0,0,0,0,0,0,0,0
168,0,0,0,0,0,0,0,0,0
169,0,0,0,0,0,0,0,0,0
170,0,0,0,0,0,0,0,0,0
171,0,0,0,0,0,0,0,0,0
172,0,0,0,0,0,0,0,0,0
173,0,0,0,0,0,0,0,0,0
174,0,0,0,0,0,0,0,0,0
175,0,0,0,0,0,0,0,0,0
176,0,0,0,0,0,0,0,0,0
177,0,0,0,0,0,0,0,0,0
178,0,0,0,0,0,0,0,0,0
179,0,0,0,0,0,0,0,0,0
180,0,0,0,0,0,0,0,0,0
181,0,0,0,0,0,0,0,0,0
182,0,0,0,0,0,0,0,0,0
183,0,0,0,0,0,0,0,0,0
184,0,0,0,0,0,0,0,0,0
185,0,0,0,0,0,0,0,0,0
186,0,0,0,0,0,0,0,0,0
187,0,0,0,0,0,0,0,0,0
188,0,0,0,0,0,0,0,0,0
189,0,0,0,0,0,0,0,0,0
190,0,0,0,0,0,0,0,0,0
191,0,0,0,0,0,0,0,0,0
192,0,0,0,0,0,0,0,0,0
193,0,0,0,0,0,0,0,0,0
194,0,0,0,0,0,0,0,0,0
195,0,0,0,0,0,0,0,0,0
196,0,0,0,0,0,0,0,0,0
197,0,0,0,0,0,0,0,0,0
198,0,0,0,0,0,0,0,0,0
199,0,0,0,0,0,0,0,0,0
200,0,0,0,0,0,0,0,0,0
201,0,0,0,0,0,0,0,0,0
202,0,0,0,0,0,0,0,0,0
203,0,0,0,0,0,0,0,0,0
204,0,0,0,0,0,0,0,0,0
205,0,0,0,0,0,0,0,0,0
206,0,0,0,0,0,0,0,0,0
207,0,0,0,0,0,0,0,0,0
208,0,0,0,0,0,0,0,0,0
209,0,0,0,0,0,0,0,0,0
210,0,0,0,0,0,0,0,0,0
211,0,0,0,0,0,0,0,0,0
212,0,0,0,0,0,0,0,0,0
213,0,0,0,0,0,0,0,0,0
214,0,0,0,0,0,0,0,0,0
215,0,0,0,0,0,0,0,0,0
216,0,0,0,0,0,0,0,0,0
217,0,0,0,0,0,0,0,0,0
218,0,0,0,0,0,0,0,0,0
219,0,0,0,0,0,0,0,0,0
220,0,0,0,0,0,0,0,0,0
221,0,0,0,0,0,0,0,0,0
222,0,0,0,0,0,0,0,0,0
223,0,0,0,0,0,0,0,0,0
224,0,0,0,0,0,0,0,0,0
225,0,0,0,0,0,0,0,0,0
226,0,0,0,0,0,0,0,0,0
227,0,0,0,0,0,0,0,0,0
228,0,0,0,0,0,0,0,0,0
229,0,0,0,0,0,0,0,0,0
230,0,0,0,0,0,0,0,0,0
231,0,0,0,0,0,0,0,0,0
232,0,0,0,0,0,0,0,0,0
233,0,0,0,0,0,0,0,0,0
234,0,0,0,0,0,0,0,0,0
235,0,0,0,0,0,0,0,0,0
236,0,0,0,0,0,0,0,0,0
237,0,0,0,0,0,0,0,0,0
238,0,0,0,0,0,0,0,0,0
239,0,0,0,0,0,0,0,0,0
240,0,0,0,0,0,0,0,0,0
241,0,0,0,0,0,0,0,0,0
242,0,0,0,0,0,0,0,0,0
243,0,0,0,0,0,0,0,0,0
244,0,0,0,0,0,0,0,0,0
245,0,0,0,0,0,0,0,0,0
246,0,0,0,0,0,0,0,0,0
247,0,0,0,0,0,0,0,0,0
248,0,0,0,0,0,0,0,0,0
249,0,0,0,0,0,0,0,0,0
250,0,0,0,0,0,0,0,0,0
251,0,0,0,0,0,0,0,0,0
252,0,0,0,0,0,0,0,0,0
253,0,0,0,0,0,0,0,0,0
254,0,0,0,0,0,0,0,0,0
255,0,0,0,0,0,0,0,0,0
256,0,0,0,0,0,0,0,0,0
257,0,0,0,0,0,0,0,0,0
258,0,0,0,0,0,0,0,0,0
259,0,0,0,0,0,0,0,0,0
260,0,0,0,0,0,0,0,0,0
261,0,0,0,0,0,0,0,0,0
262,0,0,0,0,0,0,0,0,0
263,0,0,0,0,0,0,0,0,0
264,0,0,0,0,0,0,0,0,0
265,0,0,0,0,0,0,0,0,0
266,0,0,0,0,0,0,0,0,0
267,0,0,0,0,0,0,0,0,0
268,0,0,0,0,0,0,0,0,0
269,0,0,0,0,0,0,0,0,0
270,0,0,0,0,0,0,0,0,0
271,0,0,0,0,0,0,0,0,0
272,0,0,0,0,0,0,0,0,0
273,0,0,0,0,0,0,0,0,0
274,0,0,0,0,0,0,0,0,0
275,0,0,0,0,0,0,0,0,0
276,0,0,0,0,0,0,0,0,0
277,0,0,0,0,0,0,0,0,0
278,0,0,0,0,0,0,0,0,0
279,0,0,0,0,0,0,0,0,0
280,0,0,0,0,0,0,0,0,0
281,0,0,0,0,0,0,0,0,0
282,0,0,0,0,0,0,0,0,0
283,0,0,0,0,0,0,0,0,0
284,0,0,0,0,0,0,0,0,0
285,0,0,0,0,0,0,0,0,0
286,0,0,0,0,0,0,0,0,0
287,0,0,0,0,0,0,0,0,0
288,0,0,0,0,0,0,0,0,0
289,0,0,0,0,0,0,0,0,0
290,0,0,0,0,0,0,0,0,0
291,0,0,0,0,0,0,0,0,0
292,0,0,0,0,0,0,0,0,0
293,0,0,0,0,0,0,0,0,0
294,0,0,0,0,0,0,0,0,0
295,0,0,0,0,0,0,0,0,0
296,0,0,0,0,0,0,0,0,0
297,0,0,0,0,0,0,0,0,0
298,0,0,0,0,0,0,0,0,0
299,0,0,0,0,0,0,0,0,0
300,0,0,0,0,0,0,0,0,0
301,0,0,0,0,0,0,0,0,0
302,0,0,0,0,0,0,0,0,0
303,0,0,0,0,0,0,0,0,0
304,0,0,0,0,0,0,0,0,0
305,0,0,0,0,0,0,0,0,0
306,0,0,0,0,0,0,0,0,0
307,0,0,0,0,0,0,0,0,0
308,0,0,0,0,0,0,0,0,0
309,0,0,0,0,0,0,0,0,0
310,0,0,0,0,0,0,0,0,0
311,0,0,0,0,0,0,0,0,0
312,0,0,0,0,0,0,0,0,0
313,0,0,0,0,0,0,0,0,0
314,0,0,0,0,0,0,0,0,0
315,0,0,0,0,0,0,0,0,0
316,0,0,0,0,0,0,0,0,0
317,0,0,0,0,0,0,0,0,0
318,0,0,0,0,0,0,0,0,0
319,0,0,0,0,0,0,0,0,0
320,0,0,0,0,0,0,0,0,0
321,0,0,0,0,0,0,0,0,0
322,0,0,0,0,0,0,0,0,0
323,0,0,0,0,0,0,0,0,0
324,0,0,0,0,0,0,0,0,0
325,0,0,0,0,0,0,0,0,0
326,0,0,0,0,0,0,0,0,0
327,0,0,0,0,0,0,0,0,0
328,0,0,0,0,0,0,0,0,0
329,0,0,0,0,0,0,0,0,0
330,0,0,0,0,0,0,0,0,0
331,0,0,0,0,0,0,0,0,0
332,0,0,0,0,0,0,0,0,0
333,0,0,0,0,0,0,0,0,0
334,0,0,0,0,0,0,0,0,0
335,0,0,0,0,0,0,0,0,0
336,0,0,0,0,0,0,0,0,0
337,0,0,0,0,0,0,0,0,0
338,0,0,0,0,0,0,0,0,0
339,0,0,0,0,0,0,0,0,0
340,0,0,0,0,0,0,0,0,0
341,0,0,0,0,0,0,0,0,0
342,0,0,0,0,0,0,0,0,0
343,0,0,0,0,0,0,0,0,0
344,0,0,0,0,0,0,0,0,0
345,0,0,0,0,0,0,0,0,0
346,0,0,0,0,0,0,0,0,0
347,0,0,0,0,0,0,0,0,0
348,0,0,0,0,0,0,0,0,0
349,0,0,0,0,0,0,0,0,0
350,0,0,0,0,0,0,0,0,0
351,0,0,0,0,0,0,0,0,0
352,0,0,0,0,0,0,0,0,0
353,0,0,0,0,0,0,0,0,0
354,0,0,0,0,0,0,0,0,0
355,0,0,0,0,0,0,0,0,0
356,0,0,0,0,0,0,0,0,0
357,0,0,0,0,0,0,0,0,0
358,0,0,0,0,0,0,0,0,0
359,0,0,0,0,0,0,0,0,0
360,0,0,0,0,0,0,0,0,0
361,0,0,0,0,0,0,0,0,0
362,0,0,0,0,0,0,0,0,0
363,0,0,0,0,0,0,0,0,0
364,0,0,0,0,0,0,0,0,0
365,0,0,0,0,0,0,0,0,0
366,0,0,0,0,0,0,0,0,0
367,0,0,0,0,0,0,0,0,0
368,0,0,0,0,0,0,0,0,0
369,0,0,0,0,0,0,0,0,0
370,0,0,0,0,0,0,0,0,0
371,0,0,0,0,0,0,0,0,0
372,0,0,0,0,0,0,0,0,0
373,0,0,0,0,0,0,0,0,0
374,0,0,0,0,0,0,0,0,0
375,0,0,0,0,0,0,0,0,0
376,0,0,0,0,0,0,0,0,0
377,0,0,0,0,0,0,0,0,0
378,0,0,0,0,0,0,0,0,0
379,0,0,0,0,0,0,0,0,0
380,0,0,0,0,0,0,0,0,0
381,0,0,0,0,0,0,0,0,0
382,0,0,0,0,0,0,0,0,0
383,0,0,0,0,0,0,0,0,0
384,0,0,0,0,0,0,0,0,0
385,0,0,0,0,0,0,0,0,0
386,0,0,0,0,0,0,0,0,0
387,0,0,0,0,0,0,0,0,0
388,0,0,0,0,0,0,0,0,0
389,0,0,0,0,0,0,0,0,0
390,0,0,0,0,0,0,0,0,0
391,0,0,0,0,0,0,0,0,0
392,0,0,0,0,0,0,0,0,0
393,0,0,0,0,0,0,0,0,0
394,0,0,0,0,0,0,0,0,0
395,0,0,0,0,0,0,0,0,0
396,0,0,0,0,0,0,0,0,0
397,0,0,0,0,0,0,0,0,0
398,0,0,0,0,0,0,0,0,0
399,0,0,0,0,0,0,0,0,0
400,0,0,0,0,0,0,0,0,0
401,0,0,0,0,0,0,0,0,0
402,0,0,0,0,0,0,0,0,0
403,0,0,0,0,0,0,0,0,0
404,0,0,0,0,0,0,0,0,0
405,0,0,0,0,0,0,0,0,0
406,0,0,0,0,0,0,0,0,0
407,0,0,0,0,0,0,0,0,0
408,0,0,0,0,0,0,0,0,0
409,0,0,0,0,0,0,0,0,0
410,0,0,0,0,0,0,0,0,0
411,0,0,0,0,0,0,0,0,0
412,0,0,0,0,0,0,0,0,0
413,0,0,0,0,0,0,0,0,0
414,0,0,0,0,0,0,0,0,0
415,0,0,0,0,0,0,0,0,0
416,0,0,0,0,0,0,0,0,0
417,0,0,0,0,0,0,0,0,0
418,0,0,0,0,0,0,0,0,0
419,0,0,0,0,0,0,0,0,0
420,0,0,0,0,0,0,0,0,0
421,0,0,0,0,0,0,0,0,0
422,0,0,0,0,0,0,0,0,0
423,0,0,0,0,0,0,0,0,0
424,0,0,0,0,0,0,0,0,0
425,0,0,0,0,0,0,0,0,0
426,0,0,0,0,0,0,0,0,0
427,0,0,0,0,0,0,0,0,0
428,0,0,0,0,0,0,0,0,0
429,0,0,0,0,0,0,0,0,0
430,0,0,0,0,0,0,0,0,0
431,0,0,0,0,0,0,0,0,0
432,0,0,0,0,0,0,0,0,0
433,0,0,0,0,0,0,0,0,0
434,0,0,0,0,0,0,0,0,0
435,0,0,0,0,0,0,0,0,0
436,0,0,0,0,0,0,0,0,0
437,0,0,0,0,0,0,0,0,0
438,0,0,0,0,0,0,0,0,0
439,0,0,0,0,0,0,0,0,0
440,0,0,0,0,0,0,0,0,0
441,0,0,0,0,0,0,0,0,0
442,0,0,0,0,0,0,0,0,0
443,0,0,0,0,0,0,0,0,0
444,0,0,0,0,0,0,0,0,0
445,0,0,0,0,0,0,0,0,0
446,0,0,0,0,0,0,0,0,0
447,0,0,0,0,0,0,0,0,0
448,0,0,0,0,0,0,0,0,0
449,0,0,0,0,0,0,0,0,0
450,0,0,0,0,0,0,0,0,0
451,0,0,0,0,0,0,0,0,0
452,0,0,0,0,0,0,0,0,0
453,0,0,0,0,0,0,0,0,0
454,0,0,0,0,0,0,0,0,0
455,0,0,0,0,0,0,0,0,0
456,0,0,0,0,0,0,0,0,0
457,0,0,0,0,0,0,0,0,0
458,0,0,0,0,0,0,0,0,0
459,0,0,0,0,0,0,0,0,0
460,0,0,0,0,0,0,0,0,0
461,0,0,0,0,0,0,0,0,0
462,0,0,0,0,0,0,0,0,0
463,0,0,0,0,0,0,0,0,0
464,0,0,0,0,0,0,0,0,0
465,0,0,0,0,0,0,0,0,0
466,0,0,0,0,0,0,0,0,0
467,0,0,0,0,0,0,0,0,0
468,0,0,0,0,0,0,0,0,0
469,0,0,0,0,0,0,0,0,0
470,0,0,0,0,0,0,0,0,0
471,0,0,0,0,0,0,0,0,0
472,0,0,0,0,0,0,0,0,0
473,0,0,0,0,0,0,0,0,0
474,0,0,0,0,0,0,0,0,0
475,0,0,0,0,0,0,0,0,0
476,0,0,0,0,0,0,0,0,0
477,0,0,0,0,0,0,0,0,0
478,0,0,0,0,0,0,0,0,0
479,0,0,0,0,0,0,0,0,0
480,0,0,0,0,0,0,0,0,0
481,0,0,0,0,0,0,0,0,0
482,0,0,0,0,0,0,0,0,0
483,0,0,0,0,0,0,0,0,0
484,0,0,0,0,0,0,0,0,0
485,0,0,0,0,0,0,0,0,0
486,0,0,0,0,0,0,0,0,0
487,0,0,0,0,0,0,0,0,0
488,0,0,0,0,0,0,0,0,0
489,0,0,0,0,0,0,0,0,0
490,0,0,0,0,0,0,0,0,0
491,0,0,0,0,0,0,0,0,0
492,0,0,0,0,0,0,0,0,0
493,0,0,0,0,0,0,0,0,0
494,0,0,0,0,0,0,0,0,0
495,0,0,0,0,0,0,0,0,0
496,0,0,0,0,0,0,0,0,0
497,0,0,0,0,0,0,0,0,0
498,0,0,0,0,0,0,0,0,0
499,0,0,0,0,0,0,0,0,0
500,0,0,0,0,0,0,0,0,0
501,0,0,0,0,0,0,0,0,0
502,0,0,0,0,0,0,0,0,0
503,0,0,0,0,0,0,0,0,0
504,0,0,0,0,0,0,0,0,0
505,0,0,0,0,0,0,0,0,0
506,0,0,0,0,0,0,0,0,0
507,0,0,0,0,0,0,0,0,0
508,0,0,0,0,0,0,0,0,0
509,0,0,0,0,0,0,0,0,0
510,0,0,0,0,0,0,0,0,0
511,0,0,0,0,0,0,0,0,0
512,0,0,0,0,0,0,0,0,0
513,0,0,0,0,0,0,0,0,0
514,0,0,0,0,0,0,0,0,0
515,0,0,0,0,0,0,0,0,0
516,0,0,0,0,0,0,0,0,0
517,0,0,0,0,0,0,0,0,0
518,0,0,0,0,0,0,0,0,0
519,0,0,0,0,0,0,0,0,0
520,0,0,0,0,0,0,0,0,0
521,0,0,0,0,0,0,0,0,0
522,0,0,0,0,0,0,0,0,0
523,0,0,0,0,0,0,0,0,0
524,0,0,0,0,0,0,0,0,0
525,0,0,0,0,0,0,0,0,0
526,0,0,0,0,0,0,0,0,0
527,0,0,0,0,0,0,0,0,0
528,0,0,0,0,0,0,0,0,0
529,0,0,0,0,0,0,0,0,0
530,0,0,0,0,0,0,0,0,0
531,0,0,0,0,0,0,0,0,0
532,0,0,0,0,0,0,0,0,0
533,0,0,0,0,0,0,0,0,0
534,0,0,0,0,0,0,0,0,0
535,0,0,0,0,0,0,0,0,0
536,0,0,0,0,0,0,0,0,0
537,0,0,0,0,0,0,0,0,0
538,0,0,0,0,0,0,0,0,0
539,0,0,0,0,0,0,0,0,0
540,0,0,0,0,0,0,0,0,0
541,0,0,0,0,0,0,0,0,0
542,0,0,0,0,0,0,0,0,0
543,0,0,0,0,0,0,0,0,0
544,0,0,0,0,0,0,0,0,0
545,0,0,0,0,0,0,0,0,0
546,0,0,0,0,0,0,0,0,0
547,0,0,0,0,0,0,0,0,0
548,0,0,0,0,0,0,0,0,0
549,0,0,0,0,0,0,0,0,0
550,0,0,0,0,0,0,0,0,0
551,0,0,0,0,0,0,0,0,0
552,0,0,0,0,0,0,0,0,0
553,0,0,0,0,0,0,0,0,0
554,0,0,0,0,0,0,0,0,0
555,0,0,0,0,0,0,0,0,0
556,0,0,0,0,0,0,0,0,0
557,0,0,0,0,0,0,0,0,0
558,0,0,0,0,0,0,0,0,0
559,0,0,0,0,0,0,0,0,0
560,0,0,0,0,0,0,0,0,0
561,0,0,0,0,0,0,0,0,0
562,0,0,0,0,0,0,0,0,0
563,0,0,0,0,0,0,0,0,0
564,0,0,0,0,0,0,0,0,0
565,0,0,0,0,0,0,0,0,0
566,0,0,0,0,0,0,0,0,0
567,0,0,0,0,0,0,0,0,0
568,0,0,0,0,0,0,0,0,0
569,0,0,0,0,0,0,0,0,0
570,0,0,0,0,0,0,0,0,0
571,0,0,0,0,0,0,0,0,0
572,0,0,0,0,0,0,0,0,0
573,0,0,0,0,0,0,0,0,0
574,0,0,0,0,0,0,0,0,0
575,0,0,0,0,0,0,0,0,0
576,0,0,0,0,0,0,0,0,0
577,0,0,0,0,0,0,0,0,0
578,0,0,0,0,0,0,0,0,0
579,0,0,0,0,0,0,0,0,0
580,0,0,0,0,0,0,0,0,0
581,0,0,0,0,0,0,0,0,0
582,0,0,0,0,0,0,0,0,0
583,0,0,0,0,0,0,0,0,0
584,0,0,0,0,0,0,0,0,0
585,0,0,0,0,0,0,0,0,0
586,0,0,0,0,0,0,0,0,0
587,0,0,0,0,0,0,0,0,0
588,0,0,0,0,0,0,0,0,0
589,0,0,0,0,0,0,0,0,0
590,0,0,0,0,0,0,0,0,0
591,0,0,0,0,0,0,0,0,0
592,0,0,0,0,0,0,0,0,0
593,0,0,0,0,0,0,0,0,0
594,0,0,0,0,0,0,0,0,0
595,0,0,0,0,0,0,0,0,0
596,0,0,0,0,0,0,0,0,0
597,0,0,0,0,0,0,0,0,0
598,0,0,0,0,0,0,0,0,0
599,0,0,0,0,0,0,0,0,0
600,0,0,0,0,0,0,0,0,0
601,0,0,0,0,0,0,0,0,0
602,0,0,0,0,0,0,0,0,0
603,0,0,0,0,0,0,0,0,0
604,0,0,0,0,0,0,0,0,0
605,0,0,0,0,0,0,0,0,0
606,0,0,0,0,0,0,0,0,0
607,0,0,0,0,0,0,0,0,0
608,0,0,0,0,0,0,0,0,0
609,0,0,0,0,0,0,0,0,0
610,0,0,0,0,0,0,0,0,0
611,0,0,0,0,0,0,0,0,0
612,0,0,0,0,0,0,0,0,0
613,0,0,0,0,0,0,0,0,0
614,0,0,0,0,0,0,0,0,0
615,0,0,0,0,0,0,0,0,0
616,0,0,0,0,0,0,0,0,0
617,0,0,0,0,0,0,0,0,0
618,0,0,0,0,0,0,0,0,0
619,0,0,0,0,0,0,0,0,0
620,0,0,0,0,0,0,0,0,0
621,0,0,0,0,0,0,0,0,0
622,0,0,0,0,0,0,0,0,0
623,0,0,0,0,0,0,0,0,0
624,0,0,0,0,0,0,0,0,0
625,0,0,0,0,0,0,0,0,0
626,0,0,0,0,0,0,0,0,0
627,0,0,0,0,0,0,0,0,0
628,0,0,0,0,0,0,0,0,0
629,0,0,0,0,0,0,0,0,0
630,0,0,0,0,0,0,0,0,0
631,0,0,0,0,0,0,0,0,0
632,0,0,0,0,0,0,0,0,0
633,0,0,0,0,0,0,0,0,0
634,0,0,0,0,0,0,0,0,0
635,0,0,0,0,0,0,0,0,0
636,0,0,0,0,0,0,0,0,0
637,0,0,0,0,0,0,0,0,0
638,0,0,0,0,0,0,0,0,0
639,0,0,0,0,0,0,0,0,0
640,0,0,0,0,0,0,0,0,0
641,0,0,0,0,0,0,0,0,0
642,0,0,0,0,0,0,0,0,0
643,0,0,0,0,0,0,0,0,0
644,0,0,0,0,0,0,0,0,0
645,0,0,0,0,0,0,0,0,0
646,0,0,0,0,0,0,0,0,0
647,0,0,0,0,0,0,0,0,0
648,0,0,0,0,0,0,0,0,0
649,0,0,0,0,0,0,0,0,0
650,0,0,0,0,0,0,0,0,0
651,0,0,0,0,0,0,0,0,0
652,0,0,0,0,0,0,0,0,0
653,0,0,0,0,0,0,0,0,0
654,0,0,0,0,0,0,0,0,0
655,0,0,0,0,0,0,0,0,0
656,0,0,0,0,0,0,0,0,0
657,0,0,0,0,0,0,0,0,0
658,0,0,0,0,0,0,0,0,0
659,0,0,0,0,0,0,0,0,0
660,0,0,0,0,0,0,0,0,0
661,0,0,0,0,0,0,0,0,0
662,0,0,0,0,0,0,0,0,0
663,0,0,0,0,0,0,0,0,0
664,0,0,0,0,0,0,0,0,0
665,0,0,0,0,0,0,0,0,0
666,0,0,0,0,0,0,0,0,0
667,0,0,0,0,0,0,0,0,0
668,0,0,0,0,0,0,0,0,0
669,0,0,0,0,0,0,0,0,0
670,0,0,0,0,0,0,0,0,0
671,0,0,0,0,0,0,0,0,0
672,0,0,0,0,0,0,0,0,0
673,0,0,0,0,0,0,0,0,0
674,0,0,0,0,0,0,0,0,0
675,0,0,0,0,0,0,0,0,0
676,0,0,0,0,0,0,0,0,0
677,0,0,0,0,0,0,0,0,0
678,0,0,0,0,0,0,0,0,0
679,0,0,0,0,0,0,0,0,0
680,0,0,0,0,0,0,0,0,0
681,0,0,0,0,0,0,0,0,0
682,0,0,0,0,0,0,0,0,0
683,0,0,0,0,0,0,0,0,0
684,0,0,0,0,0,0,0,0,0
685,0,0,0,0,0,0,0,0,0
686,0,0,0,0,0,0,0,0,0
687,0,0,0,0,0,0,0,0,0
688,0,0,0,0,0,0,0,0,0
689,0,0,0,0,0,0,0,0,0
690,0,0,0,0,0,0,0,0,0
691,0,0,0,0,0,0,0,0,0
692,0,0,0,0,0,0,0,0,0
693,0,0,0,0,0,0,0,0,0
694,0,0,0,0,0,0,0,0,0
695,0,0,0,0,0,0,0,0,0
696,0,0,0,0,0,0,0,0,0
697,0,0,0,0,0,0,0,0,0
698,0,0,0,0,0,0,0,0,0
699,0,0,0,0,0,0,0,0,0
700,0,0,0,0,0,0,0,0,0
701,0,0,0,0,0,0,0,0,0
702,0,0,0,0,0,0,0,0,0
703,0,0,0,0,0,0,0,0,0
704,0,0,0,0,0,0,0,0,0
705,0,0,0,0,0,0,0,0,0
706,0,0,0,0,0,0,0,0,0
707,0,0,0,0,0,0,0,0,0
708,0,0,0,0,0,0,0,0,0
709,0,0,0,0,0,0,0,0,0
710,0,0,0,0,0,0,0,0,0
711,0,0,0,0,0,0,0,0,0
712,0,0,0,0,0,0,0,0,0
713,0,0,0,0,0,0,0,0,0
714,0,0,0,0,0,0,0,0,0
715,0,0,0,0,0,0,0,0,0
716,0,0,0,0,0,0,0,0,0
717,0,0,0,0,0,0,0,0,0
718,0,0,0,0,0,0,0,0,0
719,0,0,0,0,0,0,0,0,0
720,0,0,0,0,0,0,0,0,0
721,0,0,0,0,0,0,0,0,0
722,0,0,0,0,0,0,0,0,0
723,0,0,0,0,0,0,0,0,0
724,0,0,0,0,0,0,0,0,0
725,0,0,0,0,0,0,0,0,0
726,0,0,0,0,0,0,0,0,0
727,0,0,0,0,0,0,0,0,0
728,0,0,0,0,0,0,0,0,0
729,0,0,0,0,0,0,0,0,0
730,0,0,0,0,0,0,0,0,0
731,0,0,0,0,0,0,0,0,0
732,0,0,0,0,0,0,0,0,0
733,0,0,0,0,0,0,0,0,0
734,0,0,0,0,0,0,0,0,0
735,0,0,0,0,0,0,0,0,0
736,0,0,0,0,0,0,0,0,0
737,0,0,0,0,0,0,0,0,0
738,0,0,0,0,0,0,0,0,0
739,0,0,0,0,0,0,0,0,0
740,0,0,0,0,0,0,0,0,0
741,0,0,0,0,0,0,0,0,0
742,0,0,0,0,0,0,0,0,0
743,0,0,0,0,0,0,0,0,0
744,0,0,0,0,0,0,0,0,0
745,0,0,0,0,0,0,0,0,0
746,0,0,0,0,0,0,0,0,0
747,0,0,0,0,0,0,0,0,0
748,0,0,0,0,0,0,0,0,0
749,0,0,0,0,0,0,0,0,0
750,0,0,0,0,0,0,0,0,0
0,194,7257,201425,4077983,57373546,517292847,2626655236,5935079656,3356972874
1,113,3325,73487,1196810,13545950,98324393,402015296,731397644,333056426
2,50,1354,24834,331702,3081492,18398186,61931711,92843757,34831273
3,38,761,11524,126953,974533,4819693,13448710,16727975,5218871
4,29,510,6571,62706,417164,1783249,4307733,4648085,1263421
5,27,370,4088,33904,196620,729515,1538225,1455065,348579
6,23,270,2494,17692,87919,276242,489132,384387,75474
7,22,236,2049,13467,62625,182718,300542,216636,38138
8,13,168,1420,8785,39177,109377,169982,115154,19082
9,7,90,636,3437,13459,33226,45029,26389,3672
10,7,83,557,2966,11239,26730,34852,19613,2561
11,4,74,411,2027,7119,14993,17615,8607,903
12,3,56,271,1203,4003,7721,8512,3803,336
13,3,42,174,800,2600,4801,5387,2366,215
14,3,39,149,675,1984,3229,3331,1328,98
15,2,26,123,521,1485,2332,2412,942,58
16,1,16,81,317,948,1439,1431,552,26
17,1,7,38,166,476,746,815,346,17
18,1,7,33,146,360,554,550,216,13
19,0,4,28,112,257,388,347,120,7
20,0,4,26,101,213,324,272,96,6
21,0,4,23,98,190,287,244,85,6
22,0,4,23,93,182,282,227,83,6
23,0,4,23,88,163,250,182,72,4
24,0,4,23,79,144,187,121,38,3
25,0,4,23,75,136,164,104,30,2
26,0,4,22,62,117,126,71,20,0
27,0,4,22,62,117,126,71,20,0
28,0,4,22,62,112,123,70,17,0
29,0,4,20,50,98,108,61,16,0
30,0,4,20,45,77,70,48,9,0
31,0,4,20,45,77,67,47,9,0
32,0,3,16,38,64,52,36,6,0
33,0,3,16,38,64,52,36,6,0
34,0,3,16,38,64,52,36,6,0
35,0,1,1,2,7,3,2,0,0
36,0,1,1,2,7,3,2,0,0
37,0,1,1,2,4,2,1,0,0
38,0,1,1,2,4,2,1,0,0
39,0,1,1,2,4,2,1,0,0
40,0,1,1,2,4,2,1,0,0
41,0,0,0,0,0,0,0,0,0
42,0,0,0,0,0,0,0,0,0
43,0,0,0,0,0,0,0,0,0
44,0,0,0,0,0,0,0,0,0
45,0,0,0,0,0,0,0,0,0
46,0,0,0,0,0,0,0,0,0
47,0,0,0,0,0,0,0,0,0
48,0,0,0,0,0,0,0,0,0
49,0,0,0,0,0,0,0,0,0
50,0,0,0,0,0,0,0,0,0
51,0,0,0,0,0,0,0,0,0
52,0,0,0,0,0,0,0,0,0
53,0,0,0,0,0,0,0,0,0
54,0,0,0,0,0,0,0,0,0
55,0,0,0,0,0,0,0,0,0
56,0,0,0,0,0,0,0,0,0
57,0,0,0,0,0,0,0,0,0
58,0,0,0,0,0,0,0,0,0
59,0,0,0,0,0,0,0,0,0
60,0,0,0,0,0,0,0,0,0
61,0,0,0,0,0,0,0,0,0
62,0,0,0,0,0,0,0,0,0
63,0,0,0,0,0,0,0,0,0
64,0,0,0,0,0,0,0,0,0
65,0,0,0,0,0,0,0,0,0
66,0,0,0,0,0,0,0,0,0
67,0,0,0,0,0,0,0,0,0
68,0,0,0,0,0,0,0,0,0
69,0,0,0,0,0,0,0,0,0
70,0,0,0,0,0,0,0,0,0
71,0,0,0,0,0,0,0,0,0
72,0,0,0,0,0,0,0,0,0
73,0,0,0,0,0,0,0,0,0
74,0,0,0,0,0,0,0,0,0
75,0,0,0,0,0,0,0,0,0
76,0,0,0,0,0,0,0,0,0
77,0,0,0,0,0,0,0,0,0
78,0,0,0,0,0,0,0,0,0
79,0,0,0,0,0,0,0,0,0
80,0,0,0,0,0,0,0,0,0
81,0,0,0,0,0,0,0,0,0
82,0,0,0,0,0,0,0,0,0
83,0,0,0,0,0,0,0,0,0
84,0,0,0,0,0,0,0,0,0
85,0,0,0,0,0,0,0,0,0
86,0,0,0,0,0,0,0,0,0
87,0,0,0,0,0,0,0,0,0
88,0,0,0,0,0,0,0,0,0
89,0,0,0,0,0,0,0,0,0
90,0,0,0,0,0,0,0,0,0
91,0,0,0,0,0,0,0,0,0
92,0,0,0,0,0,0,0,0,0
93,0,0,0,0,0,0,0,0,0
94,0,0,0,0,0,0,0,0,0
95,0,0,0,0,0,0,0,0,0
96,0,0,0,0,0,0,0,0,0
97,0,0,0,0,0,0,0,0,0
98,0,0,0,0,0,0,0,0,0
99,0,0,0,0,0,0,0,0,0
100,0,0,0,0,0,0,0,0,0
101,0,0,0,0,0,0,0,0,0
102,0,0,0,0,0,0,0,0,0
103,0,0,0,0,0,0,0,0,0
104,0,0,0,0,0,0,0,0,0
105,0,0,0,0,0,0,0,0,0
106,0,0,0,0,0,0,0,0,0
107,0,0,0,0,0,0,0,0,0
108,0,0,0,0,0,0,0,0,0
109,0,0,0,0,0,0,0,0,0
110,0,0,0,0,0,0,0,0,0
111,0,0,0,0,0,0,0,0,0
112,0,0,0,0,0,0,0,0,0
113,0,0,0,0,0,0,0,0,0
114,0,0,0,0,0,0,0,0,0
115,0,0,0,0,0,0,0,0,0
116,0,0,0,0,0,0,0,0,0
117,0,0,0,0,0,0,0,0,0
118,0,0,0,0,0,0,0,0,0
119,0,0,0,0,0,0,0,0,0
120,0,0,0,0,0,0,0,0,0
121,0,0,0,0,0,0,0,0,0
122,0,0,0,0,0,0,0,0,0
123,0,0,0,0,0,0,0,0,0
124,0,0,0,0,0,0,0,0,0
125,0,0,0,0,0,0,0,0,0
126,0,0,0,0,0,0,0,0,0
127,0,0,0,0,0,0,0,0,0
128,0,0,0,0,0,0,0,0,0
129,0,0,0,0,0,0,0,0,0
130,0,0,0,0,0,0,0,0,0
131,0,0,0,0,0,0,0,0,0
132,0,0,0,0,0,0,0,0,0
133,0,0,0,0,0,0,0,0,0
134,0,0,0,0,0,0,0,0,0
135,0,0,0,0,0,0,0,0,0
136,0,0,0,0,0,0,0,0,0
137,0,0,0,0,0,0,0,0,0
138,0,0,0,0,0,0,0,0,0
139,0,0,0,0,0,0,0,0,0
140,0,0,0,0,0,0,0,0,0
141,0,0,0,0,0,0,0,0,0
142,0,0,0,0,0,0,0,0,0
143,0,0,0,0,0,0,0,0,0
144,0,0,0,0,0,0,0,0,0
145,0,0,0,0,0,0,0,0,0
146,0,0,0,0,0,0,0,0,0
147,0,0,0,0,0,0,0,0,0
148,0,0,0,0,0,0,0,0,0
149,0,0,0,0,0,0,0,0,0
150,0,0,0,0,0,0,0,0,0
151,0,0,0,0,0,0,0,0,0
152,0,0,0,0,0,0,0,0,0
153,0,0,0,0,0,0,0,0,0
154,0,0,0,0,0,0,0,0,0
155,0,0,0,0,0,0,0,0,0
156,0,0,0,0,0,0,0,0,0
157,0,0,0,0,0,0,0,0,0
158,0,0,0,0,0,0,0,0,0
159,0,0,0,0,0,0,0,0,0
160,0,0,0,0,0,0,0,0,0
161,0,0,0,0,0,0,0,0,0
162,0,0,0,0,0,0,0,0,0
163,0,0,0,0,0,0,0,0,0
164,0,0,0,0,0,0,0,0,0
165,0,0,0,0,0,0,0,0,0
166,0,0,0,0,0,0,0,0,0
167,0,0,0,0,0,0,0,0,0
168,0,0,0,0,0,0,0,0,0
169,0,0,0,0,0,0,0,0,0
170,0,0,0,0,0,0,0,0,0
171,0,0,0,0,0,0,0,0,0
172,0,0,0,0,0,0,0,0,0
173,0,0,0,0,0,0,0,0,0
174,0,0,0,0,0,0,0,0,0
175,0,0,0,0,0,0,0,0,0
176,0,0,0,0,0,0,0,0,0
177,0,0,0,0,0,0,0,0,0
178,0,0,0,0,0,0,0,0,0
179,0,0,0,0,0,0,0,0,0
180,0,0,0,0,0,0,0,0,0
181,0,0,0,0,0,0,0,0,0
182,0,0,0,0,0,0,0,0,0
183,0,0,0,0,0,0,0,0,0
184,0,0,0,0,0,0,0,0,0
185,0,0,0,0,0,0,0,0,0
186,0,0,0,0,0,0,0,0,0
187,0,0,0,0,0,0,0,0,0
188,0,0,0,0,0,0,0,0,0
189,0,0,0,0,0,0,0,0,0
190,0,0,0,0,0,0,0,0,0
191,0,0,0,0,0,0,0,0,0
192,0,0,0,0,0,0,0,0,0
193,0,0,0,0,0,0,0,0,0
194,0,0,0,0,0,0,0,0,0
195,0,0,0,0,0,0,0,0,0
196,0,0,0,0,0,0,0,0,0
197,0,0,0,0,0,0,0,0,0
198,0,0,0,0,0,0,0,0,0
199,0,0,0,0,0,0,0,0,0
200,0,0,0,0,0,0,0,0,0
201,0,0,0,0,0,0,0,0,0
202,0,0,0,0,0,0,0,0,0
203,0,0,0,0,0,0,0,0,0
204,0,0,0,0,0,0,0,0,0
205,0,0,0,0,0,0,0,0,0
206,0,0,0,0,0,0,0,0,0
207,0,0,0,0,0,0,0,0,0
208,0,0,0,0,0,0,0,0,0
209,0,0,0,0,0,0,0,0,0
210,0,0,0,0,0,0,0,0,0
211,0,0,0,0,0,0,0,0,0
212,0,0,0,0,0,0,0,0,0
213,0,0,0,0,0,0,0,0,0
214,0,0,0,0,0,0,0,0,0
215,0,0,0,0,0,0,0,0,0
216,0,0,0,0,0,0,0,0,0
217,0,0,0,0,0,0,0,0,0
218,0,0,0,0,0,0,0,0,0
219,0,0,0,0,0,0,0,0,0
220,0,0,0,0,0,0,0,0,0
221,0,0,0,0,0,0,0,0,0
222,0,0,0,0,0,0,0,0,0
223,0,0,0,0,0,0,0,0,0
224,0,0,0,0,0,0,0,0,0
225,0,0,0,0,0,0,0,0,0
226,0,0,0,0,0,0,0,0,0
227,0,0,0,0,0,0,0,0,0
228,0,0,0,0,0,0,0,0,0
229,0,0,0,0,0,0,0,0,0
230,0,0,0,0,0,0,0,0,0
231,0,0,0,0,0,0,0,0,0
232,0,0,0,0,0,0,0,0,0
233,0,0,0,0,0,0,0,0,0
234,0,0,0,0,0,0,0,0,0
235,0,0,0,0,0,0,0,0,0
236,0,0,0,0,0,0,0,0,0
237,0,0,0,0,0,0,0,0,0
238,0,0,0,0,0,0,0,0,0
239,0,0,0,0,0,0,0,0,0
240,0,0,0,0,0,0,0,0,0
241,0,0,0,0,0,0,0,0,0
242,0,0,0,0,0,0,0,0,0
243,0,0,0,0,0,0,0,0,0
244,0,0,0,0,0,0,0,0,0
245,0,0,0,0,0,0,0,0,0
246,0,0,0,0,0,0,0,0,0
247,0,0,0,0,0,0,0,0,0
248,0,0,0,0,0,0,0,0,0
249,0,0,0,0,0,0,0,0,0
250,0,0,0,0,0,0,0,0,0
251,0,0,0,0,0,0,0,0,0
252,0,0,0,0,0,0,0,0,0
253,0,0,0,0,0,0,0,0,0
254,0,0,0,0,0,0,0,0,0
255,0,0,0,0,0,0,0,0,0
256,0,0,0,0,0,0,0,0,0
257,0,0,0,0,0,0,0,0,0
258,0,0,0,0,0,0,0,0,0
259,0,0,0,0,0,0,0,0,0
260,0,0,0,0,0,0,0,0,0
261,0,0,0,0,0,0,0,0,0
262,0,0,0,0,0,0,0,0,0
263,0,0,0,0,0,0,0,0,0
264,0,0,0,0,0,0,0,0,0
265,0,0,0,0,0,0,0,0,0
266,0,0,0,0,0,0,0,0,0
267,0,0,0,0,0,0,0,0,0
268,0,0,0,0,0,0,0,0,0
269,0,0,0,0,0,0,0,0,0
270,0,0,0,0,0,0,0,0,0
271,0,0,0,0,0,0,0,0,0
272,0,0,0,0,0,0,0,0,0
273,0,0,0,0,0,0,0,0,0
274,0,0,0,0,0,0,0,0,0
275,0,0,0,0,0,0,0,0,0
276,0,0,0,0,0,0,0,0,0
277,0,0,0,0,0,0,0,0,0
278,0,0,0,0,0,0,0,0,0
279,0,0,0,0,0,0,0,0,0
280,0,0,0,0,0,0,0,0,0
281,0,0,0,0,0,0,0,0,0
282,0,0,0,0,0,0,0,0,0
283,0,0,0,0,0,0,0,0,0
284,0,0,0,0,0,0,0,0,0
285,0,0,0,0,0,0,0,0,0
286,0,0,0,0,0,0,0,0,0
287,0,0,0,0,0,0,0,0,0
288,0,0,0,0,0,0,0,0,0
289,0,0,0,0,0,0,0,0,0
290,0,0,0,0,0,0,0,0,0
291,0,0,0,0,0,0,0,0,0
292,0,0,0,0,0,0,0,0,0
293,0,0,0,0,0,0,0,0,0
294,0,0,0,0,0,0,0,0,0
295,0,0,0,0,0,0,0,0,0
296,0,0,0,0,0,0,0,0,0
297,0,0,0,0,0,0,0,0,0
298,0,0,0,0,0,0,0,0,0
299,0,0,0,0,0,0,0,0,0
300,0,0,0,0,0,0,0,0,0
301,0,0,0,0,0,0,0,0,0
302,0,0,0,0,0,0,0,0,0
303,0,0,0,0,0,0,0,0,0
304,0,0,0,0,0,0,0,0,0
305,0,0,0,0,0,0,0,0,0
306,0,0,0,0,0,0,0,0,0
307,0,0,0,0,0,0,0,0,0
308,0,0,0,0,0,0,0,0,0
309,0,0,0,0,0,0,0,0,0
310,0,0,0,0,0,0,0,0,0
311,0,0,0,0,0,0,0,0,0
312,0,0,0,0,0,0,0,0,0
313,0,0,0,0,0,0,0,0,0
314,0,0,0,0,0,0,0,0,0
315,0,0,0,0,0,0,0,0,0
316,0,0,0,0,0,0,0,0,0
317,0,0,0,0,0,0,0,0,0
318,0,0,0,0,0,0,0,0,0
319,0,0,0,0,0,0,0,0,0
320,0,0,0,0,0,0,0,0,0
321,0,0,0,0,0,0,0,0,0
322,0,0,0,0,0,0,0,0,0
323,0,0,0,0,0,0,0,0,0
324,0,0,0,0,0,0,0,0,0
325,0,0,0,0,0,0,0,0,0
326,0,0,0,0,0,0,0,0,0
327,0,0,0,0,0,0,0,0,0
328,0,0,0,0,0,0,0,0,0
329,0,0,0,0,0,0,0,0,0
330,0,0,0,0,0,0,0,0,0
331,0,0,0,0,0,0,0,0,0
332,0,0,0,0,0,0,0,0,0
333,0,0,0,0,0,0,0,0,0
334,0,0,0,0,0,0,0,0,0
335,0,0,0,0,0,0,0,0,0
336,0,0,0,0,0,0,0,0,0
337,0,0,0,0,0,0,0,0,0
338,0,0,0,0,0,0,0,0,0
339,0,0,0,0,0,0,0,0,0
340,0,0,0,0,0,0,0,0,0
341,0,0,0,0,0,0,0,0,0
342,0,0,0,0,0,0,0,0,0
343,0,0,0,0,0,0,0,0,0
344,0,0,0,0,0,0,0,0,0
345,0,0,0,0,0,0,0,0,0
346,0,0,0,0,0,0,0,0,0
347,0,0,0,0,0,0,0,0,0
348,0,0,0,0,0,0,0,0,0
349,0,0,0,0,0,0,0,0,0
350,0,0,0,0,0,0,0,0,0
351,0,0,0,0,0,0,0,0,0
352,0,0,0,0,0,0,0,0,0
353,0,0,0,0,0,0,0,0,0
354,0,0,0,0,0,0,0,0,0
355,0,0,0,0,0,0,0,0,0
356,0,0,0,0,0,0,0,0,0
357,0,0,0,0,0,0,0,0,0
358,0,0,0,0,0,0,0,0,0
359,0,0,0,0,0,0,0,0,0
360,0,0,0,0,0,0,0,0,0
361,0,0,0,0,0,0,0,0,0
362,0,0,0,0,0,0,0,0,0
363,0,0,0,0,0,0,0,0,0
364,0,0,0,0,0,0,0,0,0
365,0,0,0,0,0,0,0,0,0
366,0,0,0,0,0,0,0,0,0
367,0,0,0,0,0,0,0,0,0
368,0,0,0,0,0,0,0,0,0
369,0,0,0,0,0,0,0,0,0
370,0,0,0,0,0,0,0,0,0
371,0,0,0,0,0,0,0,0,0
372,0,0,0,0,0,0,0,0,0
373,0,0,0,0,0,0,0,0,0
374,0,0,0,0,0,0,0,0,0
375,0,0,0,0,0,0,0,0,0
376,0,0,0,0,0,0,0,0,0
377,0,0,0,0,0,0,0,0,0
378,0,0,0,0,0,0,0,0,0
379,0,0,0,0,0,0,0,0,0
380,0,0,0,0,0,0,0,0,0
381,0,0,0,0,0,0,0,0,0
382,0,0,0,0,0,0,0,0,0
383,0,0,0,0,0,0,0,0,0
384,0,0,0,0,0,0,0,0,0
385,0,0,0,0,0,0,0,0,0
386,0,0,0,0,0,0,0,0,0
387,0,0,0,0,0,0,0,0,0
388,0,0,0,0,0,0,0,0,0
389,0,0,0,0,0,0,0,0,0
390,0,0,0,0,0,0,0,0,0
391,0,0,0,0,0,0,0,0,0
392,0,0,0,0,0,0,0,0,0
393,0,0,0,0,0,0,0,0,0
394,0,0,0,0,0,0,0,0,0
395,0,0,0,0,0,0,0,0,0
396,0,0,0,0,0,0,0,0,0
397,0,0,0,0,0,0,0,0,0
398,0,0,0,0,0,0,0,0,0
399,0,0,0,0,0,0,0,0,0
400,0,0,0,0,0,0,0,0,0
401,0,0,0,0,0,0,0,0,0
402,0,0,0,0,0,0,0,0,0
403,0,0,0,0,0,0,0,0,0
404,0,0,0,0,0,0,0,0,0
405,0,0,0,0,0,0,0,0,0
406,0,0,0,0,0,0,0,0,0
407,0,0,0,0,0,0,0,0,0
408,0,0,0,0,0,0,0,0,0
409,0,0,0,0,0,0,0,0,0
410,0,0,0,0,0,0,0,0,0
411,0,0,0,0,0,0,0,0,0
412,0,0,0,0,0,0,0,0,0
413,0,0,0,0,0,0,0,0,0
414,0,0,0,0,0,0,0,0,0
415,0,0,0,0,0,0,0,0,0
416,0,0,0,0,0,0,0,0,0
417,0,0,0,0,0,0,0,0,0
418,0,0,0,0,0,0,0,0,0
419,0,0,0,0,0,0,0,0,0
420,0,0,0,0,0,0,0,0,0
421,0,0,0,0,0,0,0,0,0
422,0,0,0,0,0,0,0,0,0
423,0,0,0,0,0,0,0,0,0
424,0,0,0,0,0,0,0,0,0
425,0,0,0,0,0,0,0,0,0
426,0,0,0,0,0,0,0,0,0
427,0,0,0,0,0,0,0,0,0
428,0,0,0,0,0,0,0,0,0
429,0,0,0,0,0,0,0,0,0
430,0,0,0,0,0,0,0,0,0
431,0,0,0,0,0,0,0,0,0
432,0,0,0,0,0,0,0,0,0
433,0,0,0,0,0,0,0,0,0
434,0,0,0,0,0,0,0,0,0
435,0,0,0,0,0,0,0,0,0
436,0,0,0,0,0,0,0,0,0
437,0,0,0,0,0,0,0,0,0
438,0,0,0,0,0,0,0,0,0
439,0,0,0,0,0,0,0,0,0
440,0,0,0,0,0,0,0,0,0
441,0,0,0,0,0,0,0,0,0
442,0,0,0,0,0,0,0,0,0
443,0,0,0,0,0,0,0,0,0
444,0,0,0,0,0,0,0,0,0
445,0,0,0,0,0,0,0,0,0
446,0,0,0,0,0,0,0,0,0
447,0,0,0,0,0,0,0,0,0
448,0,0,0,0,0,0,0,0,0
449,0,0,0,0,0,0,0,0,0
450,0,0,0,0,0,0,0,0,0
451,0,0,0,0,0,0,0,0,0
452,0,0,0,0,0,0,0,0,0
453,0,0,0,0,0,0,0,0,0
454,0,0,0,0,0,0,0,0,0
455,0,0,0,0,0,0,0,0,0
456,0,0,0,0,0,0,0,0,0
457,0,0,0,0,0,0,0,0,0
458,0,0,0,0,0,0,0,0,0
459,0,0,0,0,0,0,0,0,0
460,0,0,0,0,0,0,0,0,0
461,0,0,0,0,0,0,0,0,0
462,0,0,0,0,0,0,0,0,0
463,0,0,0,0,0,0,0,0,0
464,0,0,0,0,0,0,0,0,0
465,0,0,0,0,0,0,0,0,0
466,0,0,0,0,0,0,0,0,0
467,0,0,0,0,0,0,0,0,0
468,0,0,0,0,0,0,0,0,0
469,0,0,0,0,0,0,0,0,0
470,0,0,0,0,0,0,0,0,0
471,0,0,0,0,0,0,0,0,0
472,0,0,0,0,0,0,0,0,0
473,0,0,0,0,0,0,0,0,0
474,0,0,0,0,0,0,0,0,0
475,0,0,0,0,0,0,0,0,0
476,0,0,0,0,0,0,0,0,0
477,0,0,0,0,0,0,0,0,0
478,0,0,0,0,0,0,0,0,0
479,0,0,0,0,0,0,0,0,0
480,0,0,0,0,0,0,0,0,0
481,0,0,0,0,0,0,0,0,0
482,0,0,0,0,0,0,0,0,0
483,0,0,0,0,0,0,0,0,0
484,0,0,0,0,0,0,0,0,0
485,0,0,0,0,0,0,0,0,0
486,0,0,0,0,0,0,0,0,0
487,0,0,0,0,0,0,0,0,0
488,0,0,0,0,0,0,0,0,0
489,0,0,0,0,0,0,0,0,0
490,0,0,0,0,0,0,0,0,0
491,0,0,0,0,0,0,0,0,0
492,0,0,0,0,0,0,0,0,0
493,0,0,0,0,0,0,0,0,0
494,0,0,0,0,0,0,0,0,0
495,0,0,0,0,0,0,0,0,0
496,0,0,0,0,0,0,0,0,0
497,0,0,0,0,0,0,0,0,0
498,0,0,0,0,0,0,0,0,0
499,0,0,0,0,0,0,0,0,0
500,0,0,0,0,0,0,0,0,0
501,0,0,0,0,0,0,0,0,0
502,0,0,0,0,0,0,0,0,0
503,0,0,0,0,0,0,0,0,0
504,0,0,0,0,0,0,0,0,0
505,0,0,0,0,0,0,0,0,0
506,0,0,0,0,0,0,0,0,0
507,0,0,0,0,0,0,0,0,0
508,0,0,0,0,0,0,0,0,0
509,0,0,0,0,0,0,0,0,0
510,0,0,0,0,0,0,0,0,0
511,0,0,0,0,0,0,0,0,0
512,0,0,0,0,0,0,0,0,0
513,0,0,0,0,0,0,0,0,0
514,0,0,0,0,0,0,0,0,0
515,0,0,0,0,0,0,0,0,0
516,0,0,0,0,0,0,0,0,0
517,0,0,0,0,0,0,0,0,0
518,0,0,0,0,0,0,0,0,0
519,0,0,0,0,0,0,0,0,0
520,0,0,0,0,0,0,0,0,0
521,0,0,0,0,0,0,0,0,0
522,0,0,0,0,0,0,0,0,0
523,0,0,0,0,0,0,0,0,0
524,0,0,0,0,0,0,0,0,0
525,0,0,0,0,0,0,0,0,0
526,0,0,0,0,0,0,0,0,0
527,0,0,0,0,0,0,0,0,0
528,0,0,0,0,0,0,0,0,0
529,0,0,0,0,0,0,0,0,0
530,0,0,0,0,0,0,0,0,0
531,0,0,0,0,0,0,0,0,0
532,0,0,0,0,0,0,0,0,0
533,0,0,0,0,0,0,0,0,0
534,0,0,0,0,0,0,0,0,0
535,0,0,0,0,0,0,0,0,0
536,0,0,0,0,0,0,0,0,0
537,0,0,0,0,0,0,0,0,0
538,0,0,0,0,0,0,0,0,0
539,0,0,0,0,0,0,0,0,0
540,0,0,0,0,0,0,0,0,0
541,0,0,0,0,0,0,0,0,0
542,0,0,0,0,0,0,0,0,0
543,0,0,0,0,0,0,0,0,0
544,0,0,0,0,0,0,0,0,0
545,0,0,0,0,0,0,0,0,0
546,0,0,0,0,0,0,0,0,0
547,0,0,0,0,0,0,0,0,0
548,0,0,0,0,0,0,0,0,0
549,0,0,0,0,0,0,0,0,0
550,0,0,0,0,0,0,0,0,0
551,0,0,0,0,0,0,0,0,0
552,0,0,0,0,0,0,0,0,0
553,0,0,0,0,0,0,0,0,0
554,0,0,0,0,0,0,0,0,0
555,0,0,0,0,0,0,0,0,0
556,0,0,0,0,0,0,0,0,0
557,0,0,0,0,0,0,0,0,0
558,0,0,0,0,0,0,0,0,0
559,0,0,0,0,0,0,0,0,0
560,0,0,0,0,0,0,0,0,0
561,0,0,0,0,0,0,0,0,0
562,0,0,0,0,0,0,0,0,0
563,0,0,0,0,0,0,0,0,0
564,0,0,0,0,0,0,0,0,0
565,0,0,0,0,0,0,0,0,0
566,0,0,0,0,0,0,0,0,0
567,0,0,0,0,0,0,0,0,0
568,0,0,0,0,0,0,0,0,0
569,0,0,0,0,0,0,0,0,0
570,0,0,0,0,0,0,0,0,0
571,0,0,0,0,0,0,0,0,0
572,0,0,0,0,0,0,0,0,0
573,0,0,0,0,0,0,0,0,0
574,0,0,0,0,0,0,0,0,0
575,0,0,0,0,0,0,0,0,0
576,0,0,0,0,0,0,0,0,0
577,0,0,0,0,0,0,0,0,0
578,0,0,0,0,0,0,0,0,0
579,0,0,0,0,0,0,0,0,0
580,0,0,0,0,0,0,0,0,0
581,0,0,0,0,0,0,0,0,0
582,0,0,0,0,0,0,0,0,0
583,0,0,0,0,0,0,0,0,0
584,0,0,0,0,0,0,0,0,0
585,0,0,0,0,0,0,0,0,0
586,0,0,0,0,0,0,0,0,0
587,0,0,0,0,0,0,0,0,0
588,0,0,0,0,0,0,0,0,0
589,0,0,0,0,0,0,0,0,0
590,0,0,0,0,0,0,0,0,0
591,0,0,0,0,0,0,0,0,0
592,0,0,0,0,0,0,0,0,0
593,0,0,0,0,0,0,0,0,0
594,0,0,0,0,0,0,0,0,0
595,0,0,0,0,0,0,0,0,0
596,0,0,0,0,0,0,0,0,0
597,0,0,0,0,0,0,0,0,0
598,0,0,0,0,0,0,0,0,0
599,0,0,0,0,0,0,0,0,0
600,0,0,0,0,0,0,0,0,0
601,0,0,0,0,0,0,0,0,0
602,0,0,0,0,0,0,0,0,0
603,0,0,0,0,0,0,0,0,0
604,0,0,0,0,0,0,0,0,0
605,0,0,0,0,0,0,0,0,0
606,0,0,0,0,0,0,0,0,0
607,0,0,0,0,0,0,0,0,0
608,0,0,0,0,0,0,0,0,0
609,0,0,0,0,0,0,0,0,0
610,0,0,0,0,0,0,0,0,0
611,0,0,0,0,0,0,0,0,0
612,0,0,0,0,0,0,0,0,0
613,0,0,0,0,0,0,0,0,0
614,0,0,0,0,0,0,0,0,0
615,0,0,0,0,0,0,0,0,0
616,0,0,0,0,0,0,0,0,0
617,0,0,0,0,0,0,0,0,0
618,0,0,0,0,0,0,0,0,0
619,0,0,0,0,0,0,0,0,0
620,0,0,0,0,0,0,0,0,0
621,0,0,0,0,0,0,0,0,0
622,0,0,0,0,0,0,0,0,0
623,0,0,0,0,0,0,0,0,0
624,0,0,0,0,0,0,0,0,0
625,0,0,0,0,0,0,0,0,0
626,0,0,0,0,0,0,0,0,0
627,0,0,0,0,0,0,0,0,0
628,0,0,0,0,0,0,0,0,0
629,0,0,0,0,0,0,0,0,0
630,0,0,0,0,0,0,0,0,0
631,0,0,0,0,0,0,0,0,0
632,0,0,0,0,0,0,0,0,0
633,0,0,0,0,0,0,0,0,0
634,0,0,0,0,0,0,0,0,0
635,0,0,0,0,0,0,0,0,0
636,0,0,0,0,0,0,0,0,0
637,0,0,0,0,0,0,0,0,0
638,0,0,0,0,0,0,0,0,0
639,0,0,0,0,0,0,0,0,0
640,0,0,0,0,0,0,0,0,0
641,0,0,0,0,0,0,0,0,0
642,0,0,0,0,0,0,0,0,0
643,0,0,0,0,0,0,0,0,0
644,0,0,0,0,0,0,0,0,0
645,0,0,0,0,0,0,0,0,0
646,0,0,0,0,0,0,0,0,0
647,0,0,0,0,0,0,0,0,0
648,0,0,0,0,0,0,0,0,0
649,0,0,0,0,0,0,0,0,0
650,0,0,0,0,0,0,0,0,0
651,0,0,0,0,0,0,0,0,0
652,0,0,0,0,0,0,0,0,0
653,0,0,0,0,0,0,0,0,0
654,0,0,0,0,0,0,0,0,0
655,0,0,0,0,0,0,0,0,0
656,0,0,0,0,0,0,0,0,0
657,0,0,0,0,0,0,0,0,0
658,0,0,0,0,0,0,0,0,0
659,0,0,0,0,0,0,0,0,0
660,0,0,0,0,0,0,0,0,0
661,0,0,0,0,0,0,0,0,0
662,0,0,0,0,0,0,0,0,0
663,0,0,0,0,0,0,0,0,0
664,0,0,0,0,0,0,0,0,0
665,0,0,0,0,0,0,0,0,0
666,0,0,0,0,0,0,0,0,0
667,0,0,0,0,0,0,0,0,0
668,0,0,0,0,0,0,0,0,0
669,0,0,0,0,0,0,0,0,0
670,0,0,0,0,0,0,0,0,0
671,0,0,0,0,0,0,0,0,0
672,0,0,0,0,0,0,0,0,0
673,0,0,0,0,0,0,0,0,0
674,0,0,0,0,0,0,0,0,0
675,0,0,0,0,0,0,0,0,0
676,0,0,0,0,0,0,0,0,0
677,0,0,0,0,0,0,0,0,0
678,0,0,0,0,0,0,0,0,0
679,0,0,0,0,0,0,0,0,0
680,0,0,0,0,0,0,0,0,0
681,0,0,0,0,0,0,0,0,0
682,0,0,0,0,0,0,0,0,0
683,0,0,0,0,0,0,0,0,0
684,0,0,0,0,0,0,0,0,0
685,0,0,0,0,0,0,0,0,0
686,0,0,0,0,0,0,0,0,0
687,0,0,0,0,0,0,0,0,0
688,0,0,0,0,0,0,0,0,0
689,0,0,0,0,0,0,0,0,0
690,0,0,0,0,0,0,0,0,0
691,0,0,0,0,0,0,0,0,0
692,0,0,0,0,0,0,0,0,0
693,0,0,0,0,0,0,0,0,0
694,0,0,0,0,0,0,0,0,0
695,0,0,0,0,0,0,0,0,0
696,0,0,0,0,0,0,0,0,0
697,0,0,0,0,0,0,0,0,0
698,0,0,0,0,0,0,0,0,0
699,0,0,0,0,0,0,0,0,0
700,0,0,0,0,0,0,0,0,0
701,0,0,0,0,0,0,0,0,0
702,0,0,0,0,0,0,0,0,0
703,0,0,0,0,0,0,0,0,0
704,0,0,0,0,0,0,0,0,0
705,0,0,0,0,0,0,0,0,0
706,0,0,0,0,0,0,0,0,0
707,0,0,0,0,0,0,0,0,0
708,0,0,0,0,0,0,0,0,0
709,0,0,0,0,0,0,0,0,0
710,0,0,0,0,0,0,0,0,0
711,0,0,0,0,0,0,0,0,0
712,0,0,0,0,0,0,0,0,0
713,0,0,0,0,0,0,0,0,0
714,0,0,0,0,0,0,0,0,0
715,0,0,0,0,0,0,0,0,0
716,0,0,0,0,0,0,0,0,0
717,0,0,0,0,0,0,0,0,0
718,0,0,0,0,0,0,0,0,0
719,0,0,0,0,0,0,0,0,0
720,0,0,0,0,0,0,0,0,0
721,0,0,0,0,0,0,0,0,0
722,0,0,0,0,0,0,0,0,0
723,0,0,0,0,0,0,0,0,0
724,0,0,0,0,0,0,0,0,0
725,0,0,0,0,0,0,0,0,0
726,0,0,0,0,0,0,0,0,0
727,0,0,0,0,0,0,0,0,0
728,0,0,0,0,0,0,0,0,0
729,0,0,0,0,0,0,0,0,0
730,0,0,0,0,0,0,0,0,0
731,0,0,0,0,0,0,0,0,0
732,0,0,0,0,0,0,0,0,0
733,0,0,0,0,0,0,0,0,0
734,0,0,0,0,0,0,0,0,0
735,0,0,0,0,0,0,0,0,0
736,0,0,0,0,0,0,0,0,0
737,0,0,0,0,0,0,0,0,0
738,0,0,0,0,0,0,0,0,0
739,0,0,0,0,0,0,0,0,0
740,0,0,0,0,0,0,0,0,0
741,0,0,0,0,0,0,0,0,0
742,0,0,0,0,0,0,0,0,0
743,0,0,0,0,0,0,0,0,0
744,0,0,0,0,0,0,0,0,0
745,0,0,0,0,0,0,0,0,0
746,0,0,0,0,0,0,0,0,0
747,0,0,0,0,0,0,0,0,0
748,0,0,0,0,0,0,0,0,0
749,0,0,0,0,0,0,0,0,0
750,0,0,0,0,0,0,0,0,0
0,194,7257,201425,4077983,57373546,517292847,2626655236,5935079656,3356972874
1,120,3319,73021,1175542,13148761,94256520,380636750,684225156,307975845
2,66,1624,30632,423152,4058509,24934207,86222506,132654822,51097318
3,36,727,11560,131606,1043131,5295871,15168888,19393124,6232270
4,22,468,6431,63119,436129,1918813,4753352,5239549,1446340
5,18,335,4040,35016,212597,826124,1805564,1751486,425494
6,8,180,1874,14776,81118,285088,562644,493729,108614
7,7,131,1424,10512,54982,182273,338477,279067,57528
8,7,106,1082,7410,35361,107492,182713,139221,26840
9,3,75,612,3754,16310,45120,68915,47346,8318
10,3,63,415,2410,9731,25391,35439,22383,3509
11,3,44,286,1450,5385,12704,15927,8985,1261
12,2,30,195,950,3317,7547,9031,4924,718
13,2,30,151,752,2484,5378,6144,3133,455
14,2,18,107,501,1557,3370,3933,1966,266
15,2,18,107,501,1557,3370,3933,1966,266
16,2,11,81,291,887,1686,1787,818,109
17,2,11,73,269,786,1491,1604,744,100
18,2,4,43,131,329,540,522,238,28
19,2,4,43,131,329,540,522,238,28
20,2,4,30,76,146,213,216,95,13
21,2,0,11,19,43,55,55,22,4
22,2,0,11,19,43,55,55,22,4
23,2,0,11,19,42,53,53,20,3
24,2,0,11,19,42,53,53,20,3
25,1,0,11,19,36,47,47,17,2
26,1,0,11,19,36,47,47,17,2
27,1,0,11,19,34,47,45,11,1
28,0,0,0,0,0,0,0,0,0
29,0,0,0,0,0,0,0,0,0
30,0,0,0,0,0,0,0,0,0
31,0,0,0,0,0,0,0,0,0
32,0,0,0,0,0,0,0,0,0
33,0,0,0,0,0,0,0,0,0
34,0,0,0,0,0,0,0,0,0
35,0,0,0,0,0,0,0,0,0
36,0,0,0,0,0,0,0,0,0
37,0,0,0,0,0,0,0,0,0
38,0,0,0,0,0,0,0,0,0
39,0,0,0,0,0,0,0,0,0
40,0,0,0,0,0,0,0,0,0
41,0,0,0,0,0,0,0,0,0
42,0,0,0,0,0,0,0,0,0
43,0,0,0,0,0,0,0,0,0
44,0,0,0,0,0,0,0,0,0
45,0,0,0,0,0,0,0,0,0
46,0,0,0,0,0,0,0,0,0
47,0,0,0,0,0,0,0,0,0
48,0,0,0,0,0,0,0,0,0
49,0,0,0,0,0,0,0,0,0
50,0,0,0,0,0,0,0,0,0
51,0,0,0,0,0,0,0,0,0
52,0,0,0,0,0,0,0,0,0
53,0,0,0,0,0,0,0,0,0
54,0,0,0,0,0,0,0,0,0
55,0,0,0,0,0,0,0,0,0
56,0,0,0,0,0,0,0,0,0
57,0,0,0,0,0,0,0,0,0
58,0,0,0,0,0,0,0,0,0
59,0,0,0,0,0,0,0,0,0
60,0,0,0,0,0,0,0,0,0
61,0,0,0,0,0,0,0,0,0
62,0,0,0,0,0,0,0,0,0
63,0,0,0,0,0,0,0,0,0
64,0,0,0,0,0,0,0,0,0
65,0,0,0,0,0,0,0,0,0
66,0,0,0,0,0,0,0,0,0
67,0,0,0,0,0,0,0,0,0
68,0,0,0,0,0,0,0,0,0
69,0,0,0,0,0,0,0,0,0
70,0,0,0,0,0,0,0,0,0
71,0,0,0,0,0,0,0,0,0
72,0,0,0,0,0,0,0,0,0
73,0,0,0,0,0,0,0,0,0
74,0,0,0,0,0,0,0,0,0
75,0,0,0,0,0,0,0,0,0
76,0,0,0,0,0,0,0,0,0
77,0,0,0,0,0,0,0,0,0
78,0,0,0,0,0,0,0,0,0
79,0,0,0,0,0,0,0,0,0
80,0,0,0,0,0,0,0,0,0
81,0,0,0,0,0,0,0,0,0
82,0,0,0,0,0,0,0,0,0
83,0,0,0,0,0,0,0,0,0
84,0,0,0,0,0,0,0,0,0
85,0,0,0,0,0,0,0,0,0
86,0,0,0,0,0,0,0,0,0
87,0,0,0,0,0,0,0,0,0
88,0,0,0,0,0,0,0,0,0
89,0,0,0,0,0,0,0,0,0
90,0,0,0,0,0,0,0,0,0
91,0,0,0,0,0,0,0,0,0
92,0,0,0,0,0,0,0,0,0
93,0,0,0,0,0,0,0,0,0
94,0,0,0,0,0,0,0,0,0
95,0,0,0,0,0,0,0,0,0
96,0,0,0,0,0,0,0,0,0
97,0,0,0,0,0,0,0,0,0
98,0,0,0,0,0,0,0,0,0
99,0,0,0,0,0,0,0,0,0
100,0,0,0,0,0,0,0,0,0
101,0,0,0,0,0,0,0,0,0
102,0,0,0,0,0,0,0,0,0
103,0,0,0,0,0,0,0,0,0
104,0,0,0,0,0,0,0,0,0
105,0,0,0,0,0,0,0,0,0
106,0,0,0,0,0,0,0,0,0
107,0,0,0,0,0,0,0,0,0
108,0,0,0,0,0,0,0,0,0
109,0,0,0,0,0,0,0,0,0
110,0,0,0,0,0,0,0,0,0
111,0,0,0,0,0,0,0,0,0
112,0,0,0,0,0,0,0,0,0
113,0,0,0,0,0,0,0,0,0
114,0,0,0,0,0,0,0,0,0
115,0,0,0,0,0,0,0,0,0
116,0,0,0,0,0,0,0,0,0
117,0,0,0,0,0,0,0,0,0
118,0,0,0,0,0,0,0,0,0
119,0,0,0,0,0,0,0,0,0
120,0,0,0,0,0,0,0,0,0
121,0,0,0,0,0,0,0,0,0
122,0,0,0,0,0,0,0,0,0
123,0,0,0,0,0,0,0,0,0
124,0,0,0,0,0,0,0,0,0
125,0,0,0,0,0,0,0,0,0
126,0,0,0,0,0,0,0,0,0
127,0,0,0,0,0,0,0,0,0
128,0,0,0,0,0,0,0,0,0
129,0,0,0,0,0,0,0,0,0
130,0,0,0,0,0,0,0,0,0
131,0,0,0,0,0,0,0,0,0
132,0,0,0,0,0,0,0,0,0
133,0,0,0,0,0,0,0,0,0
134,0,0,0,0,0,0,0,0,0
135,0,0,0,0,0,0,0,0,0
136,0,0,0,0,0,0,0,0,0
137,0,0,0,0,0,0,0,0,0
138,0,0,0,0,0,0,0,0,0
139,0,0,0,0,0,0,0,0,0
140,0,0,0,0,0,0,0,0,0
141,0,0,0,0,0,0,0,0,0
142,0,0,0,0,0,0,0,0,0
143,0,0,0,0,0,0,0,0,0
144,0,0,0,0,0,0,0,0,0
145,0,0,0,0,0,0,0,0,0
146,0,0,0,0,0,0,0,0,0
147,0,0,0,0,0,0,0,0,0
148,0,0,0,0,0,0,0,0,0
149,0,0,0,0,0,0,0,0,0
150,0,0,0,0,0,0,0,0,0
151,0,0,0,0,0,0,0,0,0
152,0,0,0,0,0,0,0,0,0
153,0,0,0,0,0,0,0,0,0
154,0,0,0,0,0,0,0,0,0
155,0,0,0,0,0,0,0,0,0
156,0,0,0,0,0,0,0,0,0
157,0,0,0,0,0,0,0,0,0
158,0,0,0,0,0,0,0,0,0
159,0,0,0,0,0,0,0,0,0
160,0,0,0,0,0,0,0,0,0
161,0,0,0,0,0,0,0,0,0
162,0,0,0,0,0,0,0,0,0
163,0,0,0,0,0,0,0,0,0
164,0,0,0,0,0,0,0,0,0
165,0,0,0,0,0,0,0,0,0
166,0,0,0,0,0,0,0,0,0
167,0,0,0,0,0,0,0,0,0
168,0,0,0,0,0,0,0,0,0
169,0,0,0,0,0,0,0,0,0
170,0,0,0,0,0,0,0,0,0
171,0,0,0,0,0,0,0,0,0
172,0,0,0,0,0,0,0,0,0
173,0,0,0,0,0,0,0,0,0
174,0,0,0,0,0,0,0,0,0
175,0,0,0,0,0,0,0,0,0
176,0,0,0,0,0,0,0,0,0
177,0,0,0,0,0,0,0,0,0
178,0,0,0,0,0,0,0,0,0
179,0,0,0,0,0,0,0,0,0
180,0,0,0,0,0,0,0,0,0
181,0,0,0,0,0,0,0,0,0
182,0,0,0,0,0,0,0,0,0
183,0,0,0,0,0,0,0,0,0
184,0,0,0,0,0,0,0,0,0
185,0,0,0,0,0,0,0,0,0
186,0,0,0,0,0,0,0,0,0
187,0,0,0,0,0,0,0,0,0
188,0,0,0,0,0,0,0,0,0
189,0,0,0,0,0,0,0,0,0
190,0,0,0,0,0,0,0,0,0
191,0,0,0,0,0,0,0,0,0
192,0,0,0,0,0,0,0,0,0
193,0,0,0,0,0,0,0,0,0
194,0,0,0,0,0,0,0,0,0
195,0,0,0,0,0,0,0,0,0
196,0,0,0,0,0,0,0,0,0
197,0,0,0,0,0,0,0,0,0
198,0,0,0,0,0,0,0,0,0
199,0,0,0,0,0,0,0,0,0
200,0,0,0,0,0,0,0,0,0
201,0,0,0,0,0,0,0,0,0
202,0,0,0,0,0,0,0,0,0
203,0,0,0,0,0,0,0,0,0
204,0,0,0,0,0,0,0,0,0
205,0,0,0,0,0,0,0,0,0
206,0,0,0,0,0,0,0,0,0
207,0,0,0,0,0,0,0,0,0
208,0,0,0,0,0,0,0,0,0
209,0,0,0,0,0,0,0,0,0
210,0,0,0,0,0,0,0,0,0
211,0,0,0,0,0,0,0,0,0
212,0,0,0,0,0,0,0,0,0
213,0,0,0,0,0,0,0,0,0
214,0,0,0,0,0,0,0,0,0
215,0,0,0,0,0,0,0,0,0
216,0,0,0,0,0,0,0,0,0
217,0,0,0,0,0,0,0,0,0
218,0,0,0,0,0,0,0,0,0
219,0,0,0,0,0,0,0,0,0
220,0,0,0,0,0,0,0,0,0
221,0,0,0,0,0,0,0,0,0
222,0,0,0,0,0,0,0,0,0
223,0,0,0,0,0,0,0,0,0
224,0,0,0,0,0,0,0,0,0
225,0,0,0,0,0,0,0,0,0
226,0,0,0,0,0,0,0,0,0
227,0,0,0,0,0,0,0,0,0
228,0,0,0,0,0,0,0,0,0
229,0,0,0,0,0,0,0,0,0
230,0,0,0,0,0,0,0,0,0
231,0,0,0,0,0,0,0,0,0
232,0,0,0,0,0,0,0,0,0
233,0,0,0,0,0,0,0,0,0
234,0,0,0,0,0,0,0,0,0
235,0,0,0,0,0,0,0,0,0
236,0,0,0,0,0,0,0,0,0
237,0,0,0,0,0,0,0,0,0
238,0,0,0,0,0,0,0,0,0
239,0,0,0,0,0,0,0,0,0
240,0,0,0,0,0,0,0,0,0
241,0,0,0,0,0,0,0,0,0
242,0,0,0,0,0,0,0,0,0
243,0,0,0,0,0,0,0,0,0
244,0,0,0,0,0,0,0,0,0
245,0,0,0,0,0,0,0,0,0
246,0,0,0,0,0,0,0,0,0
247,0,0,0,0,0,0,0,0,0
248,0,0,0,0,0,0,0,0,0
249,0,0,0,0,0,0,0,0,0
250,0,0,0,0,0,0,0,0,0
251,0,0,0,0,0,0,0,0,0
252,0,0,0,0,0,0,0,0,0
253,0,0,0,0,0,0,0,0,0
254,0,0,0,0,0,0,0,0,0
255,0,0,0,0,0,0,0,0,0
256,0,0,0,0,0,0,0,0,0
257,0,0,0,0,0,0,0,0,0
258,0,0,0,0,0,0,0,0,0
259,0,0,0,0,0,0,0,0,0
260,0,0,0,0,0,0,0,0,0
261,0,0,0,0,0,0,0,0,0
262,0,0,0,0,0,0,0,0,0
263,0,0,0,0,0,0,0,0,0
264,0,0,0,0,0,0,0,0,0
265,0,0,0,0,0,0,0,0,0
266,0,0,0,0,0,0,0,0,0
267,0,0,0,0,0,0,0,0,0
268,0,0,0,0,0,0,0,0,0
269,0,0,0,0,0,0,0,0,0
270,0,0,0,0,0,0,0,0,0
271,0,0,0,0,0,0,0,0,0
272,0,0,0,0,0,0,0,0,0
273,0,0,0,0,0,0,0,0,0
274,0,0,0,0,0,0,0,0,0
275,0,0,0,0,0,0,0,0,0
276,0,0,0,0,0,0,0,0,0
277,0,0,0,0,0,0,0,0,0
278,0,0,0,0,0,0,0,0,0
279,0,0,0,0,0,0,0,0,0
280,0,0,0,0,0,0,0,0,0
281,0,0,0,0,0,0,0,0,0
282,0,0,0,0,0,0,0,0,0
283,0,0,0,0,0,0,0,0,0
284,0,0,0,0,0,0,0,0,0
285,0,0,0,0,0,0,0,0,0
286,0,0,0,0,0,0,0,0,0
287,0,0,0,0,0,0,0,0,0
288,0,0,0,0,0,0,0,0,0
289,0,0,0,0,0,0,0,0,0
290,0,0,0,0,0,0,0,0,0
291,0,0,0,0,0,0,0,0,0
292,0,0,0,0,0,0,0,0,0
293,0,0,0,0,0,0,0,0,0
294,0,0,0,0,0,0,0,0,0
295,0,0,0,0,0,0,0,0,0
296,0,0,0,0,0,0,0,0,0
297,0,0,0,0,0,0,0,0,0
298,0,0,0,0,0,0,0,0,0
299,0,0,0,0,0,0,0,0,0
300,0,0,0,0,0,0,0,0,0
301,0,0,0,0,0,0,0,0,0
302,0,0,0,0,0,0,0,0,0
303,0,0,0,0,0,0,0,0,0
304,0,0,0,0,0,0,0,0,0
305,0,0,0,0,0,0,0,0,0
306,0,0,0,0,0,0,0,0,0
307,0,0,0,0,0,0,0,0,0
308,0,0,0,0,0,0,0,0,0
309,0,0,0,0,0,0,0,0,0
310,0,0,0,0,0,0,0,0,0
311,0,0,0,0,0,0,0,0,0
312,0,0,0,0,0,0,0,0,0
313,0,0,0,0,0,0,0,0,0
314,0,0,0,0,0,0,0,0,0
315,0,0,0,0,0,0,0,0,0
316,0,0,0,0,0,0,0,0,0
317,0,0,0,0,0,0,0,0,0
318,0,0,0,0,0,0,0,0,0
319,0,0,0,0,0,0,0,0,0
320,0,0,0,0,0,0,0,0,0
321,0,0,0,0,0,0,0,0,0
322,0,0,0,0,0,0,0,0,0
323,0,0,0,0,0,0,0,0,0
324,0,0,0,0,0,0,0,0,0
325,0,0,0,0,0,0,0,0,0
326,0,0,0,0,0,0,0,0,0
327,0,0,0,0,0,0,0,0,0
328,0,0,0,0,0,0,0,0,0
329,0,0,0,0,0,0,0,0,0
330,0,0,0,0,0,0,0,0,0
331,0,0,0,0,0,0,0,0,0
332,0,0,0,0,0,0,0,0,0
333,0,0,0,0,0,0,0,0,0
334,0,0,0,0,0,0,0,0,0
335,0,0,0,0,0,0,0,0,0
336,0,0,0,0,0,0,0,0,0
337,0,0,0,0,0,0,0,0,0
338,0,0,0,0,0,0,0,0,0
339,0,0,0,0,0,0,0,0,0
340,0,0,0,0,0,0,0,0,0
341,0,0,0,0,0,0,0,0,0
342,0,0,0,0,0,0,0,0,0
343,0,0,0,0,0,0,0,0,0
344,0,0,0,0,0,0,0,0,0
345,0,0,0,0,0,0,0,0,0
346,0,0,0,0,0,0,0,0,0
347,0,0,0,0,0,0,0,0,0
348,0,0,0,0,0,0,0,0,0
349,0,0,0,0,0,0,0,0,0
350,0,0,0,0,0,0,0,0,0
351,0,0,0,0,0,0,0,0,0
352,0,0,0,0,0,0,0,0,0
353,0,0,0,0,0,0,0,0,0
354,0,0,0,0,0,0,0,0,0
355,0,0,0,0,0,0,0,0,0
356,0,0,0,0,0,0,0,0,0
357,0,0,0,0,0,0,0,0,0
358,0,0,0,0,0,0,0,0,0
359,0,0,0,0,0,0,0,0,0
360,0,0,0,0,0,0,0,0,0
361,0,0,0,0,0,0,0,0,0
362,0,0,0,0,0,0,0,0,0
363,0,0,0,0,0,0,0,0,0
364,0,0,0,0,0,0,0,0,0
365,0,0,0,0,0,0,0,0,0
366,0,0,0,0,0,0,0,0,0
367,0,0,0,0,0,0,0,0,0
368,0,0,0,0,0,0,0,0,0
369,0,0,0,0,0,0,0,0,0
370,0,0,0,0,0,0,0,0,0
371,0,0,0,0,0,0,0,0,0
372,0,0,0,0,0,0,0,0,0
373,0,0,0,0,0,0,0,0,0
374,0,0,0,0,0,0,0,0,0
375,0,0,0,0,0,0,0,0,0
376,0,0,0,0,0,0,0,0,0
377,0,0,0,0,0,0,0,0,0
378,0,0,0,0,0,0,0,0,0
379,0,0,0,0,0,0,0,0,0
380,0,0,0,0,0,0,0,0,0
381,0,0,0,0,0,0,0,0,0
382,0,0,0,0,0,0,0,0,0
383,0,0,0,0,0,0,0,0,0
384,0,0,0,0,0,0,0,0,0
385,0,0,0,0,0,0,0,0,0
386,0,0,0,0,0,0,0,0,0
387,0,0,0,0,0,0,0,0,0
388,0,0,0,0,0,0,0,0,0
389,0,0,0,0,0,0,0,0,0
390,0,0,0,0,0,0,0,0,0
391,0,0,0,0,0,0,0,0,0
392,0,0,0,0,0,0,0,0,0
393,0,0,0,0,0,0,0,0,0
394,0,0,0,0,0,0,0,0,0
395,0,0,0,0,0,0,0,0,0
396,0,0,0,0,0,0,0,0,0
397,0,0,0,0,0,0,0,0,0
398,0,0,0,0,0,0,0,0,0
399,0,0,0,0,0,0,0,0,0
400,0,0,0,0,0,0,0,0,0
401,0,0,0,0,0,0,0,0,0
402,0,0,0,0,0,0,0,0,0
403,0,0,0,0,0,0,0,0,0
404,0,0,0,0,0,0,0,0,0
405,0,0,0,0,0,0,0,0,0
406,0,0,0,0,0,0,0,0,0
407,0,0,0,0,0,0,0,0,0
408,0,0,0,0,0,0,0,0,0
409,0,0,0,0,0,0,0,0,0
410,0,0,0,0,0,0,0,0,0
411,0,0,0,0,0,0,0,0,0
412,0,0,0,0,0,0,0,0,0
413,0,0,0,0,0,0,0,0,0
414,0,0,0,0,0,0,0,0,0
415,0,0,0,0,0,0,0,0,0
416,0,0,0,0,0,0,0,0,0
417,0,0,0,0,0,0,0,0,0
418,0,0,0,0,0,0,0,0,0
419,0,0,0,0,0,0,0,0,0
420,0,0,0,0,0,0,0,0,0
421,0,0,0,0,0,0,0,0,0
422,0,0,0,0,0,0,0,0,0
423,0,0,0,0,0,0,0,0,0
424,0,0,0,0,0,0,0,0,0
425,0,0,0,0,0,0,0,0,0
426,0,0,0,0,0,0,0,0,0
427,0,0,0,0,0,0,0,0,0
428,0,0,0,0,0,0,0,0,0
429,0,0,0,0,0,0,0,0,0
430,0,0,0,0,0,0,0,0,0
431,0,0,0,0,0,0,0,0,0
432,0,0,0,0,0,0,0,0,0
433,0,0,0,0,0,0,0,0,0
434,0,0,0,0,0,0,0,0,0
435,0,0,0,0,0,0,0,0,0
436,0,0,0,0,0,0,0,0,0
437,0,0,0,0,0,0,0,0,0
438,0,0,0,0,0,0,0,0,0
439,0,0,0,0,0,0,0,0,0
440,0,0,0,0,0,0,0,0,0
441,0,0,0,0,0,0,0,0,0
442,0,0,0,0,0,0,0,0,0
443,0,0,0,0,0,0,0,0,0
444,0,0,0,0,0,0,0,0,0
445,0,0,0,0,0,0,0,0,0
446,0,0,0,0,0,0,0,0,0
447,0,0,0,0,0,0,0,0,0
448,0,0,0,0,0,0,0,0,0
449,0,0,0,0,0,0,0,0,0
450,0,0,0,0,0,0,0,0,0
451,0,0,0,0,0,0,0,0,0
452,0,0,0,0,0,0,0,0,0
453,0,0,0,0,0,0,0,0,0
454,0,0,0,0,0,0,0,0,0
455,0,0,0,0,0,0,0,0,0
456,0,0,0,0,0,0,0,0,0
457,0,0,0,0,0,0,0,0,0
458,0,0,0,0,0,0,0,0,0
459,0,0,0,0,0,0,0,0,0
460,0,0,0,0,0,0,0,0,0
461,0,0,0,0,0,0,0,0,0
462,0,0,0,0,0,0,0,0,0
463,0,0,0,0,0,0,0,0,0
464,0,0,0,0,0,0,0,0,0
465,0,0,0,0,0,0,0,0,0
466,0,0,0,0,0,0,0,0,0
467,0,0,0,0,0,0,0,0,0
468,0,0,0,0,0,0,0,0,0
469,0,0,0,0,0,0,0,0,0
470,0,0,0,0,0,0,0,0,0
471,0,0,0,0,0,0,0,0,0
472,0,0,0,0,0,0,0,0,0
473,0,0,0,0,0,0,0,0,0
474,0,0,0,0,0,0,0,0,0
475,0,0,0,0,0,0,0,0,0
476,0,0,0,0,0,0,0,0,0
477,0,0,0,0,0,0,0,0,0
478,0,0,0,0,0,0,0,0,0
479,0,0,0,0,0,0,0,0,0
480,0,0,0,0,0,0,0,0,0
481,0,0,0,0,0,0,0,0,0
482,0,0,0,0,0,0,0,0,0
483,0,0,0,0,0,0,0,0,0
484,0,0,0,0,0,0,0,0,0
485,0,0,0,0,0,0,0,0,0
486,0,0,0,0,0,0,0,0,0
487,0,0,0,0,0,0,0,0,0
488,0,0,0,0,0,0,0,0,0
489,0,0,0,0,0,0,0,0,0
490,0,0,0,0,0,0,0,0,0
491,0,0,0,0,0,0,0,0,0
492,0,0,0,0,0,0,0,0,0
493,0,0,0,0,0,0,0,0,0
494,0,0,0,0,0,0,0,0,0
495,0,0,0,0,0,0,0,0,0
496,0,0,0,0,0,0,0,0,0
497,0,0,0,0,0,0,0,0,0
498,0,0,0,0,0,0,0,0,0
499,0,0,0,0,0,0,0,0,0
500,0,0,0,0,0,0,0,0,0
501,0,0,0,0,0,0,0,0,0
502,0,0,0,0,0,0,0,0,0
503,0,0,0,0,0,0,0,0,0
504,0,0,0,0,0,0,0,0,0
505,0,0,0,0,0,0,0,0,0
506,0,0,0,0,0,0,0,0,0
507,0,0,0,0,0,0,0,0,0
508,0,0,0,0,0,0,0,0,0
509,0,0,0,0,0,0,0,0,0
510,0,0,0,0,0,0,0,0,0
511,0,0,0,0,0,0,0,0,0
512,0,0,0,0,0,0,0,0,0
513,0,0,0,0,0,0,0,0,0
514,0,0,0,0,0,0,0,0,0
515,0,0,0,0,0,0,0,0,0
516,0,0,0,0,0,0,0,0,0
517,0,0,0,0,0,0,0,0,0
518,0,0,0,0,0,0,0,0,0
519,0,0,0,0,0,0,0,0,0
520,0,0,0,0,0,0,0,0,0
521,0,0,0,0,0,0,0,0,0
522,0,0,0,0,0,0,0,0,0
523,0,0,0,0,0,0,0,0,0
524,0,0,0,0,0,0,0,0,0
525,0,0,0,0,0,0,0,0,0
526,0,0,0,0,0,0,0,0,0
527,0,0,0,0,0,0,0,0,0
528,0,0,0,0,0,0,0,0,0
529,0,0,0,0,0,0,0,0,0
530,0,0,0,0,0,0,0,0,0
531,0,0,0,0,0,0,0,0,0
532,0,0,0,0,0,0,0,0,0
533,0,0,0,0,0,0,0,0,0
534,0,0,0,0,0,0,0,0,0
535,0,0,0,0,0,0,0,0,0
536,0,0,0,0,0,0,0,0,0
537,0,0,0,0,0,0,0,0,0
538,0,0,0,0,0,0,0,0,0
539,0,0,0,0,0,0,0,0,0
540,0,0,0,0,0,0,0,0,0
541,0,0,0,0,0,0,0,0,0
542,0,0,0,0,0,0,0,0,0
543,0,0,0,0,0,0,0,0,0
544,0,0,0,0,0,0,0,0,0
545,0,0,0,0,0,0,0,0,0
546,0,0,0,0,0,0,0,0,0
547,0,0,0,0,0,0,0,0,0
548,0,0,0,0,0,0,0,0,0
549,0,0,0,0,0,0,0,0,0
550,0,0,0,0,0,0,0,0,0
551,0,0,0,0,0,0,0,0,0
552,0,0,0,0,0,0,0,0,0
553,0,0,0,0,0,0,0,0,0
554,0,0,0,0,0,0,0,0,0
555,0,0,0,0,0,0,0,0,0
556,0,0,0,0,0,0,0,0,0
557,0,0,0,0,0,0,0,0,0
558,0,0,0,0,0,0,0,0,0
559,0,0,0,0,0,0,0,0,0
560,0,0,0,0,0,0,0,0,0
561,0,0,0,0,0,0,0,0,0
562,0,0,0,0,0,0,0,0,0
563,0,0,0,0,0,0,0,0,0
564,0,0,0,0,0,0,0,0,0
565,0,0,0,0,0,0,0,0,0
566,0,0,0,0,0,0,0,0,0
567,0,0,0,0,0,0,0,0,0
568,0,0,0,0,0,0,0,0,0
569,0,0,0,0,0,0,0,0,0
570,0,0,0,0,0,0,0,0,0
571,0,0,0,0,0,0,0,0,0
572,0,0,0,0,0,0,0,0,0
573,0,0,0,0,0,0,0,0,0
574,0,0,0,0,0,0,0,0,0
575,0,0,0,0,0,0,0,0,0
576,0,0,0,0,0,0,0,0,0
577,0,0,0,0,0,0,0,0,0
578,0,0,0,0,0,0,0,0,0
579,0,0,0,0,0,0,0,0,0
580,0,0,0,0,0,0,0,0,0
581,0,0,0,0,0,0,0,0,0
582,0,0,0,0,0,0,0,0,0
583,0,0,0,0,0,0,0,0,0
584,0,0,0,0,0,0,0,0,0
585,0,0,0,0,0,0,0,0,0
586,0,0,0,0,0,0,0,0,0
587,0,0,0,0,0,0,0,0,0
588,0,0,0,0,0,0,0,0,0
589,0,0,0,0,0,0,0,0,0
590,0,0,0,0,0,0,0,0,0
591,0,0,0,0,0,0,0,0,0
592,0,0,0,0,0,0,0,0,0
593,0,0,0,0,0,0,0,0,0
594,0,0,0,0,0,0,0,0,0
595,0,0,0,0,0,0,0,0,0
596,0,0,0,0,0,0,0,0,0
597,0,0,0,0,0,0,0,0,0
598,0,0,0,0,0,0,0,0,0
599,0,0,0,0,0,0,0,0,0
600,0,0,0,0,0,0,0,0,0
601,0,0,0,0,0,0,0,0,0
602,0,0,0,0,0,0,0,0,0
603,0,0,0,0,0,0,0,0,0
604,0,0,0,0,0,0,0,0,0
605,0,0,0,0,0,0,0,0,0
606,0,0,0,0,0,0,0,0,0
607,0,0,0,0,0,0,0,0,0
608,0,0,0,0,0,0,0,0,0
609,0,0,0,0,0,0,0,0,0
610,0,0,0,0,0,0,0,0,0
611,0,0,0,0,0,0,0,0,0
612,0,0,0,0,0,0,0,0,0
613,0,0,0,0,0,0,0,0,0
614,0,0,0,0,0,0,0,0,0
615,0,0,0,0,0,0,0,0,0
616,0,0,0,0,0,0,0,0,0
617,0,0,0,0,0,0,0,0,0
618,0,0,0,0,0,0,0,0,0
619,0,0,0,0,0,0,0,0,0
620,0,0,0,0,0,0,0,0,0
621,0,0,0,0,0,0,0,0,0
622,0,0,0,0,0,0,0,0,0
623,0,0,0,0,0,0,0,0,0
624,0,0,0,0,0,0,0,0,0
625,0,0,0,0,0,0,0,0,0
626,0,0,0,0,0,0,0,0,0
627,0,0,0,0,0,0,0,0,0
628,0,0,0,0,0,0,0,0,0
629,0,0,0,0,0,0,0,0,0
630,0,0,0,0,0,0,0,0,0
631,0,0,0,0,0,0,0,0,0
632,0,0,0,0,0,0,0,0,0
633,0,0,0,0,0,0,0,0,0
634,0,0,0,0,0,0,0,0,0
635,0,0,0,0,0,0,0,0,0
636,0,0,0,0,0,0,0,0,0
637,0,0,0,0,0,0,0,0,0
638,0,0,0,0,0,0,0,0,0
639,0,0,0,0,0,0,0,0,0
640,0,0,0,0,0,0,0,0,0
641,0,0,0,0,0,0,0,0,0
642,0,0,0,0,0,0,0,0,0
643,0,0,0,0,0,0,0,0,0
644,0,0,0,0,0,0,0,0,0
645,0,0,0,0,0,0,0,0,0
646,0,0,0,0,0,0,0,0,0
647,0,0,0,0,0,0,0,0,0
648,0,0,0,0,0,0,0,0,0
649,0,0,0,0,0,0,0,0,0
650,0,0,0,0,0,0,0,0,0
651,0,0,0,0,0,0,0,0,0
652,0,0,0,0,0,0,0,0,0
653,0,0,0,0,0,0,0,0,0
654,0,0,0,0,0,0,0,0,0
655,0,0,0,0,0,0,0,0,0
656,0,0,0,0,0,0,0,0,0
657,0,0,0,0,0,0,0,0,0
658,0,0,0,0,0,0,0,0,0
659,0,0,0,0,0,0,0,0,0
660,0,0,0,0,0,0,0,0,0
661,0,0,0,0,0,0,0,0,0
662,0,0,0,0,0,0,0,0,0
663,0,0,0,0,0,0,0,0,0
664,0,0,0,0,0,0,0,0,0
665,0,0,0,0,0,0,0,0,0
666,0,0,0,0,0,0,0,0,0
667,0,0,0,0,0,0,0,0,0
668,0,0,0,0,0,0,0,0,0
669,0,0,0,0,0,0,0,0,0
670,0,0,0,0,0,0,0,0,0
671,0,0,0,0,0,0,0,0,0
672,0,0,0,0,0,0,0,0,0
673,0,0,0,0,0,0,0,0,0
674,0,0,0,0,0,0,0,0,0
675,0,0,0,0,0,0,0,0,0
676,0,0,0,0,0,0,0,0,0
677,0,0,0,0,0,0,0,0,0
678,0,0,0,0,0,0,0,0,0
679,0,0,0,0,0,0,0,0,0
680,0,0,0,0,0,0,0,0,0
681,0,0,0,0,0,0,0,0,0
682,0,0,0,0,0,0,0,0,0
683,0,0,0,0,0,0,0,0,0
684,0,0,0,0,0,0,0,0,0
685,0,0,0,0,0,0,0,0,0
686,0,0,0,0,0,0,0,0,0
687,0,0,0,0,0,0,0,0,0
688,0,0,0,0,0,0,0,0,0
689,0,0,0,0,0,0,0,0,0
690,0,0,0,0,0,0,0,0,0
691,0,0,0,0,0,0,0,0,0
692,0,0,0,0,0,0,0,0,0
693,0,0,0,0,0,0,0,0,0
694,0,0,0,0,0,0,0,0,0
695,0,0,0,0,0,0,0,0,0
696,0,0,0,0,0,0,0,0,0
697,0,0,0,0,0,0,0,0,0
698,0,0,0,0,0,0,0,0,0
699,0,0,0,0,0,0,0,0,0
700,0,0,0,0,0,0,0,0,0
701,0,0,0,0,0,0,0,0,0
702,0,0,0,0,0,0,0,0,0
703,0,0,0,0,0,0,0,0,0
704,0,0,0,0,0,0,0,0,0
705,0,0,0,0,0,0,0,0,0
706,0,0,0,0,0,0,0,0,0
707,0,0,0,0,0,0,0,0,0
708,0,0,0,0,0,0,0,0,0
709,0,0,0,0,0,0,0,0,0
710,0,0,0,0,0,0,0,0,0
711,0,0,0,0,0,0,0,0,0
712,0,0,0,0,0,0,0,0,0
713,0,0,0,0,0,0,0,0,0
714,0,0,0,0,0,0,0,0,0
715,0,0,0,0,0,0,0,0,0
716,0,0,0,0,0,0,0,0,0
717,0,0,0,0,0,0,0,0,0
718,0,0,0,0,0,0,0,0,0
719,0,0,0,0,0,0,0,0,0
720,0,0,0,0,0,0,0,0,0
721,0,0,0,0,0,0,0,0,0
722,0,0,0,0,0,0,0,0,0
723,0,0,0,0,0,0,0,0,0
724,0,0,0,0,0,0,0,0,0
725,0,0,0,0,0,0,0,0,0
726,0,0,0,0,0,0,0,0,0
727,0,0,0,0,0,0,0,0,0
728,0,0,0,0,0,0,0,0,0
729,0,0,0,0,0,0,0,0,0
730,0,0,0,0,0,0,0,0,0
731,0,0,0,0,0,0,0,0,0
732,0,0,0,0,0,0,0,0,0
733,0,0,0,0,0,0,0,0,0
734,0,0,0,0,0,0,0,0,0
735,0,0,0,0,0,0,0,0,0
736,0,0,0,0,0,0,0,0,0
737,0,0,0,0,0,0,0,0,0
738,0,0,0,0,0,0,0,0,0
739,0,0,0,0,0,0,0,0,0
740,0,0,0,0,0,0,0,0,0
741,0,0,0,0,0,0,0,0,0
742,0,0,0,0,0,0,0,0,0
743,0,0,0,0,0,0,0,0,0
744,0,0,0,0,0,0,0,0,0
745,0,0,0,0,0,0,0,0,0
746,0,0,0,0,0,0,0,0,0
747,0,0,0,0,0,0,0,0,0
748,0,0,0,0,0,0,0,0,0
749,0,0,0,0,0,0,0,0,0
750,0,0,0,0,0,0,0,0,0
0,194,7257,201425,4077983,57373546,517292847,2626655236,5935079656,3356972874
1,128,3926,89117,1485633,17179983,127127485,529207231,979068945,452792010
2,79,1827,33506,447507,4152425,24651358,82244237,121758964,44970984
3,61,1277,19453,218279,1701954,8519511,24033495,30202735,9515788
4,53,821,10957,105941,710211,3071509,7493504,8142780,2213351
5,40,523,5948,50257,296095,1134853,2462504,2384113,580446
6,25,392,4141,31467,170489,598894,1189149,1055713,236264
7,21,295,2953,21347,109723,362651,672777,556970,115803
8,17,187,1654,10864,48933,142139,230808,166883,30103
9,15,174,1417,8817,37779,104542,163691,113896,19589
10,13,136,1072,6096,23569,59461,85274,54294,8571
11,8,111,829,4539,16306,38309,51694,30510,4286
12,7,96,662,3479,11806,26304,33861,19062,2542
13,6,53,380,2001,6697,14768,18582,9893,1217
14,2,30,184,1027,3424,7374,9041,4485,538
15,2,20,109,604,1765,3615,3842,1645,164
16,2,19,82,471,1261,2337,2406,1015,104
17,2,17,73,407,1024,1800,1721,703,58
18,1,13,47,286,662,1111,1088,458,42
19,1,13,43,245,522,845,805,343,34
20,1,11,23,158,338,552,551,230,19
21,1,11,21,139,290,458,451,190,15
22,1,11,18,116,257,391,365,150,9
23,0,11,12,93,190,262,256,106,9
24,0,11,9,82,154,226,176,54,5
25,0,11,9,71,137,187,136,36,3
26,0,11,9,63,123,163,120,32,3
27,0,10,6,38,62,83,74,22,2
28,0,10,6,38,62,75,63,19,2
29,0,8,4,33,47,53,50,17,0
30,0,8,4,33,47,53,50,17,0
31,0,8,4,33,46,49,47,16,0
32,0,6,3,21,30,23,23,10,0
33,0,6,3,21,30,23,23,10,0
34,0,5,3,19,27,22,21,9,0
35,0,0,0,1,4,2,9,2,0
36,0,0,0,1,4,2,9,2,0
37,0,0,0,1,4,2,9,2,0
38,0,0,0,1,4,2,9,2,0
39,0,0,0,1,4,2,9,2,0
40,0,0,0,1,4,2,9,2,0
41,0,0,0,1,4,2,9,2,0
42,0,0,0,1,4,2,9,2,0
43,0,0,0,1,2,1,7,0,0
44,0,0,0,1,1,1,4,0,0
45,0,0,0,0,0,0,0,0,0
46,0,0,0,0,0,0,0,0,0
47,0,0,0,0,0,0,0,0,0
48,0,0,0,0,0,0,0,0,0
49,0,0,0,0,0,0,0,0,0
50,0,0,0,0,0,0,0,0,0
51,0,0,0,0,0,0,0,0,0
52,0,0,0,0,0,0,0,0,0
53,0,0,0,0,0,0,0,0,0
54,0,0,0,0,0,0,0,0,0
55,0,0,0,0,0,0,0,0,0
56,0,0,0,0,0,0,0,0,0
57,0,0,0,0,0,0,0,0,0
58,0,0,0,0,0,0,0,0,0
59,0,0,0,0,0,0,0,0,0
60,0,0,0,0,0,0,0,0,0
61,0,0,0,0,0,0,0,0,0
62,0,0,0,0,0,0,0,0,0
63,0,0,0,0,0,0,0,0,0
64,0,0,0,0,0,0,0,0,0
65,0,0,0,0,0,0,0,0,0
66,0,0,0,0,0,0,0,0,0
67,0,0,0,0,0,0,0,0,0
68,0,0,0,0,0,0,0,0,0
69,0,0,0,0,0,0,0,0,0
70,0,0,0,0,0,0,0,0,0
71,0,0,0,0,0,0,0,0,0
72,0,0,0,0,0,0,0,0,0
73,0,0,0,0,0,0,0,0,0
74,0,0,0,0,0,0,0,0,0
75,0,0,0,0,0,0,0,0,0
76,0,0,0,0,0,0,0,0,0
77,0,0,0,0,0,0,0,0,0
78,0,0,0,0,0,0,0,0,0
79,0,0,0,0,0,0,0,0,0
80,0,0,0,0,0,0,0,0,0
81,0,0,0,0,0,0,0,0,0
82,0,0,0,0,0,0,0,0,0
83,0,0,0,0,0,0,0,0,0
84,0,0,0,0,0,0,0,0,0
85,0,0,0,0,0,0,0,0,0
86,0,0,0,0,0,0,0,0,0
87,0,0,0,0,0,0,0,0,0
88,0,0,0,0,0,0,0,0,0
89,0,0,0,0,0,0,0,0,0
90,0,0,0,0,0,0,0,0,0
91,0,0,0,0,0,0,0,0,0
92,0,0,0,0,0,0,0,0,0
93,0,0,0,0,0,0,0,0,0
94,0,0,0,0,0,0,0,0,0
95,0,0,0,0,0,0,0,0,0
96,0,0,0,0,0,0,0,0,0
97,0,0,0,0,0,0,0,0,0
98,0,0,0,0,0,0,0,0,0
99,0,0,0,0,0,0,0,0,0
100,0,0,0,0,0,0,0,0,0
101,0,0,0,0,0,0,0,0,0
102,0,0,0,0,0,0,0,0,0
103,0,0,0,0,0,0,0,0,0
104,0,0,0,0,0,0,0,0,0
105,0,0,0,0,0,0,0,0,0
106,0,0,0,0,0,0,0,0,0
107,0,0,0,0,0,0,0,0,0
108,0,0,0,0,0,0,0,0,0
109,0,0,0,0,0,0,0,0,0
110,0,0,0,0,0,0,0,0,0
111,0,0,0,0,0,0,0,0,0
112,0,0,0,0,0,0,0,0,0
113,0,0,0,0,0,0,0,0,0
114,0,0,0,0,0,0,0,0,0
115,0,0,0,0,0,0,0,0,0
116,0,0,0,0,0,0,0,0,0
117,0,0,0,0,0,0,0,0,0
118,0,0,0,0,0,0,0,0,0
119,0,0,0,0,0,0,0,0,0
120,0,0,0,0,0,0,0,0,0
121,0,0,0,0,0,0,0,0,0
122,0,0,0,0,0,0,0,0,0
123,0,0,0,0,0,0,0,0,0
124,0,0,0,0,0,0,0,0,0
125,0,0,0,0,0,0,0,0,0
126,0,0,0,0,0,0,0,0,0
127,0,0,0,0,0,0,0,0,0
128,0,0,0,0,0,0,0,0,0
129,0,0,0,0,0,0,0,0,0
130,0,0,0,0,0,0,0,0,0
131,0,0,0,0,0,0,0,0,0
132,0,0,0,0,0,0,0,0,0
133,0,0,0,0,0,0,0,0,0
134,0,0,0,0,0,0,0,0,0
135,0,0,0,0,0,0,0,0,0
136,0,0,0,0,0,0,0,0,0
137,0,0,0,0,0,0,0,0,0
138,0,0,0,0,0,0,0,0,0
139,0,0,0,0,0,0,0,0,0
140,0,0,0,0,0,0,0,0,0
141,0,0,0,0,0,0,0,0,0
142,0,0,0,0,0,0,0,0,0
143,0,0,0,0,0,0,0,0,0
144,0,0,0,0,0,0,0,0,0
145,0,0,0,0,0,0,0,0,0
146,0,0,0,0,0,0,0,0,0
147,0,0,0,0,0,0,0,0,0
148,0,0,0,0,0,0,0,0,0
149,0,0,0,0,0,0,0,0,0
150,0,0,0,0,0,0,0,0,0
151,0,0,0,0,0,0,0,0,0
152,0,0,0,0,0,0,0,0,0
153,0,0,0,0,0,0,0,0,0
154,0,0,0,0,0,0,0,0,0
155,0,0,0,0,0,0,0,0,0
156,0,0,0,0,0,0,0,0,0
157,0,0,0,0,0,0,0,0,0
158,0,0,0,0,0,0,0,0,0
159,0,0,0,0,0,0,0,0,0
160,0,0,0,0,0,0,0,0,0
161,0,0,0,0,0,0,0,0,0
162,0,0,0,0,0,0,0,0,0
163,0,0,0,0,0,0,0,0,0
164,0,0,0,0,0,0,0,0,0
165,0,0,0,0,0,0,0,0,0
166,0,0,0,0,0,0,0,0,0
167,0,0,0,0,0,0,0,0,0
168,0,0,0,0,0,0,0,0,0
169,0,0,0,0,0,0,0,0,0
170,0,0,0,0,0,0,0,0,0
171,0,0,0,0,0,0,0,0,0
172,0,0,0,0,0,0,0,0,0
173,0,0,0,0,0,0,0,0,0
174,0,0,0,0,0,0,0,0,0
175,0,0,0,0,0,0,0,0,0
176,0,0,0,0,0,0,0,0,0
177,0,0,0,0,0,0,0,0,0
178,0,0,0,0,0,0,0,0,0
179,0,0,0,0,0,0,0,0,0
180,0,0,0,0,0,0,0,0,0
181,0,0,0,0,0,0,0,0,0
182,0,0,0,0,0,0,0,0,0
183,0,0,0,0,0,0,0,0,0
184,0,0,0,0,0,0,0,0,0
185,0,0,0,0,0,0,0,0,0
186,0,0,0,0,0,0,0,0,0
187,0,0,0,0,0,0,0,0,0
188,0,0,0,0,0,0,0,0,0
189,0,0,0,0,0,0,0,0,0
190,0,0,0,0,0,0,0,0,0
191,0,0,0,0,0,0,0,0,0
192,0,0,0,0,0,0,0,0,0
193,0,0,0,0,0,0,0,0,0
194,0,0,0,0,0,0,0,0,0
195,0,0,0,0,0,0,0,0,0
196,0,0,0,0,0,0,0,0,0
197,0,0,0,0,0,0,0,0,0
198,0,0,0,0,0,0,0,0,0
199,0,0,0,0,0,0,0,0,0
200,0,0,0,0,0,0,0,0,0
201,0,0,0,0,0,0,0,0,0
202,0,0,0,0,0,0,0,0,0
203,0,0,0,0,0,0,0,0,0
204,0,0,0,0,0,0,0,0,0
205,0,0,0,0,0,0,0,0,0
206,0,0,0,0,0,0,0,0,0
207,0,0,0,0,0,0,0,0,0
208,0,0,0,0,0,0,0,0,0
209,0,0,0,0,0,0,0,0,0
210,0,0,0,0,0,0,0,0,0
211,0,0,0,0,0,0,0,0,0
212,0,0,0,0,0,0,0,0,0
213,0,0,0,0,0,0,0,0,0
214,0,0,0,0,0,0,0,0,0
215,0,0,0,0,0,0,0,0,0
216,0,0,0,0,0,0,0,0,0
217,0,0,0,0,0,0,0,0,0
218,0,0,0,0,0,0,0,0,0
219,0,0,0,0,0,0,0,0,0
220,0,0,0,0,0,0,0,0,0
221,0,0,0,0,0,0,0,0,0
222,0,0,0,0,0,0,0,0,0
223,0,0,0,0,0,0,0,0,0
224,0,0,0,0,0,0,0,0,0
225,0,0,0,0,0,0,0,0,0
226,0,0,0,0,0,0,0,0,0
227,0,0,0,0,0,0,0,0,0
228,0,0,0,0,0,0,0,0,0
229,0,0,0,0,0,0,0,0,0
230,0,0,0,0,0,0,0,0,0
231,0,0,0,0,0,0,0,0,0
232,0,0,0,0,0,0,0,0,0
233,0,0,0,0,0,0,0,0,0
234,0,0,0,0,0,0,0,0,0
235,0,0,0,0,0,0,0,0,0
236,0,0,0,0,0,0,0,0,0
237,0,0,0,0,0,0,0,0,0
238,0,0,0,0,0,0,0,0,0
239,0,0,0,0,0,0,0,0,0
240,0,0,0,0,0,0,0,0,0
241,0,0,0,0,0,0,0,0,0
242,0,0,0,0,0,0,0,0,0
243,0,0,0,0,0,0,0,0,0
244,0,0,0,0,0,0,0,0,0
245,0,0,0,0,0,0,0,0,0
246,0,0,0,0,0,0,0,0,0
247,0,0,0,0,0,0,0,0,0
248,0,0,0,0,0,0,0,0,0
249,0,0,0,0,0,0,0,0,0
250,0,0,0,0,0,0,0,0,0
251,0,0,0,0,0,0,0,0,0
252,0,0,0,0,0,0,0,0,0
253,0,0,0,0,0,0,0,0,0
254,0,0,0,0,0,0,0,0,0
255,0,0,0,0,0,0,0,0,0
256,0,0,0,0,0,0,0,0,0
257,0,0,0,0,0,0,0,0,0
258,0,0,0,0,0,0,0,0,0
259,0,0,0,0,0,0,0,0,0
260,0,0,0,0,0,0,0,0,0
261,0,0,0,0,0,0,0,0,0
262,0,0,0,0,0,0,0,0,0
263,0,0,0,0,0,0,0,0,0
264,0,0,0,0,0,0,0,0,0
265,0,0,0,0,0,0,0,0,0
266,0,0,0,0,0,0,0,0,0
267,0,0,0,0,0,0,0,0,0
268,0,0,0,0,0,0,0,0,0
269,0,0,0,0,0,0,0,0,0
270,0,0,0,0,0,0,0,0,0
271,0,0,0,0,0,0,0,0,0
272,0,0,0,0,0,0,0,0,0
273,0,0,0,0,0,0,0,0,0
274,0,0,0,0,0,0,0,0,0
275,0,0,0,0,0,0,0,0,0
276,0,0,0,0,0,0,0,0,0
277,0,0,0,0,0,0,0,0,0
278,0,0,0,0,0,0,0,0,0
279,0,0,0,0,0,0,0,0,0
280,0,0,0,0,0,0,0,0,0
281,0,0,0,0,0,0,0,0,0
282,0,0,0,0,0,0,0,0,0
283,0,0,0,0,0,0,0,0,0
284,0,0,0,0,0,0,0,0,0
285,0,0,0,0,0,0,0,0,0
286,0,0,0,0,0,0,0,0,0
287,0,0,0,0,0,0,0,0,0
288,0,0,0,0,0,0,0,0,0
289,0,0,0,0,0,0,0,0,0
290,0,0,0,0,0,0,0,0,0
291,0,0,0,0,0,0,0,0,0
292,0,0,0,0,0,0,0,0,0
293,0,0,0,0,0,0,0,0,0
294,0,0,0,0,0,0,0,0,0
295,0,0,0,0,0,0,0,0,0
296,0,0,0,0,0,0,0,0,0
297,0,0,0,0,0,0,0,0,0
298,0,0,0,0,0,0,0,0,0
299,0,0,0,0,0,0,0,0,0
300,0,0,0,0,0,0,0,0,0
301,0,0,0,0,0,0,0,0,0
302,0,0,0,0,0,0,0,0,0
303,0,0,0,0,0,0,0,0,0
304,0,0,0,0,0,0,0,0,0
305,0,0,0,0,0,0,0,0,0
306,0,0,0,0,0,0,0,0,0
307,0,0,0,0,0,0,0,0,0
308,0,0,0,0,0,0,0,0,0
309,0,0,0,0,0,0,0,0,0
310,0,0,0,0,0,0,0,0,0
311,0,0,0,0,0,0,0,0,0
312,0,0,0,0,0,0,0,0,0
313,0,0,0,0,0,0,0,0,0
314,0,0,0,0,0,0,0,0,0
315,0,0,0,0,0,0,0,0,0
316,0,0,0,0,0,0,0,0,0
317,0,0,0,0,0,0,0,0,0
318,0,0,0,0,0,0,0,0,0
319,0,0,0,0,0,0,0,0,0
320,0,0,0,0,0,0,0,0,0
321,0,0,0,0,0,0,0,0,0
322,0,0,0,0,0,0,0,0,0
323,0,0,0,0,0,0,0,0,0
324,0,0,0,0,0,0,0,0,0
325,0,0,0,0,0,0,0,0,0
326,0,0,0,0,0,0,0,0,0
327,0,0,0,0,0,0,0,0,0
328,0,0,0,0,0,0,0,0,0
329,0,0,0,0,0,0,0,0,0
330,0,0,0,0,0,0,0,0,0
331,0,0,0,0,0,0,0,0,0
332,0,0,0,0,0,0,0,0,0
333,0,0,0,0,0,0,0,0,0
334,0,0,0,0,0,0,0,0,0
335,0,0,0,0,0,0,0,0,0
336,0,0,0,0,0,0,0,0,0
337,0,0,0,0,0,0,0,0,0
338,0,0,0,0,0,0,0,0,0
339,0,0,0,0,0,0,0,0,0
340,0,0,0,0,0,0,0,0,0
341,0,0,0,0,0,0,0,0,0
342,0,0,0,0,0,0,0,0,0
343,0,0,0,0,0,0,0,0,0
344,0,0,0,0,0,0,0,0,0
345,0,0,0,0,0,0,0,0,0
346,0,0,0,0,0,0,0,0,0
347,0,0,0,0,0,0,0,0,0
348,0,0,0,0,0,0,0,0,0
349,0,0,0,0,0,0,0,0,0
350,0,0,0,0,0,0,0,0,0
351,0,0,0,0,0,0,0,0,0
352,0,0,0,0,0,0,0,0,0
353,0,0,0,0,0,0,0,0,0
354,0,0,0,0,0,0,0,0,0
355,0,0,0,0,0,0,0,0,0
356,0,0,0,0,0,0,0,0,0
357,0,0,0,0,0,0,0,0,0
358,0,0,0,0,0,0,0,0,0
359,0,0,0,0,0,0,0,0,0
360,0,0,0,0,0,0,0,0,0
361,0,0,0,0,0,0,0,0,0
362,0,0,0,0,0,0,0,0,0
363,0,0,0,0,0,0,0,0,0
364,0,0,0,0,0,0,0,0,0
365,0,0,0,0,0,0,0,0,0
366,0,0,0,0,0,0,0,0,0
367,0,0,0,0,0,0,0,0,0
368,0,0,0,0,0,0,0,0,0
369,0,0,0,0,0,0,0,0,0
370,0,0,0,0,0,0,0,0,0
371,0,0,0,0,0,0,0,0,0
372,0,0,0,0,0,0,0,0,0
373,0,0,0,0,0,0,0,0,0
374,0,0,0,0,0,0,0,0,0
375,0,0,0,0,0,0,0,0,0
376,0,0,0,0,0,0,0,0,0
377,0,0,0,0,0,0,0,0,0
378,0,0,0,0,0,0,0,0,0
379,0,0,0,0,0,0,0,0,0
380,0,0,0,0,0,0,0,0,0
381,0,0,0,0,0,0,0,0,0
382,0,0,0,0,0,0,0,0,0
383,0,0,0,0,0,0,0,0,0
384,0,0,0,0,0,0,0,0,0
385,0,0,0,0,0,0,0,0,0
386,0,0,0,0,0,0,0,0,0
387,0,0,0,0,0,0,0,0,0
388,0,0,0,0,0,0,0,0,0
389,0,0,0,0,0,0,0,0,0
390,0,0,0,0,0,0,0,0,0
391,0,0,0,0,0,0,0,0,0
392,0,0,0,0,0,0,0,0,0
393,0,0,0,0,0,0,0,0,0
394,0,0,0,0,0,0,0,0,0
395,0,0,0,0,0,0,0,0,0
396,0,0,0,0,0,0,0,0,0
397,0,0,0,0,0,0,0,0,0
398,0,0,0,0,0,0,0,0,0
399,0,0,0,0,0,0,0,0,0
400,0,0,0,0,0,0,0,0,0
401,0,0,0,0,0,0,0,0,0
402,0,0,0,0,0,0,0,0,0
403,0,0,0,0,0,0,0,0,0
404,0,0,0,0,0,0,0,0,0
405,0,0,0,0,0,0,0,0,0
406,0,0,0,0,0,0,0,0,0
407,0,0,0,0,0,0,0,0,0
408,0,0,0,0,0,0,0,0,0
409,0,0,0,0,0,0,0,0,0
410,0,0,0,0,0,0,0,0,0
411,0,0,0,0,0,0,0,0,0
412,0,0,0,0,0,0,0,0,0
413,0,0,0,0,0,0,0,0,0
414,0,0,0,0,0,0,0,0,0
415,0,0,0,0,0,0,0,0,0
416,0,0,0,0,0,0,0,0,0
417,0,0,0,0,0,0,0,0,0
418,0,0,0,0,0,0,0,0,0
419,0,0,0,0,0,0,0,0,0
420,0,0,0,0,0,0,0,0,0
421,0,0,0,0,0,0,0,0,0
422,0,0,0,0,0,0,0,0,0
423,0,0,0,0,0,0,0,0,0
424,0,0,0,0,0,0,0,0,0
425,0,0,0,0,0,0,0,0,0
426,0,0,0,0,0,0,0,0,0
427,0,0,0,0,0,0,0,0,0
428,0,0,0,0,0,0,0,0,0
429,0,0,0,0,0,0,0,0,0
430,0,0,0,0,0,0,0,0,0
431,0,0,0,0,0,0,0,0,0
432,0,0,0,0,0,0,0,0,0
433,0,0,0,0,0,0,0,0,0
434,0,0,0,0,0,0,0,0,0
435,0,0,0,0,0,0,0,0,0
436,0,0,0,0,0,0,0,0,0
437,0,0,0,0,0,0,0,0,0
438,0,0,0,0,0,0,0,0,0
439,0,0,0,0,0,0,0,0,0
440,0,0,0,0,0,0,0,0,0
441,0,0,0,0,0,0,0,0,0
442,0,0,0,0,0,0,0,0,0
443,0,0,0,0,0,0,0,0,0
444,0,0,0,0,0,0,0,0,0
445,0,0,0,0,0,0,0,0,0
446,0,0,0,0,0,0,0,0,0
447,0,0,0,0,0,0,0,0,0
448,0,0,0,0,0,0,0,0,0
449,0,0,0,0,0,0,0,0,0
450,0,0,0,0,0,0,0,0,0
451,0,0,0,0,0,0,0,0,0
452,0,0,0,0,0,0,0,0,0
453,0,0,0,0,0,0,0,0,0
454,0,0,0,0,0,0,0,0,0
455,0,0,0,0,0,0,0,0,0
456,0,0,0,0,0,0,0,0,0
457,0,0,0,0,0,0,0,0,0
458,0,0,0,0,0,0,0,0,0
459,0,0,0,0,0,0,0,0,0
460,0,0,0,0,0,0,0,0,0
461,0,0,0,0,0,0,0,0,0
462,0,0,0,0,0,0,0,0,0
463,0,0,0,0,0,0,0,0,0
464,0,0,0,0,0,0,0,0,0
465,0,0,0,0,0,0,0,0,0
466,0,0,0,0,0,0,0,0,0
467,0,0,0,0,0,0,0,0,0
468,0,0,0,0,0,0,0,0,0
469,0,0,0,0,0,0,0,0,0
470,0,0,0,0,0,0,0,0,0
471,0,0,0,0,0,0,0,0,0
472,0,0,0,0,0,0,0,0,0
473,0,0,0,0,0,0,0,0,0
474,0,0,0,0,0,0,0,0,0
475,0,0,0,0,0,0,0,0,0
476,0,0,0,0,0,0,0,0,0
477,0,0,0,0,0,0,0,0,0
478,0,0,0,0,0,0,0,0,0
479,0,0,0,0,0,0,0,0,0
480,0,0,0,0,0,0,0,0,0
481,0,0,0,0,0,0,0,0,0
482,0,0,0,0,0,0,0,0,0
483,0,0,0,0,0,0,0,0,0
484,0,0,0,0,0,0,0,0,0
485,0,0,0,0,0,0,0,0,0
486,0,0,0,0,0,0,0,0,0
487,0,0,0,0,0,0,0,0,0
488,0,0,0,0,0,0,0,0,0
489,0,0,0,0,0,0,0,0,0
490,0,0,0,0,0,0,0,0,0
491,0,0,0,0,0,0,0,0,0
492,0,0,0,0,0,0,0,0,0
493,0,0,0,0,0,0,0,0,0
494,0,0,0,0,0,0,0,0,0
495,0,0,0,0,0,0,0,0,0
496,0,0,0,0,0,0,0,0,0
497,0,0,0,0,0,0,0,0,0
498,0,0,0,0,0,0,0,0,0
499,0,0,0,0,0,0,0,0,0
500,0,0,0,0,0,0,0,0,0
501,0,0,0,0,0,0,0,0,0
502,0,0,0,0,0,0,0,0,0
503,0,0,0,0,0,0,0,0,0
504,0,0,0,0,0,0,0,0,0
505,0,0,0,0,0,0,0,0,0
506,0,0,0,0,0,0,0,0,0
507,0,0,0,0,0,0,0,0,0
508,0,0,0,0,0,0,0,0,0
509,0,0,0,0,0,0,0,0,0
510,0,0,0,0,0,0,0,0,0
511,0,0,0,0,0,0,0,0,0
512,0,0,0,0,0,0,0,0,0
513,0,0,0,0,0,0,0,0,0
514,0,0,0,0,0,0,0,0,0
515,0,0,0,0,0,0,0,0,0
516,0,0,0,0,0,0,0,0,0
517,0,0,0,0,0,0,0,0,0
518,0,0,0,0,0,0,0,0,0
519,0,0,0,0,0,0,0,0,0
520,0,0,0,0,0,0,0,0,0
521,0,0,0,0,0,0,0,0,0
522,0,0,0,0,0,0,0,0,0
523,0,0,0,0,0,0,0,0,0
524,0,0,0,0,0,0,0,0,0
525,0,0,0,0,0,0,0,0,0
526,0,0,0,0,0,0,0,0,0
527,0,0,0,0,0,0,0,0,0
528,0,0,0,0,0,0,0,0,0
529,0,0,0,0,0,0,0,0,0
530,0,0,0,0,0,0,0,0,0
531,0,0,0,0,0,0,0,0,0
532,0,0,0,0,0,0,0,0,0
533,0,0,0,0,0,0,0,0,0
534,0,0,0,0,0,0,0,0,0
535,0,0,0,0,0,0,0,0,0
536,0,0,0,0,0,0,0,0,0
537,0,0,0,0,0,0,0,0,0
538,0,0,0,0,0,0,0,0,0
539,0,0,0,0,0,0,0,0,0
540,0,0,0,0,0,0,0,0,0
541,0,0,0,0,0,0,0,0,0
542,0,0,0,0,0,0,0,0,0
543,0,0,0,0,0,0,0,0,0
544,0,0,0,0,0,0,0,0,0
545,0,0,0,0,0,0,0,0,0
546,0,0,0,0,0,0,0,0,0
547,0,0,0,0,0,0,0,0,0
548,0,0,0,0,0,0,0,0,0
549,0,0,0,0,0,0,0,0,0
550,0,0,0,0,0,0,0,0,0
551,0,0,0,0,0,0,0,0,0
552,0,0,0,0,0,0,0,0,0
553,0,0,0,0,0,0,0,0,0
554,0,0,0,0,0,0,0,0,0
555,0,0,0,0,0,0,0,0,0
556,0,0,0,0,0,0,0,0,0
557,0,0,0,0,0,0,0,0,0
558,0,0,0,0,0,0,0,0,0
559,0,0,0,0,0,0,0,0,0
560,0,0,0,0,0,0,0,0,0
561,0,0,0,0,0,0,0,0,0
562,0,0,0,0,0,0,0,0,0
563,0,0,0,0,0,0,0,0,0
564,0,0,0,0,0,0,0,0,0
565,0,0,0,0,0,0,0,0,0
566,0,0,0,0,0,0,0,0,0
567,0,0,0,0,0,0,0,0,0
568,0,0,0,0,0,0,0,0,0
569,0,0,0,0,0,0,0,0,0
570,0,0,0,0,0,0,0,0,0
571,0,0,0,0,0,0,0,0,0
572,0,0,0,0,0,0,0,0,0
573,0,0,0,0,0,0,0,0,0
574,0,0,0,0,0,0,0,0,0
575,0,0,0,0,0,0,0,0,0
576,0,0,0,0,0,0,0,0,0
577,0,0,0,0,0,0,0,0,0
578,0,0,0,0,0,0,0,0,0
579,0,0,0,0,0,0,0,0,0
580,0,0,0,0,0,0,0,0,0
581,0,0,0,0,0,0,0,0,0
582,0,0,0,0,0,0,0,0,0
583,0,0,0,0,0,0,0,0,0
584,0,0,0,0,0,0,0,0,0
585,0,0,0,0,0,0,0,0,0
586,0,0,0,0,0,0,0,0,0
587,0,0,0,0,0,0,0,0,0
588,0,0,0,0,0,0,0,0,0
589,0,0,0,0,0,0,0,0,0
590,0,0,0,0,0,0,0,0,0
591,0,0,0,0,0,0,0,0,0
592,0,0,0,0,0,0,0,0,0
593,0,0,0,0,0,0,0,0,0
594,0,0,0,0,0,0,0,0,0
595,0,0,0,0,0,0,0,0,0
596,0,0,0,0,0,0,0,0,0
597,0,0,0,0,0,0,0,0,0
598,0,0,0,0,0,0,0,0,0
599,0,0,0,0,0,0,0,0,0
600,0,0,0,0,0,0,0,0,0
601,0,0,0,0,0,0,0,0,0
602,0,0,0,0,0,0,0,0,0
603,0,0,0,0,0,0,0,0,0
604,0,0,0,0,0,0,0,0,0
605,0,0,0,0,0,0,0,0,0
606,0,0,0,0,0,0,0,0,0
607,0,0,0,0,0,0,0,0,0
608,0,0,0,0,0,0,0,0,0
609,0,0,0,0,0,0,0,0,0
610,0,0,0,0,0,0,0,0,0
611,0,0,0,0,0,0,0,0,0
612,0,0,0,0,0,0,0,0,0
613,0,0,0,0,0,0,0,0,0
614,0,0,0,0,0,0,0,0,0
615,0,0,0,0,0,0,0,0,0
616,0,0,0,0,0,0,0,0,0
617,0,0,0,0,0,0,0,0,0
618,0,0,0,0,0,0,0,0,0
619,0,0,0,0,0,0,0,0,0
620,0,0,0,0,0,0,0,0,0
621,0,0,0,0,0,0,0,0,0
622,0,0,0,0,0,0,0,0,0
623,0,0,0,0,0,0,0,0,0
624,0,0,0,0,0,0,0,0,0
625,0,0,0,0,0,0,0,0,0
626,0,0,0,0,0,0,0,0,0
627,0,0,0,0,0,0,0,0,0
628,0,0,0,0,0,0,0,0,0
629,0,0,0,0,0,0,0,0,0
630,0,0,0,0,0,0,0,0,0
631,0,0,0,0,0,0,0,0,0
632,0,0,0,0,0,0,0,0,0
633,0,0,0,0,0,0,0,0,0
634,0,0,0,0,0,0,0,0,0
635,0,0,0,0,0,0,0,0,0
636,0,0,0,0,0,0,0,0,0
637,0,0,0,0,0,0,0,0,0
638,0,0,0,0,0,0,0,0,0
639,0,0,0,0,0,0,0,0,0
640,0,0,0,0,0,0,0,0,0
641,0,0,0,0,0,0,0,0,0
642,0,0,0,0,0,0,0,0,0
643,0,0,0,0,0,0,0,0,0
644,0,0,0,0,0,0,0,0,0
645,0,0,0,0,0,0,0,0,0
646,0,0,0,0,0,0,0,0,0
647,0,0,0,0,0,0,0,0,0
648,0,0,0,0,0,0,0,0,0
649,0,0,0,0,0,0,0,0,0
650,0,0,0,0,0,0,0,0,0
651,0,0,0,0,0,0,0,0,0
652,0,0,0,0,0,0,0,0,0
653,0,0,0,0,0,0,0,0,0
654,0,0,0,0,0,0,0,0,0
655,0,0,0,0,0,0,0,0,0
656,0,0,0,0,0,0,0,0,0
657,0,0,0,0,0,0,0,0,0
658,0,0,0,0,0,0,0,0,0
659,0,0,0,0,0,0,0,0,0
660,0,0,0,0,0,0,0,0,0
661,0,0,0,0,0,0,0,0,0
662,0,0,0,0,0,0,0,0,0
663,0,0,0,0,0,0,0,0,0
664,0,0,0,0,0,0,0,0,0
665,0,0,0,0,0,0,0,0,0
666,0,0,0,0,0,0,0,0,0
667,0,0,0,0,0,0,0,0,0
668,0,0,0,0,0,0,0,0,0
669,0,0,0,0,0,0,0,0,0
670,0,0,0,0,0,0,0,0,0
671,0,0,0,0,0,0,0,0,0
672,0,0,0,0,0,0,0,0,0
673,0,0,0,0,0,0,0,0,0
674,0,0,0,0,0,0,0,0,0
675,0,0,0,0,0,0,0,0,0
676,0,0,0,0,0,0,0,0,0
677,0,0,0,0,0,0,0,0,0
678,0,0,0,0,0,0,0,0,0
679,0,0,0,0,0,0,0,0,0
680,0,0,0,0,0,0,0,0,0
681,0,0,0,0,0,0,0,0,0
682,0,0,0,0,0,0,0,0,0
683,0,0,0,0,0,0,0,0,0
684,0,0,0,0,0,0,0,0,0
685,0,0,0,0,0,0,0,0,0
686,0,0,0,0,0,0,0,0,0
687,0,0,0,0,0,0,0,0,0
688,0,0,0,0,0,0,0,0,0
689,0,0,0,0,0,0,0,0,0
690,0,0,0,0,0,0,0,0,0
691,0,0,0,0,0,0,0,0,0
692,0,0,0,0,0,0,0,0,0
693,0,0,0,0,0,0,0,0,0
694,0,0,0,0,0,0,0,0,0
695,0,0,0,0,0,0,0,0,0
696,0,0,0,0,0,0,0,0,0
697,0,0,0,0,0,0,0,0,0
698,0,0,0,0,0,0,0,0,0
699,0,0,0,0,0,0,0,0,0
700,0,0,0,0,0,0,0,0,0
701,0,0,0,0,0,0,0,0,0
702,0,0,0,0,0,0,0,0,0
703,0,0,0,0,0,0,0,0,0
704,0,0,0,0,0,0,0,0,0
705,0,0,0,0,0,0,0,0,0
706,0,0,0,0,0,0,0,0,0
707,0,0,0,0,0,0,0,0,0
708,0,0,0,0,0,0,0,0,0
709,0,0,0,0,0,0,0,0,0
710,0,0,0,0,0,0,0,0,0
711,0,0,0,0,0,0,0,0,0
712,0,0,0,0,0,0,0,0,0
713,0,0,0,0,0,0,0,0,0
714,0,0,0,0,0,0,0,0,0
715,0,0,0,0,0,0,0,0,0
716,0,0,0,0,0,0,0,0,0
717,0,0,0,0,0,0,0,0,0
718,0,0,0,0,0,0,0,0,0
719,0,0,0,0,0,0,0,0,0
720,0,0,0,0,0,0,0,0,0
721,0,0,0,0,0,0,0,0,0
722,0,0,0,0,0,0,0,0,0
723,0,0,0,0,0,0,0,0,0
724,0,0,0,0,0,0,0,0,0
725,0,0,0,0,0,0,0,0,0
726,0,0,0,0,0,0,0,0,0
727,0,0,0,0,0,0,0,0,0
728,0,0,0,0,0,0,0,0,0
729,0,0,0,0,0,0,0,0,0
730,0,0,0,0,0,0,0,0,0
731,0,0,0,0,0,0,0,0,0
732,0,0,0,0,0,0,0,0,0
733,0,0,0,0,0,0,0,0,0
734,0,0,0,0,0,0,0,0,0
735,0,0,0,0,0,0,0,0,0
736,0,0,0,0,0,0,0,0,0
737,0,0,0,0,0,0,0,0,0
738,0,0,0,0,0,0,0,0,0
739,0,0,0,0,0,0,0,0,0
740,0,0,0,0,0,0,0,0,0
741,0,0,0,0,0,0,0,0,0
742,0,0,0,0,0,0,0,0,0
743,0,0,0,0,0,0,0,0,0
744,0,0,0,0,0,0,0,0,0
745,0,0,0,0,0,0,0,0,0
746,0,0,0,0,0,0,0,0,0
747,0,0,0,0,0,0,0,0,0
748,0,0,0,0,0,0,0,0,0
749,0,0,0,0,0,0,0,0,0
750,0,0,0,0,0,0,0,0,0
0,194,7257,201425,4077983,57373546,517292847,2626655236,5935079656,3356972874
1,103,3140,69068,1110394,12395822,88617816,356694668,638523586,286009710
2,53,1241,22658,301918,2796820,16594644,55401106,82215747,30489138
3,44,930,14825,170925,1371798,7032206,20275688,25981828,8332054
4,37,712,10258,104168,734413,3315349,8440783,9545429,2700101
5,30,532,7086,65951,427912,1778148,4170545,4362198,1147623
6,19,345,3962,33520,195202,729626,1540299,1449344,344163
7,13,265,2740,20749,109127,373181,718767,618234,134652
8,10,192,1803,12750,62326,196207,347800,274122,54385
9,10,189,1668,11133,51543,153782,258280,193354,36796
10,10,159,1272,7798,32964,89628,137250,93860,16048
11,10,154,1153,6786,27424,71496,104964,68565,11372
12,7,117,811,4315,15874,37715,50797,30493,4645
13,6,97,642,3289,11623,26508,34521,19750,2824
14,5,79,492,2382,7763,16166,20020,10894,1523
15,4,64,366,1734,5536,11142,13584,7256,1040
16,4,58,294,1258,3696,6838,7623,3452,452
17,4,58,294,1258,3696,6838,7623,3452,452
18,4,52,261,1069,3130,5879,6451,2842,356
19,3,38,167,712,1972,3654,3881,1616,196
20,1,21,106,388,1137,2056,2083,805,98
21,1,17,92,320,922,1620,1603,579,54
22,1,13,68,238,579,1021,888,355,33
23,1,12,54,169,422,751,627,237,21
24,1,12,47,148,354,597,486,185,17
25,1,12,43,141,330,534,440,158,15
26,0,9,10,42,119,160,118,26,7
27,0,9,10,41,115,154,109,23,7
28,0,7,9,32,80,116,75,17,1
29,0,7,9,32,80,116,75,17,1
30,0,7,9,32,80,116,75,17,1
31,0,7,9,32,80,112,70,16,1
32,0,7,9,32,80,112,70,16,1
33,0,7,9,25,54,79,53,14,1
34,0,5,8,24,52,75,45,14,1
35,0,5,3,12,27,45,21,3,0
36,0,5,3,5,10,12,14,3,0
37,0,3,2,4,5,8,4,0,0
38,0,3,2,4,5,8,4,0,0
39,0,3,2,4,5,7,3,0,0
40,0,3,2,4,5,7,3,0,0
41,0,3,2,4,3,5,2,0,0
42,0,3,2,4,3,5,1,0,0
43,0,3,2,4,3,5,1,0,0
44,0,3,2,4,3,5,1,0,0
45,0,3,2,4,3,5,1,0,0
46,0,3,2,4,3,5,1,0,0
47,0,3,2,4,3,5,1,0,0
48,0,0,0,0,0,0,0,0,0
49,0,0,0,0,0,0,0,0,0
50,0,0,0,0,0,0,0,0,0
51,0,0,0,0,0,0,0,0,0
52,0,0,0,0,0,0,0,0,0
53,0,0,0,0,0,0,0,0,0
54,0,0,0,0,0,0,0,0,0
55,0,0,0,0,0,0,0,0,0
56,0,0,0,0,0,0,0,0,0
57,0,0,0,0,0,0,0,0,0
58,0,0,0,0,0,0,0,0,0
59,0,0,0,0,0,0,0,0,0
60,0,0,0,0,0,0,0,0,0
61,0,0,0,0,0,0,0,0,0
62,0,0,0,0,0,0,0,0,0
63,0,0,0,0,0,0,0,0,0
64,0,0,0,0,0,0,0,0,0
65,0,0,0,0,0,0,0,0,0
66,0,0,0,0,0,0,0,0,0
67,0,0,0,0,0,0,0,0,0
68,0,0,0,0,0,0,0,0,0
69,0,0,0,0,0,0,0,0,0
70,0,0,0,0,0,0,0,0,0
71,0,0,0,0,0,0,0,0,0
72,0,0,0,0,0,0,0,0,0
73,0,0,0,0,0,0,0,0,0
74,0,0,0,0,0,0,0,0,0
75,0,0,0,0,0,0,0,0,0
76,0,0,0,0,0,0,0,0,0
77,0,0,0,0,0,0,0,0,0
78,0,0,0,0,0,0,0,0,0
79,0,0,0,0,0,0,0,0,0
80,0,0,0,0,0,0,0,0,0
81,0,0,0,0,0,0,0,0,0
82,0,0,0,0,0,0,0,0,0
83,0,0,0,0,0,0,0,0,0
84,0,0,0,0,0,0,0,0,0
85,0,0,0,0,0,0,0,0,0
86,0,0,0,0,0,0,0,0,0
87,0,0,0,0,0,0,0,0,0
88,0,0,0,0,0,0,0,0,0
89,0,0,0,0,0,0,0,0,0
90,0,0,0,0,0,0,0,0,0
91,0,0,0,0,0,0,0,0,0
92,0,0,0,0,0,0,0,0,0
93,0,0,0,0,0,0,0,0,0
94,0,0,0,0,0,0,0,0,0
95,0,0,0,0,0,0,0,0,0
96,0,0,0,0,0,0,0,0,0
97,0,0,0,0,0,0,0,0,0
98,0,0,0,0,0,0,0,0,0
99,0,0,0,0,0,0,0,0,0
100,0,0,0,0,0,0,0,0,0
101,0,0,0,0,0,0,0,0,0
102,0,0,0,0,0,0,0,0,0
103,0,0,0,0,0,0,0,0,0
104,0,0,0,0,0,0,0,0,0
105,0,0,0,0,0,0,0,0,0
106,0,0,0,0,0,0,0,0,0
107,0,0,0,0,0,0,0,0,0
108,0,0,0,0,0,0,0,0,0
109,0,0,0,0,0,0,0,0,0
110,0,0,0,0,0,0,0,0,0
111,0,0,0,0,0,0,0,0,0
112,0,0,0,0,0,0,0,0,0
113,0,0,0,0,0,0,0,0,0
114,0,0,0,0,0,0,0,0,0
115,0,0,0,0,0,0,0,0,0
116,0,0,0,0,0,0,0,0,0
117,0,0,0,0,0,0,0,0,0
118,0,0,0,0,0,0,0,0,0
119,0,0,0,0,0,0,0,0,0
120,0,0,0,0,0,0,0,0,0
121,0,0,0,0,0,0,0,0,0
122,0,0,0,0,0,0,0,0,0
123,0,0,0,0,0,0,0,0,0
124,0,0,0,0,0,0,0,0,0
125,0,0,0,0,0,0,0,0,0
126,0,0,0,0,0,0,0,0,0
127,0,0,0,0,0,0,0,0,0
128,0,0,0,0,0,0,0,0,0
129,0,0,0,0,0,0,0,0,0
130,0,0,0,0,0,0,0,0,0
131,0,0,0,0,0,0,0,0,0
132,0,0,0,0,0,0,0,0,0
133,0,0,0,0,0,0,0,0,0
134,0,0,0,0,0,0,0,0,0
135,0,0,0,0,0,0,0,0,0
136,0,0,0,0,0,0,0,0,0
137,0,0,0,0,0,0,0,0,0
138,0,0,0,0,0,0,0,0,0
139,0,0,0,0,0,0,0,0,0
140,0,0,0,0,0,0,0,0,0
141,0,0,0,0,0,0,0,0,0
142,0,0,0,0,0,0,0,0,0
143,0,0,0,0,0,0,0,0,0
144,0,0,0,0,0,0,0,0,0
145,0,0,0,0,0,0,0,0,0
146,0,0,0,0,0,0,0,0,0
147,0,0,0,0,0,0,0,0,0
148,0,0,0,0,0,0,0,0,0
149,0,0,0,0,0,0,0,0,0
150,0,0,0,0,0,0,0,0,0
151,0,0,0,0,0,0,0,0,0
152,0,0,0,0,0,0,0,0,0
153,0,0,0,0,0,0,0,0,0
154,0,0,0,0,0,0,0,0,0
155,0,0,0,0,0,0,0,0,0
156,0,0,0,0,0,0,0,0,0
157,0,0,0,0,0,0,0,0,0
158,0,0,0,0,0,0,0,0,0
159,0,0,0,0,0,0,0,0,0
160,0,0,0,0,0,0,0,0,0
161,0,0,0,0,0,0,0,0,0
162,0,0,0,0,0,0,0,0,0
163,0,0,0,0,0,0,0,0,0
164,0,0,0,0,0,0,0,0,0
165,0,0,0,0,0,0,0,0,0
166,0,0,0,0,0,0,0,0,0
167,0,0,0,0,0,0,0,0,0
168,0,0,0,0,0,0,0,0,0
169,0,0,0,0,0,0,0,0,0
170,0,0,0,0,0,0,0,0,0
171,0,0,0,0,0,0,0,0,0
172,0,0,0,0,0,0,0,0,0
173,0,0,0,0,0,0,0,0,0
174,0,0,0,0,0,0,0,0,0
175,0,0,0,0,0,0,0,0,0
176,0,0,0,0,0,0,0,0,0
177,0,0,0,0,0,0,0,0,0
178,0,0,0,0,0,0,0,0,0
179,0,0,0,0,0,0,0,0,0
180,0,0,0,0,0,0,0,0,0
181,0,0,0,0,0,0,0,0,0
182,0,0,0,0,0,0,0,0,0
183,0,0,0,0,0,0,0,0,0
184,0,0,0,0,0,0,0,0,0
185,0,0,0,0,0,0,0,0,0
186,0,0,0,0,0,0,0,0,0
187,0,0,0,0,0,0,0,0,0
188,0,0,0,0,0,0,0,0,0
189,0,0,0,0,0,0,0,0,0
190,0,0,0,0,0,0,0,0,0
191,0,0,0,0,0,0,0,0,0
192,0,0,0,0,0,0,0,0,0
193,0,0,0,0,0,0,0,0,0
194,0,0,0,0,0,0,0,0,0
195,0,0,0,0,0,0,0,0,0
196,0,0,0,0,0,0,0,0,0
197,0,0,0,0,0,0,0,0,0
198,0,0,0,0,0,0,0,0,0
199,0,0,0,0,0,0,0,0,0
200,0,0,0,0,0,0,0,0,0
201,0,0,0,0,0,0,0,0,0
202,0,0,0,0,0,0,0,0,0
203,0,0,0,0,0,0,0,0,0
204,0,0,0,0,0,0,0,0,0
205,0,0,0,0,0,0,0,0,0
206,0,0,0,0,0,0,0,0,0
207,0,0,0,0,0,0,0,0,0
208,0,0,0,0,0,0,0,0,0
209,0,0,0,0,0,0,0,0,0
210,0,0,0,0,0,0,0,0,0
211,0,0,0,0,0,0,0,0,0
212,0,0,0,0,0,0,0,0,0
213,0,0,0,0,0,0,0,0,0
214,0,0,0,0,0,0,0,0,0
215,0,0,0,0,0,0,0,0,0
216,0,0,0,0,0,0,0,0,0
217,0,0,0,0,0,0,0,0,0
218,0,0,0,0,0,0,0,0,0
219,0,0,0,0,0,0,0,0,0
220,0,0,0,0,0,0,0,0,0
221,0,0,0,0,0,0,0,0,0
222,0,0,0,0,0,0,0,0,0
223,0,0,0,0,0,0,0,0,0
224,0,0,0,0,0,0,0,0,0
225,0,0,0,0,0,0,0,0,0
226,0,0,0,0,0,0,0,0,0
227,0,0,0,0,0,0,0,0,0
228,0,0,0,0,0,0,0,0,0
229,0,0,0,0,0,0,0,0,0
230,0,0,0,0,0,0,0,0,0
231,0,0,0,0,0,0,0,0,0
232,0,0,0,0,0,0,0,0,0
233,0,0,0,0,0,0,0,0,0
234,0,0,0,0,0,0,0,0,0
235,0,0,0,0,0,0,0,0,0
236,0,0,0,0,0,0,0,0,0
237,0,0,0,0,0,0,0,0,0
238,0,0,0,0,0,0,0,0,0
239,0,0,0,0,0,0,0,0,0
240,0,0,0,0,0,0,0,0,0
241,0,0,0,0,0,0,0,0,0
242,0,0,0,0,0,0,0,0,0
243,0,0,0,0,0,0,0,0,0
244,0,0,0,0,0,0,0,0,0
245,0,0,0,0,0,0,0,0,0
246,0,0,0,0,0,0,0,0,0
247,0,0,0,0,0,0,0,0,0
248,0,0,0,0,0,0,0,0,0
249,0,0,0,0,0,0,0,0,0
250,0,0,0,0,0,0,0,0,0
251,0,0,0,0,0,0,0,0,0
252,0,0,0,0,0,0,0,0,0
253,0,0,0,0,0,0,0,0,0
254,0,0,0,0,0,0,0,0,0
255,0,0,0,0,0,0,0,0,0
256,0,0,0,0,0,0,0,0,0
257,0,0,0,0,0,0,0,0,0
258,0,0,0,0,0,0,0,0,0
259,0,0,0,0,0,0,0,0,0
260,0,0,0,0,0,0,0,0,0
261,0,0,0,0,0,0,0,0,0
262,0,0,0,0,0,0,0,0,0
263,0,0,0,0,0,0,0,0,0
264,0,0,0,0,0,0,0,0,0
265,0,0,0,0,0,0,0,0,0
266,0,0,0,0,0,0,0,0,0
267,0,0,0,0,0,0,0,0,0
268,0,0,0,0,0,0,0,0,0
269,0,0,0,0,0,0,0,0,0
270,0,0,0,0,0,0,0,0,0
271,0,0,0,0,0,0,0,0,0
272,0,0,0,0,0,0,0,0,0
273,0,0,0,0,0,0,0,0,0
274,0,0,0,0,0,0,0,0,0
275,0,0,0,0,0,0,0,0,0
276,0,0,0,0,0,0,0,0,0
277,0,0,0,0,0,0,0,0,0
278,0,0,0,0,0,0,0,0,0
279,0,0,0,0,0,0,0,0,0
280,0,0,0,0,0,0,0,0,0
281,0,0,0,0,0,0,0,0,0
282,0,0,0,0,0,0,0,0,0
283,0,0,0,0,0,0,0,0,0
284,0,0,0,0,0,0,0,0,0
285,0,0,0,0,0,0,0,0,0
286,0,0,0,0,0,0,0,0,0
287,0,0,0,0,0,0,0,0,0
288,0,0,0,0,0,0,0,0,0
289,0,0,0,0,0,0,0,0,0
290,0,0,0,0,0,0,0,0,0
291,0,0,0,0,0,0,0,0,0
292,0,0,0,0,0,0,0,0,0
293,0,0,0,0,0,0,0,0,0
294,0,0,0,0,0,0,0,0,0
295,0,0,0,0,0,0,0,0,0
296,0,0,0,0,0,0,0,0,0
297,0,0,0,0,0,0,0,0,0
298,0,0,0,0,0,0,0,0,0
299,0,0,0,0,0,0,0,0,0
300,0,0,0,0,0,0,0,0,0
301,0,0,0,0,0,0,0,0,0
302,0,0,0,0,0,0,0,0,0
303,0,0,0,0,0,0,0,0,0
304,0,0,0,0,0,0,0,0,0
305,0,0,0,0,0,0,0,0,0
306,0,0,0,0,0,0,0,0,0
307,0,0,0,0,0,0,0,0,0
308,0,0,0,0,0,0,0,0,0
309,0,0,0,0,0,0,0,0,0
310,0,0,0,0,0,0,0,0,0
311,0,0,0,0,0,0,0,0,0
312,0,0,0,0,0,0,0,0,0
313,0,0,0,0,0,0,0,0,0
314,0,0,0,0,0,0,0,0,0
315,0,0,0,0,0,0,0,0,0
316,0,0,0,0,0,0,0,0,0
317,0,0,0,0,0,0,0,0,0
318,0,0,0,0,0,0,0,0,0
319,0,0,0,0,0,0,0,0,0
320,0,0,0,0,0,0,0,0,0
321,0,0,0,0,0,0,0,0,0
322,0,0,0,0,0,0,0,0,0
323,0,0,0,0,0,0,0,0,0
324,0,0,0,0,0,0,0,0,0
325,0,0,0,0,0,0,0,0,0
326,0,0,0,0,0,0,0,0,0
327,0,0,0,0,0,0,0,0,0
328,0,0,0,0,0,0,0,0,0
329,0,0,0,0,0,0,0,0,0
330,0,0,0,0,0,0,0,0,0
331,0,0,0,0,0,0,0,0,0
332,0,0,0,0,0,0,0,0,0
333,0,0,0,0,0,0,0,0,0
334,0,0,0,0,0,0,0,0,0
335,0,0,0,0,0,0,0,0,0
336,0,0,0,0,0,0,0,0,0
337,0,0,0,0,0,0,0,0,0
338,0,0,0,0,0,0,0,0,0
339,0,0,0,0,0,0,0,0,0
340,0,0,0,0,0,0,0,0,0
341,0,0,0,0,0,0,0,0,0
342,0,0,0,0,0,0,0,0,0
343,0,0,0,0,0,0,0,0,0
344,0,0,0,0,0,0,0,0,0
345,0,0,0,0,0,0,0,0,0
346,0,0,0,0,0,0,0,0,0
347,0,0,0,0,0,0,0,0,0
348,0,0,0,0,0,0,0,0,0
349,0,0,0,0,0,0,0,0,0
350,0,0,0,0,0,0,0,0,0
351,0,0,0,0,0,0,0,0,0
352,0,0,0,0,0,0,0,0,0
353,0,0,0,0,0,0,0,0,0
354,0,0,0,0,0,0,0,0,0
355,0,0,0,0,0,0,0,0,0
356,0,0,0,0,0,0,0,0,0
357,0,0,0,0,0,0,0,0,0
358,0,0,0,0,0,0,0,0,0
359,0,0,0,0,0,0,0,0,0
360,0,0,0,0,0,0,0,0,0
361,0,0,0,0,0,0,0,0,0
362,0,0,0,0,0,0,0,0,0
363,0,0,0,0,0,0,0,0,0
364,0,0,0,0,0,0,0,0,0
365,0,0,0,0,0,0,0,0,0
366,0,0,0,0,0,0,0,0,0
367,0,0,0,0,0,0,0,0,0
368,0,0,0,0,0,0,0,0,0
369,0,0,0,0,0,0,0,0,0
370,0,0,0,0,0,0,0,0,0
371,0,0,0,0,0,0,0,0,0
372,0,0,0,0,0,0,0,0,0
373,0,0,0,0,0,0,0,0,0
374,0,0,0,0,0,0,0,0,0
375,0,0,0,0,0,0,0,0,0
376,0,0,0,0,0,0,0,0,0
377,0,0,0,0,0,0,0,0,0
378,0,0,0,0,0,0,0,0,0
379,0,0,0,0,0,0,0,0,0
380,0,0,0,0,0,0,0,0,0
381,0,0,0,0,0,0,0,0,0
382,0,0,0,0,0,0,0,0,0
383,0,0,0,0,0,0,0,0,0
384,0,0,0,0,0,0,0,0,0
385,0,0,0,0,0,0,0,0,0
386,0,0,0,0,0,0,0,0,0
387,0,0,0,0,0,0,0,0,0
388,0,0,0,0,0,0,0,0,0
389,0,0,0,0,0,0,0,0,0
390,0,0,0,0,0,0,0,0,0
391,0,0,0,0,0,0,0,0,0
392,0,0,0,0,0,0,0,0,0
393,0,0,0,0,0,0,0,0,0
394,0,0,0,0,0,0,0,0,0
395,0,0,0,0,0,0,0,0,0
396,0,0,0,0,0,0,0,0,0
397,0,0,0,0,0,0,0,0,0
398,0,0,0,0,0,0,0,0,0
399,0,0,0,0,0,0,0,0,0
400,0,0,0,0,0,0,0,0,0
401,0,0,0,0,0,0,0,0,0
402,0,0,0,0,0,0,0,0,0
403,0,0,0,0,0,0,0,0,0
404,0,0,0,0,0,0,0,0,0
405,0,0,0,0,0,0,0,0,0
406,0,0,0,0,0,0,0,0,0
407,0,0,0,0,0,0,0,0,0
408,0,0,0,0,0,0,0,0,0
409,0,0,0,0,0,0,0,0,0
410,0,0,0,0,0,0,0,0,0
411,0,0,0,0,0,0,0,0,0
412,0,0,0,0,0,0,0,0,0
413,0,0,0,0,0,0,0,0,0
414,0,0,0,0,0,0,0,0,0
415,0,0,0,0,0,0,0,0,0
416,0,0,0,0,0,0,0,0,0
417,0,0,0,0,0,0,0,0,0
418,0,0,0,0,0,0,0,0,0
419,0,0,0,0,0,0,0,0,0
420,0,0,0,0,0,0,0,0,0
421,0,0,0,0,0,0,0,0,0
422,0,0,0,0,0,0,0,0,0
423,0,0,0,0,0,0,0,0,0
424,0,0,0,0,0,0,0,0,0
425,0,0,0,0,0,0,0,0,0
426,0,0,0,0,0,0,0,0,0
427,0,0,0,0,0,0,0,0,0
428,0,0,0,0,0,0,0,0,0
429,0,0,0,0,0,0,0,0,0
430,0,0,0,0,0,0,0,0,0
431,0,0,0,0,0,0,0,0,0
432,0,0,0,0,0,0,0,0,0
433,0,0,0,0,0,0,0,0,0
434,0,0,0,0,0,0,0,0,0
435,0,0,0,0,0,0,0,0,0
436,0,0,0,0,0,0,0,0,0
437,0,0,0,0,0,0,0,0,0
438,0,0,0,0,0,0,0,0,0
439,0,0,0,0,0,0,0,0,0
440,0,0,0,0,0,0,0,0,0
441,0,0,0,0,0,0,0,0,0
442,0,0,0,0,0,0,0,0,0
443,0,0,0,0,0,0,0,0,0
444,0,0,0,0,0,0,0,0,0
445,0,0,0,0,0,0,0,0,0
446,0,0,0,0,0,0,0,0,0
447,0,0,0,0,0,0,0,0,0
448,0,0,0,0,0,0,0,0,0
449,0,0,0,0,0,0,0,0,0
450,0,0,0,0,0,0,0,0,0
451,0,0,0,0,0,0,0,0,0
452,0,0,0,0,0,0,0,0,0
453,0,0,0,0,0,0,0,0,0
454,0,0,0,0,0,0,0,0,0
455,0,0,0,0,0,0,0,0,0
456,0,0,0,0,0,0,0,0,0
457,0,0,0,0,0,0,0,0,0
458,0,0,0,0,0,0,0,0,0
459,0,0,0,0,0,0,0,0,0
460,0,0,0,0,0,0,0,0,0
461,0,0,0,0,0,0,0,0,0
462,0,0,0,0,0,0,0,0,0
463,0,0,0,0,0,0,0,0,0
464,0,0,0,0,0,0,0,0,0
465,0,0,0,0,0,0,0,0,0
466,0,0,0,0,0,0,0,0,0
467,0,0,0,0,0,0,0,0,0
468,0,0,0,0,0,0,0,0,0
469,0,0,0,0,0,0,0,0,0
470,0,0,0,0,0,0,0,0,0
471,0,0,0,0,0,0,0,0,0
472,0,0,0,0,0,0,0,0,0
473,0,0,0,0,0,0,0,0,0
474,0,0,0,0,0,0,0,0,0
475,0,0,0,0,0,0,0,0,0
476,0,0,0,0,0,0,0,0,0
477,0,0,0,0,0,0,0,0,0
478,0,0,0,0,0,0,0,0,0
479,0,0,0,0,0,0,0,0,0
480,0,0,0,0,0,0,0,0,0
481,0,0,0,0,0,0,0,0,0
482,0,0,0,0,0,0,0,0,0
483,0,0,0,0,0,0,0,0,0
484,0,0,0,0,0,0,0,0,0
485,0,0,0,0,0,0,0,0,0
486,0,0,0,0,0,0,0,0,0
487,0,0,0,0,0,0,0,0,0
488,0,0,0,0,0,0,0,0,0
489,0,0,0,0,0,0,0,0,0
490,0,0,0,0,0,0,0,0,0
491,0,0,0,0,0,0,0,0,0
492,0,0,0,0,0,0,0,0,0
493,0,0,0,0,0,0,0,0,0
494,0,0,0,0,0,0,0,0,0
495,0,0,0,0,0,0,0,0,0
496,0,0,0,0,0,0,0,0,0
497,0,0,0,0,0,0,0,0,0
498,0,0,0,0,0,0,0,0,0
499,0,0,0,0,0,0,0,0,0
500,0,0,0,0,0,0,0,0,0
501,0,0,0,0,0,0,0,0,0
502,0,0,0,0,0,0,0,0,0
503,0,0,0,0,0,0,0,0,0
504,0,0,0,0,0,0,0,0,0
505,0,0,0,0,0,0,0,0,0
506,0,0,0,0,0,0,0,0,0
507,0,0,0,0,0,0,0,0,0
508,0,0,0,0,0,0,0,0,0
509,0,0,0,0,0,0,0,0,0
510,0,0,0,0,0,0,0,0,0
511,0,0,0,0,0,0,0,0,0
512,0,0,0,0,0,0,0,0,0
513,0,0,0,0,0,0,0,0,0
514,0,0,0,0,0,0,0,0,0
515,0,0,0,0,0,0,0,0,0
516,0,0,0,0,0,0,0,0,0
517,0,0,0,0,0,0,0,0,0
518,0,0,0,0,0,0,0,0,0
519,0,0,0,0,0,0,0,0,0
520,0,0,0,0,0,0,0,0,0
521,0,0,0,0,0,0,0,0,0
522,0,0,0,0,0,0,0,0,0
523,0,0,0,0,0,0,0,0,0
524,0,0,0,0,0,0,0,0,0
525,0,0,0,0,0,0,0,0,0
526,0,0,0,0,0,0,0,0,0
527,0,0,0,0,0,0,0,0,0
528,0,0,0,0,0,0,0,0,0
529,0,0,0,0,0,0,0,0,0
530,0,0,0,0,0,0,0,0,0
531,0,0,0,0,0,0,0,0,0
532,0,0,0,0,0,0,0,0,0
533,0,0,0,0,0,0,0,0,0
534,0,0,0,0,0,0,0,0,0
535,0,0,0,0,0,0,0,0,0
536,0,0,0,0,0,0,0,0,0
537,0,0,0,0,0,0,0,0,0
538,0,0,0,0,0,0,0,0,0
539,0,0,0,0,0,0,0,0,0
540,0,0,0,0,0,0,0,0,0
541,0,0,0,0,0,0,0,0,0
542,0,0,0,0,0,0,0,0,0
543,0,0,0,0,0,0,0,0,0
544,0,0,0,0,0,0,0,0,0
545,0,0,0,0,0,0,0,0,0
546,0,0,0,0,0,0,0,0,0
547,0,0,0,0,0,0,0,0,0
548,0,0,0,0,0,0,0,0,0
549,0,0,0,0,0,0,0,0,0
550,0,0,0,0,0,0,0,0,0
551,0,0,0,0,0,0,0,0,0
552,0,0,0,0,0,0,0,0,0
553,0,0,0,0,0,0,0,0,0
554,0,0,0,0,0,0,0,0,0
555,0,0,0,0,0,0,0,0,0
556,0,0,0,0,0,0,0,0,0
557,0,0,0,0,0,0,0,0,0
558,0,0,0,0,0,0,0,0,0
559,0,0,0,0,0,0,0,0,0
560,0,0,0,0,0,0,0,0,0
561,0,0,0,0,0,0,0,0,0
562,0,0,0,0,0,0,0,0,0
563,0,0,0,0,0,0,0,0,0
564,0,0,0,0,0,0,0,0,0
565,0,0,0,0,0,0,0,0,0
566,0,0,0,0,0,0,0,0,0
567,0,0,0,0,0,0,0,0,0
568,0,0,0,0,0,0,0,0,0
569,0,0,0,0,0,0,0,0,0
570,0,0,0,0,0,0,0,0,0
571,0,0,0,0,0,0,0,0,0
572,0,0,0,0,0,0,0,0,0
573,0,0,0,0,0,0,0,0,0
574,0,0,0,0,0,0,0,0,0
575,0,0,0,0,0,0,0,0,0
576,0,0,0,0,0,0,0,0,0
577,0,0,0,0,0,0,0,0,0
578,0,0,0,0,0,0,0,0,0
579,0,0,0,0,0,0,0,0,0
580,0,0,0,0,0,0,0,0,0
581,0,0,0,0,0,0,0,0,0
582,0,0,0,0,0,0,0,0,0
583,0,0,0,0,0,0,0,0,0
584,0,0,0,0,0,0,0,0,0
585,0,0,0,0,0,0,0,0,0
586,0,0,0,0,0,0,0,0,0
587,0,0,0,0,0,0,0,0,0
588,0,0,0,0,0,0,0,0,0
589,0,0,0,0,0,0,0,0,0
590,0,0,0,0,0,0,0,0,0
591,0,0,0,0,0,0,0,0,0
592,0,0,0,0,0,0,0,0,0
593,0,0,0,0,0,0,0,0,0
594,0,0,0,0,0,0,0,0,0
595,0,0,0,0,0,0,0,0,0
596,0,0,0,0,0,0,0,0,0
597,0,0,0,0,0,0,0,0,0
598,0,0,0,0,0,0,0,0,0
599,0,0,0,0,0,0,0,0,0
600,0,0,0,0,0,0,0,0,0
601,0,0,0,0,0,0,0,0,0
602,0,0,0,0,0,0,0,0,0
603,0,0,0,0,0,0,0,0,0
604,0,0,0,0,0,0,0,0,0
605,0,0,0,0,0,0,0,0,0
606,0,0,0,0,0,0,0,0,0
607,0,0,0,0,0,0,0,0,0
608,0,0,0,0,0,0,0,0,0
609,0,0,0,0,0,0,0,0,0
610,0,0,0,0,0,0,0,0,0
611,0,0,0,0,0,0,0,0,0
612,0,0,0,0,0,0,0,0,0
613,0,0,0,0,0,0,0,0,0
614,0,0,0,0,0,0,0,0,0
615,0,0,0,0,0,0,0,0,0
616,0,0,0,0,0,0,0,0,0
617,0,0,0,0,0,0,0,0,0
618,0,0,0,0,0,0,0,0,0
619,0,0,0,0,0,0,0,0,0
620,0,0,0,0,0,0,0,0,0
621,0,0,0,0,0,0,0,0,0
622,0,0,0,0,0,0,0,0,0
623,0,0,0,0,0,0,0,0,0
624,0,0,0,0,0,0,0,0,0
625,0,0,0,0,0,0,0,0,0
626,0,0,0,0,0,0,0,0,0
627,0,0,0,0,0,0,0,0,0
628,0,0,0,0,0,0,0,0,0
629,0,0,0,0,0,0,0,0,0
630,0,0,0,0,0,0,0,0,0
631,0,0,0,0,0,0,0,0,0
632,0,0,0,0,0,0,0,0,0
633,0,0,0,0,0,0,0,0,0
634,0,0,0,0,0,0,0,0,0
635,0,0,0,0,0,0,0,0,0
636,0,0,0,0,0,0,0,0,0
637,0,0,0,0,0,0,0,0,0
638,0,0,0,0,0,0,0,0,0
639,0,0,0,0,0,0,0,0,0
640,0,0,0,0,0,0,0,0,0
641,0,0,0,0,0,0,0,0,0
642,0,0,0,0,0,0,0,0,0
643,0,0,0,0,0,0,0,0,0
644,0,0,0,0,0,0,0,0,0
645,0,0,0,0,0,0,0,0,0
646,0,0,0,0,0,0,0,0,0
647,0,0,0,0,0,0,0,0,0
648,0,0,0,0,0,0,0,0,0
649,0,0,0,0,0,0,0,0,0
650,0,0,0,0,0,0,0,0,0
651,0,0,0,0,0,0,0,0,0
652,0,0,0,0,0,0,0,0,0
653,0,0,0,0,0,0,0,0,0
654,0,0,0,0,0,0,0,0,0
655,0,0,0,0,0,0,0,0,0
656,0,0,0,0,0,0,0,0,0
657,0,0,0,0,0,0,0,0,0
658,0,0,0,0,0,0,0,0,0
659,0,0,0,0,0,0,0,0,0
660,0,0,0,0,0,0,0,0,0
661,0,0,0,0,0,0,0,0,0
662,0,0,0,0,0,0,0,0,0
663,0,0,0,0,0,0,0,0,0
664,0,0,0,0,0,0,0,0,0
665,0,0,0,0,0,0,0,0,0
666,0,0,0,0,0,0,0,0,0
667,0,0,0,0,0,0,0,0,0
668,0,0,0,0,0,0,0,0,0
669,0,0,0,0,0,0,0,0,0
670,0,0,0,0,0,0,0,0,0
671,0,0,0,0,0,0,0,0,0
672,0,0,0,0,0,0,0,0,0
673,0,0,0,0,0,0,0,0,0
674,0,0,0,0,0,0,0,0,0
675,0,0,0,0,0,0,0,0,0
676,0,0,0,0,0,0,0,0,0
677,0,0,0,0,0,0,0,0,0
678,0,0,0,0,0,0,0,0,0
679,0,0,0,0,0,0,0,0,0
680,0,0,0,0,0,0,0,0,0
681,0,0,0,0,0,0,0,0,0
682,0,0,0,0,0,0,0,0,0
683,0,0,0,0,0,0,0,0,0
684,0,0,0,0,0,0,0,0,0
685,0,0,0,0,0,0,0,0,0
686,0,0,0,0,0,0,0,0,0
687,0,0,0,0,0,0,0,0,0
688,0,0,0,0,0,0,0,0,0
689,0,0,0,0,0,0,0,0,0
690,0,0,0,0,0,0,0,0,0
691,0,0,0,0,0,0,0,0,0
692,0,0,0,0,0,0,0,0,0
693,0,0,0,0,0,0,0,0,0
694,0,0,0,0,0,0,0,0,0
695,0,0,0,0,0,0,0,0,0
696,0,0,0,0,0,0,0,0,0
697,0,0,0,0,0,0,0,0,0
698,0,0,0,0,0,0,0,0,0
699,0,0,0,0,0,0,0,0,0
700,0,0,0,0,0,0,0,0,0
701,0,0,0,0,0,0,0,0,0
702,0,0,0,0,0,0,0,0,0
703,0,0,0,0,0,0,0,0,0
704,0,0,0,0,0,0,0,0,0
705,0,0,0,0,0,0,0,0,0
706,0,0,0,0,0,0,0,0,0
707,0,0,0,0,0,0,0,0,0
708,0,0,0,0,0,0,0,0,0
709,0,0,0,0,0,0,0,0,0
710,0,0,0,0,0,0,0,0,0
711,0,0,0,0,0,0,0,0,0
712,0,0,0,0,0,0,0,0,0
713,0,0,0,0,0,0,0,0,0
714,0,0,0,0,0,0,0,0,0
715,0,0,0,0,0,0,0,0,0
716,0,0,0,0,0,0,0,0,0
717,0,0,0,0,0,0,0,0,0
718,0,0,0,0,0,0,0,0,0
719,0,0,0,0,0,0,0,0,0
720,0,0,0,0,0,0,0,0,0
721,0,0,0,0,0,0,0,0,0
722,0,0,0,0,0,0,0,0,0
723,0,0,0,0,0,0,0,0,0
724,0,0,0,0,0,0,0,0,0
725,0,0,0,0,0,0,0,0,0
726,0,0,0,0,0,0,0,0,0
727,0,0,0,0,0,0,0,0,0
728,0,0,0,0,0,0,0,0,0
729,0,0,0,0,0,0,0,0,0
730,0,0,0,0,0,0,0,0,0
731,0,0,0,0,0,0,0,0,0
732,0,0,0,0,0,0,0,0,0
733,0,0,0,0,0,0,0,0,0
734,0,0,0,0,0,0,0,0,0
735,0,0,0,0,0,0,0,0,0
736,0,0,0,0,0,0,0,0,0
737,0,0,0,0,0,0,0,0,0
738,0,0,0,0,0,0,0,0,0
739,0,0,0,0,0,0,0,0,0
740,0,0,0,0,0,0,0,0,0
741,0,0,0,0,0,0,0,0,0
742,0,0,0,0,0,0,0,0,0
743,0,0,0,0,0,0,0,0,0
744,0,0,0,0,0,0,0,0,0
745,0,0,0,0,0,0,0,0,0
746,0,0,0,0,0,0,0,0,0
747,0,0,0,0,0,0,0,0,0
748,0,0,0,0,0,0,0,0,0
749,0,0,0,0,0,0,0,0,0
750,0,0,0,0,0,0,0,0,0
0,194,7257,201425,4077983,57373546,517292847,2626655236,5935079656,3356972874
1,124,3511,77621,1242361,13858891,99152873,399957830,718916593,323726085
2,78,1608,29978,383899,3418312,19546596,63066809,90746619,32720159
3,49,878,14709,163768,1284775,6459720,18308718,23121250,7308998
4,42,512,8029,79311,552893,2475331,6264220,7050461,1988359
5,26,299,4300,39724,258911,1080902,2554397,2684660,705872
6,24,219,2529,20816,115909,415391,855866,787857,182553
7,21,143,1501,11630,59210,195984,368387,306953,63253
8,15,108,966,6776,30864,91013,150029,110081,19940
9,12,73,620,3813,15539,40284,59178,38618,6347
10,11,67,537,3197,12700,31488,44276,27489,4305
11,10,49,360,2024,7655,18841,26002,16254,2521
12,8,33,223,1097,3904,8532,11086,6752,1028
13,8,30,184,833,2732,5525,6629,3764,564
14,3,15,88,399,1239,2508,3094,1643,230
15,3,7,54,216,688,1458,1779,1007,163
16,0,1,16,45,104,228,238,130,24
17,0,1,16,40,88,196,214,123,22
18,0,1,10,22,53,97,92,48,12
19,0,1,10,21,44,66,67,28,8
20,0,1,8,16,39,49,54,25,2
21,0,1,8,16,38,49,50,24,1
22,0,0,2,5,10,12,11,6,0
23,0,0,2,5,9,10,9,4,0
24,0,0,2,4,6,2,1,0,0
25,0,0,2,4,6,2,1,0,0
26,0,0,2,4,4,1,1,0,0
27,0,0,2,3,3,1,1,0,0
28,0,0,2,3,3,1,1,0,0
29,0,0,1,3,3,1,1,0,0
30,0,0,1,3,3,1,1,0,0
31,0,0,1,3,3,1,1,0,0
32,0,0,1,3,3,1,1,0,0
33,0,0,1,3,3,1,1,0,0
34,0,0,1,1,1,0,0,0,0
35,0,0,1,1,1,0,0,0,0
36,0,0,1,1,1,0,0,0,0
37,0,0,1,1,1,0,0,0,0
38,0,0,0,0,0,0,0,0,0
39,0,0,0,0,0,0,0,0,0
40,0,0,0,0,0,0,0,0,0
41,0,0,0,0,0,0,0,0,0
42,0,0,0,0,0,0,0,0,0
43,0,0,0,0,0,0,0,0,0
44,0,0,0,0,0,0,0,0,0
45,0,0,0,0,0,0,0,0,0
46,0,0,0,0,0,0,0,0,0
47,0,0,0,0,0,0,0,0,0
48,0,0,0,0,0,0,0,0,0
49,0,0,0,0,0,0,0,0,0
50,0,0,0,0,0,0,0,0,0
51,0,0,0,0,0,0,0,0,0
52,0,0,0,0,0,0,0,0,0
53,0,0,0,0,0,0,0,0,0
54,0,0,0,0,0,0,0,0,0
55,0,0,0,0,0,0,0,0,0
56,0,0,0,0,0,0,0,0,0
57,0,0,0,0,0,0,0,0,0
58,0,0,0,0,0,0,0,0,0
59,0,0,0,0,0,0,0,0,0
60,0,0,0,0,0,0,0,0,0
61,0,0,0,0,0,0,0,0,0
62,0,0,0,0,0,0,0,0,0
63,0,0,0,0,0,0,0,0,0
64,0,0,0,0,0,0,0,0,0
65,0,0,0,0,0,0,0,0,0
66,0,0,0,0,0,0,0,0,0
67,0,0,0,0,0,0,0,0,0
68,0,0,0,0,0,0,0,0,0
69,0,0,0,0,0,0,0,0,0
70,0,0,0,0,0,0,0,0,0
71,0,0,0,0,0,0,0,0,0
72,0,0,0,0,0,0,0,0,0
73,0,0,0,0,0,0,0,0,0
74,0,0,0,0,0,0,0,0,0
75,0,0,0,0,0,0,0,0,0
76,0,0,0,0,0,0,0,0,0
77,0,0,0,0,0,0,0,0,0
78,0,0,0,0,0,0,0,0,0
79,0,0,0,0,0,0,0,0,0
80,0,0,0,0,0,0,0,0,0
81,0,0,0,0,0,0,0,0,0
82,0,0,0,0,0,0,0,0,0
83,0,0,0,0,0,0,0,0,0
84,0,0,0,0,0,0,0,0,0
85,0,0,0,0,0,0,0,0,0
86,0,0,0,0,0,0,0,0,0
87,0,0,0,0,0,0,0,0,0
88,0,0,0,0,0,0,0,0,0
89,0,0,0,0,0,0,0,0,0
90,0,0,0,0,0,0,0,0,0
91,0,0,0,0,0,0,0,0,0
92,0,0,0,0,0,0,0,0,0
93,0,0,0,0,0,0,0,0,0
94,0,0,0,0,0,0,0,0,0
95,0,0,0,0,0,0,0,0,0
96,0,0,0,0,0,0,0,0,0
97,0,0,0,0,0,0,0,0,0
98,0,0,0,0,0,0,0,0,0
99,0,0,0,0,0,0,0,0,0
100,0,0,0,0,0,0,0,0,0
101,0,0,0,0,0,0,0,0,0
102,0,0,0,0,0,0,0,0,0
103,0,0,0,0,0,0,0,0,0
104,0,0,0,0,0,0,0,0,0
105,0,0,0,0,0,0,0,0,0
106,0,0,0,0,0,0,0,0,0
107,0,0,0,0,0,0,0,0,0
108,0,0,0,0,0,0,0,0,0
109,0,0,0,0,0,0,0,0,0
110,0,0,0,0,0,0,0,0,0
111,0,0,0,0,0,0,0,0,0
112,0,0,0,0,0,0,0,0,0
113,0,0,0,0,0,0,0,0,0
114,0,0,0,0,0,0,0,0,0
115,0,0,0,0,0,0,0,0,0
116,0,0,0,0,0,0,0,0,0
117,0,0,0,0,0,0,0,0,0
118,0,0,0,0,0,0,0,0,0
119,0,0,0,0,0,0,0,0,0
120,0,0,0,0,0,0,0,0,0
121,0,0,0,0,0,0,0,0,0
122,0,0,0,0,0,0,0,0,0
123,0,0,0,0,0,0,0,0,0
124,0,0,0,0,0,0,0,0,0
125,0,0,0,0,0,0,0,0,0
126,0,0,0,0,0,0,0,0,0
127,0,0,0,0,0,0,0,0,0
128,0,0,0,0,0,0,0,0,0
129,0,0,0,0,0,0,0,0,0
130,0,0,0,0,0,0,0,0,0
131,0,0,0,0,0,0,0,0,0
132,0,0,0,0,0,0,0,0,0
133,0,0,0,0,0,0,0,0,0
134,0,0,0,0,0,0,0,0,0
135,0,0,0,0,0,0,0,0,0
136,0,0,0,0,0,0,0,0,0
137,0,0,0,0,0,0,0,0,0
138,0,0,0,0,0,0,0,0,0
139,0,0,0,0,0,0,0,0,0
140,0,0,0,0,0,0,0,0,0
141,0,0,0,0,0,0,0,0,0
142,0,0,0,0,0,0,0,0,0
143,0,0,0,0,0,0,0,0,0
144,0,0,0,0,0,0,0,0,0
145,0,0,0,0,0,0,0,0,0
146,0,0,0,0,0,0,0,0,0
147,0,0,0,0,0,0,0,0,0
148,0,0,0,0,0,0,0,0,0
149,0,0,0,0,0,0,0,0,0
150,0,0,0,0,0,0,0,0,0
151,0,0,0,0,0,0,0,0,0
152,0,0,0,0,0,0,0,0,0
153,0,0,0,0,0,0,0,0,0
154,0,0,0,0,0,0,0,0,0
155,0,0,0,0,0,0,0,0,0
156,0,0,0,0,0,0,0,0,0
157,0,0,0,0,0,0,0,0,0
158,0,0,0,0,0,0,0,0,0
159,0,0,0,0,0,0,0,0,0
160,0,0,0,0,0,0,0,0,0
161,0,0,0,0,0,0,0,0,0
162,0,0,0,0,0,0,0,0,0
163,0,0,0,0,0,0,0,0,0
164,0,0,0,0,0,0,0,0,0
165,0,0,0,0,0,0,0,0,0
166,0,0,0,0,0,0,0,0,0
167,0,0,0,0,0,0,0,0,0
168,0,0,0,0,0,0,0,0,0
169,0,0,0,0,0,0,0,0,0
170,0,0,0,0,0,0,0,0,0
171,0,0,0,0,0,0,0,0,0
172,0,0,0,0,0,0,0,0,0
173,0,0,0,0,0,0,0,0,0
174,0,0,0,0,0,0,0,0,0
175,0,0,0,0,0,0,0,0,0
176,0,0,0,0,0,0,0,0,0
177,0,0,0,0,0,0,0,0,0
178,0,0,0,0,0,0,0,0,0
179,0,0,0,0,0,0,0,0,0
180,0,0,0,0,0,0,0,0,0
181,0,0,0,0,0,0,0,0,0
182,0,0,0,0,0,0,0,0,0
183,0,0,0,0,0,0,0,0,0
184,0,0,0,0,0,0,0,0,0
185,0,0,0,0,0,0,0,0,0
186,0,0,0,0,0,0,0,0,0
187,0,0,0,0,0,0,0,0,0
188,0,0,0,0,0,0,0,0,0
189,0,0,0,0,0,0,0,0,0
190,0,0,0,0,0,0,0,0,0
191,0,0,0,0,0,0,0,0,0
192,0,0,0,0,0,0,0,0,0
193,0,0,0,0,0,0,0,0,0
194,0,0,0,0,0,0,0,0,0
195,0,0,0,0,0,0,0,0,0
196,0,0,0,0,0,0,0,0,0
197,0,0,0,0,0,0,0,0,0
198,0,0,0,0,0,0,0,0,0
199,0,0,0,0,0,0,0,0,0
200,0,0,0,0,0,0,0,0,0
201,0,0,0,0,0,0,0,0,0
202,0,0,0,0,0,0,0,0,0
203,0,0,0,0,0,0,0,0,0
204,0,0,0,0,0,0,0,0,0
205,0,0,0,0,0,0,0,0,0
206,0,0,0,0,0,0,0,0,0
207,0,0,0,0,0,0,0,0,0
208,0,0,0,0,0,0,0,0,0
209,0,0,0,0,0,0,0,0,0
210,0,0,0,0,0,0,0,0,0
211,0,0,0,0,0,0,0,0,0
212,0,0,0,0,0,0,0,0,0
213,0,0,0,0,0,0,0,0,0
214,0,0,0,0,0,0,0,0,0
215,0,0,0,0,0,0,0,0,0
216,0,0,0,0,0,0,0,0,0
217,0,0,0,0,0,0,0,0,0
218,0,0,0,0,0,0,0,0,0
219,0,0,0,0,0,0,0,0,0
220,0,0,0,0,0,0,0,0,0
221,0,0,0,0,0,0,0,0,0
222,0,0,0,0,0,0,0,0,0
223,0,0,0,0,0,0,0,0,0
224,0,0,0,0,0,0,0,0,0
225,0,0,0,0,0,0,0,0,0
226,0,0,0,0,0,0,0,0,0
227,0,0,0,0,0,0,0,0,0
228,0,0,0,0,0,0,0,0,0
229,0,0,0,0,0,0,0,0,0
230,0,0,0,0,0,0,0,0,0
231,0,0,0,0,0,0,0,0,0
232,0,0,0,0,0,0,0,0,0
233,0,0,0,0,0,0,0,0,0
234,0,0,0,0,0,0,0,0,0
235,0,0,0,0,0,0,0,0,0
236,0,0,0,0,0,0,0,0,0
237,0,0,0,0,0,0,0,0,0
238,0,0,0,0,0,0,0,0,0
239,0,0,0,0,0,0,0,0,0
240,0,0,0,0,0,0,0,0,0
241,0,0,0,0,0,0,0,0,0
242,0,0,0,0,0,0,0,0,0
243,0,0,0,0,0,0,0,0,0
244,0,0,0,0,0,0,0,0,0
245,0,0,0,0,0,0,0,0,0
246,0,0,0,0,0,0,0,0,0
247,0,0,0,0,0,0,0,0,0
248,0,0,0,0,0,0,0,0,0
249,0,0,0,0,0,0,0,0,0
250,0,0,0,0,0,0,0,0,0
251,0,0,0,0,0,0,0,0,0
252,0,0,0,0,0,0,0,0,0
253,0,0,0,0,0,0,0,0,0
254,0,0,0,0,0,0,0,0,0
255,0,0,0,0,0,0,0,0,0
256,0,0,0,0,0,0,0,0,0
257,0,0,0,0,0,0,0,0,0
258,0,0,0,0,0,0,0,0,0
259,0,0,0,0,0,0,0,0,0
260,0,0,0,0,0,0,0,0,0
261,0,0,0,0,0,0,0,0,0
262,0,0,0,0,0,0,0,0,0
263,0,0,0,0,0,0,0,0,0
264,0,0,0,0,0,0,0,0,0
265,0,0,0,0,0,0,0,0,0
266,0,0,0,0,0,0,0,0,0
267,0,0,0,0,0,0,0,0,0
268,0,0,0,0,0,0,0,0,0
269,0,0,0,0,0,0,0,0,0
270,0,0,0,0,0,0,0,0,0
271,0,0,0,0,0,0,0,0,0
272,0,0,0,0,0,0,0,0,0
273,0,0,0,0,0,0,0,0,0
274,0,0,0,0,0,0,0,0,0
275,0,0,0,0,0,0,0,0,0
276,0,0,0,0,0,0,0,0,0
277,0,0,0,0,0,0,0,0,0
278,0,0,0,0,0,0,0,0,0
279,0,0,0,0,0,0,0,0,0
280,0,0,0,0,0,0,0,0,0
281,0,0,0,0,0,0,0,0,0
282,0,0,0,0,0,0,0,0,0
283,0,0,0,0,0,0,0,0,0
284,0,0,0,0,0,0,0,0,0
285,0,0,0,0,0,0,0,0,0
286,0,0,0,0,0,0,0,0,0
287,0,0,0,0,0,0,0,0,0
288,0,0,0,0,0,0,0,0,0
289,0,0,0,0,0,0,0,0,0
290,0,0,0,0,0,0,0,0,0
291,0,0,0,0,0,0,0,0,0
292,0,0,0,0,0,0,0,0,0
293,0,0,0,0,0,0,0,0,0
294,0,0,0,0,0,0,0,0,0
295,0,0,0,0,0,0,0,0,0
296,0,0,0,0,0,0,0,0,0
297,0,0,0,0,0,0,0,0,0
298,0,0,0,0,0,0,0,0,0
299,0,0,0,0,0,0,0,0,0
300,0,0,0,0,0,0,0,0,0
301,0,0,0,0,0,0,0,0,0
302,0,0,0,0,0,0,0,0,0
303,0,0,0,0,0,0,0,0,0
304,0,0,0,0,0,0,0,0,0
305,0,0,0,0,0,0,0,0,0
306,0,0,0,0,0,0,0,0,0
307,0,0,0,0,0,0,0,0,0
308,0,0,0,0,0,0,0,0,0
309,0,0,0,0,0,0,0,0,0
310,0,0,0,0,0,0,0,0,0
311,0,0,0,0,0,0,0,0,0
312,0,0,0,0,0,0,0,0,0
313,0,0,0,0,0,0,0,0,0
314,0,0,0,0,0,0,0,0,0
315,0,0,0,0,0,0,0,0,0
316,0,0,0,0,0,0,0,0,0
317,0,0,0,0,0,0,0,0,0
318,0,0,0,0,0,0,0,0,0
319,0,0,0,0,0,0,0,0,0
320,0,0,0,0,0,0,0,0,0
321,0,0,0,0,0,0,0,0,0
322,0,0,0,0,0,0,0,0,0
323,0,0,0,0,0,0,0,0,0
324,0,0,0,0,0,0,0,0,0
325,0,0,0,0,0,0,0,0,0
326,0,0,0,0,0,0,0,0,0
327,0,0,0,0,0,0,0,0,0
328,0,0,0,0,0,0,0,0,0
329,0,0,0,0,0,0,0,0,0
330,0,0,0,0,0,0,0,0,0
331,0,0,0,0,0,0,0,0,0
332,0,0,0,0,0,0,0,0,0
333,0,0,0,0,0,0,0,0,0
334,0,0,0,0,0,0,0,0,0
335,0,0,0,0,0,0,0,0,0
336,0,0,0,0,0,0,0,0,0
337,0,0,0,0,0,0,0,0,0
338,0,0,0,0,0,0,0,0,0
339,0,0,0,0,0,0,0,0,0
340,0,0,0,0,0,0,0,0,0
341,0,0,0,0,0,0,0,0,0
342,0,0,0,0,0,0,0,0,0
343,0,0,0,0,0,0,0,0,0
344,0,0,0,0,0,0,0,0,0
345,0,0,0,0,0,0,0,0,0
346,0,0,0,0,0,0,0,0,0
347,0,0,0,0,0,0,0,0,0
348,0,0,0,0,0,0,0,0,0
349,0,0,0,0,0,0,0,0,0
350,0,0,0,0,0,0,0,0,0
351,0,0,0,0,0,0,0,0,0
352,0,0,0,0,0,0,0,0,0
353,0,0,0,0,0,0,0,0,0
354,0,0,0,0,0,0,0,0,0
355,0,0,0,0,0,0,0,0,0
356,0,0,0,0,0,0,0,0,0
357,0,0,0,0,0,0,0,0,0
358,0,0,0,0,0,0,0,0,0
359,0,0,0,0,0,0,0,0,0
360,0,0,0,0,0,0,0,0,0
361,0,0,0,0,0,0,0,0,0
362,0,0,0,0,0,0,0,0,0
363,0,0,0,0,0,0,0,0,0
364,0,0,0,0,0,0,0,0,0
365,0,0,0,0,0,0,0,0,0
366,0,0,0,0,0,0,0,0,0
367,0,0,0,0,0,0,0,0,0
368,0,0,0,0,0,0,0,0,0
369,0,0,0,0,0,0,0,0,0
370,0,0,0,0,0,0,0,0,0
371,0,0,0,0,0,0,0,0,0
372,0,0,0,0,0,0,0,0,0
373,0,0,0,0,0,0,0,0,0
374,0,0,0,0,0,0,0,0,0
375,0,0,0,0,0,0,0,0,0
376,0,0,0,0,0,0,0,0,0
377,0,0,0,0,0,0,0,0,0
378,0,0,0,0,0,0,0,0,0
379,0,0,0,0,0,0,0,0,0
380,0,0,0,0,0,0,0,0,0
381,0,0,0,0,0,0,0,0,0
382,0,0,0,0,0,0,0,0,0
383,0,0,0,0,0,0,0,0,0
384,0,0,0,0,0,0,0,0,0
385,0,0,0,0,0,0,0,0,0
386,0,0,0,0,0,0,0,0,0
387,0,0,0,0,0,0,0,0,0
388,0,0,0,0,0,0,0,0,0
389,0,0,0,0,0,0,0,0,0
390,0,0,0,0,0,0,0,0,0
391,0,0,0,0,0,0,0,0,0
392,0,0,0,0,0,0,0,0,0
393,0,0,0,0,0,0,0,0,0
394,0,0,0,0,0,0,0,0,0
395,0,0,0,0,0,0,0,0,0
396,0,0,0,0,0,0,0,0,0
397,0,0,0,0,0,0,0,0,0
398,0,0,0,0,0,0,0,0,0
399,0,0,0,0,0,0,0,0,0
400,0,0,0,0,0,0,0,0,0
401,0,0,0,0,0,0,0,0,0
402,0,0,0,0,0,0,0,0,0
403,0,0,0,0,0,0,0,0,0
404,0,0,0,0,0,0,0,0,0
405,0,0,0,0,0,0,0,0,0
406,0,0,0,0,0,0,0,0,0
407,0,0,0,0,0,0,0,0,0
408,0,0,0,0,0,0,0,0,0
409,0,0,0,0,0,0,0,0,0
410,0,0,0,0,0,0,0,0,0
411,0,0,0,0,0,0,0,0,0
412,0,0,0,0,0,0,0,0,0
413,0,0,0,0,0,0,0,0,0
414,0,0,0,0,0,0,0,0,0
415,0,0,0,0,0,0,0,0,0
416,0,0,0,0,0,0,0,0,0
417,0,0,0,0,0,0,0,0,0
418,0,0,0,0,0,0,0,0,0
419,0,0,0,0,0,0,0,0,0
420,0,0,0,0,0,0,0,0,0
421,0,0,0,0,0,0,0,0,0
422,0,0,0,0,0,0,0,0,0
423,0,0,0,0,0,0,0,0,0
424,0,0,0,0,0,0,0,0,0
425,0,0,0,0,0,0,0,0,0
426,0,0,0,0,0,0,0,0,0
427,0,0,0,0,0,0,0,0,0
428,0,0,0,0,0,0,0,0,0
429,0,0,0,0,0,0,0,0,0
430,0,0,0,0,0,0,0,0,0
431,0,0,0,0,0,0,0,0,0
432,0,0,0,0,0,0,0,0,0
433,0,0,0,0,0,0,0,0,0
434,0,0,0,0,0,0,0,0,0
435,0,0,0,0,0,0,0,0,0
436,0,0,0,0,0,0,0,0,0
437,0,0,0,0,0,0,0,0,0
438,0,0,0,0,0,0,0,0,0
439,0,0,0,0,0,0,0,0,0
440,0,0,0,0,0,0,0,0,0
441,0,0,0,0,0,0,0,0,0
442,0,0,0,0,0,0,0,0,0
443,0,0,0,0,0,0,0,0,0
444,0,0,0,0,0,0,0,0,0
445,0,0,0,0,0,0,0,0,0
446,0,0,0,0,0,0,0,0,0
447,0,0,0,0,0,0,0,0,0
448,0,0,0,0,0,0,0,0,0
449,0,0,0,0,0,0,0,0,0
450,0,0,0,0,0,0,0,0,0
451,0,0,0,0,0,0,0,0,0
452,0,0,0,0,0,0,0,0,0
453,0,0,0,0,0,0,0,0,0
454,0,0,0,0,0,0,0,0,0
455,0,0,0,0,0,0,0,0,0
456,0,0,0,0,0,0,0,0,0
457,0,0,0,0,0,0,0,0,0
458,0,0,0,0,0,0,0,0,0
459,0,0,0,0,0,0,0,0,0
460,0,0,0,0,0,0,0,0,0
461,0,0,0,0,0,0,0,0,0
462,0,0,0,0,0,0,0,0,0
463,0,0,0,0,0,0,0,0,0
464,0,0,0,0,0,0,0,0,0
465,0,0,0,0,0,0,0,0,0
466,0,0,0,0,0,0,0,0,0
467,0,0,0,0,0,0,0,0,0
468,0,0,0,0,0,0,0,0,0
469,0,0,0,0,0,0,0,0,0
470,0,0,0,0,0,0,0,0,0
471,0,0,0,0,0,0,0,0,0
472,0,0,0,0,0,0,0,0,0
473,0,0,0,0,0,0,0,0,0
474,0,0,0,0,0,0,0,0,0
475,0,0,0,0,0,0,0,0,0
476,0,0,0,0,0,0,0,0,0
477,0,0,0,0,0,0,0,0,0
478,0,0,0,0,0,0,0,0,0
479,0,0,0,0,0,0,0,0,0
480,0,0,0,0,0,0,0,0,0
481,0,0,0,0,0,0,0,0,0
482,0,0,0,0,0,0,0,0,0
483,0,0,0,0,0,0,0,0,0
484,0,0,0,0,0,0,0,0,0
485,0,0,0,0,0,0,0,0,0
486,0,0,0,0,0,0,0,0,0
487,0,0,0,0,0,0,0,0,0
488,0,0,0,0,0,0,0,0,0
489,0,0,0,0,0,0,0,0,0
490,0,0,0,0,0,0,0,0,0
491,0,0,0,0,0,0,0,0,0
492,0,0,0,0,0,0,0,0,0
493,0,0,0,0,0,0,0,0,0
494,0,0,0,0,0,0,0,0,0
495,0,0,0,0,0,0,0,0,0
496,0,0,0,0,0,0,0,0,0
497,0,0,0,0,0,0,0,0,0
498,0,0,0,0,0,0,0,0,0
499,0,0,0,0,0,0,0,0,0
500,0,0,0,0,0,0,0,0,0
501,0,0,0,0,0,0,0,0,0
502,0,0,0,0,0,0,0,0,0
503,0,0,0,0,0,0,0,0,0
504,0,0,0,0,0,0,0,0,0
505,0,0,0,0,0,0,0,0,0
506,0,0,0,0,0,0,0,0,0
507,0,0,0,0,0,0,0,0,0
508,0,0,0,0,0,0,0,0,0
509,0,0,0,0,0,0,0,0,0
510,0,0,0,0,0,0,0,0,0
511,0,0,0,0,0,0,0,0,0
512,0,0,0,0,0,0,0,0,0
513,0,0,0,0,0,0,0,0,0
514,0,0,0,0,0,0,0,0,0
515,0,0,0,0,0,0,0,0,0
516,0,0,0,0,0,0,0,0,0
517,0,0,0,0,0,0,0,0,0
518,0,0,0,0,0,0,0,0,0
519,0,0,0,0,0,0,0,0,0
520,0,0,0,0,0,0,0,0,0
521,0,0,0,0,0,0,0,0,0
522,0,0,0,0,0,0,0,0,0
523,0,0,0,0,0,0,0,0,0
524,0,0,0,0,0,0,0,0,0
525,0,0,0,0,0,0,0,0,0
526,0,0,0,0,0,0,0,0,0
527,0,0,0,0,0,0,0,0,0
528,0,0,0,0,0,0,0,0,0
529,0,0,0,0,0,0,0,0,0
530,0,0,0,0,0,0,0,0,0
531,0,0,0,0,0,0,0,0,0
532,0,0,0,0,0,0,0,0,0
533,0,0,0,0,0,0,0,0,0
534,0,0,0,0,0,0,0,0,0
535,0,0,0,0,0,0,0,0,0
536,0,0,0,0,0,0,0,0,0
537,0,0,0,0,0,0,0,0,0
538,0,0,0,0,0,0,0,0,0
539,0,0,0,0,0,0,0,0,0
540,0,0,0,0,0,0,0,0,0
541,0,0,0,0,0,0,0,0,0
542,0,0,0,0,0,0,0,0,0
543,0,0,0,0,0,0,0,0,0
544,0,0,0,0,0,0,0,0,0
545,0,0,0,0,0,0,0,0,0
546,0,0,0,0,0,0,0,0,0
547,0,0,0,0,0,0,0,0,0
548,0,0,0,0,0,0,0,0,0
549,0,0,0,0,0,0,0,0,0
550,0,0,0,0,0,0,0,0,0
551,0,0,0,0,0,0,0,0,0
552,0,0,0,0,0,0,0,0,0
553,0,0,0,0,0,0,0,0,0
554,0,0,0,0,0,0,0,0,0
555,0,0,0,0,0,0,0,0,0
556,0,0,0,0,0,0,0,0,0
557,0,0,0,0,0,0,0,0,0
558,0,0,0,0,0,0,0,0,0
559,0,0,0,0,0,0,0,0,0
560,0,0,0,0,0,0,0,0,0
561,0,0,0,0,0,0,0,0,0
562,0,0,0,0,0,0,0,0,0
563,0,0,0,0,0,0,0,0,0
564,0,0,0,0,0,0,0,0,0
565,0,0,0,0,0,0,0,0,0
566,0,0,0,0,0,0,0,0,0
567,0,0,0,0,0,0,0,0,0
568,0,0,0,0,0,0,0,0,0
569,0,0,0,0,0,0,0,0,0
570,0,0,0,0,0,0,0,0,0
571,0,0,0,0,0,0,0,0,0
572,0,0,0,0,0,0,0,0,0
573,0,0,0,0,0,0,0,0,0
574,0,0,0,0,0,0,0,0,0
575,0,0,0,0,0,0,0,0,0
576,0,0,0,0,0,0,0,0,0
577,0,0,0,0,0,0,0,0,0
578,0,0,0,0,0,0,0,0,0
579,0,0,0,0,0,0,0,0,0
580,0,0,0,0,0,0,0,0,0
581,0,0,0,0,0,0,0,0,0
582,0,0,0,0,0,0,0,0,0
583,0,0,0,0,0,0,0,0,0
584,0,0,0,0,0,0,0,0,0
585,0,0,0,0,0,0,0,0,0
586,0,0,0,0,0,0,0,0,0
587,0,0,0,0,0,0,0,0,0
588,0,0,0,0,0,0,0,0,0
589,0,0,0,0,0,0,0,0,0
590,0,0,0,0,0,0,0,0,0
591,0,0,0,0,0,0,0,0,0
592,0,0,0,0,0,0,0,0,0
593,0,0,0,0,0,0,0,0,0
594,0,0,0,0,0,0,0,0,0
595,0,0,0,0,0,0,0,0,0
596,0,0,0,0,0,0,0,0,0
597,0,0,0,0,0,0,0,0,0
598,0,0,0,0,0,0,0,0,0
599,0,0,0,0,0,0,0,0,0
600,0,0,0,0,0,0,0,0,0
601,0,0,0,0,0,0,0,0,0
602,0,0,0,0,0,0,0,0,0
603,0,0,0,0,0,0,0,0,0
604,0,0,0,0,0,0,0,0,0
605,0,0,0,0,0,0,0,0,0
606,0,0,0,0,0,0,0,0,0
607,0,0,0,0,0,0,0,0,0
608,0,0,0,0,0,0,0,0,0
609,0,0,0,0,0,0,0,0,0
610,0,0,0,0,0,0,0,0,0
611,0,0,0,0,0,0,0,0,0
612,0,0,0,0,0,0,0,0,0
613,0,0,0,0,0,0,0,0,0
614,0,0,0,0,0,0,0,0,0
615,0,0,0,0,0,0,0,0,0
616,0,0,0,0,0,0,0,0,0
617,0,0,0,0,0,0,0,0,0
618,0,0,0,0,0,0,0,0,0
619,0,0,0,0,0,0,0,0,0
620,0,0,0,0,0,0,0,0,0
621,0,0,0,0,0,0,0,0,0
622,0,0,0,0,0,0,0,0,0
623,0,0,0,0,0,0,0,0,0
624,0,0,0,0,0,0,0,0,0
625,0,0,0,0,0,0,0,0,0
626,0,0,0,0,0,0,0,0,0
627,0,0,0,0,0,0,0,0,0
628,0,0,0,0,0,0,0,0,0
629,0,0,0,0,0,0,0,0,0
630,0,0,0,0,0,0,0,0,0
631,0,0,0,0,0,0,0,0,0
632,0,0,0,0,0,0,0,0,0
633,0,0,0,0,0,0,0,0,0
634,0,0,0,0,0,0,0,0,0
635,0,0,0,0,0,0,0,0,0
636,0,0,0,0,0,0,0,0,0
637,0,0,0,0,0,0,0,0,0
638,0,0,0,0,0,0,0,0,0
639,0,0,0,0,0,0,0,0,0
640,0,0,0,0,0,0,0,0,0
641,0,0,0,0,0,0,0,0,0
642,0,0,0,0,0,0,0,0,0
643,0,0,0,0,0,0,0,0,0
644,0,0,0,0,0,0,0,0,0
645,0,0,0,0,0,0,0,0,0
646,0,0,0,0,0,0,0,0,0
647,0,0,0,0,0,0,0,0,0
648,0,0,0,0,0,0,0,0,0
649,0,0,0,0,0,0,0,0,0
650,0,0,0,0,0,0,0,0,0
651,0,0,0,0,0,0,0,0,0
652,0,0,0,0,0,0,0,0,0
653,0,0,0,0,0,0,0,0,0
654,0,0,0,0,0,0,0,0,0
655,0,0,0,0,0,0,0,0,0
656,0,0,0,0,0,0,0,0,0
657,0,0,0,0,0,0,0,0,0
658,0,0,0,0,0,0,0,0,0
659,0,0,0,0,0,0,0,0,0
660,0,0,0,0,0,0,0,0,0
661,0,0,0,0,0,0,0,0,0
662,0,0,0,0,0,0,0,0,0
663,0,0,0,0,0,0,0,0,0
664,0,0,0,0,0,0,0,0,0
665,0,0,0,0,0,0,0,0,0
666,0,0,0,0,0,0,0,0,0
667,0,0,0,0,0,0,0,0,0
668,0,0,0,0,0,0,0,0,0
669,0,0,0,0,0,0,0,0,0
670,0,0,0,0,0,0,0,0,0
671,0,0,0,0,0,0,0,0,0
672,0,0,0,0,0,0,0,0,0
673,0,0,0,0,0,0,0,0,0
674,0,0,0,0,0,0,0,0,0
675,0,0,0,0,0,0,0,0,0
676,0,0,0,0,0,0,0,0,0
677,0,0,0,0,0,0,0,0,0
678,0,0,0,0,0,0,0,0,0
679,0,0,0,0,0,0,0,0,0
680,0,0,0,0,0,0,0,0,0
681,0,0,0,0,0,0,0,0,0
682,0,0,0,0,0,0,0,0,0
683,0,0,0,0,0,0,0,0,0
684,0,0,0,0,0,0,0,0,0
685,0,0,0,0,0,0,0,0,0
686,0,0,0,0,0,0,0,0,0
687,0,0,0,0,0,0,0,0,0
688,0,0,0,0,0,0,0,0,0
689,0,0,0,0,0,0,0,0,0
690,0,0,0,0,0,0,0,0,0
691,0,0,0,0,0,0,0,0,0
692,0,0,0,0,0,0,0,0,0
693,0,0,0,0,0,0,0,0,0
694,0,0,0,0,0,0,0,0,0
695,0,0,0,0,0,0,0,0,0
696,0,0,0,0,0,0,0,0,0
697,0,0,0,0,0,0,0,0,0
698,0,0,0,0,0,0,0,0,0
699,0,0,0,0,0,0,0,0,0
700,0,0,0,0,0,0,0,0,0
701,0,0,0,0,0,0,0,0,0
702,0,0,0,0,0,0,0,0,0
703,0,0,0,0,0,0,0,0,0
704,0,0,0,0,0,0,0,0,0
705,0,0,0,0,0,0,0,0,0
706,0,0,0,0,0,0,0,0,0
707,0,0,0,0,0,0,0,0,0
708,0,0,0,0,0,0,0,0,0
709,0,0,0,0,0,0,0,0,0
710,0,0,0,0,0,0,0,0,0
711,0,0,0,0,0,0,0,0,0
712,0,0,0,0,0,0,0,0,0
713,0,0,0,0,0,0,0,0,0
714,0,0,0,0,0,0,0,0,0
715,0,0,0,0,0,0,0,0,0
716,0,0,0,0,0,0,0,0,0
717,0,0,0,0,0,0,0,0,0
718,0,0,0,0,0,0,0,0,0
719,0,0,0,0,0,0,0,0,0
720,0,0,0,0,0,0,0,0,0
721,0,0,0,0,0,0,0,0,0
722,0,0,0,0,0,0,0,0,0
723,0,0,0,0,0,0,0,0,0
724,0,0,0,0,0,0,0,0,0
725,0,0,0,0,0,0,0,0,0
726,0,0,0,0,0,0,0,0,0
727,0,0,0,0,0,0,0,0,0
728,0,0,0,0,0,0,0,0,0
729,0,0,0,0,0,0,0,0,0
730,0,0,0,0,0,0,0,0,0
731,0,0,0,0,0,0,0,0,0
732,0,0,0,0,0,0,0,0,0
733,0,0,0,0,0,0,0,0,0
734,0,0,0,0,0,0,0,0,0
735,0,0,0,0,0,0,0,0,0
736,0,0,0,0,0,0,0,0,0
737,0,0,0,0,0,0,0,0,0
738,0,0,0,0,0,0,0,0,0
739,0,0,0,0,0,0,0,0,0
740,0,0,0,0,0,0,0,0,0
741,0,0,0,0,0,0,0,0,0
742,0,0,0,0,0,0,0,0,0
743,0,0,0,0,0,0,0,0,0
744,0,0,0,0,0,0,0,0,0
745,0,0,0,0,0,0,0,0,0
746,0,0,0,0,0,0,0,0,0
747,0,0,0,0,0,0,0,0,0
748,0,0,0,0,0,0,0,0,0
749,0,0,0,0,0,0,0,0,0
750,0,0,0,0,0,0,0,0,0
0,194,7257,201425,4077983,57373546,517292847,2626655236,5935079656,3356972874
1,131,3651,79936,1271407,14054716,99605550,397831586,707712452,315344932
2,79,1953,37872,536273,5241592,32845060,115888245,181998562,71550089
3,49,851,13545,154314,1225412,6203031,17634293,22217357,6972361
4,30,463,6557,66891,473014,2135728,5406068,6060645,1693076
5,27,338,4218,36727,221649,855649,1853632,1778693,423958
6,21,246,2766,21509,117357,413589,821291,725795,159557
7,10,134,1425,9440,45051,137967,237821,180983,34965
8,9,102,1025,6079,25684,68933,104764,70165,11871
9,8,82,822,4694,19426,51924,78336,52374,8815
10,4,45,479,2679,10474,26834,39059,24982,4111
11,3,28,283,1403,4992,11623,15173,8501,1223
12,3,28,254,1206,4052,9187,11718,6496,945
13,2,21,166,731,2078,4037,4386,2069,233
14,0,19,143,629,1608,2884,2937,1197,121
15,0,19,128,527,1228,2056,2015,755,74
16,0,15,82,312,719,1177,1086,404,42
17,0,13,55,222,511,872,770,275,27
18,0,13,54,212,489,820,707,259,24
19,0,5,23,73,141,216,136,47,4
20,0,5,23,68,116,154,95,33,4
21,0,3,18,49,81,116,73,24,4
22,0,3,14,45,63,73,40,6,1
23,0,3,14,42,50,58,31,5,1
24,0,3,14,40,47,56,26,4,1
25,0,3,14,40,47,56,26,4,1
26,0,3,6,19,25,24,11,3,1
27,0,3,6,19,25,24,11,3,1
28,0,3,6,19,25,24,11,3,1
29,0,3,6,19,25,24,11,3,1
30,0,3,4,15,22,15,6,2,0
31,0,3,0,15,11,10,4,0,0
32,0,2,0,14,6,3,2,0,0
33,0,2,0,14,6,3,2,0,0
34,0,2,0,14,6,3,2,0,0
35,0,2,0,14,6,3,2,0,0
36,0,2,0,14,6,3,2,0,0
37,0,2,0,13,4,2,1,0,0
38,0,2,0,13,4,2,1,0,0
39,0,2,0,13,4,2,1,0,0
40,0,2,0,13,4,2,1,0,0
41,0,2,0,13,4,2,1,0,0
42,0,2,0,13,4,2,1,0,0
43,0,2,0,13,4,2,1,0,0
44,0,2,0,13,4,2,1,0,0
45,0,2,0,12,4,2,1,0,0
46,0,2,0,12,4,2,1,0,0
47,0,0,0,0,0,0,0,0,0
48,0,0,0,0,0,0,0,0,0
49,0,0,0,0,0,0,0,0,0
50,0,0,0,0,0,0,0,0,0
51,0,0,0,0,0,0,0,0,0
52,0,0,0,0,0,0,0,0,0
53,0,0,0,0,0,0,0,0,0
54,0,0,0,0,0,0,0,0,0
55,0,0,0,0,0,0,0,0,0
56,0,0,0,0,0,0,0,0,0
57,0,0,0,0,0,0,0,0,0
58,0,0,0,0,0,0,0,0,0
59,0,0,0,0,0,0,0,0,0
60,0,0,0,0,0,0,0,0,0
61,0,0,0,0,0,0,0,0,0
62,0,0,0,0,0,0,0,0,0
63,0,0,0,0,0,0,0,0,0
64,0,0,0,0,0,0,0,0,0
65,0,0,0,0,0,0,0,0,0
66,0,0,0,0,0,0,0,0,0
67,0,0,0,0,0,0,0,0,0
68,0,0,0,0,0,0,0,0,0
69,0,0,0,0,0,0,0,0,0
70,0,0,0,0,0,0,0,0,0
71,0,0,0,0,0,0,0,0,0
72,0,0,0,0,0,0,0,0,0
73,0,0,0,0,0,0,0,0,0
74,0,0,0,0,0,0,0,0,0
75,0,0,0,0,0,0,0,0,0
76,0,0,0,0,0,0,0,0,0
77,0,0,0,0,0,0,0,0,0
78,0,0,0,0,0,0,0,0,0
79,0,0,0,0,0,0,0,0,0
80,0,0,0,0,0,0,0,0,0
81,0,0,0,0,0,0,0,0,0
82,0,0,0,0,0,0,0,0,0
83,0,0,0,0,0,0,0,0,0
84,0,0,0,0,0,0,0,0,0
85,0,0,0,0,0,0,0,0,0
86,0,0,0,0,0,0,0,0,0
87,0,0,0,0,0,0,0,0,0
88,0,0,0,0,0,0,0,0,0
89,0,0,0,0,0,0,0,0,0
90,0,0,0,0,0,0,0,0,0
91,0,0,0,0,0,0,0,0,0
92,0,0,0,0,0,0,0,0,0
93,0,0,0,0,0,0,0,0,0
94,0,0,0,0,0,0,0,0,0
95,0,0,0,0,0,0,0,0,0
96,0,0,0,0,0,0,0,0,0
97,0,0,0,0,0,0,0,0,0
98,0,0,0,0,0,0,0,0,0
99,0,0,0,0,0,0,0,0,0
100,0,0,0,0,0,0,0,0,0
101,0,0,0,0,0,0,0,0,0
102,0,0,0,0,0,0,0,0,0
103,0,0,0,0,0,0,0,0,0
104,0,0,0,0,0,0,0,0,0
105,0,0,0,0,0,0,0,0,0
106,0,0,0,0,0,0,0,0,0
107,0,0,0,0,0,0,0,0,0
108,0,0,0,0,0,0,0,0,0
109,0,0,0,0,0,0,0,0,0
110,0,0,0,0,0,0,0,0,0
111,0,0,0,0,0,0,0,0,0
112,0,0,0,0,0,0,0,0,0
113,0,0,0,0,0,0,0,0,0
114,0,0,0,0,0,0,0,0,0
115,0,0,0,0,0,0,0,0,0
116,0,0,0,0,0,0,0,0,0
117,0,0,0,0,0,0,0,0,0
118,0,0,0,0,0,0,0,0,0
119,0,0,0,0,0,0,0,0,0
120,0,0,0,0,0,0,0,0,0
121,0,0,0,0,0,0,0,0,0
122,0,0,0,0,0,0,0,0,0
123,0,0,0,0,0,0,0,0,0
124,0,0,0,0,0,0,0,0,0
125,0,0,0,0,0,0,0,0,0
126,0,0,0,0,0,0,0,0,0
127,0,0,0,0,0,0,0,0,0
128,0,0,0,0,0,0,0,0,0
129,0,0,0,0,0,0,0,0,0
130,0,0,0,0,0,0,0,0,0
131,0,0,0,0,0,0,0,0,0
132,0,0,0,0,0,0,0,0,0
133,0,0,0,0,0,0,0,0,0
134,0,0,0,0,0,0,0,0,0
135,0,0,0,0,0,0,0,0,0
136,0,0,0,0,0,0,0,0,0
137,0,0,0,0,0,0,0,0,0
138,0,0,0,0,0,0,0,0,0
139,0,0,0,0,0,0,0,0,0
140,0,0,0,0,0,0,0,0,0
141,0,0,0,0,0,0,0,0,0
142,0,0,0,0,0,0,0,0,0
143,0,0,0,0,0,0,0,0,0
144,0,0,0,0,0,0,0,0,0
145,0,0,0,0,0,0,0,0,0
146,0,0,0,0,0,0,0,0,0
147,0,0,0,0,0,0,0,0,0
148,0,0,0,0,0,0,0,0,0
149,0,0,0,0,0,0,0,0,0
150,0,0,0,0,0,0,0,0,0
151,0,0,0,0,0,0,0,0,0
152,0,0,0,0,0,0,0,0,0
153,0,0,0,0,0,0,0,0,0
154,0,0,0,0,0,0,0,0,0
155,0,0,0,0,0,0,0,0,0
156,0,0,0,0,0,0,0,0,0
157,0,0,0,0,0,0,0,0,0
158,0,0,0,0,0,0,0,0,0
159,0,0,0,0,0,0,0,0,0
160,0,0,0,0,0,0,0,0,0
161,0,0,0,0,0,0,0,0,0
162,0,0,0,0,0,0,0,0,0
163,0,0,0,0,0,0,0,0,0
164,0,0,0,0,0,0,0,0,0
165,0,0,0,0,0,0,0,0,0
166,0,0,0,0,0,0,0,0,0
167,0,0,0,0,0,0,0,0,0
168,0,0,0,0,0,0,0,0,0
169,0,0,0,0,0,0,0,0,0
170,0,0,0,0,0,0,0,0,0
171,0,0,0,0,0,0,0,0,0
172,0,0,0,0,0,0,0,0,0
173,0,0,0,0,0,0,0,0,0
174,0,0,0,0,0,0,0,0,0
175,0,0,0,0,0,0,0,0,0
176,0,0,0,0,0,0,0,0,0
177,0,0,0,0,0,0,0,0,0
178,0,0,0,0,0,0,0,0,0
179,0,0,0,0,0,0,0,0,0
180,0,0,0,0,0,0,0,0,0
181,0,0,0,0,0,0,0,0,0
182,0,0,0,0,0,0,0,0,0
183,0,0,0,0,0,0,0,0,0
184,0,0,0,0,0,0,0,0,0
185,0,0,0,0,0,0,0,0,0
186,0,0,0,0,0,0,0,0,0
187,0,0,0,0,0,0,0,0,0
188,0,0,0,0,0,0,0,0,0
189,0,0,0,0,0,0,0,0,0
190,0,0,0,0,0,0,0,0,0
191,0,0,0,0,0,0,0,0,0
192,0,0,0,0,0,0,0,0,0
193,0,0,0,0,0,0,0,0,0
194,0,0,0,0,0,0,0,0,0
195,0,0,0,0,0,0,0,0,0
196,0,0,0,0,0,0,0,0,0
197,0,0,0,0,0,0,0,0,0
198,0,0,0,0,0,0,0,0,0
199,0,0,0,0,0,0,0,0,0
200,0,0,0,0,0,0,0,0,0
201,0,0,0,0,0,0,0,0,0
202,0,0,0,0,0,0,0,0,0
203,0,0,0,0,0,0,0,0,0
204,0,0,0,0,0,0,0,0,0
205,0,0,0,0,0,0,0,0,0
206,0,0,0,0,0,0,0,0,0
207,0,0,0,0,0,0,0,0,0
208,0,0,0,0,0,0,0,0,0
209,0,0,0,0,0,0,0,0,0
210,0,0,0,0,0,0,0,0,0
211,0,0,0,0,0,0,0,0,0
212,0,0,0,0,0,0,0,0,0
213,0,0,0,0,0,0,0,0,0
214,0,0,0,0,0,0,0,0,0
215,0,0,0,0,0,0,0,0,0
216,0,0,0,0,0,0,0,0,0
217,0,0,0,0,0,0,0,0,0
218,0,0,0,0,0,0,0,0,0
219,0,0,0,0,0,0,0,0,0
220,0,0,0,0,0,0,0,0,0
221,0,0,0,0,0,0,0,0,0
222,0,0,0,0,0,0,0,0,0
223,0,0,0,0,0,0,0,0,0
224,0,0,0,0,0,0,0,0,0
225,0,0,0,0,0,0,0,0,0
226,0,0,0,0,0,0,0,0,0
227,0,0,0,0,0,0,0,0,0
228,0,0,0,0,0,0,0,0,0
229,0,0,0,0,0,0,0,0,0
230,0,0,0,0,0,0,0,0,0
231,0,0,0,0,0,0,0,0,0
232,0,0,0,0,0,0,0,0,0
233,0,0,0,0,0,0,0,0,0
234,0,0,0,0,0,0,0,0,0
235,0,0,0,0,0,0,0,0,0
236,0,0,0,0,0,0,0,0,0
237,0,0,0,0,0,0,0,0,0
238,0,0,0,0,0,0,0,0,0
239,0,0,0,0,0,0,0,0,0
240,0,0,0,0,0,0,0,0,0
241,0,0,0,0,0,0,0,0,0
242,0,0,0,0,0,0,0,0,0
243,0,0,0,0,0,0,0,0,0
244,0,0,0,0,0,0,0,0,0
245,0,0,0,0,0,0,0,0,0
246,0,0,0,0,0,0,0,0,0
247,0,0,0,0,0,0,0,0,0
248,0,0,0,0,0,0,0,0,0
249,0,0,0,0,0,0,0,0,0
250,0,0,0,0,0,0,0,0,0
251,0,0,0,0,0,0,0,0,0
252,0,0,0,0,0,0,0,0,0
253,0,0,0,0,0,0,0,0,0
254,0,0,0,0,0,0,0,0,0
255,0,0,0,0,0,0,0,0,0
256,0,0,0,0,0,0,0,0,0
257,0,0,0,0,0,0,0,0,0
258,0,0,0,0,0,0,0,0,0
259,0,0,0,0,0,0,0,0,0
260,0,0,0,0,0,0,0,0,0
261,0,0,0,0,0,0,0,0,0
262,0,0,0,0,0,0,0,0,0
263,0,0,0,0,0,0,0,0,0
264,0,0,0,0,0,0,0,0,0
265,0,0,0,0,0,0,0,0,0
266,0,0,0,0,0,0,0,0,0
267,0,0,0,0,0,0,0,0,0
268,0,0,0,0,0,0,0,0,0
269,0,0,0,0,0,0,0,0,0
270,0,0,0,0,0,0,0,0,0
271,0,0,0,0,0,0,0,0,0
272,0,0,0,0,0,0,0,0,0
273,0,0,0,0,0,0,0,0,0
274,0,0,0,0,0,0,0,0,0
275,0,0,0,0,0,0,0,0,0
276,0,0,0,0,0,0,0,0,0
277,0,0,0,0,0,0,0,0,0
278,0,0,0,0,0,0,0,0,0
279,0,0,0,0,0,0,0,0,0
280,0,0,0,0,0,0,0,0,0
281,0,0,0,0,0,0,0,0,0
282,0,0,0,0,0,0,0,0,0
283,0,0,0,0,0,0,0,0,0
284,0,0,0,0,0,0,0,0,0
285,0,0,0,0,0,0,0,0,0
286,0,0,0,0,0,0,0,0,0
287,0,0,0,0,0,0,0,0,0
288,0,0,0,0,0,0,0,0,0
289,0,0,0,0,0,0,0,0,0
290,0,0,0,0,0,0,0,0,0
291,0,0,0,0,0,0,0,0,0
292,0,0,0,0,0,0,0,0,0
293,0,0,0,0,0,0,0,0,0
294,0,0,0,0,0,0,0,0,0
295,0,0,0,0,0,0,0,0,0
296,0,0,0,0,0,0,0,0,0
297,0,0,0,0,0,0,0,0,0
298,0,0,0,0,0,0,0,0,0
299,0,0,0,0,0,0,0,0,0
300,0,0,0,0,0,0,0,0,0
301,0,0,0,0,0,0,0,0,0
302,0,0,0,0,0,0,0,0,0
303,0,0,0,0,0,0,0,0,0
304,0,0,0,0,0,0,0,0,0
305,0,0,0,0,0,0,0,0,0
306,0,0,0,0,0,0,0,0,0
307,0,0,0,0,0,0,0,0,0
308,0,0,0,0,0,0,0,0,0
309,0,0,0,0,0,0,0,0,0
310,0,0,0,0,0,0,0,0,0
311,0,0,0,0,0,0,0,0,0
312,0,0,0,0,0,0,0,0,0
313,0,0,0,0,0,0,0,0,0
314,0,0,0,0,0,0,0,0,0
315,0,0,0,0,0,0,0,0,0
316,0,0,0,0,0,0,0,0,0
317,0,0,0,0,0,0,0,0,0
318,0,0,0,0,0,0,0,0,0
319,0,0,0,0,0,0,0,0,0
320,0,0,0,0,0,0,0,0,0
321,0,0,0,0,0,0,0,0,0
322,0,0,0,0,0,0,0,0,0
323,0,0,0,0,0,0,0,0,0
324,0,0,0,0,0,0,0,0,0
325,0,0,0,0,0,0,0,0,0
326,0,0,0,0,0,0,0,0,0
327,0,0,0,0,0,0,0,0,0
328,0,0,0,0,0,0,0,0,0
329,0,0,0,0,0,0,0,0,0
330,0,0,0,0,0,0,0,0,0
331,0,0,0,0,0,0,0,0,0
332,0,0,0,0,0,0,0,0,0
333,0,0,0,0,0,0,0,0,0
334,0,0,0,0,0,0,0,0,0
335,0,0,0,0,0,0,0,0,0
336,0,0,0,0,0,0,0,0,0
337,0,0,0,0,0,0,0,0,0
338,0,0,0,0,0,0,0,0,0
339,0,0,0,0,0,0,0,0,0
340,0,0,0,0,0,0,0,0,0
341,0,0,0,0,0,0,0,0,0
342,0,0,0,0,0,0,0,0,0
343,0,0,0,0,0,0,0,0,0
344,0,0,0,0,0,0,0,0,0
345,0,0,0,0,0,0,0,0,0
346,0,0,0,0,0,0,0,0,0
347,0,0,0,0,0,0,0,0,0
348,0,0,0,0,0,0,0,0,0
349,0,0,0,0,0,0,0,0,0
350,0,0,0,0,0,0,0,0,0
351,0,0,0,0,0,0,0,0,0
352,0,0,0,0,0,0,0,0,0
353,0,0,0,0,0,0,0,0,0
354,0,0,0,0,0,0,0,0,0
355,0,0,0,0,0,0,0,0,0
356,0,0,0,0,0,0,0,0,0
357,0,0,0,0,0,0,0,0,0
358,0,0,0,0,0,0,0,0,0
359,0,0,0,0,0,0,0,0,0
360,0,0,0,0,0,0,0,0,0
361,0,0,0,0,0,0,0,0,0
362,0,0,0,0,0,0,0,0,0
363,0,0,0,0,0,0,0,0,0
364,0,0,0,0,0,0,0,0,0
365,0,0,0,0,0,0,0,0,0
366,0,0,0,0,0,0,0,0,0
367,0,0,0,0,0,0,0,0,0
368,0,0,0,0,0,0,0,0,0
369,0,0,0,0,0,0,0,0,0
370,0,0,0,0,0,0,0,0,0
371,0,0,0,0,0,0,0,0,0
372,0,0,0,0,0,0,0,0,0
373,0,0,0,0,0,0,0,0,0
374,0,0,0,0,0,0,0,0,0
375,0,0,0,0,0,0,0,0,0
376,0,0,0,0,0,0,0,0,0
377,0,0,0,0,0,0,0,0,0
378,0,0,0,0,0,0,0,0,0
379,0,0,0,0,0,0,0,0,0
380,0,0,0,0,0,0,0,0,0
381,0,0,0,0,0,0,0,0,0
382,0,0,0,0,0,0,0,0,0
383,0,0,0,0,0,0,0,0,0
384,0,0,0,0,0,0,0,0,0
385,0,0,0,0,0,0,0,0,0
386,0,0,0,0,0,0,0,0,0
387,0,0,0,0,0,0,0,0,0
388,0,0,0,0,0,0,0,0,0
389,0,0,0,0,0,0,0,0,0
390,0,0,0,0,0,0,0,0,0
391,0,0,0,0,0,0,0,0,0
392,0,0,0,0,0,0,0,0,0
393,0,0,0,0,0,0,0,0,0
394,0,0,0,0,0,0,0,0,0
395,0,0,0,0,0,0,0,0,0
396,0,0,0,0,0,0,0,0,0
397,0,0,0,0,0,0,0,0,0
398,0,0,0,0,0,0,0,0,0
399,0,0,0,0,0,0,0,0,0
400,0,0,0,0,0,0,0,0,0
401,0,0,0,0,0,0,0,0,0
402,0,0,0,0,0,0,0,0,0
403,0,0,0,0,0,0,0,0,0
404,0,0,0,0,0,0,0,0,0
405,0,0,0,0,0,0,0,0,0
406,0,0,0,0,0,0,0,0,0
407,0,0,0,0,0,0,0,0,0
408,0,0,0,0,0,0,0,0,0
409,0,0,0,0,0,0,0,0,0
410,0,0,0,0,0,0,0,0,0
411,0,0,0,0,0,0,0,0,0
412,0,0,0,0,0,0,0,0,0
413,0,0,0,0,0,0,0,0,0
414,0,0,0,0,0,0,0,0,0
415,0,0,0,0,0,0,0,0,0
416,0,0,0,0,0,0,0,0,0
417,0,0,0,0,0,0,0,0,0
418,0,0,0,0,0,0,0,0,0
419,0,0,0,0,0,0,0,0,0
420,0,0,0,0,0,0,0,0,0
421,0,0,0,0,0,0,0,0,0
422,0,0,0,0,0,0,0,0,0
423,0,0,0,0,0,0,0,0,0
424,0,0,0,0,0,0,0,0,0
425,0,0,0,0,0,0,0,0,0
426,0,0,0,0,0,0,0,0,0
427,0,0,0,0,0,0,0,0,0
428,0,0,0,0,0,0,0,0,0
429,0,0,0,0,0,0,0,0,0
430,0,0,0,0,0,0,0,0,0
431,0,0,0,0,0,0,0,0,0
432,0,0,0,0,0,0,0,0,0
433,0,0,0,0,0,0,0,0,0
434,0,0,0,0,0,0,0,0,0
435,0,0,0,0,0,0,0,0,0
436,0,0,0,0,0,0,0,0,0
437,0,0,0,0,0,0,0,0,0
438,0,0,0,0,0,0,0,0,0
439,0,0,0,0,0,0,0,0,0
440,0,0,0,0,0,0,0,0,0
441,0,0,0,0,0,0,0,0,0
442,0,0,0,0,0,0,0,0,0
443,0,0,0,0,0,0,0,0,0
444,0,0,0,0,0,0,0,0,0
445,0,0,0,0,0,0,0,0,0
446,0,0,0,0,0,0,0,0,0
447,0,0,0,0,0,0,0,0,0
448,0,0,0,0,0,0,0,0,0
449,0,0,0,0,0,0,0,0,0
450,0,0,0,0,0,0,0,0,0
451,0,0,0,0,0,0,0,0,0
452,0,0,0,0,0,0,0,0,0
453,0,0,0,0,0,0,0,0,0
454,0,0,0,0,0,0,0,0,0
455,0,0,0,0,0,0,0,0,0
456,0,0,0,0,0,0,0,0,0
457,0,0,0,0,0,0,0,0,0
458,0,0,0,0,0,0,0,0,0
459,0,0,0,0,0,0,0,0,0
460,0,0,0,0,0,0,0,0,0
461,0,0,0,0,0,0,0,0,0
462,0,0,0,0,0,0,0,0,0
463,0,0,0,0,0,0,0,0,0
464,0,0,0,0,0,0,0,0,0
465,0,0,0,0,0,0,0,0,0
466,0,0,0,0,0,0,0,0,0
467,0,0,0,0,0,0,0,0,0
468,0,0,0,0,0,0,0,0,0
469,0,0,0,0,0,0,0,0,0
470,0,0,0,0,0,0,0,0,0
471,0,0,0,0,0,0,0,0,0
472,0,0,0,0,0,0,0,0,0
473,0,0,0,0,0,0,0,0,0
474,0,0,0,0,0,0,0,0,0
475,0,0,0,0,0,0,0,0,0
476,0,0,0,0,0,0,0,0,0
477,0,0,0,0,0,0,0,0,0
478,0,0,0,0,0,0,0,0,0
479,0,0,0,0,0,0,0,0,0
480,0,0,0,0,0,0,0,0,0
481,0,0,0,0,0,0,0,0,0
482,0,0,0,0,0,0,0,0,0
483,0,0,0,0,0,0,0,0,0
484,0,0,0,0,0,0,0,0,0
485,0,0,0,0,0,0,0,0,0
486,0,0,0,0,0,0,0,0,0
487,0,0,0,0,0,0,0,0,0
488,0,0,0,0,0,0,0,0,0
489,0,0,0,0,0,0,0,0,0
490,0,0,0,0,0,0,0,0,0
491,0,0,0,0,0,0,0,0,0
492,0,0,0,0,0,0,0,0,0
493,0,0,0,0,0,0,0,0,0
494,0,0,0,0,0,0,0,0,0
495,0,0,0,0,0,0,0,0,0
496,0,0,0,0,0,0,0,0,0
497,0,0,0,0,0,0,0,0,0
498,0,0,0,0,0,0,0,0,0
499,0,0,0,0,0,0,0,0,0
500,0,0,0,0,0,0,0,0,0
501,0,0,0,0,0,0,0,0,0
502,0,0,0,0,0,0,0,0,0
503,0,0,0,0,0,0,0,0,0
504,0,0,0,0,0,0,0,0,0
505,0,0,0,0,0,0,0,0,0
506,0,0,0,0,0,0,0,0,0
507,0,0,0,0,0,0,0,0,0
508,0,0,0,0,0,0,0,0,0
509,0,0,0,0,0,0,0,0,0
510,0,0,0,0,0,0,0,0,0
511,0,0,0,0,0,0,0,0,0
512,0,0,0,0,0,0,0,0,0
513,0,0,0,0,0,0,0,0,0
514,0,0,0,0,0,0,0,0,0
515,0,0,0,0,0,0,0,0,0
516,0,0,0,0,0,0,0,0,0
517,0,0,0,0,0,0,0,0,0
518,0,0,0,0,0,0,0,0,0
519,0,0,0,0,0,0,0,0,0
520,0,0,0,0,0,0,0,0,0
521,0,0,0,0,0,0,0,0,0
522,0,0,0,0,0,0,0,0,0
523,0,0,0,0,0,0,0,0,0
524,0,0,0,0,0,0,0,0,0
525,0,0,0,0,0,0,0,0,0
526,0,0,0,0,0,0,0,0,0
527,0,0,0,0,0,0,0,0,0
528,0,0,0,0,0,0,0,0,0
529,0,0,0,0,0,0,0,0,0
530,0,0,0,0,0,0,0,0,0
531,0,0,0,0,0,0,0,0,0
532,0,0,0,0,0,0,0,0,0
533,0,0,0,0,0,0,0,0,0
534,0,0,0,0,0,0,0,0,0
535,0,0,0,0,0,0,0,0,0
536,0,0,0,0,0,0,0,0,0
537,0,0,0,0,0,0,0,0,0
538,0,0,0,0,0,0,0,0,0
539,0,0,0,0,0,0,0,0,0
540,0,0,0,0,0,0,0,0,0
541,0,0,0,0,0,0,0,0,0
542,0,0,0,0,0,0,0,0,0
543,0,0,0,0,0,0,0,0,0
544,0,0,0,0,0,0,0,0,0
545,0,0,0,0,0,0,0,0,0
546,0,0,0,0,0,0,0,0,0
547,0,0,0,0,0,0,0,0,0
548,0,0,0,0,0,0,0,0,0
549,0,0,0,0,0,0,0,0,0
550,0,0,0,0,0,0,0,0,0
551,0,0,0,0,0,0,0,0,0
552,0,0,0,0,0,0,0,0,0
553,0,0,0,0,0,0,0,0,0
554,0,0,0,0,0,0,0,0,0
555,0,0,0,0,0,0,0,0,0
556,0,0,0,0,0,0,0,0,0
557,0,0,0,0,0,0,0,0,0
558,0,0,0,0,0,0,0,0,0
559,0,0,0,0,0,0,0,0,0
560,0,0,0,0,0,0,0,0,0
561,0,0,0,0,0,0,0,0,0
562,0,0,0,0,0,0,0,0,0
563,0,0,0,0,0,0,0,0,0
564,0,0,0,0,0,0,0,0,0
565,0,0,0,0,0,0,0,0,0
566,0,0,0,0,0,0,0,0,0
567,0,0,0,0,0,0,0,0,0
568,0,0,0,0,0,0,0,0,0
569,0,0,0,0,0,0,0,0,0
570,0,0,0,0,0,0,0,0,0
571,0,0,0,0,0,0,0,0,0
572,0,0,0,0,0,0,0,0,0
573,0,0,0,0,0,0,0,0,0
574,0,0,0,0,0,0,0,0,0
575,0,0,0,0,0,0,0,0,0
576,0,0,0,0,0,0,0,0,0
577,0,0,0,0,0,0,0,0,0
578,0,0,0,0,0,0,0,0,0
579,0,0,0,0,0,0,0,0,0
580,0,0,0,0,0,0,0,0,0
581,0,0,0,0,0,0,0,0,0
582,0,0,0,0,0,0,0,0,0
583,0,0,0,0,0,0,0,0,0
584,0,0,0,0,0,0,0,0,0
585,0,0,0,0,0,0,0,0,0
586,0,0,0,0,0,0,0,0,0
587,0,0,0,0,0,0,0,0,0
588,0,0,0,0,0,0,0,0,0
589,0,0,0,0,0,0,0,0,0
590,0,0,0,0,0,0,0,0,0
591,0,0,0,0,0,0,0,0,0
592,0,0,0,0,0,0,0,0,0
593,0,0,0,0,0,0,0,0,0
594,0,0,0,0,0,0,0,0,0
595,0,0,0,0,0,0,0,0,0
596,0,0,0,0,0,0,0,0,0
597,0,0,0,0,0,0,0,0,0
598,0,0,0,0,0,0,0,0,0
599,0,0,0,0,0,0,0,0,0
600,0,0,0,0,0,0,0,0,0
601,0,0,0,0,0,0,0,0,0
602,0,0,0,0,0,0,0,0,0
603,0,0,0,0,0,0,0,0,0
604,0,0,0,0,0,0,0,0,0
605,0,0,0,0,0,0,0,0,0
606,0,0,0,0,0,0,0,0,0
607,0,0,0,0,0,0,0,0,0
608,0,0,0,0,0,0,0,0,0
609,0,0,0,0,0,0,0,0,0
610,0,0,0,0,0,0,0,0,0
611,0,0,0,0,0,0,0,0,0
612,0,0,0,0,0,0,0,0,0
613,0,0,0,0,0,0,0,0,0
614,0,0,0,0,0,0,0,0,0
615,0,0,0,0,0,0,0,0,0
616,0,0,0,0,0,0,0,0,0
617,0,0,0,0,0,0,0,0,0
618,0,0,0,0,0,0,0,0,0
619,0,0,0,0,0,0,0,0,0
620,0,0,0,0,0,0,0,0,0
621,0,0,0,0,0,0,0,0,0
622,0,0,0,0,0,0,0,0,0
623,0,0,0,0,0,0,0,0,0
624,0,0,0,0,0,0,0,0,0
625,0,0,0,0,0,0,0,0,0
626,0,0,0,0,0,0,0,0,0
627,0,0,0,0,0,0,0,0,0
628,0,0,0,0,0,0,0,0,0
629,0,0,0,0,0,0,0,0,0
630,0,0,0,0,0,0,0,0,0
631,0,0,0,0,0,0,0,0,0
632,0,0,0,0,0,0,0,0,0
633,0,0,0,0,0,0,0,0,0
634,0,0,0,0,0,0,0,0,0
635,0,0,0,0,0,0,0,0,0
636,0,0,0,0,0,0,0,0,0
637,0,0,0,0,0,0,0,0,0
638,0,0,0,0,0,0,0,0,0
639,0,0,0,0,0,0,0,0,0
640,0,0,0,0,0,0,0,0,0
641,0,0,0,0,0,0,0,0,0
642,0,0,0,0,0,0,0,0,0
643,0,0,0,0,0,0,0,0,0
644,0,0,0,0,0,0,0,0,0
645,0,0,0,0,0,0,0,0,0
646,0,0,0,0,0,0,0,0,0
647,0,0,0,0,0,0,0,0,0
648,0,0,0,0,0,0,0,0,0
649,0,0,0,0,0,0,0,0,0
650,0,0,0,0,0,0,0,0,0
651,0,0,0,0,0,0,0,0,0
652,0,0,0,0,0,0,0,0,0
653,0,0,0,0,0,0,0,0,0
654,0,0,0,0,0,0,0,0,0
655,0,0,0,0,0,0,0,0,0
656,0,0,0,0,0,0,0,0,0
657,0,0,0,0,0,0,0,0,0
658,0,0,0,0,0,0,0,0,0
659,0,0,0,0,0,0,0,0,0
660,0,0,0,0,0,0,0,0,0
661,0,0,0,0,0,0,0,0,0
662,0,0,0,0,0,0,0,0,0
663,0,0,0,0,0,0,0,0,0
664,0,0,0,0,0,0,0,0,0
665,0,0,0,0,0,0,0,0,0
666,0,0,0,0,0,0,0,0,0
667,0,0,0,0,0,0,0,0,0
668,0,0,0,0,0,0,0,0,0
669,0,0,0,0,0,0,0,0,0
670,0,0,0,0,0,0,0,0,0
671,0,0,0,0,0,0,0,0,0
672,0,0,0,0,0,0,0,0,0
673,0,0,0,0,0,0,0,0,0
674,0,0,0,0,0,0,0,0,0
675,0,0,0,0,0,0,0,0,0
676,0,0,0,0,0,0,0,0,0
677,0,0,0,0,0,0,0,0,0
678,0,0,0,0,0,0,0,0,0
679,0,0,0,0,0,0,0,0,0
680,0,0,0,0,0,0,0,0,0
681,0,0,0,0,0,0,0,0,0
682,0,0,0,0,0,0,0,0,0
683,0,0,0,0,0,0,0,0,0
684,0,0,0,0,0,0,0,0,0
685,0,0,0,0,0,0,0,0,0
686,0,0,0,0,0,0,0,0,0
687,0,0,0,0,0,0,0,0,0
688,0,0,0,0,0,0,0,0,0
689,0,0,0,0,0,0,0,0,0
690,0,0,0,0,0,0,0,0,0
691,0,0,0,0,0,0,0,0,0
692,0,0,0,0,0,0,0,0,0
693,0,0,0,0,0,0,0,0,0
694,0,0,0,0,0,0,0,0,0
695,0,0,0,0,0,0,0,0,0
696,0,0,0,0,0,0,0,0,0
697,0,0,0,0,0,0,0,0,0
698,0,0,0,0,0,0,0,0,0
699,0,0,0,0,0,0,0,0,0
700,0,0,0,0,0,0,0,0,0
701,0,0,0,0,0,0,0,0,0
702,0,0,0,0,0,0,0,0,0
703,0,0,0,0,0,0,0,0,0
704,0,0,0,0,0,0,0,0,0
705,0,0,0,0,0,0,0,0,0
706,0,0,0,0,0,0,0,0,0
707,0,0,0,0,0,0,0,0,0
708,0,0,0,0,0,0,0,0,0
709,0,0,0,0,0,0,0,0,0
710,0,0,0,0,0,0,0,0,0
711,0,0,0,0,0,0,0,0,0
712,0,0,0,0,0,0,0,0,0
713,0,0,0,0,0,0,0,0,0
714,0,0,0,0,0,0,0,0,0
715,0,0,0,0,0,0,0,0,0
716,0,0,0,0,0,0,0,0,0
717,0,0,0,0,0,0,0,0,0
718,0,0,0,0,0,0,0,0,0
719,0,0,0,0,0,0,0,0,0
720,0,0,0,0,0,0,0,0,0
721,0,0,0,0,0,0,0,0,0
722,0,0,0,0,0,0,0,0,0
723,0,0,0,0,0,0,0,0,0
724,0,0,0,0,0,0,0,0,0
725,0,0,0,0,0,0,0,0,0
726,0,0,0,0,0,0,0,0,0
727,0,0,0,0,0,0,0,0,0
728,0,0,0,0,0,0,0,0,0
729,0,0,0,0,0,0,0,0,0
730,0,0,0,0,0,0,0,0,0
731,0,0,0,0,0,0,0,0,0
732,0,0,0,0,0,0,0,0,0
733,0,0,0,0,0,0,0,0,0
734,0,0,0,0,0,0,0,0,0
735,0,0,0,0,0,0,0,0,0
736,0,0,0,0,0,0,0,0,0
737,0,0,0,0,0,0,0,0,0
738,0,0,0,0,0,0,0,0,0
739,0,0,0,0,0,0,0,0,0
740,0,0,0,0,0,0,0,0,0
741,0,0,0,0,0,0,0,0,0
742,0,0,0,0,0,0,0,0,0
743,0,0,0,0,0,0,0,0,0
744,0,0,0,0,0,0,0,0,0
745,0,0,0,0,0,0,0,0,0
746,0,0,0,0,0,0,0,0,0
747,0,0,0,0,0,0,0,0,0
748,0,0,0,0,0,0,0,0,0
749,0,0,0,0,0,0,0,0,0
750,0,0,0,0,0,0,0,0,0
0,194,7257,201425,4077983,57373546,517292847,2626655236,5935079656,3356972874
1,70,2474,54132,853025,9350472,65654134,259505885,456211279,200633151
2,38,1020,18945,249132,2274091,13306070,43893589,64524468,23765698
3,31,776,12656,145021,1165180,6027465,17634895,23084477,7611464
4,14,286,3914,36679,242300,1033428,2498071,2708458,739520
5,11,196,2520,20330,116672,431025,903400,853587,205160
6,9,137,1661,11658,60989,205181,389524,335385,73985
7,7,89,995,6356,30259,91694,157126,123019,24684
8,4,48,474,2881,12710,35394,55082,39056,6932
9,4,42,371,2049,8034,20170,27862,17319,2627
10,1,20,132,645,2391,5454,7285,4374,668
11,1,18,107,500,1831,4100,5641,3354,512
12,1,10,63,290,964,2032,2524,1333,180
13,0,8,41,173,485,925,1002,524,67
14,0,8,41,168,457,844,885,470,58
15,0,8,35,119,302,477,497,230,24
16,0,3,24,64,178,288,310,161,16
17,0,2,20,52,129,211,175,102,9
18,0,2,17,40,94,150,113,63,5
19,0,2,17,37,89,143,103,53,5
20,0,1,15,28,78,95,78,31,3
21,0,1,12,26,44,61,47,16,1
22,0,1,10,24,42,56,36,12,1
23,0,0,3,18,23,34,21,5,1
24,0,0,3,18,23,33,20,5,1
25,0,0,3,18,23,33,20,5,1
26,0,0,3,18,23,33,20,5,1
27,0,0,1,4,7,13,11,5,1
28,0,0,1,4,7,13,11,5,1
29,0,0,1,4,7,13,11,5,1
30,0,0,1,4,7,12,8,5,1
31,0,0,1,4,5,8,5,4,1
32,0,0,1,4,5,8,5,4,1
33,0,0,1,4,5,8,5,4,1
34,0,0,1,4,5,8,5,4,1
35,0,0,0,0,0,0,0,0,0
36,0,0,0,0,0,0,0,0,0
37,0,0,0,0,0,0,0,0,0
38,0,0,0,0,0,0,0,0,0
39,0,0,0,0,0,0,0,0,0
40,0,0,0,0,0,0,0,0,0
41,0,0,0,0,0,0,0,0,0
42,0,0,0,0,0,0,0,0,0
43,0,0,0,0,0,0,0,0,0
44,0,0,0,0,0,0,0,0,0
45,0,0,0,0,0,0,0,0,0
46,0,0,0,0,0,0,0,0,0
47,0,0,0,0,0,0,0,0,0
48,0,0,0,0,0,0,0,0,0
49,0,0,0,0,0,0,0,0,0
50,0,0,0,0,0,0,0,0,0
51,0,0,0,0,0,0,0,0,0
52,0,0,0,0,0,0,0,0,0
53,0,0,0,0,0,0,0,0,0
54,0,0,0,0,0,0,0,0,0
55,0,0,0,0,0,0,0,0,0
56,0,0,0,0,0,0,0,0,0
57,0,0,0,0,0,0,0,0,0
58,0,0,0,0,0,0,0,0,0
59,0,0,0,0,0,0,0,0,0
60,0,0,0,0,0,0,0,0,0
61,0,0,0,0,0,0,0,0,0
62,0,0,0,0,0,0,0,0,0
63,0,0,0,0,0,0,0,0,0
64,0,0,0,0,0,0,0,0,0
65,0,0,0,0,0,0,0,0,0
66,0,0,0,0,0,0,0,0,0
67,0,0,0,0,0,0,0,0,0
68,0,0,0,0,0,0,0,0,0
69,0,0,0,0,0,0,0,0,0
70,0,0,0,0,0,0,0,0,0
71,0,0,0,0,0,0,0,0,0
72,0,0,0,0,0,0,0,0,0
73,0,0,0,0,0,0,0,0,0
74,0,0,0,0,0,0,0,0,0
75,0,0,0,0,0,0,0,0,0
76,0,0,0,0,0,0,0,0,0
77,0,0,0,0,0,0,0,0,0
78,0,0,0,0,0,0,0,0,0
79,0,0,0,0,0,0,0,0,0
80,0,0,0,0,0,0,0,0,0
81,0,0,0,0,0,0,0,0,0
82,0,0,0,0,0,0,0,0,0
83,0,0,0,0,0,0,0,0,0
84,0,0,0,0,0,0,0,0,0
85,0,0,0,0,0,0,0,0,0
86,0,0,0,0,0,0,0,0,0
87,0,0,0,0,0,0,0,0,0
88,0,0,0,0,0,0,0,0,0
89,0,0,0,0,0,0,0,0,0
90,0,0,0,0,0,0,0,0,0
91,0,0,0,0,0,0,0,0,0
92,0,0,0,0,0,0,0,0,0
93,0,0,0,0,0,0,0,0,0
94,0,0,0,0,0,0,0,0,0
95,0,0,0,0,0,0,0,0,0
96,0,0,0,0,0,0,0,0,0
97,0,0,0,0,0,0,0,0,0
98,0,0,0,0,0,0,0,0,0
99,0,0,0,0,0,0,0,0,0
100,0,0,0,0,0,0,0,0,0
101,0,0,0,0,0,0,0,0,0
102,0,0,0,0,0,0,0,0,0
103,0,0,0,0,0,0,0,0,0
104,0,0,0,0,0,0,0,0,0
105,0,0,0,0,0,0,0,0,0
106,0,0,0,0,0,0,0,0,0
107,0,0,0,0,0,0,0,0,0
108,0,0,0,0,0,0,0,0,0
109,0,0,0,0,0,0,0,0,0
110,0,0,0,0,0,0,0,0,0
111,0,0,0,0,0,0,0,0,0
112,0,0,0,0,0,0,0,0,0
113,0,0,0,0,0,0,0,0,0
114,0,0,0,0,0,0,0,0,0
115,0,0,0,0,0,0,0,0,0
116,0,0,0,0,0,0,0,0,0
117,0,0,0,0,0,0,0,0,0
118,0,0,0,0,0,0,0,0,0
119,0,0,0,0,0,0,0,0,0
120,0,0,0,0,0,0,0,0,0
121,0,0,0,0,0,0,0,0,0
122,0,0,0,0,0,0,0,0,0
123,0,0,0,0,0,0,0,0,0
124,0,0,0,0,0,0,0,0,0
125,0,0,0,0,0,0,0,0,0
126,0,0,0,0,0,0,0,0,0
127,0,0,0,0,0,0,0,0,0
128,0,0,0,0,0,0,0,0,0
129,0,0,0,0,0,0,0,0,0
130,0,0,0,0,0,0,0,0,0
131,0,0,0,0,0,0,0,0,0
132,0,0,0,0,0,0,0,0,0
133,0,0,0,0,0,0,0,0,0
134,0,0,0,0,0,0,0,0,0
135,0,0,0,0,0,0,0,0,0
136,0,0,0,0,0,0,0,0,0
137,0,0,0,0,0,0,0,0,0
138,0,0,0,0,0,0,0,0,0
139,0,0,0,0,0,0,0,0,0
140,0,0,0,0,0,0,0,0,0
141,0,0,0,0,0,0,0,0,0
142,0,0,0,0,0,0,0,0,0
143,0,0,0,0,0,0,0,0,0
144,0,0,0,0,0,0,0,0,0
145,0,0,0,0,0,0,0,0,0
146,0,0,0,0,0,0,0,0,0
147,0,0,0,0,0,0,0,0,0
148,0,0,0,0,0,0,0,0,0
149,0,0,0,0,0,0,0,0,0
150,0,0,0,0,0,0,0,0,0
151,0,0,0,0,0,0,0,0,0
152,0,0,0,0,0,0,0,0,0
153,0,0,0,0,0,0,0,0,0
154,0,0,0,0,0,0,0,0,0
155,0,0,0,0,0,0,0,0,0
156,0,0,0,0,0,0,0,0,0
157,0,0,0,0,0,0,0,0,0
158,0,0,0,0,0,0,0,0,0
159,0,0,0,0,0,0,0,0,0
160,0,0,0,0,0,0,0,0,0
161,0,0,0,0,0,0,0,0,0
162,0,0,0,0,0,0,0,0,0
163,0,0,0,0,0,0,0,0,0
164,0,0,0,0,0,0,0,0,0
165,0,0,0,0,0,0,0,0,0
166,0,0,0,0,0,0,0,0,0
167,0,0,0,0,0,0,0,0,0
168,0,0,0,0,0,0,0,0,0
169,0,0,0,0,0,0,0,0,0
170,0,0,0,0,0,0,0,0,0
171,0,0,0,0,0,0,0,0,0
172,0,0,0,0,0,0,0,0,0
173,0,0,0,0,0,0,0,0,0
174,0,0,0,0,0,0,0,0,0
175,0,0,0,0,0,0,0,0,0
176,0,0,0,0,0,0,0,0,0
177,0,0,0,0,0,0,0,0,0
178,0,0,0,0,0,0,0,0,0
179,0,0,0,0,0,0,0,0,0
180,0,0,0,0,0,0,0,0,0
181,0,0,0,0,0,0,0,0,0
182,0,0,0,0,0,0,0,0,0
183,0,0,0,0,0,0,0,0,0
184,0,0,0,0,0,0,0,0,0
185,0,0,0,0,0,0,0,0,0
186,0,0,0,0,0,0,0,0,0
187,0,0,0,0,0,0,0,0,0
188,0,0,0,0,0,0,0,0,0
189,0,0,0,0,0,0,0,0,0
190,0,0,0,0,0,0,0,0,0
191,0,0,0,0,0,0,0,0,0
192,0,0,0,0,0,0,0,0,0
193,0,0,0,0,0,0,0,0,0
194,0,0,0,0,0,0,0,0,0
195,0,0,0,0,0,0,0,0,0
196,0,0,0,0,0,0,0,0,0
197,0,0,0,0,0,0,0,0,0
198,0,0,0,0,0,0,0,0,0
199,0,0,0,0,0,0,0,0,0
200,0,0,0,0,0,0,0,0,0
201,0,0,0,0,0,0,0,0,0
202,0,0,0,0,0,0,0,0,0
203,0,0,0,0,0,0,0,0,0
204,0,0,0,0,0,0,0,0,0
205,0,0,0,0,0,0,0,0,0
206,0,0,0,0,0,0,0,0,0
207,0,0,0,0,0,0,0,0,0
208,0,0,0,0,0,0,0,0,0
209,0,0,0,0,0,0,0,0,0
210,0,0,0,0,0,0,0,0,0
211,0,0,0,0,0,0,0,0,0
212,0,0,0,0,0,0,0,0,0
213,0,0,0,0,0,0,0,0,0
214,0,0,0,0,0,0,0,0,0
215,0,0,0,0,0,0,0,0,0
216,0,0,0,0,0,0,0,0,0
217,0,0,0,0,0,0,0,0,0
218,0,0,0,0,0,0,0,0,0
219,0,0,0,0,0,0,0,0,0
220,0,0,0,0,0,0,0,0,0
221,0,0,0,0,0,0,0,0,0
222,0,0,0,0,0,0,0,0,0
223,0,0,0,0,0,0,0,0,0
224,0,0,0,0,0,0,0,0,0
225,0,0,0,0,0,0,0,0,0
226,0,0,0,0,0,0,0,0,0
227,0,0,0,0,0,0,0,0,0
228,0,0,0,0,0,0,0,0,0
229,0,0,0,0,0,0,0,0,0
230,0,0,0,0,0,0,0,0,0
231,0,0,0,0,0,0,0,0,0
232,0,0,0,0,0,0,0,0,0
233,0,0,0,0,0,0,0,0,0
234,0,0,0,0,0,0,0,0,0
235,0,0,0,0,0,0,0,0,0
236,0,0,0,0,0,0,0,0,0
237,0,0,0,0,0,0,0,0,0
238,0,0,0,0,0,0,0,0,0
239,0,0,0,0,0,0,0,0,0
240,0,0,0,0,0,0,0,0,0
241,0,0,0,0,0,0,0,0,0
242,0,0,0,0,0,0,0,0,0
243,0,0,0,0,0,0,0,0,0
244,0,0,0,0,0,0,0,0,0
245,0,0,0,0,0,0,0,0,0
246,0,0,0,0,0,0,0,0,0
247,0,0,0,0,0,0,0,0,0
248,0,0,0,0,0,0,0,0,0
249,0,0,0,0,0,0,0,0,0
250,0,0,0,0,0,0,0,0,0
251,0,0,0,0,0,0,0,0,0
252,0,0,0,0,0,0,0,0,0
253,0,0,0,0,0,0,0,0,0
254,0,0,0,0,0,0,0,0,0
255,0,0,0,0,0,0,0,0,0
256,0,0,0,0,0,0,0,0,0
257,0,0,0,0,0,0,0,0,0
258,0,0,0,0,0,0,0,0,0
259,0,0,0,0,0,0,0,0,0
260,0,0,0,0,0,0,0,0,0
261,0,0,0,0,0,0,0,0,0
262,0,0,0,0,0,0,0,0,0
263,0,0,0,0,0,0,0,0,0
264,0,0,0,0,0,0,0,0,0
265,0,0,0,0,0,0,0,0,0
266,0,0,0,0,0,0,0,0,0
267,0,0,0,0,0,0,0,0,0
268,0,0,0,0,0,0,0,0,0
269,0,0,0,0,0,0,0,0,0
270,0,0,0,0,0,0,0,0,0
271,0,0,0,0,0,0,0,0,0
272,0,0,0,0,0,0,0,0,0
273,0,0,0,0,0,0,0,0,0
274,0,0,0,0,0,0,0,0,0
275,0,0,0,0,0,0,0,0,0
276,0,0,0,0,0,0,0,0,0
277,0,0,0,0,0,0,0,0,0
278,0,0,0,0,0,0,0,0,0
279,0,0,0,0,0,0,0,0,0
280,0,0,0,0,0,0,0,0,0
281,0,0,0,0,0,0,0,0,0
282,0,0,0,0,0,0,0,0,0
283,0,0,0,0,0,0,0,0,0
284,0,0,0,0,0,0,0,0,0
285,0,0,0,0,0,0,0,0,0
286,0,0,0,0,0,0,0,0,0
287,0,0,0,0,0,0,0,0,0
288,0,0,0,0,0,0,0,0,0
289,0,0,0,0,0,0,0,0,0
290,0,0,0,0,0,0,0,0,0
291,0,0,0,0,0,0,0,0,0
292,0,0,0,0,0,0,0,0,0
293,0,0,0,0,0,0,0,0,0
294,0,0,0,0,0,0,0,0,0
295,0,0,0,0,0,0,0,0,0
296,0,0,0,0,0,0,0,0,0
297,0,0,0,0,0,0,0,0,0
298,0,0,0,0,0,0,0,0,0
299,0,0,0,0,0,0,0,0,0
300,0,0,0,0,0,0,0,0,0
301,0,0,0,0,0,0,0,0,0
302,0,0,0,0,0,0,0,0,0
303,0,0,0,0,0,0,0,0,0
304,0,0,0,0,0,0,0,0,0
305,0,0,0,0,0,0,0,0,0
306,0,0,0,0,0,0,0,0,0
307,0,0,0,0,0,0,0,0,0
308,0,0,0,0,0,0,0,0,0
309,0,0,0,0,0,0,0,0,0
310,0,0,0,0,0,0,0,0,0
311,0,0,0,0,0,0,0,0,0
312,0,0,0,0,0,0,0,0,0
313,0,0,0,0,0,0,0,0,0
314,0,0,0,0,0,0,0,0,0
315,0,0,0,0,0,0,0,0,0
316,0,0,0,0,0,0,0,0,0
317,0,0,0,0,0,0,0,0,0
318,0,0,0,0,0,0,0,0,0
319,0,0,0,0,0,0,0,0,0
320,0,0,0,0,0,0,0,0,0
321,0,0,0,0,0,0,0,0,0
322,0,0,0,0,0,0,0,0,0
323,0,0,0,0,0,0,0,0,0
324,0,0,0,0,0,0,0,0,0
325,0,0,0,0,0,0,0,0,0
326,0,0,0,0,0,0,0,0,0
327,0,0,0,0,0,0,0,0,0
328,0,0,0,0,0,0,0,0,0
329,0,0,0,0,0,0,0,0,0
330,0,0,0,0,0,0,0,0,0
331,0,0,0,0,0,0,0,0,0
332,0,0,0,0,0,0,0,0,0
333,0,0,0,0,0,0,0,0,0
334,0,0,0,0,0,0,0,0,0
335,0,0,0,0,0,0,0,0,0
336,0,0,0,0,0,0,0,0,0
337,0,0,0,0,0,0,0,0,0
338,0,0,0,0,0,0,0,0,0
339,0,0,0,0,0,0,0,0,0
340,0,0,0,0,0,0,0,0,0
341,0,0,0,0,0,0,0,0,0
342,0,0,0,0,0,0,0,0,0
343,0,0,0,0,0,0,0,0,0
344,0,0,0,0,0,0,0,0,0
345,0,0,0,0,0,0,0,0,0
346,0,0,0,0,0,0,0,0,0
347,0,0,0,0,0,0,0,0,0
348,0,0,0,0,0,0,0,0,0
349,0,0,0,0,0,0,0,0,0
350,0,0,0,0,0,0,0,0,0
351,0,0,0,0,0,0,0,0,0
352,0,0,0,0,0,0,0,0,0
353,0,0,0,0,0,0,0,0,0
354,0,0,0,0,0,0,0,0,0
355,0,0,0,0,0,0,0,0,0
356,0,0,0,0,0,0,0,0,0
357,0,0,0,0,0,0,0,0,0
358,0,0,0,0,0,0,0,0,0
359,0,0,0,0,0,0,0,0,0
360,0,0,0,0,0,0,0,0,0
361,0,0,0,0,0,0,0,0,0
362,0,0,0,0,0,0,0,0,0
363,0,0,0,0,0,0,0,0,0
364,0,0,0,0,0,0,0,0,0
365,0,0,0,0,0,0,0,0,0
366,0,0,0,0,0,0,0,0,0
367,0,0,0,0,0,0,0,0,0
368,0,0,0,0,0,0,0,0,0
369,0,0,0,0,0,0,0,0,0
370,0,0,0,0,0,0,0,0,0
371,0,0,0,0,0,0,0,0,0
372,0,0,0,0,0,0,0,0,0
373,0,0,0,0,0,0,0,0,0
374,0,0,0,0,0,0,0,0,0
375,0,0,0,0,0,0,0,0,0
376,0,0,0,0,0,0,0,0,0
377,0,0,0,0,0,0,0,0,0
378,0,0,0,0,0,0,0,0,0
379,0,0,0,0,0,0,0,0,0
380,0,0,0,0,0,0,0,0,0
381,0,0,0,0,0,0,0,0,0
382,0,0,0,0,0,0,0,0,0
383,0,0,0,0,0,0,0,0,0
384,0,0,0,0,0,0,0,0,0
385,0,0,0,0,0,0,0,0,0
386,0,0,0,0,0,0,0,0,0
387,0,0,0,0,0,0,0,0,0
388,0,0,0,0,0,0,0,0,0
389,0,0,0,0,0,0,0,0,0
390,0,0,0,0,0,0,0,0,0
391,0,0,0,0,0,0,0,0,0
392,0,0,0,0,0,0,0,0,0
393,0,0,0,0,0,0,0,0,0
394,0,0,0,0,0,0,0,0,0
395,0,0,0,0,0,0,0,0,0
396,0,0,0,0,0,0,0,0,0
397,0,0,0,0,0,0,0,0,0
398,0,0,0,0,0,0,0,0,0
399,0,0,0,0,0,0,0,0,0
400,0,0,0,0,0,0,0,0,0
401,0,0,0,0,0,0,0,0,0
402,0,0,0,0,0,0,0,0,0
403,0,0,0,0,0,0,0,0,0
404,0,0,0,0,0,0,0,0,0
405,0,0,0,0,0,0,0,0,0
406,0,0,0,0,0,0,0,0,0
407,0,0,0,0,0,0,0,0,0
408,0,0,0,0,0,0,0,0,0
409,0,0,0,0,0,0,0,0,0
410,0,0,0,0,0,0,0,0,0
411,0,0,0,0,0,0,0,0,0
412,0,0,0,0,0,0,0,0,0
413,0,0,0,0,0,0,0,0,0
414,0,0,0,0,0,0,0,0,0
415,0,0,0,0,0,0,0,0,0
416,0,0,0,0,0,0,0,0,0
417,0,0,0,0,0,0,0,0,0
418,0,0,0,0,0,0,0,0,0
419,0,0,0,0,0,0,0,0,0
420,0,0,0,0,0,0,0,0,0
421,0,0,0,0,0,0,0,0,0
422,0,0,0,0,0,0,0,0,0
423,0,0,0,0,0,0,0,0,0
424,0,0,0,0,0,0,0,0,0
425,0,0,0,0,0,0,0,0,0
426,0,0,0,0,0,0,0,0,0
427,0,0,0,0,0,0,0,0,0
428,0,0,0,0,0,0,0,0,0
429,0,0,0,0,0,0,0,0,0
430,0,0,0,0,0,0,0,0,0
431,0,0,0,0,0,0,0,0,0
432,0,0,0,0,0,0,0,0,0
433,0,0,0,0,0,0,0,0,0
434,0,0,0,0,0,0,0,0,0
435,0,0,0,0,0,0,0,0,0
436,0,0,0,0,0,0,0,0,0
437,0,0,0,0,0,0,0,0,0
438,0,0,0,0,0,0,0,0,0
439,0,0,0,0,0,0,0,0,0
440,0,0,0,0,0,0,0,0,0
441,0,0,0,0,0,0,0,0,0
442,0,0,0,0,0,0,0,0,0
443,0,0,0,0,0,0,0,0,0
444,0,0,0,0,0,0,0,0,0
445,0,0,0,0,0,0,0,0,0
446,0,0,0,0,0,0,0,0,0
447,0,0,0,0,0,0,0,0,0
448,0,0,0,0,0,0,0,0,0
449,0,0,0,0,0,0,0,0,0
450,0,0,0,0,0,0,0,0,0
451,0,0,0,0,0,0,0,0,0
452,0,0,0,0,0,0,0,0,0
453,0,0,0,0,0,0,0,0,0
454,0,0,0,0,0,0,0,0,0
455,0,0,0,0,0,0,0,0,0
456,0,0,0,0,0,0,0,0,0
457,0,0,0,0,0,0,0,0,0
458,0,0,0,0,0,0,0,0,0
459,0,0,0,0,0,0,0,0,0
460,0,0,0,0,0,0,0,0,0
461,0,0,0,0,0,0,0,0,0
462,0,0,0,0,0,0,0,0,0
463,0,0,0,0,0,0,0,0,0
464,0,0,0,0,0,0,0,0,0
465,0,0,0,0,0,0,0,0,0
466,0,0,0,0,0,0,0,0,0
467,0,0,0,0,0,0,0,0,0
468,0,0,0,0,0,0,0,0,0
469,0,0,0,0,0,0,0,0,0
470,0,0,0,0,0,0,0,0,0
471,0,0,0,0,0,0,0,0,0
472,0,0,0,0,0,0,0,0,0
473,0,0,0,0,0,0,0,0,0
474,0,0,0,0,0,0,0,0,0
475,0,0,0,0,0,0,0,0,0
476,0,0,0,0,0,0,0,0,0
477,0,0,0,0,0,0,0,0,0
478,0,0,0,0,0,0,0,0,0
479,0,0,0,0,0,0,0,0,0
480,0,0,0,0,0,0,0,0,0
481,0,0,0,0,0,0,0,0,0
482,0,0,0,0,0,0,0,0,0
483,0,0,0,0,0,0,0,0,0
484,0,0,0,0,0,0,0,0,0
485,0,0,0,0,0,0,0,0,0
486,0,0,0,0,0,0,0,0,0
487,0,0,0,0,0,0,0,0,0
488,0,0,0,0,0,0,0,0,0
489,0,0,0,0,0,0,0,0,0
490,0,0,0,0,0,0,0,0,0
491,0,0,0,0,0,0,0,0,0
492,0,0,0,0,0,0,0,0,0
493,0,0,0,0,0,0,0,0,0
494,0,0,0,0,0,0,0,0,0
495,0,0,0,0,0,0,0,0,0
496,0,0,0,0,0,0,0,0,0
497,0,0,0,0,0,0,0,0,0
498,0,0,0,0,0,0,0,0,0
499,0,0,0,0,0,0,0,0,0
500,0,0,0,0,0,0,0,0,0
501,0,0,0,0,0,0,0,0,0
502,0,0,0,0,0,0,0,0,0
503,0,0,0,0,0,0,0,0,0
504,0,0,0,0,0,0,0,0,0
505,0,0,0,0,0,0,0,0,0
506,0,0,0,0,0,0,0,0,0
507,0,0,0,0,0,0,0,0,0
508,0,0,0,0,0,0,0,0,0
509,0,0,0,0,0,0,0,0,0
510,0,0,0,0,0,0,0,0,0
511,0,0,0,0,0,0,0,0,0
512,0,0,0,0,0,0,0,0,0
513,0,0,0,0,0,0,0,0,0
514,0,0,0,0,0,0,0,0,0
515,0,0,0,0,0,0,0,0,0
516,0,0,0,0,0,0,0,0,0
517,0,0,0,0,0,0,0,0,0
518,0,0,0,0,0,0,0,0,0
519,0,0,0,0,0,0,0,0,0
520,0,0,0,0,0,0,0,0,0
521,0,0,0,0,0,0,0,0,0
522,0,0,0,0,0,0,0,0,0
523,0,0,0,0,0,0,0,0,0
524,0,0,0,0,0,0,0,0,0
525,0,0,0,0,0,0,0,0,0
526,0,0,0,0,0,0,0,0,0
527,0,0,0,0,0,0,0,0,0
528,0,0,0,0,0,0,0,0,0
529,0,0,0,0,0,0,0,0,0
530,0,0,0,0,0,0,0,0,0
531,0,0,0,0,0,0,0,0,0
532,0,0,0,0,0,0,0,0,0
533,0,0,0,0,0,0,0,0,0
534,0,0,0,0,0,0,0,0,0
535,0,0,0,0,0,0,0,0,0
536,0,0,0,0,0,0,0,0,0
537,0,0,0,0,0,0,0,0,0
538,0,0,0,0,0,0,0,0,0
539,0,0,0,0,0,0,0,0,0
540,0,0,0,0,0,0,0,0,0
541,0,0,0,0,0,0,0,0,0
542,0,0,0,0,0,0,0,0,0
543,0,0,0,0,0,0,0,0,0
544,0,0,0,0,0,0,0,0,0
545,0,0,0,0,0,0,0,0,0
546,0,0,0,0,0,0,0,0,0
547,0,0,0,0,0,0,0,0,0
548,0,0,0,0,0,0,0,0,0
549,0,0,0,0,0,0,0,0,0
550,0,0,0,0,0,0,0,0,0
551,0,0,0,0,0,0,0,0,0
552,0,0,0,0,0,0,0,0,0
553,0,0,0,0,0,0,0,0,0
554,0,0,0,0,0,0,0,0,0
555,0,0,0,0,0,0,0,0,0
556,0,0,0,0,0,0,0,0,0
557,0,0,0,0,0,0,0,0,0
558,0,0,0,0,0,0,0,0,0
559,0,0,0,0,0,0,0,0,0
560,0,0,0,0,0,0,0,0,0
561,0,0,0,0,0,0,0,0,0
562,0,0,0,0,0,0,0,0,0
563,0,0,0,0,0,0,0,0,0
564,0,0,0,0,0,0,0,0,0
565,0,0,0,0,0,0,0,0,0
566,0,0,0,0,0,0,0,0,0
567,0,0,0,0,0,0,0,0,0
568,0,0,0,0,0,0,0,0,0
569,0,0,0,0,0,0,0,0,0
570,0,0,0,0,0,0,0,0,0
571,0,0,0,0,0,0,0,0,0
572,0,0,0,0,0,0,0,0,0
573,0,0,0,0,0,0,0,0,0
574,0,0,0,0,0,0,0,0,0
575,0,0,0,0,0,0,0,0,0
576,0,0,0,0,0,0,0,0,0
577,0,0,0,0,0,0,0,0,0
578,0,0,0,0,0,0,0,0,0
579,0,0,0,0,0,0,0,0,0
580,0,0,0,0,0,0,0,0,0
581,0,0,0,0,0,0,0,0,0
582,0,0,0,0,0,0,0,0,0
583,0,0,0,0,0,0,0,0,0
584,0,0,0,0,0,0,0,0,0
585,0,0,0,0,0,0,0,0,0
586,0,0,0,0,0,0,0,0,0
587,0,0,0,0,0,0,0,0,0
588,0,0,0,0,0,0,0,0,0
589,0,0,0,0,0,0,0,0,0
590,0,0,0,0,0,0,0,0,0
591,0,0,0,0,0,0,0,0,0
592,0,0,0,0,0,0,0,0,0
593,0,0,0,0,0,0,0,0,0
594,0,0,0,0,0,0,0,0,0
595,0,0,0,0,0,0,0,0,0
596,0,0,0,0,0,0,0,0,0
597,0,0,0,0,0,0,0,0,0
598,0,0,0,0,0,0,0,0,0
599,0,0,0,0,0,0,0,0,0
600,0,0,0,0,0,0,0,0,0
601,0,0,0,0,0,0,0,0,0
602,0,0,0,0,0,0,0,0,0
603,0,0,0,0,0,0,0,0,0
604,0,0,0,0,0,0,0,0,0
605,0,0,0,0,0,0,0,0,0
606,0,0,0,0,0,0,0,0,0
607,0,0,0,0,0,0,0,0,0
608,0,0,0,0,0,0,0,0,0
609,0,0,0,0,0,0,0,0,0
610,0,0,0,0,0,0,0,0,0
611,0,0,0,0,0,0,0,0,0
612,0,0,0,0,0,0,0,0,0
613,0,0,0,0,0,0,0,0,0
614,0,0,0,0,0,0,0,0,0
615,0,0,0,0,0,0,0,0,0
616,0,0,0,0,0,0,0,0,0
617,0,0,0,0,0,0,0,0,0
618,0,0,0,0,0,0,0,0,0
619,0,0,0,0,0,0,0,0,0
620,0,0,0,0,0,0,0,0,0
621,0,0,0,0,0,0,0,0,0
622,0,0,0,0,0,0,0,0,0
623,0,0,0,0,0,0,0,0,0
624,0,0,0,0,0,0,0,0,0
625,0,0,0,0,0,0,0,0,0
626,0,0,0,0,0,0,0,0,0
627,0,0,0,0,0,0,0,0,0
628,0,0,0,0,0,0,0,0,0
629,0,0,0,0,0,0,0,0,0
630,0,0,0,0,0,0,0,0,0
631,0,0,0,0,0,0,0,0,0
632,0,0,0,0,0,0,0,0,0
633,0,0,0,0,0,0,0,0,0
634,0,0,0,0,0,0,0,0,0
635,0,0,0,0,0,0,0,0,0
636,0,0,0,0,0,0,0,0,0
637,0,0,0,0,0,0,0,0,0
638,0,0,0,0,0,0,0,0,0
639,0,0,0,0,0,0,0,0,0
640,0,0,0,0,0,0,0,0,0
641,0,0,0,0,0,0,0,0,0
642,0,0,0,0,0,0,0,0,0
643,0,0,0,0,0,0,0,0,0
644,0,0,0,0,0,0,0,0,0
645,0,0,0,0,0,0,0,0,0
646,0,0,0,0,0,0,0,0,0
647,0,0,0,0,0,0,0,0,0
648,0,0,0,0,0,0,0,0,0
649,0,0,0,0,0,0,0,0,0
650,0,0,0,0,0,0,0,0,0
651,0,0,0,0,0,0,0,0,0
652,0,0,0,0,0,0,0,0,0
653,0,0,0,0,0,0,0,0,0
654,0,0,0,0,0,0,0,0,0
655,0,0,0,0,0,0,0,0,0
656,0,0,0,0,0,0,0,0,0
657,0,0,0,0,0,0,0,0,0
658,0,0,0,0,0,0,0,0,0
659,0,0,0,0,0,0,0,0,0
660,0,0,0,0,0,0,0,0,0
661,0,0,0,0,0,0,0,0,0
662,0,0,0,0,0,0,0,0,0
663,0,0,0,0,0,0,0,0,0
664,0,0,0,0,0,0,0,0,0
665,0,0,0,0,0,0,0,0,0
666,0,0,0,0,0,0,0,0,0
667,0,0,0,0,0,0,0,0,0
668,0,0,0,0,0,0,0,0,0
669,0,0,0,0,0,0,0,0,0
670,0,0,0,0,0,0,0,0,0
671,0,0,0,0,0,0,0,0,0
672,0,0,0,0,0,0,0,0,0
673,0,0,0,0,0,0,0,0,0
674,0,0,0,0,0,0,0,0,0
675,0,0,0,0,0,0,0,0,0
676,0,0,0,0,0,0,0,0,0
677,0,0,0,0,0,0,0,0,0
678,0,0,0,0,0,0,0,0,0
679,0,0,0,0,0,0,0,0,0
680,0,0,0,0,0,0,0,0,0
681,0,0,0,0,0,0,0,0,0
682,0,0,0,0,0,0,0,0,0
683,0,0,0,0,0,0,0,0,0
684,0,0,0,0,0,0,0,0,0
685,0,0,0,0,0,0,0,0,0
686,0,0,0,0,0,0,0,0,0
687,0,0,0,0,0,0,0,0,0
688,0,0,0,0,0,0,0,0,0
689,0,0,0,0,0,0,0,0,0
690,0,0,0,0,0,0,0,0,0
691,0,0,0,0,0,0,0,0,0
692,0,0,0,0,0,0,0,0,0
693,0,0,0,0,0,0,0,0,0
694,0,0,0,0,0,0,0,0,0
695,0,0,0,0,0,0,0,0,0
696,0,0,0,0,0,0,0,0,0
697,0,0,0,0,0,0,0,0,0
698,0,0,0,0,0,0,0,0,0
699,0,0,0,0,0,0,0,0,0
700,0,0,0,0,0,0,0,0,0
701,0,0,0,0,0,0,0,0,0
702,0,0,0,0,0,0,0,0,0
703,0,0,0,0,0,0,0,0,0
704,0,0,0,0,0,0,0,0,0
705,0,0,0,0,0,0,0,0,0
706,0,0,0,0,0,0,0,0,0
707,0,0,0,0,0,0,0,0,0
708,0,0,0,0,0,0,0,0,0
709,0,0,0,0,0,0,0,0,0
710,0,0,0,0,0,0,0,0,0
711,0,0,0,0,0,0,0,0,0
712,0,0,0,0,0,0,0,0,0
713,0,0,0,0,0,0,0,0,0
714,0,0,0,0,0,0,0,0,0
715,0,0,0,0,0,0,0,0,0
716,0,0,0,0,0,0,0,0,0
717,0,0,0,0,0,0,0,0,0
718,0,0,0,0,0,0,0,0,0
719,0,0,0,0,0,0,0,0,0
720,0,0,0,0,0,0,0,0,0
721,0,0,0,0,0,0,0,0,0
722,0,0,0,0,0,0,0,0,0
723,0,0,0,0,0,0,0,0,0
724,0,0,0,0,0,0,0,0,0
725,0,0,0,0,0,0,0,0,0
726,0,0,0,0,0,0,0,0,0
727,0,0,0,0,0,0,0,0,0
728,0,0,0,0,0,0,0,0,0
729,0,0,0,0,0,0,0,0,0
730,0,0,0,0,0,0,0,0,0
731,0,0,0,0,0,0,0,0,0
732,0,0,0,0,0,0,0,0,0
733,0,0,0,0,0,0,0,0,0
734,0,0,0,0,0,0,0,0,0
735,0,0,0,0,0,0,0,0,0
736,0,0,0,0,0,0,0,0,0
737,0,0,0,0,0,0,0,0,0
738,0,0,0,0,0,0,0,0,0
739,0,0,0,0,0,0,0,0,0
740,0,0,0,0,0,0,0,0,0
741,0,0,0,0,0,0,0,0,0
742,0,0,0,0,0,0,0,0,0
743,0,0,0,0,0,0,0,0,0
744,0,0,0,0,0,0,0,0,0
745,0,0,0,0,0,0,0,0,0
746,0,0,0,0,0,0,0,0,0
747,0,0,0,0,0,0,0,0,0
748,0,0,0,0,0,0,0,0,0
749,0,0,0,0,0,0,0,0,0
750,0,0,0,0,0,0,0,0,0
0,194,7257,201425,4077983,57373546,517292847,2626655236,5935079656,3356972874
1,89,2833,62887,1007002,11197016,79812087,320616311,573358685,256705346
2,56,1416,26086,350038,3252381,19374119,65053740,97214441,36346878
3,37,702,10944,126007,1005792,5152409,14890924,19180576,6185583
4,30,450,6155,60606,413631,1818672,4508336,4975962,1374048
5,13,196,2496,21517,127510,492233,1073961,1044896,253898
6,7,86,1011,7587,39741,136722,264544,226673,47772
7,4,58,640,4362,21021,67792,121146,96631,18897
8,4,46,458,2783,11904,34536,56162,41241,7440
9,4,38,306,1770,6633,17097,25297,16605,2688
10,4,32,245,1305,4583,10832,14705,8899,1285
11,4,30,203,1063,3396,7564,9431,5180,686
12,2,15,92,471,1430,3142,3884,2070,256
13,2,14,84,382,1106,2297,2673,1358,169
14,2,12,79,361,1003,1985,2223,1068,122
15,2,12,77,299,779,1454,1552,717,74
16,1,8,45,157,351,551,527,215,12
17,1,8,45,153,327,495,470,190,12
18,1,7,31,96,174,264,228,92,7
19,1,6,27,83,139,186,153,53,4
20,0,0,0,0,0,0,0,0,0
21,0,0,0,0,0,0,0,0,0
22,0,0,0,0,0,0,0,0,0
23,0,0,0,0,0,0,0,0,0
24,0,0,0,0,0,0,0,0,0
25,0,0,0,0,0,0,0,0,0
26,0,0,0,0,0,0,0,0,0
27,0,0,0,0,0,0,0,0,0
28,0,0,0,0,0,0,0,0,0
29,0,0,0,0,0,0,0,0,0
30,0,0,0,0,0,0,0,0,0
31,0,0,0,0,0,0,0,0,0
32,0,0,0,0,0,0,0,0,0
33,0,0,0,0,0,0,0,0,0
34,0,0,0,0,0,0,0,0,0
35,0,0,0,0,0,0,0,0,0
36,0,0,0,0,0,0,0,0,0
37,0,0,0,0,0,0,0,0,0
38,0,0,0,0,0,0,0,0,0
39,0,0,0,0,0,0,0,0,0
40,0,0,0,0,0,0,0,0,0
41,0,0,0,0,0,0,0,0,0
42,0,0,0,0,0,0,0,0,0
43,0,0,0,0,0,0,0,0,0
44,0,0,0,0,0,0,0,0,0
45,0,0,0,0,0,0,0,0,0
46,0,0,0,0,0,0,0,0,0
47,0,0,0,0,0,0,0,0,0
48,0,0,0,0,0,0,0,0,0
49,0,0,0,0,0,0,0,0,0
50,0,0,0,0,0,0,0,0,0
51,0,0,0,0,0,0,0,0,0
52,0,0,0,0,0,0,0,0,0
53,0,0,0,0,0,0,0,0,0
54,0,0,0,0,0,0,0,0,0
55,0,0,0,0,0,0,0,0,0
56,0,0,0,0,0,0,0,0,0
57,0,0,0,0,0,0,0,0,0
58,0,0,0,0,0,0,0,0,0
59,0,0,0,0,0,0,0,0,0
60,0,0,0,0,0,0,0,0,0
61,0,0,0,0,0,0,0,0,0
62,0,0,0,0,0,0,0,0,0
63,0,0,0,0,0,0,0,0,0
64,0,0,0,0,0,0,0,0,0
65,0,0,0,0,0,0,0,0,0
66,0,0,0,0,0,0,0,0,0
67,0,0,0,0,0,0,0,0,0
68,0,0,0,0,0,0,0,0,0
69,0,0,0,0,0,0,0,0,0
70,0,0,0,0,0,0,0,0,0
71,0,0,0,0,0,0,0,0,0
72,0,0,0,0,0,0,0,0,0
73,0,0,0,0,0,0,0,0,0
74,0,0,0,0,0,0,0,0,0
75,0,0,0,0,0,0,0,0,0
76,0,0,0,0,0,0,0,0,0
77,0,0,0,0,0,0,0,0,0
78,0,0,0,0,0,0,0,0,0
79,0,0,0,0,0,0,0,0,0
80,0,0,0,0,0,0,0,0,0
81,0,0,0,0,0,0,0,0,0
82,0,0,0,0,0,0,0,0,0
83,0,0,0,0,0,0,0,0,0
84,0,0,0,0,0,0,0,0,0
85,0,0,0,0,0,0,0,0,0
86,0,0,0,0,0,0,0,0,0
87,0,0,0,0,0,0,0,0,0
88,0,0,0,0,0,0,0,0,0
89,0,0,0,0,0,0,0,0,0
90,0,0,0,0,0,0,0,0,0
91,0,0,0,0,0,0,0,0,0
92,0,0,0,0,0,0,0,0,0
93,0,0,0,0,0,0,0,0,0
94,0,0,0,0,0,0,0,0,0
95,0,0,0,0,0,0,0,0,0
96,0,0,0,0,0,0,0,0,0
97,0,0,0,0,0,0,0,0,0
98,0,0,0,0,0,0,0,0,0
99,0,0,0,0,0,0,0,0,0
100,0,0,0,0,0,0,0,0,0
101,0,0,0,0,0,0,0,0,0
102,0,0,0,0,0,0,0,0,0
103,0,0,0,0,0,0,0,0,0
104,0,0,0,0,0,0,0,0,0
105,0,0,0,0,0,0,0,0,0
106,0,0,0,0,0,0,0,0,0
107,0,0,0,0,0,0,0,0,0
108,0,0,0,0,0,0,0,0,0
109,0,0,0,0,0,0,0,0,0
110,0,0,0,0,0,0,0,0,0
111,0,0,0,0,0,0,0,0,0
112,0,0,0,0,0,0,0,0,0
113,0,0,0,0,0,0,0,0,0
114,0,0,0,0,0,0,0,0,0
115,0,0,0,0,0,0,0,0,0
116,0,0,0,0,0,0,0,0,0
117,0,0,0,0,0,0,0,0,0
118,0,0,0,0,0,0,0,0,0
119,0,0,0,0,0,0,0,0,0
120,0,0,0,0,0,0,0,0,0
121,0,0,0,0,0,0,0,0,0
122,0,0,0,0,0,0,0,0,0
123,0,0,0,0,0,0,0,0,0
124,0,0,0,0,0,0,0,0,0
125,0,0,0,0,0,0,0,0,0
126,0,0,0,0,0,0,0,0,0
127,0,0,0,0,0,0,0,0,0
128,0,0,0,0,0,0,0,0,0
129,0,0,0,0,0,0,0,0,0
130,0,0,0,0,0,0,0,0,0
131,0,0,0,0,0,0,0,0,0
132,0,0,0,0,0,0,0,0,0
133,0,0,0,0,0,0,0,0,0
134,0,0,0,0,0,0,0,0,0
135,0,0,0,0,0,0,0,0,0
136,0,0,0,0,0,0,0,0,0
137,0,0,0,0,0,0,0,0,0
138,0,0,0,0,0,0,0,0,0
139,0,0,0,0,0,0,0,0,0
140,0,0,0,0,0,0,0,0,0
141,0,0,0,0,0,0,0,0,0
142,0,0,0,0,0,0,0,0,0
143,0,0,0,0,0,0,0,0,0
144,0,0,0,0,0,0,0,0,0
145,0,0,0,0,0,0,0,0,0
146,0,0,0,0,0,0,0,0,0
147,0,0,0,0,0,0,0,0,0
148,0,0,0,0,0,0,0,0,0
149,0,0,0,0,0,0,0,0,0
150,0,0,0,0,0,0,0,0,0
151,0,0,0,0,0,0,0,0,0
152,0,0,0,0,0,0,0,0,0
153,0,0,0,0,0,0,0,0,0
154,0,0,0,0,0,0,0,0,0
155,0,0,0,0,0,0,0,0,0
156,0,0,0,0,0,0,0,0,0
157,0,0,0,0,0,0,0,0,0
158,0,0,0,0,0,0,0,0,0
159,0,0,0,0,0,0,0,0,0
160,0,0,0,0,0,0,0,0,0
161,0,0,0,0,0,0,0,0,0
162,0,0,0,0,0,0,0,0,0
163,0,0,0,0,0,0,0,0,0
164,0,0,0,0,0,0,0,0,0
165,0,0,0,0,0,0,0,0,0
166,0,0,0,0,0,0,0,0,0
167,0,0,0,0,0,0,0,0,0
168,0,0,0,0,0,0,0,0,0
169,0,0,0,0,0,0,0,0,0
170,0,0,0,0,0,0,0,0,0
171,0,0,0,0,0,0,0,0,0
172,0,0,0,0,0,0,0,0,0
173,0,0,0,0,0,0,0,0,0
174,0,0,0,0,0,0,0,0,0
175,0,0,0,0,0,0,0,0,0
176,0,0,0,0,0,0,0,0,0
177,0,0,0,0,0,0,0,0,0
178,0,0,0,0,0,0,0,0,0
179,0,0,0,0,0,0,0,0,0
180,0,0,0,0,0,0,0,0,0
181,0,0,0,0,0,0,0,0,0
182,0,0,0,0,0,0,0,0,0
183,0,0,0,0,0,0,0,0,0
184,0,0,0,0,0,0,0,0,0
185,0,0,0,0,0,0,0,0,0
186,0,0,0,0,0,0,0,0,0
187,0,0,0,0,0,0,0,0,0
188,0,0,0,0,0,0,0,0,0
189,0,0,0,0,0,0,0,0,0
190,0,0,0,0,0,0,0,0,0
191,0,0,0,0,0,0,0,0,0
192,0,0,0,0,0,0,0,0,0
193,0,0,0,0,0,0,0,0,0
194,0,0,0,0,0,0,0,0,0
195,0,0,0,0,0,0,0,0,0
196,0,0,0,0,0,0,0,0,0
197,0,0,0,0,0,0,0,0,0
198,0,0,0,0,0,0,0,0,0
199,0,0,0,0,0,0,0,0,0
200,0,0,0,0,0,0,0,0,0
201,0,0,0,0,0,0,0,0,0
202,0,0,0,0,0,0,0,0,0
203,0,0,0,0,0,0,0,0,0
204,0,0,0,0,0,0,0,0,0
205,0,0,0,0,0,0,0,0,0
206,0,0,0,0,0,0,0,0,0
207,0,0,0,0,0,0,0,0,0
208,0,0,0,0,0,0,0,0,0
209,0,0,0,0,0,0,0,0,0
210,0,0,0,0,0,0,0,0,0
211,0,0,0,0,0,0,0,0,0
212,0,0,0,0,0,0,0,0,0
213,0,0,0,0,0,0,0,0,0
214,0,0,0,0,0,0,0,0,0
215,0,0,0,0,0,0,0,0,0
216,0,0,0,0,0,0,0,0,0
217,0,0,0,0,0,0,0,0,0
218,0,0,0,0,0,0,0,0,0
219,0,0,0,0,0,0,0,0,0
220,0,0,0,0,0,0,0,0,0
221,0,0,0,0,0,0,0,0,0
222,0,0,0,0,0,0,0,0,0
223,0,0,0,0,0,0,0,0,0
224,0,0,0,0,0,0,0,0,0
225,0,0,0,0,0,0,0,0,0
226,0,0,0,0,0,0,0,0,0
227,0,0,0,0,0,0,0,0,0
228,0,0,0,0,0,0,0,0,0
229,0,0,0,0,0,0,0,0,0
230,0,0,0,0,0,0,0,0,0
231,0,0,0,0,0,0,0,0,0
232,0,0,0,0,0,0,0,0,0
233,0,0,0,0,0,0,0,0,0
234,0,0,0,0,0,0,0,0,0
235,0,0,0,0,0,0,0,0,0
236,0,0,0,0,0,0,0,0,0
237,0,0,0,0,0,0,0,0,0
238,0,0,0,0,0,0,0,0,0
239,0,0,0,0,0,0,0,0,0
240,0,0,0,0,0,0,0,0,0
241,0,0,0,0,0,0,0,0,0
242,0,0,0,0,0,0,0,0,0
243,0,0,0,0,0,0,0,0,0
244,0,0,0,0,0,0,0,0,0
245,0,0,0,0,0,0,0,0,0
246,0,0,0,0,0,0,0,0,0
247,0,0,0,0,0,0,0,0,0
248,0,0,0,0,0,0,0,0,0
249,0,0,0,0,0,0,0,0,0
250,0,0,0,0,0,0,0,0,0
251,0,0,0,0,0,0,0,0,0
252,0,0,0,0,0,0,0,0,0
253,0,0,0,0,0,0,0,0,0
254,0,0,0,0,0,0,0,0,0
255,0,0,0,0,0,0,0,0,0
256,0,0,0,0,0,0,0,0,0
257,0,0,0,0,0,0,0,0,0
258,0,0,0,0,0,0,0,0,0
259,0,0,0,0,0,0,0,0,0
260,0,0,0,0,0,0,0,0,0
261,0,0,0,0,0,0,0,0,0
262,0,0,0,0,0,0,0,0,0
263,0,0,0,0,0,0,0,0,0
264,0,0,0,0,0,0,0,0,0
265,0,0,0,0,0,0,0,0,0
266,0,0,0,0,0,0,0,0,0
267,0,0,0,0,0,0,0,0,0
268,0,0,0,0,0,0,0,0,0
269,0,0,0,0,0,0,0,0,0
270,0,0,0,0,0,0,0,0,0
271,0,0,0,0,0,0,0,0,0
272,0,0,0,0,0,0,0,0,0
273,0,0,0,0,0,0,0,0,0
274,0,0,0,0,0,0,0,0,0
275,0,0,0,0,0,0,0,0,0
276,0,0,0,0,0,0,0,0,0
277,0,0,0,0,0,0,0,0,0
278,0,0,0,0,0,0,0,0,0
279,0,0,0,0,0,0,0,0,0
280,0,0,0,0,0,0,0,0,0
281,0,0,0,0,0,0,0,0,0
282,0,0,0,0,0,0,0,0,0
283,0,0,0,0,0,0,0,0,0
284,0,0,0,0,0,0,0,0,0
285,0,0,0,0,0,0,0,0,0
286,0,0,0,0,0,0,0,0,0
287,0,0,0,0,0,0,0,0,0
288,0,0,0,0,0,0,0,0,0
289,0,0,0,0,0,0,0,0,0
290,0,0,0,0,0,0,0,0,0
291,0,0,0,0,0,0,0,0,0
292,0,0,0,0,0,0,0,0,0
293,0,0,0,0,0,0,0,0,0
294,0,0,0,0,0,0,0,0,0
295,0,0,0,0,0,0,0,0,0
296,0,0,0,0,0,0,0,0,0
297,0,0,0,0,0,0,0,0,0
298,0,0,0,0,0,0,0,0,0
299,0,0,0,0,0,0,0,0,0
300,0,0,0,0,0,0,0,0,0
301,0,0,0,0,0,0,0,0,0
302,0,0,0,0,0,0,0,0,0
303,0,0,0,0,0,0,0,0,0
304,0,0,0,0,0,0,0,0,0
305,0,0,0,0,0,0,0,0,0
306,0,0,0,0,0,0,0,0,0
307,0,0,0,0,0,0,0,0,0
308,0,0,0,0,0,0,0,0,0
309,0,0,0,0,0,0,0,0,0
310,0,0,0,0,0,0,0,0,0
311,0,0,0,0,0,0,0,0,0
312,0,0,0,0,0,0,0,0,0
313,0,0,0,0,0,0,0,0,0
314,0,0,0,0,0,0,0,0,0
315,0,0,0,0,0,0,0,0,0
316,0,0,0,0,0,0,0,0,0
317,0,0,0,0,0,0,0,0,0
318,0,0,0,0,0,0,0,0,0
319,0,0,0,0,0,0,0,0,0
320,0,0,0,0,0,0,0,0,0
321,0,0,0,0,0,0,0,0,0
322,0,0,0,0,0,0,0,0,0
323,0,0,0,0,0,0,0,0,0
324,0,0,0,0,0,0,0,0,0
325,0,0,0,0,0,0,0,0,0
326,0,0,0,0,0,0,0,0,0
327,0,0,0,0,0,0,0,0,0
328,0,0,0,0,0,0,0,0,0
329,0,0,0,0,0,0,0,0,0
330,0,0,0,0,0,0,0,0,0
331,0,0,0,0,0,0,0,0,0
332,0,0,0,0,0,0,0,0,0
333,0,0,0,0,0,0,0,0,0
334,0,0,0,0,0,0,0,0,0
335,0,0,0,0,0,0,0,0,0
336,0,0,0,0,0,0,0,0,0
337,0,0,0,0,0,0,0,0,0
338,0,0,0,0,0,0,0,0,0
339,0,0,0,0,0,0,0,0,0
340,0,0,0,0,0,0,0,0,0
341,0,0,0,0,0,0,0,0,0
342,0,0,0,0,0,0,0,0,0
343,0,0,0,0,0,0,0,0,0
344,0,0,0,0,0,0,0,0,0
345,0,0,0,0,0,0,0,0,0
346,0,0,0,0,0,0,0,0,0
347,0,0,0,0,0,0,0,0,0
348,0,0,0,0,0,0,0,0,0
349,0,0,0,0,0,0,0,0,0
350,0,0,0,0,0,0,0,0,0
351,0,0,0,0,0,0,0,0,0
352,0,0,0,0,0,0,0,0,0
353,0,0,0,0,0,0,0,0,0
354,0,0,0,0,0,0,0,0,0
355,0,0,0,0,0,0,0,0,0
356,0,0,0,0,0,0,0,0,0
357,0,0,0,0,0,0,0,0,0
358,0,0,0,0,0,0,0,0,0
359,0,0,0,0,0,0,0,0,0
360,0,0,0,0,0,0,0,0,0
361,0,0,0,0,0,0,0,0,0
362,0,0,0,0,0,0,0,0,0
363,0,0,0,0,0,0,0,0,0
364,0,0,0,0,0,0,0,0,0
365,0,0,0,0,0,0,0,0,0
366,0,0,0,0,0,0,0,0,0
367,0,0,0,0,0,0,0,0,0
368,0,0,0,0,0,0,0,0,0
369,0,0,0,0,0,0,0,0,0
370,0,0,0,0,0,0,0,0,0
371,0,0,0,0,0,0,0,0,0
372,0,0,0,0,0,0,0,0,0
373,0,0,0,0,0,0,0,0,0
374,0,0,0,0,0,0,0,0,0
375,0,0,0,0,0,0,0,0,0
376,0,0,0,0,0,0,0,0,0
377,0,0,0,0,0,0,0,0,0
378,0,0,0,0,0,0,0,0,0
379,0,0,0,0,0,0,0,0,0
380,0,0,0,0,0,0,0,0,0
381,0,0,0,0,0,0,0,0,0
382,0,0,0,0,0,0,0,0,0
383,0,0,0,0,0,0,0,0,0
384,0,0,0,0,0,0,0,0,0
385,0,0,0,0,0,0,0,0,0
386,0,0,0,0,0,0,0,0,0
387,0,0,0,0,0,0,0,0,0
388,0,0,0,0,0,0,0,0,0
389,0,0,0,0,0,0,0,0,0
390,0,0,0,0,0,0,0,0,0
391,0,0,0,0,0,0,0,0,0
392,0,0,0,0,0,0,0,0,0
393,0,0,0,0,0,0,0,0,0
394,0,0,0,0,0,0,0,0,0
395,0,0,0,0,0,0,0,0,0
396,0,0,0,0,0,0,0,0,0
397,0,0,0,0,0,0,0,0,0
398,0,0,0,0,0,0,0,0,0
399,0,0,0,0,0,0,0,0,0
400,0,0,0,0,0,0,0,0,0
401,0,0,0,0,0,0,0,0,0
402,0,0,0,0,0,0,0,0,0
403,0,0,0,0,0,0,0,0,0
404,0,0,0,0,0,0,0,0,0
405,0,0,0,0,0,0,0,0,0
406,0,0,0,0,0,0,0,0,0
407,0,0,0,0,0,0,0,0,0
408,0,0,0,0,0,0,0,0,0
409,0,0,0,0,0,0,0,0,0
410,0,0,0,0,0,0,0,0,0
411,0,0,0,0,0,0,0,0,0
412,0,0,0,0,0,0,0,0,0
413,0,0,0,0,0,0,0,0,0
414,0,0,0,0,0,0,0,0,0
415,0,0,0,0,0,0,0,0,0
416,0,0,0,0,0,0,0,0,0
417,0,0,0,0,0,0,0,0,0
418,0,0,0,0,0,0,0,0,0
419,0,0,0,0,0,0,0,0,0
420,0,0,0,0,0,0,0,0,0
421,0,0,0,0,0,0,0,0,0
422,0,0,0,0,0,0,0,0,0
423,0,0,0,0,0,0,0,0,0
424,0,0,0,0,0,0,0,0,0
425,0,0,0,0,0,0,0,0,0
426,0,0,0,0,0,0,0,0,0
427,0,0,0,0,0,0,0,0,0
428,0,0,0,0,0,0,0,0,0
429,0,0,0,0,0,0,0,0,0
430,0,0,0,0,0,0,0,0,0
431,0,0,0,0,0,0,0,0,0
432,0,0,0,0,0,0,0,0,0
433,0,0,0,0,0,0,0,0,0
434,0,0,0,0,0,0,0,0,0
435,0,0,0,0,0,0,0,0,0
436,0,0,0,0,0,0,0,0,0
437,0,0,0,0,0,0,0,0,0
438,0,0,0,0,0,0,0,0,0
439,0,0,0,0,0,0,0,0,0
440,0,0,0,0,0,0,0,0,0
441,0,0,0,0,0,0,0,0,0
442,0,0,0,0,0,0,0,0,0
443,0,0,0,0,0,0,0,0,0
444,0,0,0,0,0,0,0,0,0
445,0,0,0,0,0,0,0,0,0
446,0,0,0,0,0,0,0,0,0
447,0,0,0,0,0,0,0,0,0
448,0,0,0,0,0,0,0,0,0
449,0,0,0,0,0,0,0,0,0
450,0,0,0,0,0,0,0,0,0
451,0,0,0,0,0,0,0,0,0
452,0,0,0,0,0,0,0,0,0
453,0,0,0,0,0,0,0,0,0
454,0,0,0,0,0,0,0,0,0
455,0,0,0,0,0,0,0,0,0
456,0,0,0,0,0,0,0,0,0
457,0,0,0,0,0,0,0,0,0
458,0,0,0,0,0,0,0,0,0
459,0,0,0,0,0,0,0,0,0
460,0,0,0,0,0,0,0,0,0
461,0,0,0,0,0,0,0,0,0
462,0,0,0,0,0,0,0,0,0
463,0,0,0,0,0,0,0,0,0
464,0,0,0,0,0,0,0,0,0
465,0,0,0,0,0,0,0,0,0
466,0,0,0,0,0,0,0,0,0
467,0,0,0,0,0,0,0,0,0
468,0,0,0,0,0,0,0,0,0
469,0,0,0,0,0,0,0,0,0
470,0,0,0,0,0,0,0,0,0
471,0,0,0,0,0,0,0,0,0
472,0,0,0,0,0,0,0,0,0
473,0,0,0,0,0,0,0,0,0
474,0,0,0,0,0,0,0,0,0
475,0,0,0,0,0,0,0,0,0
476,0,0,0,0,0,0,0,0,0
477,0,0,0,0,0,0,0,0,0
478,0,0,0,0,0,0,0,0,0
479,0,0,0,0,0,0,0,0,0
480,0,0,0,0,0,0,0,0,0
481,0,0,0,0,0,0,0,0,0
482,0,0,0,0,0,0,0,0,0
483,0,0,0,0,0,0,0,0,0
484,0,0,0,0,0,0,0,0,0
485,0,0,0,0,0,0,0,0,0
486,0,0,0,0,0,0,0,0,0
487,0,0,0,0,0,0,0,0,0
488,0,0,0,0,0,0,0,0,0
489,0,0,0,0,0,0,0,0,0
490,0,0,0,0,0,0,0,0,0
491,0,0,0,0,0,0,0,0,0
492,0,0,0,0,0,0,0,0,0
493,0,0,0,0,0,0,0,0,0
494,0,0,0,0,0,0,0,0,0
495,0,0,0,0,0,0,0,0,0
496,0,0,0,0,0,0,0,0,0
497,0,0,0,0,0,0,0,0,0
498,0,0,0,0,0,0,0,0,0
499,0,0,0,0,0,0,0,0,0
500,0,0,0,0,0,0,0,0,0
501,0,0,0,0,0,0,0,0,0
502,0,0,0,0,0,0,0,0,0
503,0,0,0,0,0,0,0,0,0
504,0,0,0,0,0,0,0,0,0
505,0,0,0,0,0,0,0,0,0
506,0,0,0,0,0,0,0,0,0
507,0,0,0,0,0,0,0,0,0
508,0,0,0,0,0,0,0,0,0
509,0,0,0,0,0,0,0,0,0
510,0,0,0,0,0,0,0,0,0
511,0,0,0,0,0,0,0,0,0
512,0,0,0,0,0,0,0,0,0
513,0,0,0,0,0,0,0,0,0
514,0,0,0,0,0,0,0,0,0
515,0,0,0,0,0,0,0,0,0
516,0,0,0,0,0,0,0,0,0
517,0,0,0,0,0,0,0,0,0
518,0,0,0,0,0,0,0,0,0
519,0,0,0,0,0,0,0,0,0
520,0,0,0,0,0,0,0,0,0
521,0,0,0,0,0,0,0,0,0
522,0,0,0,0,0,0,0,0,0
523,0,0,0,0,0,0,0,0,0
524,0,0,0,0,0,0,0,0,0
525,0,0,0,0,0,0,0,0,0
526,0,0,0,0,0,0,0,0,0
527,0,0,0,0,0,0,0,0,0
528,0,0,0,0,0,0,0,0,0
529,0,0,0,0,0,0,0,0,0
530,0,0,0,0,0,0,0,0,0
531,0,0,0,0,0,0,0,0,0
532,0,0,0,0,0,0,0,0,0
533,0,0,0,0,0,0,0,0,0
534,0,0,0,0,0,0,0,0,0
535,0,0,0,0,0,0,0,0,0
536,0,0,0,0,0,0,0,0,0
537,0,0,0,0,0,0,0,0,0
538,0,0,0,0,0,0,0,0,0
539,0,0,0,0,0,0,0,0,0
540,0,0,0,0,0,0,0,0,0
541,0,0,0,0,0,0,0,0,0
542,0,0,0,0,0,0,0,0,0
543,0,0,0,0,0,0,0,0,0
544,0,0,0,0,0,0,0,0,0
545,0,0,0,0,0,0,0,0,0
546,0,0,0,0,0,0,0,0,0
547,0,0,0,0,0,0,0,0,0
548,0,0,0,0,0,0,0,0,0
549,0,0,0,0,0,0,0,0,0
550,0,0,0,0,0,0,0,0,0
551,0,0,0,0,0,0,0,0,0
552,0,0,0,0,0,0,0,0,0
553,0,0,0,0,0,0,0,0,0
554,0,0,0,0,0,0,0,0,0
555,0,0,0,0,0,0,0,0,0
556,0,0,0,0,0,0,0,0,0
557,0,0,0,0,0,0,0,0,0
558,0,0,0,0,0,0,0,0,0
559,0,0,0,0,0,0,0,0,0
560,0,0,0,0,0,0,0,0,0
561,0,0,0,0,0,0,0,0,0
562,0,0,0,0,0,0,0,0,0
563,0,0,0,0,0,0,0,0,0
564,0,0,0,0,0,0,0,0,0
565,0,0,0,0,0,0,0,0,0
566,0,0,0,0,0,0,0,0,0
567,0,0,0,0,0,0,0,0,0
568,0,0,0,0,0,0,0,0,0
569,0,0,0,0,0,0,0,0,0
570,0,0,0,0,0,0,0,0,0
571,0,0,0,0,0,0,0,0,0
572,0,0,0,0,0,0,0,0,0
573,0,0,0,0,0,0,0,0,0
574,0,0,0,0,0,0,0,0,0
575,0,0,0,0,0,0,0,0,0
576,0,0,0,0,0,0,0,0,0
577,0,0,0,0,0,0,0,0,0
578,0,0,0,0,0,0,0,0,0
579,0,0,0,0,0,0,0,0,0
580,0,0,0,0,0,0,0,0,0
581,0,0,0,0,0,0,0,0,0
582,0,0,0,0,0,0,0,0,0
583,0,0,0,0,0,0,0,0,0
584,0,0,0,0,0,0,0,0,0
585,0,0,0,0,0,0,0,0,0
586,0,0,0,0,0,0,0,0,0
587,0,0,0,0,0,0,0,0,0
588,0,0,0,0,0,0,0,0,0
589,0,0,0,0,0,0,0,0,0
590,0,0,0,0,0,0,0,0,0
591,0,0,0,0,0,0,0,0,0
592,0,0,0,0,0,0,0,0,0
593,0,0,0,0,0,0,0,0,0
594,0,0,0,0,0,0,0,0,0
595,0,0,0,0,0,0,0,0,0
596,0,0,0,0,0,0,0,0,0
597,0,0,0,0,0,0,0,0,0
598,0,0,0,0,0,0,0,0,0
599,0,0,0,0,0,0,0,0,0
600,0,0,0,0,0,0,0,0,0
601,0,0,0,0,0,0,0,0,0
602,0,0,0,0,0,0,0,0,0
603,0,0,0,0,0,0,0,0,0
604,0,0,0,0,0,0,0,0,0
605,0,0,0,0,0,0,0,0,0
606,0,0,0,0,0,0,0,0,0
607,0,0,0,0,0,0,0,0,0
608,0,0,0,0,0,0,0,0,0
609,0,0,0,0,0,0,0,0,0
610,0,0,0,0,0,0,0,0,0
611,0,0,0,0,0,0,0,0,0
612,0,0,0,0,0,0,0,0,0
613,0,0,0,0,0,0,0,0,0
614,0,0,0,0,0,0,0,0,0
615,0,0,0,0,0,0,0,0,0
616,0,0,0,0,0,0,0,0,0
617,0,0,0,0,0,0,0,0,0
618,0,0,0,0,0,0,0,0,0
619,0,0,0,0,0,0,0,0,0
620,0,0,0,0,0,0,0,0,0
621,0,0,0,0,0,0,0,0,0
622,0,0,0,0,0,0,0,0,0
623,0,0,0,0,0,0,0,0,0
624,0,0,0,0,0,0,0,0,0
625,0,0,0,0,0,0,0,0,0
626,0,0,0,0,0,0,0,0,0
627,0,0,0,0,0,0,0,0,0
628,0,0,0,0,0,0,0,0,0
629,0,0,0,0,0,0,0,0,0
630,0,0,0,0,0,0,0,0,0
631,0,0,0,0,0,0,0,0,0
632,0,0,0,0,0,0,0,0,0
633,0,0,0,0,0,0,0,0,0
634,0,0,0,0,0,0,0,0,0
635,0,0,0,0,0,0,0,0,0
636,0,0,0,0,0,0,0,0,0
637,0,0,0,0,0,0,0,0,0
638,0,0,0,0,0,0,0,0,0
639,0,0,0,0,0,0,0,0,0
640,0,0,0,0,0,0,0,0,0
641,0,0,0,0,0,0,0,0,0
642,0,0,0,0,0,0,0,0,0
643,0,0,0,0,0,0,0,0,0
644,0,0,0,0,0,0,0,0,0
645,0,0,0,0,0,0,0,0,0
646,0,0,0,0,0,0,0,0,0
647,0,0,0,0,0,0,0,0,0
648,0,0,0,0,0,0,0,0,0
649,0,0,0,0,0,0,0,0,0
650,0,0,0,0,0,0,0,0,0
651,0,0,0,0,0,0,0,0,0
652,0,0,0,0,0,0,0,0,0
653,0,0,0,0,0,0,0,0,0
654,0,0,0,0,0,0,0,0,0
655,0,0,0,0,0,0,0,0,0
656,0,0,0,0,0,0,0,0,0
657,0,0,0,0,0,0,0,0,0
658,0,0,0,0,0,0,0,0,0
659,0,0,0,0,0,0,0,0,0
660,0,0,0,0,0,0,0,0,0
661,0,0,0,0,0,0,0,0,0
662,0,0,0,0,0,0,0,0,0
663,0,0,0,0,0,0,0,0,0
664,0,0,0,0,0,0,0,0,0
665,0,0,0,0,0,0,0,0,0
666,0,0,0,0,0,0,0,0,0
667,0,0,0,0,0,0,0,0,0
668,0,0,0,0,0,0,0,0,0
669,0,0,0,0,0,0,0,0,0
670,0,0,0,0,0,0,0,0,0
671,0,0,0,0,0,0,0,0,0
672,0,0,0,0,0,0,0,0,0
673,0,0,0,0,0,0,0,0,0
674,0,0,0,0,0,0,0,0,0
675,0,0,0,0,0,0,0,0,0
676,0,0,0,0,0,0,0,0,0
677,0,0,0,0,0,0,0,0,0
678,0,0,0,0,0,0,0,0,0
679,0,0,0,0,0,0,0,0,0
680,0,0,0,0,0,0,0,0,0
681,0,0,0,0,0,0,0,0,0
682,0,0,0,0,0,0,0,0,0
683,0,0,0,0,0,0,0,0,0
684,0,0,0,0,0,0,0,0,0
685,0,0,0,0,0,0,0,0,0
686,0,0,0,0,0,0,0,0,0
687,0,0,0,0,0,0,0,0,0
688,0,0,0,0,0,0,0,0,0
689,0,0,0,0,0,0,0,0,0
690,0,0,0,0,0,0,0,0,0
691,0,0,0,0,0,0,0,0,0
692,0,0,0,0,0,0,0,0,0
693,0,0,0,0,0,0,0,0,0
694,0,0,0,0,0,0,0,0,0
695,0,0,0,0,0,0,0,0,0
696,0,0,0,0,0,0,0,0,0
697,0,0,0,0,0,0,0,0,0
698,0,0,0,0,0,0,0,0,0
699,0,0,0,0,0,0,0,0,0
700,0,0,0,0,0,0,0,0,0
701,0,0,0,0,0,0,0,0,0
702,0,0,0,0,0,0,0,0,0
703,0,0,0,0,0,0,0,0,0
704,0,0,0,0,0,0,0,0,0
705,0,0,0,0,0,0,0,0,0
706,0,0,0,0,0,0,0,0,0
707,0,0,0,0,0,0,0,0,0
708,0,0,0,0,0,0,0,0,0
709,0,0,0,0,0,0,0,0,0
710,0,0,0,0,0,0,0,0,0
711,0,0,0,0,0,0,0,0,0
712,0,0,0,0,0,0,0,0,0
713,0,0,0,0,0,0,0,0,0
714,0,0,0,0,0,0,0,0,0
715,0,0,0,0,0,0,0,0,0
716,0,0,0,0,0,0,0,0,0
717,0,0,0,0,0,0,0,0,0
718,0,0,0,0,0,0,0,0,0
719,0,0,0,0,0,0,0,0,0
720,0,0,0,0,0,0,0,0,0
721,0,0,0,0,0,0,0,0,0
722,0,0,0,0,0,0,0,0,0
723,0,0,0,0,0,0,0,0,0
724,0,0,0,0,0,0,0,0,0
725,0,0,0,0,0,0,0,0,0
726,0,0,0,0,0,0,0,0,0
727,0,0,0,0,0,0,0,0,0
728,0,0,0,0,0,0,0,0,0
729,0,0,0,0,0,0,0,0,0
730,0,0,0,0,0,0,0,0,0
731,0,0,0,0,0,0,0,0,0
732,0,0,0,0,0,0,0,0,0
733,0,0,0,0,0,0,0,0,0
734,0,0,0,0,0,0,0,0,0
735,0,0,0,0,0,0,0,0,0
736,0,0,0,0,0,0,0,0,0
737,0,0,0,0,0,0,0,0,0
738,0,0,0,0,0,0,0,0,0
739,0,0,0,0,0,0,0,0,0
740,0,0,0,0,0,0,0,0,0
741,0,0,0,0,0,0,0,0,0
742,0,0,0,0,0,0,0,0,0
743,0,0,0,0,0,0,0,0,0
744,0,0,0,0,0,0,0,0,0
745,0,0,0,0,0,0,0,0,0
746,0,0,0,0,0,0,0,0,0
747,0,0,0,0,0,0,0,0,0
748,0,0,0,0,0,0,0,0,0
749,0,0,0,0,0,0,0,0,0
750,0,0,0,0,0,0,0,0,0
0,194,7257,201425,4077983,57373546,517292847,2626655236,5935079656,3356972874
1,98,2727,57638,884690,9435432,64418469,247312197,421989160,180061159
2,73,1628,28880,370662,3313229,19015222,61496239,88577568,31956779
3,49,879,13157,144746,1097229,5336399,14611083,17794062,5428602
4,36,502,6582,64222,431232,1854714,4487821,4839852,1310666
5,23,209,2605,21828,131533,501986,1069532,1012314,237869
6,12,134,1563,12498,71096,254062,502408,443320,97834
7,5,84,921,6879,36359,123664,230777,193748,40330
8,5,45,384,2440,11379,35621,61132,48630,9638
9,5,31,229,1319,5681,15974,25244,18634,3401
10,5,31,212,1170,4730,12552,18965,13401,2315
11,4,19,121,679,2548,6206,8546,5382,773
12,4,19,118,629,2326,5448,7134,4354,598
13,4,18,96,488,1770,4102,5136,3248,456
14,3,12,54,329,1050,2169,2509,1434,163
15,3,7,18,168,601,1130,1225,665,64
16,2,5,12,110,370,629,669,330,21
17,2,5,11,101,301,481,518,270,18
18,2,5,9,92,262,375,347,182,9
19,2,5,9,82,225,352,322,160,9
20,2,5,9,71,128,189,167,70,2
21,1,2,6,27,57,88,75,31,2
22,1,2,6,25,51,67,68,30,2
23,1,2,4,20,44,57,59,24,2
24,1,2,4,20,35,48,53,19,2
25,1,2,4,14,22,31,31,11,2
26,0,1,0,11,12,22,18,6,0
27,0,1,0,11,12,21,17,6,0
28,0,1,0,11,12,21,17,6,0
29,0,1,0,11,12,21,17,6,0
30,0,0,0,4,3,3,6,3,0
31,0,0,0,0,0,0,0,0,0
32,0,0,0,0,0,0,0,0,0
33,0,0,0,0,0,0,0,0,0
34,0,0,0,0,0,0,0,0,0
35,0,0,0,0,0,0,0,0,0
36,0,0,0,0,0,0,0,0,0
37,0,0,0,0,0,0,0,0,0
38,0,0,0,0,0,0,0,0,0
39,0,0,0,0,0,0,0,0,0
40,0,0,0,0,0,0,0,0,0
41,0,0,0,0,0,0,0,0,0
42,0,0,0,0,0,0,0,0,0
43,0,0,0,0,0,0,0,0,0
44,0,0,0,0,0,0,0,0,0
45,0,0,0,0,0,0,0,0,0
46,0,0,0,0,0,0,0,0,0
47,0,0,0,0,0,0,0,0,0
48,0,0,0,0,0,0,0,0,0
49,0,0,0,0,0,0,0,0,0
50,0,0,0,0,0,0,0,0,0
51,0,0,0,0,0,0,0,0,0
52,0,0,0,0,0,0,0,0,0
53,0,0,0,0,0,0,0,0,0
54,0,0,0,0,0,0,0,0,0
55,0,0,0,0,0,0,0,0,0
56,0,0,0,0,0,0,0,0,0
57,0,0,0,0,0,0,0,0,0
58,0,0,0,0,0,0,0,0,0
59,0,0,0,0,0,0,0,0,0
60,0,0,0,0,0,0,0,0,0
61,0,0,0,0,0,0,0,0,0
62,0,0,0,0,0,0,0,0,0
63,0,0,0,0,0,0,0,0,0
64,0,0,0,0,0,0,0,0,0
65,0,0,0,0,0,0,0,0,0
66,0,0,0,0,0,0,0,0,0
67,0,0,0,0,0,0,0,0,0
68,0,0,0,0,0,0,0,0,0
69,0,0,0,0,0,0,0,0,0
70,0,0,0,0,0,0,0,0,0
71,0,0,0,0,0,0,0,0,0
72,0,0,0,0,0,0,0,0,0
73,0,0,0,0,0,0,0,0,0
74,0,0,0,0,0,0,0,0,0
75,0,0,0,0,0,0,0,0,0
76,0,0,0,0,0,0,0,0,0
77,0,0,0,0,0,0,0,0,0
78,0,0,0,0,0,0,0,0,0
79,0,0,0,0,0,0,0,0,0
80,0,0,0,0,0,0,0,0,0
81,0,0,0,0,0,0,0,0,0
82,0,0,0,0,0,0,0,0,0
83,0,0,0,0,0,0,0,0,0
84,0,0,0,0,0,0,0,0,0
85,0,0,0,0,0,0,0,0,0
86,0,0,0,0,0,0,0,0,0
87,0,0,0,0,0,0,0,0,0
88,0,0,0,0,0,0,0,0,0
89,0,0,0,0,0,0,0,0,0
90,0,0,0,0,0,0,0,0,0
91,0,0,0,0,0,0,0,0,0
92,0,0,0,0,0,0,0,0,0
93,0,0,0,0,0,0,0,0,0
94,0,0,0,0,0,0,0,0,0
95,0,0,0,0,0,0,0,0,0
96,0,0,0,0,0,0,0,0,0
97,0,0,0,0,0,0,0,0,0
98,0,0,0,0,0,0,0,0,0
99,0,0,0,0,0,0,0,0,0
100,0,0,0,0,0,0,0,0,0
101,0,0,0,0,0,0,0,0,0
102,0,0,0,0,0,0,0,0,0
103,0,0,0,0,0,0,0,0,0
104,0,0,0,0,0,0,0,0,0
105,0,0,0,0,0,0,0,0,0
106,0,0,0,0,0,0,0,0,0
107,0,0,0,0,0,0,0,0,0
108,0,0,0,0,0,0,0,0,0
109,0,0,0,0,0,0,0,0,0
110,0,0,0,0,0,0,0,0,0
111,0,0,0,0,0,0,0,0,0
112,0,0,0,0,0,0,0,0,0
113,0,0,0,0,0,0,0,0,0
114,0,0,0,0,0,0,0,0,0
115,0,0,0,0,0,0,0,0,0
116,0,0,0,0,0,0,0,0,0
117,0,0,0,0,0,0,0,0,0
118,0,0,0,0,0,0,0,0,0
119,0,0,0,0,0,0,0,0,0
120,0,0,0,0,0,0,0,0,0
121,0,0,0,0,0,0,0,0,0
122,0,0,0,0,0,0,0,0,0
123,0,0,0,0,0,0,0,0,0
124,0,0,0,0,0,0,0,0,0
125,0,0,0,0,0,0,0,0,0
126,0,0,0,0,0,0,0,0,0
127,0,0,0,0,0,0,0,0,0
128,0,0,0,0,0,0,0,0,0
129,0,0,0,0,0,0,0,0,0
130,0,0,0,0,0,0,0,0,0
131,0,0,0,0,0,0,0,0,0
132,0,0,0,0,0,0,0,0,0
133,0,0,0,0,0,0,0,0,0
134,0,0,0,0,0,0,0,0,0
135,0,0,0,0,0,0,0,0,0
136,0,0,0,0,0,0,0,0,0
137,0,0,0,0,0,0,0,0,0
138,0,0,0,0,0,0,0,0,0
139,0,0,0,0,0,0,0,0,0
140,0,0,0,0,0,0,0,0,0
141,0,0,0,0,0,0,0,0,0
142,0,0,0,0,0,0,0,0,0
143,0,0,0,0,0,0,0,0,0
144,0,0,0,0,0,0,0,0,0
145,0,0,0,0,0,0,0,0,0
146,0,0,0,0,0,0,0,0,0
147,0,0,0,0,0,0,0,0,0
148,0,0,0,0,0,0,0,0,0
149,0,0,0,0,0,0,0,0,0
150,0,0,0,0,0,0,0,0,0
151,0,0,0,0,0,0,0,0,0
152,0,0,0,0,0,0,0,0,0
153,0,0,0,0,0,0,0,0,0
154,0,0,0,0,0,0,0,0,0
155,0,0,0,0,0,0,0,0,0
156,0,0,0,0,0,0,0,0,0
157,0,0,0,0,0,0,0,0,0
158,0,0,0,0,0,0,0,0,0
159,0,0,0,0,0,0,0,0,0
160,0,0,0,0,0,0,0,0,0
161,0,0,0,0,0,0,0,0,0
162,0,0,0,0,0,0,0,0,0
163,0,0,0,0,0,0,0,0,0
164,0,0,0,0,0,0,0,0,0
165,0,0,0,0,0,0,0,0,0
166,0,0,0,0,0,0,0,0,0
167,0,0,0,0,0,0,0,0,0
168,0,0,0,0,0,0,0,0,0
169,0,0,0,0,0,0,0,0,0
170,0,0,0,0,0,0,0,0,0
171,0,0,0,0,0,0,0,0,0
172,0,0,0,0,0,0,0,0,0
173,0,0,0,0,0,0,0,0,0
174,0,0,0,0,0,0,0,0,0
175,0,0,0,0,0,0,0,0,0
176,0,0,0,0,0,0,0,0,0
177,0,0,0,0,0,0,0,0,0
178,0,0,0,0,0,0,0,0,0
179,0,0,0,0,0,0,0,0,0
180,0,0,0,0,0,0,0,0,0
181,0,0,0,0,0,0,0,0,0
182,0,0,0,0,0,0,0,0,0
183,0,0,0,0,0,0,0,0,0
184,0,0,0,0,0,0,0,0,0
185,0,0,0,0,0,0,0,0,0
186,0,0,0,0,0,0,0,0,0
187,0,0,0,0,0,0,0,0,0
188,0,0,0,0,0,0,0,0,0
189,0,0,0,0,0,0,0,0,0
190,0,0,0,0,0,0,0,0,0
191,0,0,0,0,0,0,0,0,0
192,0,0,0,0,0,0,0,0,0
193,0,0,0,0,0,0,0,0,0
194,0,0,0,0,0,0,0,0,0
195,0,0,0,0,0,0,0,0,0
196,0,0,0,0,0,0,0,0,0
197,0,0,0,0,0,0,0,0,0
198,0,0,0,0,0,0,0,0,0
199,0,0,0,0,0,0,0,0,0
200,0,0,0,0,0,0,0,0,0
201,0,0,0,0,0,0,0,0,0
202,0,0,0,0,0,0,0,0,0
203,0,0,0,0,0,0,0,0,0
204,0,0,0,0,0,0,0,0,0
205,0,0,0,0,0,0,0,0,0
206,0,0,0,0,0,0,0,0,0
207,0,0,0,0,0,0,0,0,0
208,0,0,0,0,0,0,0,0,0
209,0,0,0,0,0,0,0,0,0
210,0,0,0,0,0,0,0,0,0
211,0,0,0,0,0,0,0,0,0
212,0,0,0,0,0,0,0,0,0
213,0,0,0,0,0,0,0,0,0
214,0,0,0,0,0,0,0,0,0
215,0,0,0,0,0,0,0,0,0
216,0,0,0,0,0,0,0,0,0
217,0,0,0,0,0,0,0,0,0
218,0,0,0,0,0,0,0,0,0
219,0,0,0,0,0,0,0,0,0
220,0,0,0,0,0,0,0,0,0
221,0,0,0,0,0,0,0,0,0
222,0,0,0,0,0,0,0,0,0
223,0,0,0,0,0,0,0,0,0
224,0,0,0,0,0,0,0,0,0
225,0,0,0,0,0,0,0,0,0
226,0,0,0,0,0,0,0,0,0
227,0,0,0,0,0,0,0,0,0
228,0,0,0,0,0,0,0,0,0
229,0,0,0,0,0,0,0,0,0
230,0,0,0,0,0,0,0,0,0
231,0,0,0,0,0,0,0,0,0
232,0,0,0,0,0,0,0,0,0
233,0,0,0,0,0,0,0,0,0
234,0,0,0,0,0,0,0,0,0
235,0,0,0,0,0,0,0,0,0
236,0,0,0,0,0,0,0,0,0
237,0,0,0,0,0,0,0,0,0
238,0,0,0,0,0,0,0,0,0
239,0,0,0,0,0,0,0,0,0
240,0,0,0,0,0,0,0,0,0
241,0,0,0,0,0,0,0,0,0
242,0,0,0,0,0,0,0,0,0
243,0,0,0,0,0,0,0,0,0
244,0,0,0,0,0,0,0,0,0
245,0,0,0,0,0,0,0,0,0
246,0,0,0,0,0,0,0,0,0
247,0,0,0,0,0,0,0,0,0
248,0,0,0,0,0,0,0,0,0
249,0,0,0,0,0,0,0,0,0
250,0,0,0,0,0,0,0,0,0
251,0,0,0,0,0,0,0,0,0
252,0,0,0,0,0,0,0,0,0
253,0,0,0,0,0,0,0,0,0
254,0,0,0,0,0,0,0,0,0
255,0,0,0,0,0,0,0,0,0
256,0,0,0,0,0,0,0,0,0
257,0,0,0,0,0,0,0,0,0
258,0,0,0,0,0,0,0,0,0
259,0,0,0,0,0,0,0,0,0
260,0,0,0,0,0,0,0,0,0
261,0,0,0,0,0,0,0,0,0
262,0,0,0,0,0,0,0,0,0
263,0,0,0,0,0,0,0,0,0
264,0,0,0,0,0,0,0,0,0
265,0,0,0,0,0,0,0,0,0
266,0,0,0,0,0,0,0,0,0
267,0,0,0,0,0,0,0,0,0
268,0,0,0,0,0,0,0,0,0
269,0,0,0,0,0,0,0,0,0
270,0,0,0,0,0,0,0,0,0
271,0,0,0,0,0,0,0,0,0
272,0,0,0,0,0,0,0,0,0
273,0,0,0,0,0,0,0,0,0
274,0,0,0,0,0,0,0,0,0
275,0,0,0,0,0,0,0,0,0
276,0,0,0,0,0,0,0,0,0
277,0,0,0,0,0,0,0,0,0
278,0,0,0,0,0,0,0,0,0
279,0,0,0,0,0,0,0,0,0
280,0,0,0,0,0,0,0,0,0
281,0,0,0,0,0,0,0,0,0
282,0,0,0,0,0,0,0,0,0
283,0,0,0,0,0,0,0,0,0
284,0,0,0,0,0,0,0,0,0
285,0,0,0,0,0,0,0,0,0
286,0,0,0,0,0,0,0,0,0
287,0,0,0,0,0,0,0,0,0
288,0,0,0,0,0,0,0,0,0
289,0,0,0,0,0,0,0,0,0
290,0,0,0,0,0,0,0,0,0
291,0,0,0,0,0,0,0,0,0
292,0,0,0,0,0,0,0,0,0
293,0,0,0,0,0,0,0,0,0
294,0,0,0,0,0,0,0,0,0
295,0,0,0,0,0,0,0,0,0
296,0,0,0,0,0,0,0,0,0
297,0,0,0,0,0,0,0,0,0
298,0,0,0,0,0,0,0,0,0
299,0,0,0,0,0,0,0,0,0
300,0,0,0,0,0,0,0,0,0
301,0,0,0,0,0,0,0,0,0
302,0,0,0,0,0,0,0,0,0
303,0,0,0,0,0,0,0,0,0
304,0,0,0,0,0,0,0,0,0
305,0,0,0,0,0,0,0,0,0
306,0,0,0,0,0,0,0,0,0
307,0,0,0,0,0,0,0,0,0
308,0,0,0,0,0,0,0,0,0
309,0,0,0,0,0,0,0,0,0
310,0,0,0,0,0,0,0,0,0
311,0,0,0,0,0,0,0,0,0
312,0,0,0,0,0,0,0,0,0
313,0,0,0,0,0,0,0,0,0
314,0,0,0,0,0,0,0,0,0
315,0,0,0,0,0,0,0,0,0
316,0,0,0,0,0,0,0,0,0
317,0,0,0,0,0,0,0,0,0
318,0,0,0,0,0,0,0,0,0
319,0,0,0,0,0,0,0,0,0
320,0,0,0,0,0,0,0,0,0
321,0,0,0,0,0,0,0,0,0
322,0,0,0,0,0,0,0,0,0
323,0,0,0,0,0,0,0,0,0
324,0,0,0,0,0,0,0,0,0
325,0,0,0,0,0,0,0,0,0
326,0,0,0,0,0,0,0,0,0
327,0,0,0,0,0,0,0,0,0
328,0,0,0,0,0,0,0,0,0
329,0,0,0,0,0,0,0,0,0
330,0,0,0,0,0,0,0,0,0
331,0,0,0,0,0,0,0,0,0
332,0,0,0,0,0,0,0,0,0
333,0,0,0,0,0,0,0,0,0
334,0,0,0,0,0,0,0,0,0
335,0,0,0,0,0,0,0,0,0
336,0,0,0,0,0,0,0,0,0
337,0,0,0,0,0,0,0,0,0
338,0,0,0,0,0,0,0,0,0
339,0,0,0,0,0,0,0,0,0
340,0,0,0,0,0,0,0,0,0
341,0,0,0,0,0,0,0,0,0
342,0,0,0,0,0,0,0,0,0
343,0,0,0,0,0,0,0,0,0
344,0,0,0,0,0,0,0,0,0
345,0,0,0,0,0,0,0,0,0
346,0,0,0,0,0,0,0,0,0
347,0,0,0,0,0,0,0,0,0
348,0,0,0,0,0,0,0,0,0
349,0,0,0,0,0,0,0,0,0
350,0,0,0,0,0,0,0,0,0
351,0,0,0,0,0,0,0,0,0
352,0,0,0,0,0,0,0,0,0
353,0,0,0,0,0,0,0,0,0
354,0,0,0,0,0,0,0,0,0
355,0,0,0,0,0,0,0,0,0
356,0,0,0,0,0,0,0,0,0
357,0,0,0,0,0,0,0,0,0
358,0,0,0,0,0,0,0,0,0
359,0,0,0,0,0,0,0,0,0
360,0,0,0,0,0,0,0,0,0
361,0,0,0,0,0,0,0,0,0
362,0,0,0,0,0,0,0,0,0
363,0,0,0,0,0,0,0,0,0
364,0,0,0,0,0,0,0,0,0
365,0,0,0,0,0,0,0,0,0
366,0,0,0,0,0,0,0,0,0
367,0,0,0,0,0,0,0,0,0
368,0,0,0,0,0,0,0,0,0
369,0,0,0,0,0,0,0,0,0
370,0,0,0,0,0,0,0,0,0
371,0,0,0,0,0,0,0,0,0
372,0,0,0,0,0,0,0,0,0
373,0,0,0,0,0,0,0,0,0
374,0,0,0,0,0,0,0,0,0
375,0,0,0,0,0,0,0,0,0
376,0,0,0,0,0,0,0,0,0
377,0,0,0,0,0,0,0,0,0
378,0,0,0,0,0,0,0,0,0
379,0,0,0,0,0,0,0,0,0
380,0,0,0,0,0,0,0,0,0
381,0,0,0,0,0,0,0,0,0
382,0,0,0,0,0,0,0,0,0
383,0,0,0,0,0,0,0,0,0
384,0,0,0,0,0,0,0,0,0
385,0,0,0,0,0,0,0,0,0
386,0,0,0,0,0,0,0,0,0
387,0,0,0,0,0,0,0,0,0
388,0,0,0,0,0,0,0,0,0
389,0,0,0,0,0,0,0,0,0
390,0,0,0,0,0,0,0,0,0
391,0,0,0,0,0,0,0,0,0
392,0,0,0,0,0,0,0,0,0
393,0,0,0,0,0,0,0,0,0
394,0,0,0,0,0,0,0,0,0
395,0,0,0,0,0,0,0,0,0
396,0,0,0,0,0,0,0,0,0
397,0,0,0,0,0,0,0,0,0
398,0,0,0,0,0,0,0,0,0
399,0,0,0,0,0,0,0,0,0
400,0,0,0,0,0,0,0,0,0
401,0,0,0,0,0,0,0,0,0
402,0,0,0,0,0,0,0,0,0
403,0,0,0,0,0,0,0,0,0
404,0,0,0,0,0,0,0,0,0
405,0,0,0,0,0,0,0,0,0
406,0,0,0,0,0,0,0,0,0
407,0,0,0,0,0,0,0,0,0
408,0,0,0,0,0,0,0,0,0
409,0,0,0,0,0,0,0,0,0
410,0,0,0,0,0,0,0,0,0
411,0,0,0,0,0,0,0,0,0
412,0,0,0,0,0,0,0,0,0
413,0,0,0,0,0,0,0,0,0
414,0,0,0,0,0,0,0,0,0
415,0,0,0,0,0,0,0,0,0
416,0,0,0,0,0,0,0,0,0
417,0,0,0,0,0,0,0,0,0
418,0,0,0,0,0,0,0,0,0
419,0,0,0,0,0,0,0,0,0
420,0,0,0,0,0,0,0,0,0
421,0,0,0,0,0,0,0,0,0
422,0,0,0,0,0,0,0,0,0
423,0,0,0,0,0,0,0,0,0
424,0,0,0,0,0,0,0,0,0
425,0,0,0,0,0,0,0,0,0
426,0,0,0,0,0,0,0,0,0
427,0,0,0,0,0,0,0,0,0
428,0,0,0,0,0,0,0,0,0
429,0,0,0,0,0,0,0,0,0
430,0,0,0,0,0,0,0,0,0
431,0,0,0,0,0,0,0,0,0
432,0,0,0,0,0,0,0,0,0
433,0,0,0,0,0,0,0,0,0
434,0,0,0,0,0,0,0,0,0
435,0,0,0,0,0,0,0,0,0
436,0,0,0,0,0,0,0,0,0
437,0,0,0,0,0,0,0,0,0
438,0,0,0,0,0,0,0,0,0
439,0,0,0,0,0,0,0,0,0
440,0,0,0,0,0,0,0,0,0
441,0,0,0,0,0,0,0,0,0
442,0,0,0,0,0,0,0,0,0
443,0,0,0,0,0,0,0,0,0
444,0,0,0,0,0,0,0,0,0
445,0,0,0,0,0,0,0,0,0
446,0,0,0,0,0,0,0,0,0
447,0,0,0,0,0,0,0,0,0
448,0,0,0,0,0,0,0,0,0
449,0,0,0,0,0,0,0,0,0
450,0,0,0,0,0,0,0,0,0
451,0,0,0,0,0,0,0,0,0
452,0,0,0,0,0,0,0,0,0
453,0,0,0,0,0,0,0,0,0
454,0,0,0,0,0,0,0,0,0
455,0,0,0,0,0,0,0,0,0
456,0,0,0,0,0,0,0,0,0
457,0,0,0,0,0,0,0,0,0
458,0,0,0,0,0,0,0,0,0
459,0,0,0,0,0,0,0,0,0
460,0,0,0,0,0,0,0,0,0
461,0,0,0,0,0,0,0,0,0
462,0,0,0,0,0,0,0,0,0
463,0,0,0,0,0,0,0,0,0
464,0,0,0,0,0,0,0,0,0
465,0,0,0,0,0,0,0,0,0
466,0,0,0,0,0,0,0,0,0
467,0,0,0,0,0,0,0,0,0
468,0,0,0,0,0,0,0,0,0
469,0,0,0,0,0,0,0,0,0
470,0,0,0,0,0,0,0,0,0
471,0,0,0,0,0,0,0,0,0
472,0,0,0,0,0,0,0,0,0
473,0,0,0,0,0,0,0,0,0
474,0,0,0,0,0,0,0,0,0
475,0,0,0,0,0,0,0,0,0
476,0,0,0,0,0,0,0,0,0
477,0,0,0,0,0,0,0,0,0
478,0,0,0,0,0,0,0,0,0
479,0,0,0,0,0,0,0,0,0
480,0,0,0,0,0,0,0,0,0
481,0,0,0,0,0,0,0,0,0
482,0,0,0,0,0,0,0,0,0
483,0,0,0,0,0,0,0,0,0
484,0,0,0,0,0,0,0,0,0
485,0,0,0,0,0,0,0,0,0
486,0,0,0,0,0,0,0,0,0
487,0,0,0,0,0,0,0,0,0
488,0,0,0,0,0,0,0,0,0
489,0,0,0,0,0,0,0,0,0
490,0,0,0,0,0,0,0,0,0
491,0,0,0,0,0,0,0,0,0
492,0,0,0,0,0,0,0,0,0
493,0,0,0,0,0,0,0,0,0
494,0,0,0,0,0,0,0,0,0
495,0,0,0,0,0,0,0,0,0
496,0,0,0,0,0,0,0,0,0
497,0,0,0,0,0,0,0,0,0
498,0,0,0,0,0,0,0,0,0
499,0,0,0,0,0,0,0,0,0
500,0,0,0,0,0,0,0,0,0
501,0,0,0,0,0,0,0,0,0
502,0,0,0,0,0,0,0,0,0
503,0,0,0,0,0,0,0,0,0
504,0,0,0,0,0,0,0,0,0
505,0,0,0,0,0,0,0,0,0
506,0,0,0,0,0,0,0,0,0
507,0,0,0,0,0,0,0,0,0
508,0,0,0,0,0,0,0,0,0
509,0,0,0,0,0,0,0,0,0
510,0,0,0,0,0,0,0,0,0
511,0,0,0,0,0,0,0,0,0
512,0,0,0,0,0,0,0,0,0
513,0,0,0,0,0,0,0,0,0
514,0,0,0,0,0,0,0,0,0
515,0,0,0,0,0,0,0,0,0
516,0,0,0,0,0,0,0,0,0
517,0,0,0,0,0,0,0,0,0
518,0,0,0,0,0,0,0,0,0
519,0,0,0,0,0,0,0,0,0
520,0,0,0,0,0,0,0,0,0
521,0,0,0,0,0,0,0,0,0
522,0,0,0,0,0,0,0,0,0
523,0,0,0,0,0,0,0,0,0
524,0,0,0,0,0,0,0,0,0
525,0,0,0,0,0,0,0,0,0
526,0,0,0,0,0,0,0,0,0
527,0,0,0,0,0,0,0,0,0
528,0,0,0,0,0,0,0,0,0
529,0,0,0,0,0,0,0,0,0
530,0,0,0,0,0,0,0,0,0
531,0,0,0,0,0,0,0,0,0
532,0,0,0,0,0,0,0,0,0
533,0,0,0,0,0,0,0,0,0
534,0,0,0,0,0,0,0,0,0
535,0,0,0,0,0,0,0,0,0
536,0,0,0,0,0,0,0,0,0
537,0,0,0,0,0,0,0,0,0
538,0,0,0,0,0,0,0,0,0
539,0,0,0,0,0,0,0,0,0
540,0,0,0,0,0,0,0,0,0
541,0,0,0,0,0,0,0,0,0
542,0,0,0,0,0,0,0,0,0
543,0,0,0,0,0,0,0,0,0
544,0,0,0,0,0,0,0,0,0
545,0,0,0,0,0,0,0,0,0
546,0,0,0,0,0,0,0,0,0
547,0,0,0,0,0,0,0,0,0
548,0,0,0,0,0,0,0,0,0
549,0,0,0,0,0,0,0,0,0
550,0,0,0,0,0,0,0,0,0
551,0,0,0,0,0,0,0,0,0
552,0,0,0,0,0,0,0,0,0
553,0,0,0,0,0,0,0,0,0
554,0,0,0,0,0,0,0,0,0
555,0,0,0,0,0,0,0,0,0
556,0,0,0,0,0,0,0,0,0
557,0,0,0,0,0,0,0,0,0
558,0,0,0,0,0,0,0,0,0
559,0,0,0,0,0,0,0,0,0
560,0,0,0,0,0,0,0,0,0
561,0,0,0,0,0,0,0,0,0
562,0,0,0,0,0,0,0,0,0
563,0,0,0,0,0,0,0,0,0
564,0,0,0,0,0,0,0,0,0
565,0,0,0,0,0,0,0,0,0
566,0,0,0,0,0,0,0,0,0
567,0,0,0,0,0,0,0,0,0
568,0,0,0,0,0,0,0,0,0
569,0,0,0,0,0,0,0,0,0
570,0,0,0,0,0,0,0,0,0
571,0,0,0,0,0,0,0,0,0
572,0,0,0,0,0,0,0,0,0
573,0,0,0,0,0,0,0,0,0
574,0,0,0,0,0,0,0,0,0
575,0,0,0,0,0,0,0,0,0
576,0,0,0,0,0,0,0,0,0
577,0,0,0,0,0,0,0,0,0
578,0,0,0,0,0,0,0,0,0
579,0,0,0,0,0,0,0,0,0
580,0,0,0,0,0,0,0,0,0
581,0,0,0,0,0,0,0,0,0
582,0,0,0,0,0,0,0,0,0
583,0,0,0,0,0,0,0,0,0
584,0,0,0,0,0,0,0,0,0
585,0,0,0,0,0,0,0,0,0
586,0,0,0,0,0,0,0,0,0
587,0,0,0,0,0,0,0,0,0
588,0,0,0,0,0,0,0,0,0
589,0,0,0,0,0,0,0,0,0
590,0,0,0,0,0,0,0,0,0
591,0,0,0,0,0,0,0,0,0
592,0,0,0,0,0,0,0,0,0
593,0,0,0,0,0,0,0,0,0
594,0,0,0,0,0,0,0,0,0
595,0,0,0,0,0,0,0,0,0
596,0,0,0,0,0,0,0,0,0
597,0,0,0,0,0,0,0,0,0
598,0,0,0,0,0,0,0,0,0
599,0,0,0,0,0,0,0,0,0
600,0,0,0,0,0,0,0,0,0
601,0,0,0,0,0,0,0,0,0
602,0,0,0,0,0,0,0,0,0
603,0,0,0,0,0,0,0,0,0
604,0,0,0,0,0,0,0,0,0
605,0,0,0,0,0,0,0,0,0
606,0,0,0,0,0,0,0,0,0
607,0,0,0,0,0,0,0,0,0
608,0,0,0,0,0,0,0,0,0
609,0,0,0,0,0,0,0,0,0
610,0,0,0,0,0,0,0,0,0
611,0,0,0,0,0,0,0,0,0
612,0,0,0,0,0,0,0,0,0
613,0,0,0,0,0,0,0,0,0
614,0,0,0,0,0,0,0,0,0
615,0,0,0,0,0,0,0,0,0
616,0,0,0,0,0,0,0,0,0
617,0,0,0,0,0,0,0,0,0
618,0,0,0,0,0,0,0,0,0
619,0,0,0,0,0,0,0,0,0
620,0,0,0,0,0,0,0,0,0
621,0,0,0,0,0,0,0,0,0
622,0,0,0,0,0,0,0,0,0
623,0,0,0,0,0,0,0,0,0
624,0,0,0,0,0,0,0,0,0
625,0,0,0,0,0,0,0,0,0
626,0,0,0,0,0,0,0,0,0
627,0,0,0,0,0,0,0,0,0
628,0,0,0,0,0,0,0,0,0
629,0,0,0,0,0,0,0,0,0
630,0,0,0,0,0,0,0,0,0
631,0,0,0,0,0,0,0,0,0
632,0,0,0,0,0,0,0,0,0
633,0,0,0,0,0,0,0,0,0
634,0,0,0,0,0,0,0,0,0
635,0,0,0,0,0,0,0,0,0
636,0,0,0,0,0,0,0,0,0
637,0,0,0,0,0,0,0,0,0
638,0,0,0,0,0,0,0,0,0
639,0,0,0,0,0,0,0,0,0
640,0,0,0,0,0,0,0,0,0
641,0,0,0,0,0,0,0,0,0
642,0,0,0,0,0,0,0,0,0
643,0,0,0,0,0,0,0,0,0
644,0,0,0,0,0,0,0,0,0
645,0,0,0,0,0,0,0,0,0
646,0,0,0,0,0,0,0,0,0
647,0,0,0,0,0,0,0,0,0
648,0,0,0,0,0,0,0,0,0
649,0,0,0,0,0,0,0,0,0
650,0,0,0,0,0,0,0,0,0
651,0,0,0,0,0,0,0,0,0
652,0,0,0,0,0,0,0,0,0
653,0,0,0,0,0,0,0,0,0
654,0,0,0,0,0,0,0,0,0
655,0,0,0,0,0,0,0,0,0
656,0,0,0,0,0,0,0,0,0
657,0,0,0,0,0,0,0,0,0
658,0,0,0,0,0,0,0,0,0
659,0,0,0,0,0,0,0,0,0
660,0,0,0,0,0,0,0,0,0
661,0,0,0,0,0,0,0,0,0
662,0,0,0,0,0,0,0,0,0
663,0,0,0,0,0,0,0,0,0
664,0,0,0,0,0,0,0,0,0
665,0,0,0,0,0,0,0,0,0
666,0,0,0,0,0,0,0,0,0
667,0,0,0,0,0,0,0,0,0
668,0,0,0,0,0,0,0,0,0
669,0,0,0,0,0,0,0,0,0
670,0,0,0,0,0,0,0,0,0
671,0,0,0,0,0,0,0,0,0
672,0,0,0,0,0,0,0,0,0
673,0,0,0,0,0,0,0,0,0
674,0,0,0,0,0,0,0,0,0
675,0,0,0,0,0,0,0,0,0
676,0,0,0,0,0,0,0,0,0
677,0,0,0,0,0,0,0,0,0
678,0,0,0,0,0,0,0,0,0
679,0,0,0,0,0,0,0,0,0
680,0,0,0,0,0,0,0,0,0
681,0,0,0,0,0,0,0,0,0
682,0,0,0,0,0,0,0,0,0
683,0,0,0,0,0,0,0,0,0
684,0,0,0,0,0,0,0,0,0
685,0,0,0,0,0,0,0,0,0
686,0,0,0,0,0,0,0,0,0
687,0,0,0,0,0,0,0,0,0
688,0,0,0,0,0,0,0,0,0
689,0,0,0,0,0,0,0,0,0
690,0,0,0,0,0,0,0,0,0
691,0,0,0,0,0,0,0,0,0
692,0,0,0,0,0,0,0,0,0
693,0,0,0,0,0,0,0,0,0
694,0,0,0,0,0,0,0,0,0
695,0,0,0,0,0,0,0,0,0
696,0,0,0,0,0,0,0,0,0
697,0,0,0,0,0,0,0,0,0
698,0,0,0,0,0,0,0,0,0
699,0,0,0,0,0,0,0,0,0
700,0,0,0,0,0,0,0,0,0
701,0,0,0,0,0,0,0,0,0
702,0,0,0,0,0,0,0,0,0
703,0,0,0,0,0,0,0,0,0
704,0,0,0,0,0,0,0,0,0
705,0,0,0,0,0,0,0,0,0
706,0,0,0,0,0,0,0,0,0
707,0,0,0,0,0,0,0,0,0
708,0,0,0,0,0,0,0,0,0
709,0,0,0,0,0,0,0,0,0
710,0,0,0,0,0,0,0,0,0
711,0,0,0,0,0,0,0,0,0
712,0,0,0,0,0,0,0,0,0
713,0,0,0,0,0,0,0,0,0
714,0,0,0,0,0,0,0,0,0
715,0,0,0,0,0,0,0,0,0
716,0,0,0,0,0,0,0,0,0
717,0,0,0,0,0,0,0,0,0
718,0,0,0,0,0,0,0,0,0
719,0,0,0,0,0,0,0,0,0
720,0,0,0,0,0,0,0,0,0
721,0,0,0,0,0,0,0,0,0
722,0,0,0,0,0,0,0,0,0
723,0,0,0,0,0,0,0,0,0
724,0,0,0,0,0,0,0,0,0
725,0,0,0,0,0,0,0,0,0
726,0,0,0,0,0,0,0,0,0
727,0,0,0,0,0,0,0,0,0
728,0,0,0,0,0,0,0,0,0
729,0,0,0,0,0,0,0,0,0
730,0,0,0,0,0,0,0,0,0
731,0,0,0,0,0,0,0,0,0
732,0,0,0,0,0,0,0,0,0
733,0,0,0,0,0,0,0,0,0
734,0,0,0,0,0,0,0,0,0
735,0,0,0,0,0,0,0,0,0
736,0,0,0,0,0,0,0,0,0
737,0,0,0,0,0,0,0,0,0
738,0,0,0,0,0,0,0,0,0
739,0,0,0,0,0,0,0,0,0
740,0,0,0,0,0,0,0,0,0
741,0,0,0,0,0,0,0,0,0
742,0,0,0,0,0,0,0,0,0
743,0,0,0,0,0,0,0,0,0
744,0,0,0,0,0,0,0,0,0
745,0,0,0,0,0,0,0,0,0
746,0,0,0,0,0,0,0,0,0
747,0,0,0,0,0,0,0,0,0
748,0,0,0,0,0,0,0,0,0
749,0,0,0,0,0,0,0,0,0
750,0,0,0,0,0,0,0,0,0
0,194,7257,201425,4077983,57373546,517292847,2626655236,5935079656,3356972874
1,127,3653,78168,1220953,13256955,92213680,361229996,629805174,274869332
2,83,1963,34590,440038,3895803,22095270,70612897,100466896,35766745
3,47,1006,14704,157532,1179445,5646926,15213516,18275065,5520142
4,31,715,9044,84331,552349,2319448,5486369,5804736,1554407
5,20,437,4706,40639,242491,920959,1984665,1927840,477983
6,12,276,2535,19155,99036,327897,610706,508802,107667
7,8,228,1842,12862,60305,182124,310856,238478,46397
8,8,151,1190,7520,31599,85509,130235,89192,15622
9,3,70,501,2986,12250,32582,47963,31787,5387
10,2,56,356,2071,8345,21816,31490,20535,3512
11,1,34,216,1227,4758,11613,15709,9559,1498
12,0,28,170,985,3646,8349,10770,6240,955
13,0,26,155,867,3041,6666,8255,4487,631
14,0,24,116,652,2204,4697,5512,2884,360
15,0,14,69,382,1222,2481,2792,1352,148
16,0,14,68,378,1197,2404,2676,1280,142
17,0,13,54,309,934,1796,1838,836,83
18,0,7,27,194,581,1173,1296,633,65
19,0,7,27,194,578,1169,1284,623,65
20,0,7,27,192,572,1152,1256,610,63
21,0,6,25,174,499,993,1079,494,48
22,0,4,17,121,327,601,577,250,21
23,0,4,16,114,299,543,516,213,13
24,0,3,5,57,99,162,158,65,1
25,0,3,5,56,97,159,153,60,1
26,0,0,4,33,66,96,89,37,1
27,0,0,4,21,45,59,46,16,1
28,0,0,4,20,39,47,30,8,0
29,0,0,3,10,25,34,20,7,0
30,0,0,3,10,25,34,20,7,0
31,0,0,3,10,25,34,20,7,0
32,0,0,3,10,23,31,18,6,0
33,0,0,3,10,23,26,13,1,0
34,0,0,3,9,20,21,11,1,0
35,0,0,3,8,12,6,5,0,0
36,0,0,3,8,12,6,5,0,0
37,0,0,3,8,12,6,5,0,0
38,0,0,1,5,8,1,4,0,0
39,0,0,1,5,8,1,4,0,0
40,0,0,1,5,8,1,4,0,0
41,0,0,1,5,8,1,4,0,0
42,0,0,0,0,0,0,0,0,0
43,0,0,0,0,0,0,0,0,0
44,0,0,0,0,0,0,0,0,0
45,0,0,0,0,0,0,0,0,0
46,0,0,0,0,0,0,0,0,0
47,0,0,0,0,0,0,0,0,0
48,0,0,0,0,0,0,0,0,0
49,0,0,0,0,0,0,0,0,0
50,0,0,0,0,0,0,0,0,0
51,0,0,0,0,0,0,0,0,0
52,0,0,0,0,0,0,0,0,0
53,0,0,0,0,0,0,0,0,0
54,0,0,0,0,0,0,0,0,0
55,0,0,0,0,0,0,0,0,0
56,0,0,0,0,0,0,0,0,0
57,0,0,0,0,0,0,0,0,0
58,0,0,0,0,0,0,0,0,0
59,0,0,0,0,0,0,0,0,0
60,0,0,0,0,0,0,0,0,0
61,0,0,0,0,0,0,0,0,0
62,0,0,0,0,0,0,0,0,0
63,0,0,0,0,0,0,0,0,0
64,0,0,0,0,0,0,0,0,0
65,0,0,0,0,0,0,0,0,0
66,0,0,0,0,0,0,0,0,0
67,0,0,0,0,0,0,0,0,0
68,0,0,0,0,0,0,0,0,0
69,0,0,0,0,0,0,0,0,0
70,0,0,0,0,0,0,0,0,0
71,0,0,0,0,0,0,0,0,0
72,0,0,0,0,0,0,0,0,0
73,0,0,0,0,0,0,0,0,0
74,0,0,0,0,0,0,0,0,0
75,0,0,0,0,0,0,0,0,0
76,0,0,0,0,0,0,0,0,0
77,0,0,0,0,0,0,0,0,0
78,0,0,0,0,0,0,0,0,0
79,0,0,0,0,0,0,0,0,0
80,0,0,0,0,0,0,0,0,0
81,0,0,0,0,0,0,0,0,0
82,0,0,0,0,0,0,0,0,0
83,0,0,0,0,0,0,0,0,0
84,0,0,0,0,0,0,0,0,0
85,0,0,0,0,0,0,0,0,0
86,0,0,0,0,0,0,0,0,0
87,0,0,0,0,0,0,0,0,0
88,0,0,0,0,0,0,0,0,0
89,0,0,0,0,0,0,0,0,0
90,0,0,0,0,0,0,0,0,0
91,0,0,0,0,0,0,0,0,0
92,0,0,0,0,0,0,0,0,0
93,0,0,0,0,0,0,0,0,0
94,0,0,0,0,0,0,0,0,0
95,0,0,0,0,0,0,0,0,0
96,0,0,0,0,0,0,0,0,0
97,0,0,0,0,0,0,0,0,0
98,0,0,0,0,0,0,0,0,0
99,0,0,0,0,0,0,0,0,0
100,0,0,0,0,0,0,0,0,0
101,0,0,0,0,0,0,0,0,0
102,0,0,0,0,0,0,0,0,0
103,0,0,0,0,0,0,0,0,0
104,0,0,0,0,0,0,0,0,0
105,0,0,0,0,0,0,0,0,0
106,0,0,0,0,0,0,0,0,0
107,0,0,0,0,0,0,0,0,0
108,0,0,0,0,0,0,0,0,0
109,0,0,0,0,0,0,0,0,0
110,0,0,0,0,0,0,0,0,0
111,0,0,0,0,0,0,0,0,0
112,0,0,0,0,0,0,0,0,0
113,0,0,0,0,0,0,0,0,0
114,0,0,0,0,0,0,0,0,0
115,0,0,0,0,0,0,0,0,0
116,0,0,0,0,0,0,0,0,0
117,0,0,0,0,0,0,0,0,0
118,0,0,0,0,0,0,0,0,0
119,0,0,0,0,0,0,0,0,0
120,0,0,0,0,0,0,0,0,0
121,0,0,0,0,0,0,0,0,0
122,0,0,0,0,0,0,0,0,0
123,0,0,0,0,0,0,0,0,0
124,0,0,0,0,0,0,0,0,0
125,0,0,0,0,0,0,0,0,0
126,0,0,0,0,0,0,0,0,0
127,0,0,0,0,0,0,0,0,0
128,0,0,0,0,0,0,0,0,0
129,0,0,0,0,0,0,0,0,0
130,0,0,0,0,0,0,0,0,0
131,0,0,0,0,0,0,0,0,0
132,0,0,0,0,0,0,0,0,0
133,0,0,0,0,0,0,0,0,0
134,0,0,0,0,0,0,0,0,0
135,0,0,0,0,0,0,0,0,0
136,0,0,0,0,0,0,0,0,0
137,0,0,0,0,0,0,0,0,0
138,0,0,0,0,0,0,0,0,0
139,0,0,0,0,0,0,0,0,0
140,0,0,0,0,0,0,0,0,0
141,0,0,0,0,0,0,0,0,0
142,0,0,0,0,0,0,0,0,0
143,0,0,0,0,0,0,0,0,0
144,0,0,0,0,0,0,0,0,0
145,0,0,0,0,0,0,0,0,0
146,0,0,0,0,0,0,0,0,0
147,0,0,0,0,0,0,0,0,0
148,0,0,0,0,0,0,0,0,0
149,0,0,0,0,0,0,0,0,0
150,0,0,0,0,0,0,0,0,0
151,0,0,0,0,0,0,0,0,0
152,0,0,0,0,0,0,0,0,0
153,0,0,0,0,0,0,0,0,0
154,0,0,0,0,0,0,0,0,0
155,0,0,0,0,0,0,0,0,0
156,0,0,0,0,0,0,0,0,0
157,0,0,0,0,0,0,0,0,0
158,0,0,0,0,0,0,0,0,0
159,0,0,0,0,0,0,0,0,0
160,0,0,0,0,0,0,0,0,0
161,0,0,0,0,0,0,0,0,0
162,0,0,0,0,0,0,0,0,0
163,0,0,0,0,0,0,0,0,0
164,0,0,0,0,0,0,0,0,0
165,0,0,0,0,0,0,0,0,0
166,0,0,0,0,0,0,0,0,0
167,0,0,0,0,0,0,0,0,0
168,0,0,0,0,0,0,0,0,0
169,0,0,0,0,0,0,0,0,0
170,0,0,0,0,0,0,0,0,0
171,0,0,0,0,0,0,0,0,0
172,0,0,0,0,0,0,0,0,0
173,0,0,0,0,0,0,0,0,0
174,0,0,0,0,0,0,0,0,0
175,0,0,0,0,0,0,0,0,0
176,0,0,0,0,0,0,0,0,0
177,0,0,0,0,0,0,0,0,0
178,0,0,0,0,0,0,0,0,0
179,0,0,0,0,0,0,0,0,0
180,0,0,0,0,0,0,0,0,0
181,0,0,0,0,0,0,0,0,0
182,0,0,0,0,0,0,0,0,0
183,0,0,0,0,0,0,0,0,0
184,0,0,0,0,0,0,0,0,0
185,0,0,0,0,0,0,0,0,0
186,0,0,0,0,0,0,0,0,0
187,0,0,0,0,0,0,0,0,0
188,0,0,0,0,0,0,0,0,0
189,0,0,0,0,0,0,0,0,0
190,0,0,0,0,0,0,0,0,0
191,0,0,0,0,0,0,0,0,0
192,0,0,0,0,0,0,0,0,0
193,0,0,0,0,0,0,0,0,0
194,0,0,0,0,0,0,0,0,0
195,0,0,0,0,0,0,0,0,0
196,0,0,0,0,0,0,0,0,0
197,0,0,0,0,0,0,0,0,0
198,0,0,0,0,0,0,0,0,0
199,0,0,0,0,0,0,0,0,0
200,0,0,0,0,0,0,0,0,0
201,0,0,0,0,0,0,0,0,0
202,0,0,0,0,0,0,0,0,0
203,0,0,0,0,0,0,0,0,0
204,0,0,0,0,0,0,0,0,0
205,0,0,0,0,0,0,0,0,0
206,0,0,0,0,0,0,0,0,0
207,0,0,0,0,0,0,0,0,0
208,0,0,0,0,0,0,0,0,0
209,0,0,0,0,0,0,0,0,0
210,0,0,0,0,0,0,0,0,0
211,0,0,0,0,0,0,0,0,0
212,0,0,0,0,0,0,0,0,0
213,0,0,0,0,0,0,0,0,0
214,0,0,0,0,0,0,0,0,0
215,0,0,0,0,0,0,0,0,0
216,0,0,0,0,0,0,0,0,0
217,0,0,0,0,0,0,0,0,0
218,0,0,0,0,0,0,0,0,0
219,0,0,0,0,0,0,0,0,0
220,0,0,0,0,0,0,0,0,0
221,0,0,0,0,0,0,0,0,0
222,0,0,0,0,0,0,0,0,0
223,0,0,0,0,0,0,0,0,0
224,0,0,0,0,0,0,0,0,0
225,0,0,0,0,0,0,0,0,0
226,0,0,0,0,0,0,0,0,0
227,0,0,0,0,0,0,0,0,0
228,0,0,0,0,0,0,0,0,0
229,0,0,0,0,0,0,0,0,0
230,0,0,0,0,0,0,0,0,0
231,0,0,0,0,0,0,0,0,0
232,0,0,0,0,0,0,0,0,0
233,0,0,0,0,0,0,0,0,0
234,0,0,0,0,0,0,0,0,0
235,0,0,0,0,0,0,0,0,0
236,0,0,0,0,0,0,0,0,0
237,0,0,0,0,0,0,0,0,0
238,0,0,0,0,0,0,0,0,0
239,0,0,0,0,0,0,0,0,0
240,0,0,0,0,0,0,0,0,0
241,0,0,0,0,0,0,0,0,0
242,0,0,0,0,0,0,0,0,0
243,0,0,0,0,0,0,0,0,0
244,0,0,0,0,0,0,0,0,0
245,0,0,0,0,0,0,0,0,0
246,0,0,0,0,0,0,0,0,0
247,0,0,0,0,0,0,0,0,0
248,0,0,0,0,0,0,0,0,0
249,0,0,0,0,0,0,0,0,0
250,0,0,0,0,0,0,0,0,0
251,0,0,0,0,0,0,0,0,0
252,0,0,0,0,0,0,0,0,0
253,0,0,0,0,0,0,0,0,0
254,0,0,0,0,0,0,0,0,0
255,0,0,0,0,0,0,0,0,0
256,0,0,0,0,0,0,0,0,0
257,0,0,0,0,0,0,0,0,0
258,0,0,0,0,0,0,0,0,0
259,0,0,0,0,0,0,0,0,0
260,0,0,0,0,0,0,0,0,0
261,0,0,0,0,0,0,0,0,0
262,0,0,0,0,0,0,0,0,0
263,0,0,0,0,0,0,0,0,0
264,0,0,0,0,0,0,0,0,0
265,0,0,0,0,0,0,0,0,0
266,0,0,0,0,0,0,0,0,0
267,0,0,0,0,0,0,0,0,0
268,0,0,0,0,0,0,0,0,0
269,0,0,0,0,0,0,0,0,0
270,0,0,0,0,0,0,0,0,0
271,0,0,0,0,0,0,0,0,0
272,0,0,0,0,0,0,0,0,0
273,0,0,0,0,0,0,0,0,0
274,0,0,0,0,0,0,0,0,0
275,0,0,0,0,0,0,0,0,0
276,0,0,0,0,0,0,0,0,0
277,0,0,0,0,0,0,0,0,0
278,0,0,0,0,0,0,0,0,0
279,0,0,0,0,0,0,0,0,0
280,0,0,0,0,0,0,0,0,0
281,0,0,0,0,0,0,0,0,0
282,0,0,0,0,0,0,0,0,0
283,0,0,0,0,0,0,0,0,0
284,0,0,0,0,0,0,0,0,0
285,0,0,0,0,0,0,0,0,0
286,0,0,0,0,0,0,0,0,0
287,0,0,0,0,0,0,0,0,0
288,0,0,0,0,0,0,0,0,0
289,0,0,0,0,0,0,0,0,0
290,0,0,0,0,0,0,0,0,0
291,0,0,0,0,0,0,0,0,0
292,0,0,0,0,0,0,0,0,0
293,0,0,0,0,0,0,0,0,0
294,0,0,0,0,0,0,0,0,0
295,0,0,0,0,0,0,0,0,0
296,0,0,0,0,0,0,0,0,0
297,0,0,0,0,0,0,0,0,0
298,0,0,0,0,0,0,0,0,0
299,0,0,0,0,0,0,0,0,0
300,0,0,0,0,0,0,0,0,0
301,0,0,0,0,0,0,0,0,0
302,0,0,0,0,0,0,0,0,0
303,0,0,0,0,0,0,0,0,0
304,0,0,0,0,0,0,0,0,0
305,0,0,0,0,0,0,0,0,0
306,0,0,0,0,0,0,0,0,0
307,0,0,0,0,0,0,0,0,0
308,0,0,0,0,0,0,0,0,0
309,0,0,0,0,0,0,0,0,0
310,0,0,0,0,0,0,0,0,0
311,0,0,0,0,0,0,0,0,0
312,0,0,0,0,0,0,0,0,0
313,0,0,0,0,0,0,0,0,0
314,0,0,0,0,0,0,0,0,0
315,0,0,0,0,0,0,0,0,0
316,0,0,0,0,0,0,0,0,0
317,0,0,0,0,0,0,0,0,0
318,0,0,0,0,0,0,0,0,0
319,0,0,0,0,0,0,0,0,0
320,0,0,0,0,0,0,0,0,0
321,0,0,0,0,0,0,0,0,0
322,0,0,0,0,0,0,0,0,0
323,0,0,0,0,0,0,0,0,0
324,0,0,0,0,0,0,0,0,0
325,0,0,0,0,0,0,0,0,0
326,0,0,0,0,0,0,0,0,0
327,0,0,0,0,0,0,0,0,0
328,0,0,0,0,0,0,0,0,0
329,0,0,0,0,0,0,0,0,0
330,0,0,0,0,0,0,0,0,0
331,0,0,0,0,0,0,0,0,0
332,0,0,0,0,0,0,0,0,0
333,0,0,0,0,0,0,0,0,0
334,0,0,0,0,0,0,0,0,0
335,0,0,0,0,0,0,0,0,0
336,0,0,0,0,0,0,0,0,0
337,0,0,0,0,0,0,0,0,0
338,0,0,0,0,0,0,0,0,0
339,0,0,0,0,0,0,0,0,0
340,0,0,0,0,0,0,0,0,0
341,0,0,0,0,0,0,0,0,0
342,0,0,0,0,0,0,0,0,0
343,0,0,0,0,0,0,0,0,0
344,0,0,0,0,0,0,0,0,0
345,0,0,0,0,0,0,0,0,0
346,0,0,0,0,0,0,0,0,0
347,0,0,0,0,0,0,0,0,0
348,0,0,0,0,0,0,0,0,0
349,0,0,0,0,0,0,0,0,0
350,0,0,0,0,0,0,0,0,0
351,0,0,0,0,0,0,0,0,0
352,0,0,0,0,0,0,0,0,0
353,0,0,0,0,0,0,0,0,0
354,0,0,0,0,0,0,0,0,0
355,0,0,0,0,0,0,0,0,0
356,0,0,0,0,0,0,0,0,0
357,0,0,0,0,0,0,0,0,0
358,0,0,0,0,0,0,0,0,0
359,0,0,0,0,0,0,0,0,0
360,0,0,0,0,0,0,0,0,0
361,0,0,0,0,0,0,0,0,0
362,0,0,0,0,0,0,0,0,0
363,0,0,0,0,0,0,0,0,0
364,0,0,0,0,0,0,0,0,0
365,0,0,0,0,0,0,0,0,0
366,0,0,0,0,0,0,0,0,0
367,0,0,0,0,0,0,0,0,0
368,0,0,0,0,0,0,0,0,0
369,0,0,0,0,0,0,0,0,0
370,0,0,0,0,0,0,0,0,0
371,0,0,0,0,0,0,0,0,0
372,0,0,0,0,0,0,0,0,0
373,0,0,0,0,0,0,0,0,0
374,0,0,0,0,0,0,0,0,0
375,0,0,0,0,0,0,0,0,0
376,0,0,0,0,0,0,0,0,0
377,0,0,0,0,0,0,0,0,0
378,0,0,0,0,0,0,0,0,0
379,0,0,0,0,0,0,0,0,0
380,0,0,0,0,0,0,0,0,0
381,0,0,0,0,0,0,0,0,0
382,0,0,0,0,0,0,0,0,0
383,0,0,0,0,0,0,0,0,0
384,0,0,0,0,0,0,0,0,0
385,0,0,0,0,0,0,0,0,0
386,0,0,0,0,0,0,0,0,0
387,0,0,0,0,0,0,0,0,0
388,0,0,0,0,0,0,0,0,0
389,0,0,0,0,0,0,0,0,0
390,0,0,0,0,0,0,0,0,0
391,0,0,0,0,0,0,0,0,0
392,0,0,0,0,0,0,0,0,0
393,0,0,0,0,0,0,0,0,0
394,0,0,0,0,0,0,0,0,0
395,0,0,0,0,0,0,0,0,0
396,0,0,0,0,0,0,0,0,0
397,0,0,0,0,0,0,0,0,0
398,0,0,0,0,0,0,0,0,0
399,0,0,0,0,0,0,0,0,0
400,0,0,0,0,0,0,0,0,0
401,0,0,0,0,0,0,0,0,0
402,0,0,0,0,0,0,0,0,0
403,0,0,0,0,0,0,0,0,0
404,0,0,0,0,0,0,0,0,0
405,0,0,0,0,0,0,0,0,0
406,0,0,0,0,0,0,0,0,0
407,0,0,0,0,0,0,0,0,0
408,0,0,0,0,0,0,0,0,0
409,0,0,0,0,0,0,0,0,0
410,0,0,0,0,0,0,0,0,0
411,0,0,0,0,0,0,0,0,0
412,0,0,0,0,0,0,0,0,0
413,0,0,0,0,0,0,0,0,0
414,0,0,0,0,0,0,0,0,0
415,0,0,0,0,0,0,0,0,0
416,0,0,0,0,0,0,0,0,0
417,0,0,0,0,0,0,0,0,0
418,0,0,0,0,0,0,0,0,0
419,0,0,0,0,0,0,0,0,0
420,0,0,0,0,0,0,0,0,0
421,0,0,0,0,0,0,0,0,0
422,0,0,0,0,0,0,0,0,0
423,0,0,0,0,0,0,0,0,0
424,0,0,0,0,0,0,0,0,0
425,0,0,0,0,0,0,0,0,0
426,0,0,0,0,0,0,0,0,0
427,0,0,0,0,0,0,0,0,0
428,0,0,0,0,0,0,0,0,0
429,0,0,0,0,0,0,0,0,0
430,0,0,0,0,0,0,0,0,0
431,0,0,0,0,0,0,0,0,0
432,0,0,0,0,0,0,0,0,0
433,0,0,0,0,0,0,0,0,0
434,0,0,0,0,0,0,0,0,0
435,0,0,0,0,0,0,0,0,0
436,0,0,0,0,0,0,0,0,0
437,0,0,0,0,0,0,0,0,0
438,0,0,0,0,0,0,0,0,0
439,0,0,0,0,0,0,0,0,0
440,0,0,0,0,0,0,0,0,0
441,0,0,0,0,0,0,0,0,0
442,0,0,0,0,0,0,0,0,0
443,0,0,0,0,0,0,0,0,0
444,0,0,0,0,0,0,0,0,0
445,0,0,0,0,0,0,0,0,0
446,0,0,0,0,0,0,0,0,0
447,0,0,0,0,0,0,0,0,0
448,0,0,0,0,0,0,0,0,0
449,0,0,0,0,0,0,0,0,0
450,0,0,0,0,0,0,0,0,0
451,0,0,0,0,0,0,0,0,0
452,0,0,0,0,0,0,0,0,0
453,0,0,0,0,0,0,0,0,0
454,0,0,0,0,0,0,0,0,0
455,0,0,0,0,0,0,0,0,0
456,0,0,0,0,0,0,0,0,0
457,0,0,0,0,0,0,0,0,0
458,0,0,0,0,0,0,0,0,0
459,0,0,0,0,0,0,0,0,0
460,0,0,0,0,0,0,0,0,0
461,0,0,0,0,0,0,0,0,0
462,0,0,0,0,0,0,0,0,0
463,0,0,0,0,0,0,0,0,0
464,0,0,0,0,0,0,0,0,0
465,0,0,0,0,0,0,0,0,0
466,0,0,0,0,0,0,0,0,0
467,0,0,0,0,0,0,0,0,0
468,0,0,0,0,0,0,0,0,0
469,0,0,0,0,0,0,0,0,0
470,0,0,0,0,0,0,0,0,0
471,0,0,0,0,0,0,0,0,0
472,0,0,0,0,0,0,0,0,0
473,0,0,0,0,0,0,0,0,0
474,0,0,0,0,0,0,0,0,0
475,0,0,0,0,0,0,0,0,0
476,0,0,0,0,0,0,0,0,0
477,0,0,0,0,0,0,0,0,0
478,0,0,0,0,0,0,0,0,0
479,0,0,0,0,0,0,0,0,0
480,0,0,0,0,0,0,0,0,0
481,0,0,0,0,0,0,0,0,0
482,0,0,0,0,0,0,0,0,0
483,0,0,0,0,0,0,0,0,0
484,0,0,0,0,0,0,0,0,0
485,0,0,0,0,0,0,0,0,0
486,0,0,0,0,0,0,0,0,0
487,0,0,0,0,0,0,0,0,0
488,0,0,0,0,0,0,0,0,0
489,0,0,0,0,0,0,0,0,0
490,0,0,0,0,0,0,0,0,0
491,0,0,0,0,0,0,0,0,0
492,0,0,0,0,0,0,0,0,0
493,0,0,0,0,0,0,0,0,0
494,0,0,0,0,0,0,0,0,0
495,0,0,0,0,0,0,0,0,0
496,0,0,0,0,0,0,0,0,0
497,0,0,0,0,0,0,0,0,0
498,0,0,0,0,0,0,0,0,0
499,0,0,0,0,0,0,0,0,0
500,0,0,0,0,0,0,0,0,0
501,0,0,0,0,0,0,0,0,0
502,0,0,0,0,0,0,0,0,0
503,0,0,0,0,0,0,0,0,0
504,0,0,0,0,0,0,0,0,0
505,0,0,0,0,0,0,0,0,0
506,0,0,0,0,0,0,0,0,0
507,0,0,0,0,0,0,0,0,0
508,0,0,0,0,0,0,0,0,0
509,0,0,0,0,0,0,0,0,0
510,0,0,0,0,0,0,0,0,0
511,0,0,0,0,0,0,0,0,0
512,0,0,0,0,0,0,0,0,0
513,0,0,0,0,0,0,0,0,0
514,0,0,0,0,0,0,0,0,0
515,0,0,0,0,0,0,0,0,0
516,0,0,0,0,0,0,0,0,0
517,0,0,0,0,0,0,0,0,0
518,0,0,0,0,0,0,0,0,0
519,0,0,0,0,0,0,0,0,0
520,0,0,0,0,0,0,0,0,0
521,0,0,0,0,0,0,0,0,0
522,0,0,0,0,0,0,0,0,0
523,0,0,0,0,0,0,0,0,0
524,0,0,0,0,0,0,0,0,0
525,0,0,0,0,0,0,0,0,0
526,0,0,0,0,0,0,0,0,0
527,0,0,0,0,0,0,0,0,0
528,0,0,0,0,0,0,0,0,0
529,0,0,0,0,0,0,0,0,0
530,0,0,0,0,0,0,0,0,0
531,0,0,0,0,0,0,0,0,0
532,0,0,0,0,0,0,0,0,0
533,0,0,0,0,0,0,0,0,0
534,0,0,0,0,0,0,0,0,0
535,0,0,0,0,0,0,0,0,0
536,0,0,0,0,0,0,0,0,0
537,0,0,0,0,0,0,0,0,0
538,0,0,0,0,0,0,0,0,0
539,0,0,0,0,0,0,0,0,0
540,0,0,0,0,0,0,0,0,0
541,0,0,0,0,0,0,0,0,0
542,0,0,0,0,0,0,0,0,0
543,0,0,0,0,0,0,0,0,0
544,0,0,0,0,0,0,0,0,0
545,0,0,0,0,0,0,0,0,0
546,0,0,0,0,0,0,0,0,0
547,0,0,0,0,0,0,0,0,0
548,0,0,0,0,0,0,0,0,0
549,0,0,0,0,0,0,0,0,0
550,0,0,0,0,0,0,0,0,0
551,0,0,0,0,0,0,0,0,0
552,0,0,0,0,0,0,0,0,0
553,0,0,0,0,0,0,0,0,0
554,0,0,0,0,0,0,0,0,0
555,0,0,0,0,0,0,0,0,0
556,0,0,0,0,0,0,0,0,0
557,0,0,0,0,0,0,0,0,0
558,0,0,0,0,0,0,0,0,0
559,0,0,0,0,0,0,0,0,0
560,0,0,0,0,0,0,0,0,0
561,0,0,0,0,0,0,0,0,0
562,0,0,0,0,0,0,0,0,0
563,0,0,0,0,0,0,0,0,0
564,0,0,0,0,0,0,0,0,0
565,0,0,0,0,0,0,0,0,0
566,0,0,0,0,0,0,0,0,0
567,0,0,0,0,0,0,0,0,0
568,0,0,0,0,0,0,0,0,0
569,0,0,0,0,0,0,0,0,0
570,0,0,0,0,0,0,0,0,0
571,0,0,0,0,0,0,0,0,0
572,0,0,0,0,0,0,0,0,0
573,0,0,0,0,0,0,0,0,0
574,0,0,0,0,0,0,0,0,0
575,0,0,0,0,0,0,0,0,0
576,0,0,0,0,0,0,0,0,0
577,0,0,0,0,0,0,0,0,0
578,0,0,0,0,0,0,0,0,0
579,0,0,0,0,0,0,0,0,0
580,0,0,0,0,0,0,0,0,0
581,0,0,0,0,0,0,0,0,0
582,0,0,0,0,0,0,0,0,0
583,0,0,0,0,0,0,0,0,0
584,0,0,0,0,0,0,0,0,0
585,0,0,0,0,0,0,0,0,0
586,0,0,0,0,0,0,0,0,0
587,0,0,0,0,0,0,0,0,0
588,0,0,0,0,0,0,0,0,0
589,0,0,0,0,0,0,0,0,0
590,0,0,0,0,0,0,0,0,0
591,0,0,0,0,0,0,0,0,0
592,0,0,0,0,0,0,0,0,0
593,0,0,0,0,0,0,0,0,0
594,0,0,0,0,0,0,0,0,0
595,0,0,0,0,0,0,0,0,0
596,0,0,0,0,0,0,0,0,0
597,0,0,0,0,0,0,0,0,0
598,0,0,0,0,0,0,0,0,0
599,0,0,0,0,0,0,0,0,0
600,0,0,0,0,0,0,0,0,0
601,0,0,0,0,0,0,0,0,0
602,0,0,0,0,0,0,0,0,0
603,0,0,0,0,0,0,0,0,0
604,0,0,0,0,0,0,0,0,0
605,0,0,0,0,0,0,0,0,0
606,0,0,0,0,0,0,0,0,0
607,0,0,0,0,0,0,0,0,0
608,0,0,0,0,0,0,0,0,0
609,0,0,0,0,0,0,0,0,0
610,0,0,0,0,0,0,0,0,0
611,0,0,0,0,0,0,0,0,0
612,0,0,0,0,0,0,0,0,0
613,0,0,0,0,0,0,0,0,0
614,0,0,0,0,0,0,0,0,0
615,0,0,0,0,0,0,0,0,0
616,0,0,0,0,0,0,0,0,0
617,0,0,0,0,0,0,0,0,0
618,0,0,0,0,0,0,0,0,0
619,0,0,0,0,0,0,0,0,0
620,0,0,0,0,0,0,0,0,0
621,0,0,0,0,0,0,0,0,0
622,0,0,0,0,0,0,0,0,0
623,0,0,0,0,0,0,0,0,0
624,0,0,0,0,0,0,0,0,0
625,0,0,0,0,0,0,0,0,0
626,0,0,0,0,0,0,0,0,0
627,0,0,0,0,0,0,0,0,0
628,0,0,0,0,0,0,0,0,0
629,0,0,0,0,0,0,0,0,0
630,0,0,0,0,0,0,0,0,0
631,0,0,0,0,0,0,0,0,0
632,0,0,0,0,0,0,0,0,0
633,0,0,0,0,0,0,0,0,0
634,0,0,0,0,0,0,0,0,0
635,0,0,0,0,0,0,0,0,0
636,0,0,0,0,0,0,0,0,0
637,0,0,0,0,0,0,0,0,0
638,0,0,0,0,0,0,0,0,0
639,0,0,0,0,0,0,0,0,0
640,0,0,0,0,0,0,0,0,0
641,0,0,0,0,0,0,0,0,0
642,0,0,0,0,0,0,0,0,0
643,0,0,0,0,0,0,0,0,0
644,0,0,0,0,0,0,0,0,0
645,0,0,0,0,0,0,0,0,0
646,0,0,0,0,0,0,0,0,0
647,0,0,0,0,0,0,0,0,0
648,0,0,0,0,0,0,0,0,0
649,0,0,0,0,0,0,0,0,0
650,0,0,0,0,0,0,0,0,0
651,0,0,0,0,0,0,0,0,0
652,0,0,0,0,0,0,0,0,0
653,0,0,0,0,0,0,0,0,0
654,0,0,0,0,0,0,0,0,0
655,0,0,0,0,0,0,0,0,0
656,0,0,0,0,0,0,0,0,0
657,0,0,0,0,0,0,0,0,0
658,0,0,0,0,0,0,0,0,0
659,0,0,0,0,0,0,0,0,0
660,0,0,0,0,0,0,0,0,0
661,0,0,0,0,0,0,0,0,0
662,0,0,0,0,0,0,0,0,0
663,0,0,0,0,0,0,0,0,0
664,0,0,0,0,0,0,0,0,0
665,0,0,0,0,0,0,0,0,0
666,0,0,0,0,0,0,0,0,0
667,0,0,0,0,0,0,0,0,0
668,0,0,0,0,0,0,0,0,0
669,0,0,0,0,0,0,0,0,0
670,0,0,0,0,0,0,0,0,0
671,0,0,0,0,0,0,0,0,0
672,0,0,0,0,0,0,0,0,0
673,0,0,0,0,0,0,0,0,0
674,0,0,0,0,0,0,0,0,0
675,0,0,0,0,0,0,0,0,0
676,0,0,0,0,0,0,0,0,0
677,0,0,0,0,0,0,0,0,0
678,0,0,0,0,0,0,0,0,0
679,0,0,0,0,0,0,0,0,0
680,0,0,0,0,0,0,0,0,0
681,0,0,0,0,0,0,0,0,0
682,0,0,0,0,0,0,0,0,0
683,0,0,0,0,0,0,0,0,0
684,0,0,0,0,0,0,0,0,0
685,0,0,0,0,0,0,0,0,0
686,0,0,0,0,0,0,0,0,0
687,0,0,0,0,0,0,0,0,0
688,0,0,0,0,0,0,0,0,0
689,0,0,0,0,0,0,0,0,0
690,0,0,0,0,0,0,0,0,0
691,0,0,0,0,0,0,0,0,0
692,0,0,0,0,0,0,0,0,0
693,0,0,0,0,0,0,0,0,0
694,0,0,0,0,0,0,0,0,0
695,0,0,0,0,0,0,0,0,0
696,0,0,0,0,0,0,0,0,0
697,0,0,0,0,0,0,0,0,0
698,0,0,0,0,0,0,0,0,0
699,0,0,0,0,0,0,0,0,0
700,0,0,0,0,0,0,0,0,0
701,0,0,0,0,0,0,0,0,0
702,0,0,0,0,0,0,0,0,0
703,0,0,0,0,0,0,0,0,0
704,0,0,0,0,0,0,0,0,0
705,0,0,0,0,0,0,0,0,0
706,0,0,0,0,0,0,0,0,0
707,0,0,0,0,0,0,0,0,0
708,0,0,0,0,0,0,0,0,0
709,0,0,0,0,0,0,0,0,0
710,0,0,0,0,0,0,0,0,0
711,0,0,0,0,0,0,0,0,0
712,0,0,0,0,0,0,0,0,0
713,0,0,0,0,0,0,0,0,0
714,0,0,0,0,0,0,0,0,0
715,0,0,0,0,0,0,0,0,0
716,0,0,0,0,0,0,0,0,0
717,0,0,0,0,0,0,0,0,0
718,0,0,0,0,0,0,0,0,0
719,0,0,0,0,0,0,0,0,0
720,0,0,0,0,0,0,0,0,0
721,0,0,0,0,0,0,0,0,0
722,0,0,0,0,0,0,0,0,0
723,0,0,0,0,0,0,0,0,0
724,0,0,0,0,0,0,0,0,0
725,0,0,0,0,0,0,0,0,0
726,0,0,0,0,0,0,0,0,0
727,0,0,0,0,0,0,0,0,0
728,0,0,0,0,0,0,0,0,0
729,0,0,0,0,0,0,0,0,0
730,0,0,0,0,0,0,0,0,0
731,0,0,0,0,0,0,0,0,0
732,0,0,0,0,0,0,0,0,0
733,0,0,0,0,0,0,0,0,0
734,0,0,0,0,0,0,0,0,0
735,0,0,0,0,0,0,0,0,0
736,0,0,0,0,0,0,0,0,0
737,0,0,0,0,0,0,0,0,0
738,0,0,0,0,0,0,0,0,0
739,0,0,0,0,0,0,0,0,0
740,0,0,0,0,0,0,0,0,0
741,0,0,0,0,0,0,0,0,0
742,0,0,0,0,0,0,0,0,0
743,0,0,0,0,0,0,0,0,0
744,0,0,0,0,0,0,0,0,0
745,0,0,0,0,0,0,0,0,0
746,0,0,0,0,0,0,0,0,0
747,0,0,0,0,0,0,0,0,0
748,0,0,0,0,0,0,0,0,0
749,0,0,0,0,0,0,0,0,0
750,0,0,0,0,0,0,0,0,0
0,194,7257,201425,4077983,57373546,517292847,2626655236,5935079656,3356972874
1,121,3328,72739,1142119,12444434,86769148,340416282,593892872,259116520
2,70,1425,26432,341037,3067392,17647886,57117833,82209116,29605339
3,47,797,12584,140750,1100577,5535307,15734923,20024385,6425829
4,32,457,6539,65121,453005,2018276,5065079,5670454,1599518
5,18,267,3060,26088,154740,589619,1264562,1207379,290772
6,12,173,1811,14003,76886,270540,536215,474445,106350
7,5,86,768,5477,27059,84987,152460,121949,24742
8,5,82,708,4793,22463,66410,112226,84871,16167
9,3,48,367,2319,10141,28022,44557,31818,5802
10,1,33,191,1034,4045,9807,13630,8218,1205
11,1,29,141,668,2338,5079,6605,3803,534
12,1,16,55,175,504,1007,1180,626,71
13,1,15,43,140,401,762,863,420,40
14,1,15,43,131,344,632,719,333,35
15,1,15,42,120,282,487,469,188,16
16,1,15,42,120,282,487,469,188,16
17,1,15,39,111,252,416,415,166,13
18,1,15,34,94,208,308,302,127,9
19,1,15,27,72,154,235,239,98,6
20,0,0,0,0,0,0,0,0,0
21,0,0,0,0,0,0,0,0,0
22,0,0,0,0,0,0,0,0,0
23,0,0,0,0,0,0,0,0,0
24,0,0,0,0,0,0,0,0,0
25,0,0,0,0,0,0,0,0,0
26,0,0,0,0,0,0,0,0,0
27,0,0,0,0,0,0,0,0,0
28,0,0,0,0,0,0,0,0,0
29,0,0,0,0,0,0,0,0,0
30,0,0,0,0,0,0,0,0,0
31,0,0,0,0,0,0,0,0,0
32,0,0,0,0,0,0,0,0,0
33,0,0,0,0,0,0,0,0,0
34,0,0,0,0,0,0,0,0,0
35,0,0,0,0,0,0,0,0,0
36,0,0,0,0,0,0,0,0,0
37,0,0,0,0,0,0,0,0,0
38,0,0,0,0,0,0,0,0,0
39,0,0,0,0,0,0,0,0,0
40,0,0,0,0,0,0,0,0,0
41,0,0,0,0,0,0,0,0,0
42,0,0,0,0,0,0,0,0,0
43,0,0,0,0,0,0,0,0,0
44,0,0,0,0,0,0,0,0,0
45,0,0,0,0,0,0,0,0,0
46,0,0,0,0,0,0,0,0,0
47,0,0,0,0,0,0,0,0,0
48,0,0,0,0,0,0,0,0,0
49,0,0,0,0,0,0,0,0,0
50,0,0,0,0,0,0,0,0,0
51,0,0,0,0,0,0,0,0,0
52,0,0,0,0,0,0,0,0,0
53,0,0,0,0,0,0,0,0,0
54,0,0,0,0,0,0,0,0,0
55,0,0,0,0,0,0,0,0,0
56,0,0,0,0,0,0,0,0,0
57,0,0,0,0,0,0,0,0,0
58,0,0,0,0,0,0,0,0,0
59,0,0,0,0,0,0,0,0,0
60,0,0,0,0,0,0,0,0,0
61,0,0,0,0,0,0,0,0,0
62,0,0,0,0,0,0,0,0,0
63,0,0,0,0,0,0,0,0,0
64,0,0,0,0,0,0,0,0,0
65,0,0,0,0,0,0,0,0,0
66,0,0,0,0,0,0,0,0,0
67,0,0,0,0,0,0,0,0,0
68,0,0,0,0,0,0,0,0,0
69,0,0,0,0,0,0,0,0,0
70,0,0,0,0,0,0,0,0,0
71,0,0,0,0,0,0,0,0,0
72,0,0,0,0,0,0,0,0,0
73,0,0,0,0,0,0,0,0,0
74,0,0,0,0,0,0,0,0,0
75,0,0,0,0,0,0,0,0,0
76,0,0,0,0,0,0,0,0,0
77,0,0,0,0,0,0,0,0,0
78,0,0,0,0,0,0,0,0,0
79,0,0,0,0,0,0,0,0,0
80,0,0,0,0,0,0,0,0,0
81,0,0,0,0,0,0,0,0,0
82,0,0,0,0,0,0,0,0,0
83,0,0,0,0,0,0,0,0,0
84,0,0,0,0,0,0,0,0,0
85,0,0,0,0,0,0,0,0,0
86,0,0,0,0,0,0,0,0,0
87,0,0,0,0,0,0,0,0,0
88,0,0,0,0,0,0,0,0,0
89,0,0,0,0,0,0,0,0,0
90,0,0,0,0,0,0,0,0,0
91,0,0,0,0,0,0,0,0,0
92,0,0,0,0,0,0,0,0,0
93,0,0,0,0,0,0,0,0,0
94,0,0,0,0,0,0,0,0,0
95,0,0,0,0,0,0,0,0,0
96,0,0,0,0,0,0,0,0,0
97,0,0,0,0,0,0,0,0,0
98,0,0,0,0,0,0,0,0,0
99,0,0,0,0,0,0,0,0,0
100,0,0,0,0,0,0,0,0,0
101,0,0,0,0,0,0,0,0,0
102,0,0,0,0,0,0,0,0,0
103,0,0,0,0,0,0,0,0,0
104,0,0,0,0,0,0,0,0,0
105,0,0,0,0,0,0,0,0,0
106,0,0,0,0,0,0,0,0,0
107,0,0,0,0,0,0,0,0,0
108,0,0,0,0,0,0,0,0,0
109,0,0,0,0,0,0,0,0,0
110,0,0,0,0,0,0,0,0,0
111,0,0,0,0,0,0,0,0,0
112,0,0,0,0,0,0,0,0,0
113,0,0,0,0,0,0,0,0,0
114,0,0,0,0,0,0,0,0,0
115,0,0,0,0,0,0,0,0,0
116,0,0,0,0,0,0,0,0,0
117,0,0,0,0,0,0,0,0,0
118,0,0,0,0,0,0,0,0,0
119,0,0,0,0,0,0,0,0,0
120,0,0,0,0,0,0,0,0,0
121,0,0,0,0,0,0,0,0,0
122,0,0,0,0,0,0,0,0,0
123,0,0,0,0,0,0,0,0,0
124,0,0,0,0,0,0,0,0,0
125,0,0,0,0,0,0,0,0,0
126,0,0,0,0,0,0,0,0,0
127,0,0,0,0,0,0,0,0,0
128,0,0,0,0,0,0,0,0,0
129,0,0,0,0,0,0,0,0,0
130,0,0,0,0,0,0,0,0,0
131,0,0,0,0,0,0,0,0,0
132,0,0,0,0,0,0,0,0,0
133,0,0,0,0,0,0,0,0,0
134,0,0,0,0,0,0,0,0,0
135,0,0,0,0,0,0,0,0,0
136,0,0,0,0,0,0,0,0,0
137,0,0,0,0,0,0,0,0,0
138,0,0,0,0,0,0,0,0,0
139,0,0,0,0,0,0,0,0,0
140,0,0,0,0,0,0,0,0,0
141,0,0,0,0,0,0,0,0,0
142,0,0,0,0,0,0,0,0,0
143,0,0,0,0,0,0,0,0,0
144,0,0,0,0,0,0,0,0,0
145,0,0,0,0,0,0,0,0,0
146,0,0,0,0,0,0,0,0,0
147,0,0,0,0,0,0,0,0,0
148,0,0,0,0,0,0,0,0,0
149,0,0,0,0,0,0,0,0,0
150,0,0,0,0,0,0,0,0,0
151,0,0,0,0,0,0,0,0,0
152,0,0,0,0,0,0,0,0,0
153,0,0,0,0,0,0,0,0,0
154,0,0,0,0,0,0,0,0,0
155,0,0,0,0,0,0,0,0,0
156,0,0,0,0,0,0,0,0,0
157,0,0,0,0,0,0,0,0,0
158,0,0,0,0,0,0,0,0,0
159,0,0,0,0,0,0,0,0,0
160,0,0,0,0,0,0,0,0,0
161,0,0,0,0,0,0,0,0,0
162,0,0,0,0,0,0,0,0,0
163,0,0,0,0,0,0,0,0,0
164,0,0,0,0,0,0,0,0,0
165,0,0,0,0,0,0,0,0,0
166,0,0,0,0,0,0,0,0,0
167,0,0,0,0,0,0,0,0,0
168,0,0,0,0,0,0,0,0,0
169,0,0,0,0,0,0,0,0,0
170,0,0,0,0,0,0,0,0,0
171,0,0,0,0,0,0,0,0,0
172,0,0,0,0,0,0,0,0,0
173,0,0,0,0,0,0,0,0,0
174,0,0,0,0,0,0,0,0,0
175,0,0,0,0,0,0,0,0,0
176,0,0,0,0,0,0,0,0,0
177,0,0,0,0,0,0,0,0,0
178,0,0,0,0,0,0,0,0,0
179,0,0,0,0,0,0,0,0,0
180,0,0,0,0,0,0,0,0,0
181,0,0,0,0,0,0,0,0,0
182,0,0,0,0,0,0,0,0,0
183,0,0,0,0,0,0,0,0,0
184,0,0,0,0,0,0,0,0,0
185,0,0,0,0,0,0,0,0,0
186,0,0,0,0,0,0,0,0,0
187,0,0,0,0,0,0,0,0,0
188,0,0,0,0,0,0,0,0,0
189,0,0,0,0,0,0,0,0,0
190,0,0,0,0,0,0,0,0,0
191,0,0,0,0,0,0,0,0,0
192,0,0,0,0,0,0,0,0,0
193,0,0,0,0,0,0,0,0,0
194,0,0,0,0,0,0,0,0,0
195,0,0,0,0,0,0,0,0,0
196,0,0,0,0,0,0,0,0,0
197,0,0,0,0,0,0,0,0,0
198,0,0,0,0,0,0,0,0,0
199,0,0,0,0,0,0,0,0,0
200,0,0,0,0,0,0,0,0,0
201,0,0,0,0,0,0,0,0,0
202,0,0,0,0,0,0,0,0,0
203,0,0,0,0,0,0,0,0,0
204,0,0,0,0,0,0,0,0,0
205,0,0,0,0,0,0,0,0,0
206,0,0,0,0,0,0,0,0,0
207,0,0,0,0,0,0,0,0,0
208,0,0,0,0,0,0,0,0,0
209,0,0,0,0,0,0,0,0,0
210,0,0,0,0,0,0,0,0,0
211,0,0,0,0,0,0,0,0,0
212,0,0,0,0,0,0,0,0,0
213,0,0,0,0,0,0,0,0,0
214,0,0,0,0,0,0,0,0,0
215,0,0,0,0,0,0,0,0,0
216,0,0,0,0,0,0,0,0,0
217,0,0,0,0,0,0,0,0,0
218,0,0,0,0,0,0,0,0,0
219,0,0,0,0,0,0,0,0,0
220,0,0,0,0,0,0,0,0,0
221,0,0,0,0,0,0,0,0,0
222,0,0,0,0,0,0,0,0,0
223,0,0,0,0,0,0,0,0,0
224,0,0,0,0,0,0,0,0,0
225,0,0,0,0,0,0,0,0,0
226,0,0,0,0,0,0,0,0,0
227,0,0,0,0,0,0,0,0,0
228,0,0,0,0,0,0,0,0,0
229,0,0,0,0,0,0,0,0,0
230,0,0,0,0,0,0,0,0,0
231,0,0,0,0,0,0,0,0,0
232,0,0,0,0,0,0,0,0,0
233,0,0,0,0,0,0,0,0,0
234,0,0,0,0,0,0,0,0,0
235,0,0,0,0,0,0,0,0,0
236,0,0,0,0,0,0,0,0,0
237,0,0,0,0,0,0,0,0,0
238,0,0,0,0,0,0,0,0,0
239,0,0,0,0,0,0,0,0,0
240,0,0,0,0,0,0,0,0,0
241,0,0,0,0,0,0,0,0,0
242,0,0,0,0,0,0,0,0,0
243,0,0,0,0,0,0,0,0,0
244,0,0,0,0,0,0,0,0,0
245,0,0,0,0,0,0,0,0,0
246,0,0,0,0,0,0,0,0,0
247,0,0,0,0,0,0,0,0,0
248,0,0,0,0,0,0,0,0,0
249,0,0,0,0,0,0,0,0,0
250,0,0,0,0,0,0,0,0,0
251,0,0,0,0,0,0,0,0,0
252,0,0,0,0,0,0,0,0,0
253,0,0,0,0,0,0,0,0,0
254,0,0,0,0,0,0,0,0,0
255,0,0,0,0,0,0,0,0,0
256,0,0,0,0,0,0,0,0,0
257,0,0,0,0,0,0,0,0,0
258,0,0,0,0,0,0,0,0,0
259,0,0,0,0,0,0,0,0,0
260,0,0,0,0,0,0,0,0,0
261,0,0,0,0,0,0,0,0,0
262,0,0,0,0,0,0,0,0,0
263,0,0,0,0,0,0,0,0,0
264,0,0,0,0,0,0,0,0,0
265,0,0,0,0,0,0,0,0,0
266,0,0,0,0,0,0,0,0,0
267,0,0,0,0,0,0,0,0,0
268,0,0,0,0,0,0,0,0,0
269,0,0,0,0,0,0,0,0,0
270,0,0,0,0,0,0,0,0,0
271,0,0,0,0,0,0,0,0,0
272,0,0,0,0,0,0,0,0,0
273,0,0,0,0,0,0,0,0,0
274,0,0,0,0,0,0,0,0,0
275,0,0,0,0,0,0,0,0,0
276,0,0,0,0,0,0,0,0,0
277,0,0,0,0,0,0,0,0,0
278,0,0,0,0,0,0,0,0,0
279,0,0,0,0,0,0,0,0,0
280,0,0,0,0,0,0,0,0,0
281,0,0,0,0,0,0,0,0,0
282,0,0,0,0,0,0,0,0,0
283,0,0,0,0,0,0,0,0,0
284,0,0,0,0,0,0,0,0,0
285,0,0,0,0,0,0,0,0,0
286,0,0,0,0,0,0,0,0,0
287,0,0,0,0,0,0,0,0,0
288,0,0,0,0,0,0,0,0,0
289,0,0,0,0,0,0,0,0,0
290,0,0,0,0,0,0,0,0,0
291,0,0,0,0,0,0,0,0,0
292,0,0,0,0,0,0,0,0,0
293,0,0,0,0,0,0,0,0,0
294,0,0,0,0,0,0,0,0,0
295,0,0,0,0,0,0,0,0,0
296,0,0,0,0,0,0,0,0,0
297,0,0,0,0,0,0,0,0,0
298,0,0,0,0,0,0,0,0,0
299,0,0,0,0,0,0,0,0,0
300,0,0,0,0,0,0,0,0,0
301,0,0,0,0,0,0,0,0,0
302,0,0,0,0,0,0,0,0,0
303,0,0,0,0,0,0,0,0,0
304,0,0,0,0,0,0,0,0,0
305,0,0,0,0,0,0,0,0,0
306,0,0,0,0,0,0,0,0,0
307,0,0,0,0,0,0,0,0,0
308,0,0,0,0,0,0,0,0,0
309,0,0,0,0,0,0,0,0,0
310,0,0,0,0,0,0,0,0,0
311,0,0,0,0,0,0,0,0,0
312,0,0,0,0,0,0,0,0,0
313,0,0,0,0,0,0,0,0,0
314,0,0,0,0,0,0,0,0,0
315,0,0,0,0,0,0,0,0,0
316,0,0,0,0,0,0,0,0,0
317,0,0,0,0,0,0,0,0,0
318,0,0,0,0,0,0,0,0,0
319,0,0,0,0,0,0,0,0,0
320,0,0,0,0,0,0,0,0,0
321,0,0,0,0,0,0,0,0,0
322,0,0,0,0,0,0,0,0,0
323,0,0,0,0,0,0,0,0,0
324,0,0,0,0,0,0,0,0,0
325,0,0,0,0,0,0,0,0,0
326,0,0,0,0,0,0,0,0,0
327,0,0,0,0,0,0,0,0,0
328,0,0,0,0,0,0,0,0,0
329,0,0,0,0,0,0,0,0,0
330,0,0,0,0,0,0,0,0,0
331,0,0,0,0,0,0,0,0,0
332,0,0,0,0,0,0,0,0,0
333,0,0,0,0,0,0,0,0,0
334,0,0,0,0,0,0,0,0,0
335,0,0,0,0,0,0,0,0,0
336,0,0,0,0,0,0,0,0,0
337,0,0,0,0,0,0,0,0,0
338,0,0,0,0,0,0,0,0,0
339,0,0,0,0,0,0,0,0,0
340,0,0,0,0,0,0,0,0,0
341,0,0,0,0,0,0,0,0,0
342,0,0,0,0,0,0,0,0,0
343,0,0,0,0,0,0,0,0,0
344,0,0,0,0,0,0,0,0,0
345,0,0,0,0,0,0,0,0,0
346,0,0,0,0,0,0,0,0,0
347,0,0,0,0,0,0,0,0,0
348,0,0,0,0,0,0,0,0,0
349,0,0,0,0,0,0,0,0,0
350,0,0,0,0,0,0,0,0,0
351,0,0,0,0,0,0,0,0,0
352,0,0,0,0,0,0,0,0,0
353,0,0,0,0,0,0,0,0,0
354,0,0,0,0,0,0,0,0,0
355,0,0,0,0,0,0,0,0,0
356,0,0,0,0,0,0,0,0,0
357,0,0,0,0,0,0,0,0,0
358,0,0,0,0,0,0,0,0,0
359,0,0,0,0,0,0,0,0,0
360,0,0,0,0,0,0,0,0,0
361,0,0,0,0,0,0,0,0,0
362,0,0,0,0,0,0,0,0,0
363,0,0,0,0,0,0,0,0,0
364,0,0,0,0,0,0,0,0,0
365,0,0,0,0,0,0,0,0,0
366,0,0,0,0,0,0,0,0,0
367,0,0,0,0,0,0,0,0,0
368,0,0,0,0,0,0,0,0,0
369,0,0,0,0,0,0,0,0,0
370,0,0,0,0,0,0,0,0,0
371,0,0,0,0,0,0,0,0,0
372,0,0,0,0,0,0,0,0,0
373,0,0,0,0,0,0,0,0,0
374,0,0,0,0,0,0,0,0,0
375,0,0,0,0,0,0,0,0,0
376,0,0,0,0,0,0,0,0,0
377,0,0,0,0,0,0,0,0,0
378,0,0,0,0,0,0,0,0,0
379,0,0,0,0,0,0,0,0,0
380,0,0,0,0,0,0,0,0,0
381,0,0,0,0,0,0,0,0,0
382,0,0,0,0,0,0,0,0,0
383,0,0,0,0,0,0,0,0,0
384,0,0,0,0,0,0,0,0,0
385,0,0,0,0,0,0,0,0,0
386,0,0,0,0,0,0,0,0,0
387,0,0,0,0,0,0,0,0,0
388,0,0,0,0,0,0,0,0,0
389,0,0,0,0,0,0,0,0,0
390,0,0,0,0,0,0,0,0,0
391,0,0,0,0,0,0,0,0,0
392,0,0,0,0,0,0,0,0,0
393,0,0,0,0,0,0,0,0,0
394,0,0,0,0,0,0,0,0,0
395,0,0,0,0,0,0,0,0,0
396,0,0,0,0,0,0,0,0,0
397,0,0,0,0,0,0,0,0,0
398,0,0,0,0,0,0,0,0,0
399,0,0,0,0,0,0,0,0,0
400,0,0,0,0,0,0,0,0,0
401,0,0,0,0,0,0,0,0,0
402,0,0,0,0,0,0,0,0,0
403,0,0,0,0,0,0,0,0,0
404,0,0,0,0,0,0,0,0,0
405,0,0,0,0,0,0,0,0,0
406,0,0,0,0,0,0,0,0,0
407,0,0,0,0,0,0,0,0,0
408,0,0,0,0,0,0,0,0,0
409,0,0,0,0,0,0,0,0,0
410,0,0,0,0,0,0,0,0,0
411,0,0,0,0,0,0,0,0,0
412,0,0,0,0,0,0,0,0,0
413,0,0,0,0,0,0,0,0,0
414,0,0,0,0,0,0,0,0,0
415,0,0,0,0,0,0,0,0,0
416,0,0,0,0,0,0,0,0,0
417,0,0,0,0,0,0,0,0,0
418,0,0,0,0,0,0,0,0,0
419,0,0,0,0,0,0,0,0,0
420,0,0,0,0,0,0,0,0,0
421,0,0,0,0,0,0,0,0,0
422,0,0,0,0,0,0,0,0,0
423,0,0,0,0,0,0,0,0,0
424,0,0,0,0,0,0,0,0,0
425,0,0,0,0,0,0,0,0,0
426,0,0,0,0,0,0,0,0,0
427,0,0,0,0,0,0,0,0,0
428,0,0,0,0,0,0,0,0,0
429,0,0,0,0,0,0,0,0,0
430,0,0,0,0,0,0,0,0,0
431,0,0,0,0,0,0,0,0,0
432,0,0,0,0,0,0,0,0,0
433,0,0,0,0,0,0,0,0,0
434,0,0,0,0,0,0,0,0,0
435,0,0,0,0,0,0,0,0,0
436,0,0,0,0,0,0,0,0,0
437,0,0,0,0,0,0,0,0,0
438,0,0,0,0,0,0,0,0,0
439,0,0,0,0,0,0,0,0,0
440,0,0,0,0,0,0,0,0,0
441,0,0,0,0,0,0,0,0,0
442,0,0,0,0,0,0,0,0,0
443,0,0,0,0,0,0,0,0,0
444,0,0,0,0,0,0,0,0,0
445,0,0,0,0,0,0,0,0,0
446,0,0,0,0,0,0,0,0,0
447,0,0,0,0,0,0,0,0,0
448,0,0,0,0,0,0,0,0,0
449,0,0,0,0,0,0,0,0,0
450,0,0,0,0,0,0,0,0,0
451,0,0,0,0,0,0,0,0,0
452,0,0,0,0,0,0,0,0,0
453,0,0,0,0,0,0,0,0,0
454,0,0,0,0,0,0,0,0,0
455,0,0,0,0,0,0,0,0,0
456,0,0,0,0,0,0,0,0,0
457,0,0,0,0,0,0,0,0,0
458,0,0,0,0,0,0,0,0,0
459,0,0,0,0,0,0,0,0,0
460,0,0,0,0,0,0,0,0,0
461,0,0,0,0,0,0,0,0,0
462,0,0,0,0,0,0,0,0,0
463,0,0,0,0,0,0,0,0,0
464,0,0,0,0,0,0,0,0,0
465,0,0,0,0,0,0,0,0,0
466,0,0,0,0,0,0,0,0,0
467,0,0,0,0,0,0,0,0,0
468,0,0,0,0,0,0,0,0,0
469,0,0,0,0,0,0,0,0,0
470,0,0,0,0,0,0,0,0,0
471,0,0,0,0,0,0,0,0,0
472,0,0,0,0,0,0,0,0,0
473,0,0,0,0,0,0,0,0,0
474,0,0,0,0,0,0,0,0,0
475,0,0,0,0,0,0,0,0,0
476,0,0,0,0,0,0,0,0,0
477,0,0,0,0,0,0,0,0,0
478,0,0,0,0,0,0,0,0,0
479,0,0,0,0,0,0,0,0,0
480,0,0,0,0,0,0,0,0,0
481,0,0,0,0,0,0,0,0,0
482,0,0,0,0,0,0,0,0,0
483,0,0,0,0,0,0,0,0,0
484,0,0,0,0,0,0,0,0,0
485,0,0,0,0,0,0,0,0,0
486,0,0,0,0,0,0,0,0,0
487,0,0,0,0,0,0,0,0,0
488,0,0,0,0,0,0,0,0,0
489,0,0,0,0,0,0,0,0,0
490,0,0,0,0,0,0,0,0,0
491,0,0,0,0,0,0,0,0,0
492,0,0,0,0,0,0,0,0,0
493,0,0,0,0,0,0,0,0,0
494,0,0,0,0,0,0,0,0,0
495,0,0,0,0,0,0,0,0,0
496,0,0,0,0,0,0,0,0,0
497,0,0,0,0,0,0,0,0,0
498,0,0,0,0,0,0,0,0,0
499,0,0,0,0,0,0,0,0,0
500,0,0,0,0,0,0,0,0,0
501,0,0,0,0,0,0,0,0,0
502,0,0,0,0,0,0,0,0,0
503,0,0,0,0,0,0,0,0,0
504,0,0,0,0,0,0,0,0,0
505,0,0,0,0,0,0,0,0,0
506,0,0,0,0,0,0,0,0,0
507,0,0,0,0,0,0,0,0,0
508,0,0,0,0,0,0,0,0,0
509,0,0,0,0,0,0,0,0,0
510,0,0,0,0,0,0,0,0,0
511,0,0,0,0,0,0,0,0,0
512,0,0,0,0,0,0,0,0,0
513,0,0,0,0,0,0,0,0,0
514,0,0,0,0,0,0,0,0,0
515,0,0,0,0,0,0,0,0,0
516,0,0,0,0,0,0,0,0,0
517,0,0,0,0,0,0,0,0,0
518,0,0,0,0,0,0,0,0,0
519,0,0,0,0,0,0,0,0,0
520,0,0,0,0,0,0,0,0,0
521,0,0,0,0,0,0,0,0,0
522,0,0,0,0,0,0,0,0,0
523,0,0,0,0,0,0,0,0,0
524,0,0,0,0,0,0,0,0,0
525,0,0,0,0,0,0,0,0,0
526,0,0,0,0,0,0,0,0,0
527,0,0,0,0,0,0,0,0,0
528,0,0,0,0,0,0,0,0,0
529,0,0,0,0,0,0,0,0,0
530,0,0,0,0,0,0,0,0,0
531,0,0,0,0,0,0,0,0,0
532,0,0,0,0,0,0,0,0,0
533,0,0,0,0,0,0,0,0,0
534,0,0,0,0,0,0,0,0,0
535,0,0,0,0,0,0,0,0,0
536,0,0,0,0,0,0,0,0,0
537,0,0,0,0,0,0,0,0,0
538,0,0,0,0,0,0,0,0,0
539,0,0,0,0,0,0,0,0,0
540,0,0,0,0,0,0,0,0,0
541,0,0,0,0,0,0,0,0,0
542,0,0,0,0,0,0,0,0,0
543,0,0,0,0,0,0,0,0,0
544,0,0,0,0,0,0,0,0,0
545,0,0,0,0,0,0,0,0,0
546,0,0,0,0,0,0,0,0,0
547,0,0,0,0,0,0,0,0,0
548,0,0,0,0,0,0,0,0,0
549,0,0,0,0,0,0,0,0,0
550,0,0,0,0,0,0,0,0,0
551,0,0,0,0,0,0,0,0,0
552,0,0,0,0,0,0,0,0,0
553,0,0,0,0,0,0,0,0,0
554,0,0,0,0,0,0,0,0,0
555,0,0,0,0,0,0,0,0,0
556,0,0,0,0,0,0,0,0,0
557,0,0,0,0,0,0,0,0,0
558,0,0,0,0,0,0,0,0,0
559,0,0,0,0,0,0,0,0,0
560,0,0,0,0,0,0,0,0,0
561,0,0,0,0,0,0,0,0,0
562,0,0,0,0,0,0,0,0,0
563,0,0,0,0,0,0,0,0,0
564,0,0,0,0,0,0,0,0,0
565,0,0,0,0,0,0,0,0,0
566,0,0,0,0,0,0,0,0,0
567,0,0,0,0,0,0,0,0,0
568,0,0,0,0,0,0,0,0,0
569,0,0,0,0,0,0,0,0,0
570,0,0,0,0,0,0,0,0,0
571,0,0,0,0,0,0,0,0,0
572,0,0,0,0,0,0,0,0,0
573,0,0,0,0,0,0,0,0,0
574,0,0,0,0,0,0,0,0,0
575,0,0,0,0,0,0,0,0,0
576,0,0,0,0,0,0,0,0,0
577,0,0,0,0,0,0,0,0,0
578,0,0,0,0,0,0,0,0,0
579,0,0,0,0,0,0,0,0,0
580,0,0,0,0,0,0,0,0,0
581,0,0,0,0,0,0,0,0,0
582,0,0,0,0,0,0,0,0,0
583,0,0,0,0,0,0,0,0,0
584,0,0,0,0,0,0,0,0,0
585,0,0,0,0,0,0,0,0,0
586,0,0,0,0,0,0,0,0,0
587,0,0,0,0,0,0,0,0,0
588,0,0,0,0,0,0,0,0,0
589,0,0,0,0,0,0,0,0,0
590,0,0,0,0,0,0,0,0,0
591,0,0,0,0,0,0,0,0,0
592,0,0,0,0,0,0,0,0,0
593,0,0,0,0,0,0,0,0,0
594,0,0,0,0,0,0,0,0,0
595,0,0,0,0,0,0,0,0,0
596,0,0,0,0,0,0,0,0,0
597,0,0,0,0,0,0,0,0,0
598,0,0,0,0,0,0,0,0,0
599,0,0,0,0,0,0,0,0,0
600,0,0,0,0,0,0,0,0,0
601,0,0,0,0,0,0,0,0,0
602,0,0,0,0,0,0,0,0,0
603,0,0,0,0,0,0,0,0,0
604,0,0,0,0,0,0,0,0,0
605,0,0,0,0,0,0,0,0,0
606,0,0,0,0,0,0,0,0,0
607,0,0,0,0,0,0,0,0,0
608,0,0,0,0,0,0,0,0,0
609,0,0,0,0,0,0,0,0,0
610,0,0,0,0,0,0,0,0,0
611,0,0,0,0,0,0,0,0,0
612,0,0,0,0,0,0,0,0,0
613,0,0,0,0,0,0,0,0,0
614,0,0,0,0,0,0,0,0,0
615,0,0,0,0,0,0,0,0,0
616,0,0,0,0,0,0,0,0,0
617,0,0,0,0,0,0,0,0,0
618,0,0,0,0,0,0,0,0,0
619,0,0,0,0,0,0,0,0,0
620,0,0,0,0,0,0,0,0,0
621,0,0,0,0,0,0,0,0,0
622,0,0,0,0,0,0,0,0,0
623,0,0,0,0,0,0,0,0,0
624,0,0,0,0,0,0,0,0,0
625,0,0,0,0,0,0,0,0,0
626,0,0,0,0,0,0,0,0,0
627,0,0,0,0,0,0,0,0,0
628,0,0,0,0,0,0,0,0,0
629,0,0,0,0,0,0,0,0,0
630,0,0,0,0,0,0,0,0,0
631,0,0,0,0,0,0,0,0,0
632,0,0,0,0,0,0,0,0,0
633,0,0,0,0,0,0,0,0,0
634,0,0,0,0,0,0,0,0,0
635,0,0,0,0,0,0,0,0,0
636,0,0,0,0,0,0,0,0,0
637,0,0,0,0,0,0,0,0,0
638,0,0,0,0,0,0,0,0,0
639,0,0,0,0,0,0,0,0,0
640,0,0,0,0,0,0,0,0,0
641,0,0,0,0,0,0,0,0,0
642,0,0,0,0,0,0,0,0,0
643,0,0,0,0,0,0,0,0,0
644,0,0,0,0,0,0,0,0,0
645,0,0,0,0,0,0,0,0,0
646,0,0,0,0,0,0,0,0,0
647,0,0,0,0,0,0,0,0,0
648,0,0,0,0,0,0,0,0,0
649,0,0,0,0,0,0,0,0,0
650,0,0,0,0,0,0,0,0,0
651,0,0,0,0,0,0,0,0,0
652,0,0,0,0,0,0,0,0,0
653,0,0,0,0,0,0,0,0,0
654,0,0,0,0,0,0,0,0,0
655,0,0,0,0,0,0,0,0,0
656,0,0,0,0,0,0,0,0,0
657,0,0,0,0,0,0,0,0,0
658,0,0,0,0,0,0,0,0,0
659,0,0,0,0,0,0,0,0,0
660,0,0,0,0,0,0,0,0,0
661,0,0,0,0,0,0,0,0,0
662,0,0,0,0,0,0,0,0,0
663,0,0,0,0,0,0,0,0,0
664,0,0,0,0,0,0,0,0,0
665,0,0,0,0,0,0,0,0,0
666,0,0,0,0,0,0,0,0,0
667,0,0,0,0,0,0,0,0,0
668,0,0,0,0,0,0,0,0,0
669,0,0,0,0,0,0,0,0,0
670,0,0,0,0,0,0,0,0,0
671,0,0,0,0,0,0,0,0,0
672,0,0,0,0,0,0,0,0,0
673,0,0,0,0,0,0,0,0,0
674,0,0,0,0,0,0,0,0,0
675,0,0,0,0,0,0,0,0,0
676,0,0,0,0,0,0,0,0,0
677,0,0,0,0,0,0,0,0,0
678,0,0,0,0,0,0,0,0,0
679,0,0,0,0,0,0,0,0,0
680,0,0,0,0,0,0,0,0,0
681,0,0,0,0,0,0,0,0,0
682,0,0,0,0,0,0,0,0,0
683,0,0,0,0,0,0,0,0,0
684,0,0,0,0,0,0,0,0,0
685,0,0,0,0,0,0,0,0,0
686,0,0,0,0,0,0,0,0,0
687,0,0,0,0,0,0,0,0,0
688,0,0,0,0,0,0,0,0,0
689,0,0,0,0,0,0,0,0,0
690,0,0,0,0,0,0,0,0,0
691,0,0,0,0,0,0,0,0,0
692,0,0,0,0,0,0,0,0,0
693,0,0,0,0,0,0,0,0,0
694,0,0,0,0,0,0,0,0,0
695,0,0,0,0,0,0,0,0,0
696,0,0,0,0,0,0,0,0,0
697,0,0,0,0,0,0,0,0,0
698,0,0,0,0,0,0,0,0,0
699,0,0,0,0,0,0,0,0,0
700,0,0,0,0,0,0,0,0,0
701,0,0,0,0,0,0,0,0,0
702,0,0,0,0,0,0,0,0,0
703,0,0,0,0,0,0,0,0,0
704,0,0,0,0,0,0,0,0,0
705,0,0,0,0,0,0,0,0,0
706,0,0,0,0,0,0,0,0,0
707,0,0,0,0,0,0,0,0,0
708,0,0,0,0,0,0,0,0,0
709,0,0,0,0,0,0,0,0,0
710,0,0,0,0,0,0,0,0,0
711,0,0,0,0,0,0,0,0,0
712,0,0,0,0,0,0,0,0,0
713,0,0,0,0,0,0,0,0,0
714,0,0,0,0,0,0,0,0,0
715,0,0,0,0,0,0,0,0,0
716,0,0,0,0,0,0,0,0,0
717,0,0,0,0,0,0,0,0,0
718,0,0,0,0,0,0,0,0,0
719,0,0,0,0,0,0,0,0,0
720,0,0,0,0,0,0,0,0,0
721,0,0,0,0,0,0,0,0,0
722,0,0,0,0,0,0,0,0,0
723,0,0,0,0,0,0,0,0,0
724,0,0,0,0,0,0,0,0,0
725,0,0,0,0,0,0,0,0,0
726,0,0,0,0,0,0,0,0,0
727,0,0,0,0,0,0,0,0,0
728,0,0,0,0,0,0,0,0,0
729,0,0,0,0,0,0,0,0,0
730,0,0,0,0,0,0,0,0,0
731,0,0,0,0,0,0,0,0,0
732,0,0,0,0,0,0,0,0,0
733,0,0,0,0,0,0,0,0,0
734,0,0,0,0,0,0,0,0,0
735,0,0,0,0,0,0,0,0,0
736,0,0,0,0,0,0,0,0,0
737,0,0,0,0,0,0,0,0,0
738,0,0,0,0,0,0,0,0,0
739,0,0,0,0,0,0,0,0,0
740,0,0,0,0,0,0,0,0,0
741,0,0,0,0,0,0,0,0,0
742,0,0,0,0,0,0,0,0,0
743,0,0,0,0,0,0,0,0,0
744,0,0,0,0,0,0,0,0,0
745,0,0,0,0,0,0,0,0,0
746,0,0,0,0,0,0,0,0,0
747,0,0,0,0,0,0,0,0,0
748,0,0,0,0,0,0,0,0,0
749,0,0,0,0,0,0,0,0,0
750,0,0,0,0,0,0,0,0,0
0,194,7257,201425,4077983,57373546,517292847,2626655236,5935079656,3356972874
1,119,3511,80844,1341334,15508866,115054141,481188368,896642946,418621287
2,70,1592,29958,414075,3982366,24548124,85248998,131802185,51028146
3,47,1016,16416,198045,1653463,8881438,26965837,36539292,12429940
4,26,522,7165,75173,542129,2518200,6618461,7784363,2309425
5,13,295,3435,31063,194216,783398,1789920,1830733,470959
6,8,191,2003,16278,89552,319528,645042,584375,134551
7,8,114,1068,8142,41586,137663,258460,218315,47724
8,6,80,639,3929,17034,46284,70124,47277,7988
9,6,63,478,2783,11419,29042,40950,25634,4043
10,4,35,238,1304,4731,10858,13540,7393,1001
11,4,33,192,964,3397,7388,8493,4103,439
12,4,33,174,844,2840,5866,6441,3024,302
13,4,29,144,652,2076,3830,3662,1538,134
14,4,24,108,464,1435,2394,2040,839,73
15,2,21,78,330,986,1584,1250,476,43
16,2,20,70,266,812,1321,1039,377,32
17,1,19,61,221,640,950,751,253,23
18,0,18,46,142,476,775,630,208,19
19,0,0,0,0,0,0,0,0,0
20,0,0,0,0,0,0,0,0,0
21,0,0,0,0,0,0,0,0,0
22,0,0,0,0,0,0,0,0,0
23,0,0,0,0,0,0,0,0,0
24,0,0,0,0,0,0,0,0,0
25,0,0,0,0,0,0,0,0,0
26,0,0,0,0,0,0,0,0,0
27,0,0,0,0,0,0,0,0,0
28,0,0,0,0,0,0,0,0,0
29,0,0,0,0,0,0,0,0,0
30,0,0,0,0,0,0,0,0,0
31,0,0,0,0,0,0,0,0,0
32,0,0,0,0,0,0,0,0,0
33,0,0,0,0,0,0,0,0,0
34,0,0,0,0,0,0,0,0,0
35,0,0,0,0,0,0,0,0,0
36,0,0,0,0,0,0,0,0,0
37,0,0,0,0,0,0,0,0,0
38,0,0,0,0,0,0,0,0,0
39,0,0,0,0,0,0,0,0,0
40,0,0,0,0,0,0,0,0,0
41,0,0,0,0,0,0,0,0,0
42,0,0,0,0,0,0,0,0,0
43,0,0,0,0,0,0,0,0,0
44,0,0,0,0,0,0,0,0,0
45,0,0,0,0,0,0,0,0,0
46,0,0,0,0,0,0,0,0,0
47,0,0,0,0,0,0,0,0,0
48,0,0,0,0,0,0,0,0,0
49,0,0,0,0,0,0,0,0,0
50,0,0,0,0,0,0,0,0,0
51,0,0,0,0,0,0,0,0,0
52,0,0,0,0,0,0,0,0,0
53,0,0,0,0,0,0,0,0,0
54,0,0,0,0,0,0,0,0,0
55,0,0,0,0,0,0,0,0,0
56,0,0,0,0,0,0,0,0,0
57,0,0,0,0,0,0,0,0,0
58,0,0,0,0,0,0,0,0,0
59,0,0,0,0,0,0,0,0,0
60,0,0,0,0,0,0,0,0,0
61,0,0,0,0,0,0,0,0,0
62,0,0,0,0,0,0,0,0,0
63,0,0,0,0,0,0,0,0,0
64,0,0,0,0,0,0,0,0,0
65,0,0,0,0,0,0,0,0,0
66,0,0,0,0,0,0,0,0,0
67,0,0,0,0,0,0,0,0,0
68,0,0,0,0,0,0,0,0,0
69,0,0,0,0,0,0,0,0,0
70,0,0,0,0,0,0,0,0,0
71,0,0,0,0,0,0,0,0,0
72,0,0,0,0,0,0,0,0,0
73,0,0,0,0,0,0,0,0,0
74,0,0,0,0,0,0,0,0,0
75,0,0,0,0,0,0,0,0,0
76,0,0,0,0,0,0,0,0,0
77,0,0,0,0,0,0,0,0,0
78,0,0,0,0,0,0,0,0,0
79,0,0,0,0,0,0,0,0,0
80,0,0,0,0,0,0,0,0,0
81,0,0,0,0,0,0,0,0,0
82,0,0,0,0,0,0,0,0,0
83,0,0,0,0,0,0,0,0,0
84,0,0,0,0,0,0,0,0,0
85,0,0,0,0,0,0,0,0,0
86,0,0,0,0,0,0,0,0,0
87,0,0,0,0,0,0,0,0,0
88,0,0,0,0,0,0,0,0,0
89,0,0,0,0,0,0,0,0,0
90,0,0,0,0,0,0,0,0,0
91,0,0,0,0,0,0,0,0,0
92,0,0,0,0,0,0,0,0,0
93,0,0,0,0,0,0,0,0,0
94,0,0,0,0,0,0,0,0,0
95,0,0,0,0,0,0,0,0,0
96,0,0,0,0,0,0,0,0,0
97,0,0,0,0,0,0,0,0,0
98,0,0,0,0,0,0,0,0,0
99,0,0,0,0,0,0,0,0,0
100,0,0,0,0,0,0,0,0,0
101,0,0,0,0,0,0,0,0,0
102,0,0,0,0,0,0,0,0,0
103,0,0,0,0,0,0,0,0,0
104,0,0,0,0,0,0,0,0,0
105,0,0,0,0,0,0,0,0,0
106,0,0,0,0,0,0,0,0,0
107,0,0,0,0,0,0,0,0,0
108,0,0,0,0,0,0,0,0,0
109,0,0,0,0,0,0,0,0,0
110,0,0,0,0,0,0,0,0,0
111,0,0,0,0,0,0,0,0,0
112,0,0,0,0,0,0,0,0,0
113,0,0,0,0,0,0,0,0,0
114,0,0,0,0,0,0,0,0,0
115,0,0,0,0,0,0,0,0,0
116,0,0,0,0,0,0,0,0,0
117,0,0,0,0,0,0,0,0,0
118,0,0,0,0,0,0,0,0,0
119,0,0,0,0,0,0,0,0,0
120,0,0,0,0,0,0,0,0,0
121,0,0,0,0,0,0,0,0,0
122,0,0,0,0,0,0,0,0,0
123,0,0,0,0,0,0,0,0,0
124,0,0,0,0,0,0,0,0,0
125,0,0,0,0,0,0,0,0,0
126,0,0,0,0,0,0,0,0,0
127,0,0,0,0,0,0,0,0,0
128,0,0,0,0,0,0,0,0,0
129,0,0,0,0,0,0,0,0,0
130,0,0,0,0,0,0,0,0,0
131,0,0,0,0,0,0,0,0,0
132,0,0,0,0,0,0,0,0,0
133,0,0,0,0,0,0,0,0,0
134,0,0,0,0,0,0,0,0,0
135,0,0,0,0,0,0,0,0,0
136,0,0,0,0,0,0,0,0,0
137,0,0,0,0,0,0,0,0,0
138,0,0,0,0,0,0,0,0,0
139,0,0,0,0,0,0,0,0,0
140,0,0,0,0,0,0,0,0,0
141,0,0,0,0,0,0,0,0,0
142,0,0,0,0,0,0,0,0,0
143,0,0,0,0,0,0,0,0,0
144,0,0,0,0,0,0,0,0,0
145,0,0,0,0,0,0,0,0,0
146,0,0,0,0,0,0,0,0,0
147,0,0,0,0,0,0,0,0,0
148,0,0,0,0,0,0,0,0,0
149,0,0,0,0,0,0,0,0,0
150,0,0,0,0,0,0,0,0,0
151,0,0,0,0,0,0,0,0,0
152,0,0,0,0,0,0,0,0,0
153,0,0,0,0,0,0,0,0,0
154,0,0,0,0,0,0,0,0,0
155,0,0,0,0,0,0,0,0,0
156,0,0,0,0,0,0,0,0,0
157,0,0,0,0,0,0,0,0,0
158,0,0,0,0,0,0,0,0,0
159,0,0,0,0,0,0,0,0,0
160,0,0,0,0,0,0,0,0,0
161,0,0,0,0,0,0,0,0,0
162,0,0,0,0,0,0,0,0,0
163,0,0,0,0,0,0,0,0,0
164,0,0,0,0,0,0,0,0,0
165,0,0,0,0,0,0,0,0,0
166,0,0,0,0,0,0,0,0,0
167,0,0,0,0,0,0,0,0,0
168,0,0,0,0,0,0,0,0,0
169,0,0,0,0,0,0,0,0,0
170,0,0,0,0,0,0,0,0,0
171,0,0,0,0,0,0,0,0,0
172,0,0,0,0,0,0,0,0,0
173,0,0,0,0,0,0,0,0,0
174,0,0,0,0,0,0,0,0,0
175,0,0,0,0,0,0,0,0,0
176,0,0,0,0,0,0,0,0,0
177,0,0,0,0,0,0,0,0,0
178,0,0,0,0,0,0,0,0,0
179,0,0,0,0,0,0,0,0,0
180,0,0,0,0,0,0,0,0,0
181,0,0,0,0,0,0,0,0,0
182,0,0,0,0,0,0,0,0,0
183,0,0,0,0,0,0,0,0,0
184,0,0,0,0,0,0,0,0,0
185,0,0,0,0,0,0,0,0,0
186,0,0,0,0,0,0,0,0,0
187,0,0,0,0,0,0,0,0,0
188,0,0,0,0,0,0,0,0,0
189,0,0,0,0,0,0,0,0,0
190,0,0,0,0,0,0,0,0,0
191,0,0,0,0,0,0,0,0,0
192,0,0,0,0,0,0,0,0,0
193,0,0,0,0,0,0,0,0,0
194,0,0,0,0,0,0,0,0,0
195,0,0,0,0,0,0,0,0,0
196,0,0,0,0,0,0,0,0,0
197,0,0,0,0,0,0,0,0,0
198,0,0,0,0,0,0,0,0,0
199,0,0,0,0,0,0,0,0,0
200,0,0,0,0,0,0,0,0,0
201,0,0,0,0,0,0,0,0,0
202,0,0,0,0,0,0,0,0,0
203,0,0,0,0,0,0,0,0,0
204,0,0,0,0,0,0,0,0,0
205,0,0,0,0,0,0,0,0,0
206,0,0,0,0,0,0,0,0,0
207,0,0,0,0,0,0,0,0,0
208,0,0,0,0,0,0,0,0,0
209,0,0,0,0,0,0,0,0,0
210,0,0,0,0,0,0,0,0,0
211,0,0,0,0,0,0,0,0,0
212,0,0,0,0,0,0,0,0,0
213,0,0,0,0,0,0,0,0,0
214,0,0,0,0,0,0,0,0,0
215,0,0,0,0,0,0,0,0,0
216,0,0,0,0,0,0,0,0,0
217,0,0,0,0,0,0,0,0,0
218,0,0,0,0,0,0,0,0,0
219,0,0,0,0,0,0,0,0,0
220,0,0,0,0,0,0,0,0,0
221,0,0,0,0,0,0,0,0,0
222,0,0,0,0,0,0,0,0,0
223,0,0,0,0,0,0,0,0,0
224,0,0,0,0,0,0,0,0,0
225,0,0,0,0,0,0,0,0,0
226,0,0,0,0,0,0,0,0,0
227,0,0,0,0,0,0,0,0,0
228,0,0,0,0,0,0,0,0,0
229,0,0,0,0,0,0,0,0,0
230,0,0,0,0,0,0,0,0,0
231,0,0,0,0,0,0,0,0,0
232,0,0,0,0,0,0,0,0,0
233,0,0,0,0,0,0,0,0,0
234,0,0,0,0,0,0,0,0,0
235,0,0,0,0,0,0,0,0,0
236,0,0,0,0,0,0,0,0,0
237,0,0,0,0,0,0,0,0,0
238,0,0,0,0,0,0,0,0,0
239,0,0,0,0,0,0,0,0,0
240,0,0,0,0,0,0,0,0,0
241,0,0,0,0,0,0,0,0,0
242,0,0,0,0,0,0,0,0,0
243,0,0,0,0,0,0,0,0,0
244,0,0,0,0,0,0,0,0,0
245,0,0,0,0,0,0,0,0,0
246,0,0,0,0,0,0,0,0,0
247,0,0,0,0,0,0,0,0,0
248,0,0,0,0,0,0,0,0,0
249,0,0,0,0,0,0,0,0,0
250,0,0,0,0,0,0,0,0,0
251,0,0,0,0,0,0,0,0,0
252,0,0,0,0,0,0,0,0,0
253,0,0,0,0,0,0,0,0,0
254,0,0,0,0,0,0,0,0,0
255,0,0,0,0,0,0,0,0,0
256,0,0,0,0,0,0,0,0,0
257,0,0,0,0,0,0,0,0,0
258,0,0,0,0,0,0,0,0,0
259,0,0,0,0,0,0,0,0,0
260,0,0,0,0,0,0,0,0,0
261,0,0,0,0,0,0,0,0,0
262,0,0,0,0,0,0,0,0,0
263,0,0,0,0,0,0,0,0,0
264,0,0,0,0,0,0,0,0,0
265,0,0,0,0,0,0,0,0,0
266,0,0,0,0,0,0,0,0,0
267,0,0,0,0,0,0,0,0,0
268,0,0,0,0,0,0,0,0,0
269,0,0,0,0,0,0,0,0,0
270,0,0,0,0,0,0,0,0,0
271,0,0,0,0,0,0,0,0,0
272,0,0,0,0,0,0,0,0,0
273,0,0,0,0,0,0,0,0,0
274,0,0,0,0,0,0,0,0,0
275,0,0,0,0,0,0,0,0,0
276,0,0,0,0,0,0,0,0,0
277,0,0,0,0,0,0,0,0,0
278,0,0,0,0,0,0,0,0,0
279,0,0,0,0,0,0,0,0,0
280,0,0,0,0,0,0,0,0,0
281,0,0,0,0,0,0,0,0,0
282,0,0,0,0,0,0,0,0,0
283,0,0,0,0,0,0,0,0,0
284,0,0,0,0,0,0,0,0,0
285,0,0,0,0,0,0,0,0,0
286,0,0,0,0,0,0,0,0,0
287,0,0,0,0,0,0,0,0,0
288,0,0,0,0,0,0,0,0,0
289,0,0,0,0,0,0,0,0,0
290,0,0,0,0,0,0,0,0,0
291,0,0,0,0,0,0,0,0,0
292,0,0,0,0,0,0,0,0,0
293,0,0,0,0,0,0,0,0,0
294,0,0,0,0,0,0,0,0,0
295,0,0,0,0,0,0,0,0,0
296,0,0,0,0,0,0,0,0,0
297,0,0,0,0,0,0,0,0,0
298,0,0,0,0,0,0,0,0,0
299,0,0,0,0,0,0,0,0,0
300,0,0,0,0,0,0,0,0,0
301,0,0,0,0,0,0,0,0,0
302,0,0,0,0,0,0,0,0,0
303,0,0,0,0,0,0,0,0,0
304,0,0,0,0,0,0,0,0,0
305,0,0,0,0,0,0,0,0,0
306,0,0,0,0,0,0,0,0,0
307,0,0,0,0,0,0,0,0,0
308,0,0,0,0,0,0,0,0,0
309,0,0,0,0,0,0,0,0,0
310,0,0,0,0,0,0,0,0,0
311,0,0,0,0,0,0,0,0,0
312,0,0,0,0,0,0,0,0,0
313,0,0,0,0,0,0,0,0,0
314,0,0,0,0,0,0,0,0,0
315,0,0,0,0,0,0,0,0,0
316,0,0,0,0,0,0,0,0,0
317,0,0,0,0,0,0,0,0,0
318,0,0,0,0,0,0,0,0,0
319,0,0,0,0,0,0,0,0,0
320,0,0,0,0,0,0,0,0,0
321,0,0,0,0,0,0,0,0,0
322,0,0,0,0,0,0,0,0,0
323,0,0,0,0,0,0,0,0,0
324,0,0,0,0,0,0,0,0,0
325,0,0,0,0,0,0,0,0,0
326,0,0,0,0,0,0,0,0,0
327,0,0,0,0,0,0,0,0,0
328,0,0,0,0,0,0,0,0,0
329,0,0,0,0,0,0,0,0,0
330,0,0,0,0,0,0,0,0,0
331,0,0,0,0,0,0,0,0,0
332,0,0,0,0,0,0,0,0,0
333,0,0,0,0,0,0,0,0,0
334,0,0,0,0,0,0,0,0,0
335,0,0,0,0,0,0,0,0,0
336,0,0,0,0,0,0,0,0,0
337,0,0,0,0,0,0,0,0,0
338,0,0,0,0,0,0,0,0,0
339,0,0,0,0,0,0,0,0,0
340,0,0,0,0,0,0,0,0,0
341,0,0,0,0,0,0,0,0,0
342,0,0,0,0,0,0,0,0,0
343,0,0,0,0,0,0,0,0,0
344,0,0,0,0,0,0,0,0,0
345,0,0,0,0,0,0,0,0,0
346,0,0,0,0,0,0,0,0,0
347,0,0,0,0,0,0,0,0,0
348,0,0,0,0,0,0,0,0,0
349,0,0,0,0,0,0,0,0,0
350,0,0,0,0,0,0,0,0,0
351,0,0,0,0,0,0,0,0,0
352,0,0,0,0,0,0,0,0,0
353,0,0,0,0,0,0,0,0,0
354,0,0,0,0,0,0,0,0,0
355,0,0,0,0,0,0,0,0,0
356,0,0,0,0,0,0,0,0,0
357,0,0,0,0,0,0,0,0,0
358,0,0,0,0,0,0,0,0,0
359,0,0,0,0,0,0,0,0,0
360,0,0,0,0,0,0,0,0,0
361,0,0,0,0,0,0,0,0,0
362,0,0,0,0,0,0,0,0,0
363,0,0,0,0,0,0,0,0,0
364,0,0,0,0,0,0,0,0,0
365,0,0,0,0,0,0,0,0,0
366,0,0,0,0,0,0,0,0,0
367,0,0,0,0,0,0,0,0,0
368,0,0,0,0,0,0,0,0,0
369,0,0,0,0,0,0,0,0,0
370,0,0,0,0,0,0,0,0,0
371,0,0,0,0,0,0,0,0,0
372,0,0,0,0,0,0,0,0,0
373,0,0,0,0,0,0,0,0,0
374,0,0,0,0,0,0,0,0,0
375,0,0,0,0,0,0,0,0,0
376,0,0,0,0,0,0,0,0,0
377,0,0,0,0,0,0,0,0,0
378,0,0,0,0,0,0,0,0,0
379,0,0,0,0,0,0,0,0,0
380,0,0,0,0,0,0,0,0,0
381,0,0,0,0,0,0,0,0,0
382,0,0,0,0,0,0,0,0,0
383,0,0,0,0,0,0,0,0,0
384,0,0,0,0,0,0,0,0,0
385,0,0,0,0,0,0,0,0,0
386,0,0,0,0,0,0,0,0,0
387,0,0,0,0,0,0,0,0,0
388,0,0,0,0,0,0,0,0,0
389,0,0,0,0,0,0,0,0,0
390,0,0,0,0,0,0,0,0,0
391,0,0,0,0,0,0,0,0,0
392,0,0,0,0,0,0,0,0,0
393,0,0,0,0,0,0,0,0,0
394,0,0,0,0,0,0,0,0,0
395,0,0,0,0,0,0,0,0,0
396,0,0,0,0,0,0,0,0,0
397,0,0,0,0,0,0,0,0,0
398,0,0,0,0,0,0,0,0,0
399,0,0,0,0,0,0,0,0,0
400,0,0,0,0,0,0,0,0,0
401,0,0,0,0,0,0,0,0,0
402,0,0,0,0,0,0,0,0,0
403,0,0,0,0,0,0,0,0,0
404,0,0,0,0,0,0,0,0,0
405,0,0,0,0,0,0,0,0,0
406,0,0,0,0,0,0,0,0,0
407,0,0,0,0,0,0,0,0,0
408,0,0,0,0,0,0,0,0,0
409,0,0,0,0,0,0,0,0,0
410,0,0,0,0,0,0,0,0,0
411,0,0,0,0,0,0,0,0,0
412,0,0,0,0,0,0,0,0,0
413,0,0,0,0,0,0,0,0,0
414,0,0,0,0,0,0,0,0,0
415,0,0,0,0,0,0,0,0,0
416,0,0,0,0,0,0,0,0,0
417,0,0,0,0,0,0,0,0,0
418,0,0,0,0,0,0,0,0,0
419,0,0,0,0,0,0,0,0,0
420,0,0,0,0,0,0,0,0,0
421,0,0,0,0,0,0,0,0,0
422,0,0,0,0,0,0,0,0,0
423,0,0,0,0,0,0,0,0,0
424,0,0,0,0,0,0,0,0,0
425,0,0,0,0,0,0,0,0,0
426,0,0,0,0,0,0,0,0,0
427,0,0,0,0,0,0,0,0,0
428,0,0,0,0,0,0,0,0,0
429,0,0,0,0,0,0,0,0,0
430,0,0,0,0,0,0,0,0,0
431,0,0,0,0,0,0,0,0,0
432,0,0,0,0,0,0,0,0,0
433,0,0,0,0,0,0,0,0,0
434,0,0,0,0,0,0,0,0,0
435,0,0,0,0,0,0,0,0,0
436,0,0,0,0,0,0,0,0,0
437,0,0,0,0,0,0,0,0,0
438,0,0,0,0,0,0,0,0,0
439,0,0,0,0,0,0,0,0,0
440,0,0,0,0,0,0,0,0,0
441,0,0,0,0,0,0,0,0,0
442,0,0,0,0,0,0,0,0,0
443,0,0,0,0,0,0,0,0,0
444,0,0,0,0,0,0,0,0,0
445,0,0,0,0,0,0,0,0,0
446,0,0,0,0,0,0,0,0,0
447,0,0,0,0,0,0,0,0,0
448,0,0,0,0,0,0,0,0,0
449,0,0,0,0,0,0,0,0,0
450,0,0,0,0,0,0,0,0,0
451,0,0,0,0,0,0,0,0,0
452,0,0,0,0,0,0,0,0,0
453,0,0,0,0,0,0,0,0,0
454,0,0,0,0,0,0,0,0,0
455,0,0,0,0,0,0,0,0,0
456,0,0,0,0,0,0,0,0,0
457,0,0,0,0,0,0,0,0,0
458,0,0,0,0,0,0,0,0,0
459,0,0,0,0,0,0,0,0,0
460,0,0,0,0,0,0,0,0,0
461,0,0,0,0,0,0,0,0,0
462,0,0,0,0,0,0,0,0,0
463,0,0,0,0,0,0,0,0,0
464,0,0,0,0,0,0,0,0,0
465,0,0,0,0,0,0,0,0,0
466,0,0,0,0,0,0,0,0,0
467,0,0,0,0,0,0,0,0,0
468,0,0,0,0,0,0,0,0,0
469,0,0,0,0,0,0,0,0,0
470,0,0,0,0,0,0,0,0,0
471,0,0,0,0,0,0,0,0,0
472,0,0,0,0,0,0,0,0,0
473,0,0,0,0,0,0,0,0,0
474,0,0,0,0,0,0,0,0,0
475,0,0,0,0,0,0,0,0,0
476,0,0,0,0,0,0,0,0,0
477,0,0,0,0,0,0,0,0,0
478,0,0,0,0,0,0,0,0,0
479,0,0,0,0,0,0,0,0,0
480,0,0,0,0,0,0,0,0,0
481,0,0,0,0,0,0,0,0,0
482,0,0,0,0,0,0,0,0,0
483,0,0,0,0,0,0,0,0,0
484,0,0,0,0,0,0,0,0,0
485,0,0,0,0,0,0,0,0,0
486,0,0,0,0,0,0,0,0,0
487,0,0,0,0,0,0,0,0,0
488,0,0,0,0,0,0,0,0,0
489,0,0,0,0,0,0,0,0,0
490,0,0,0,0,0,0,0,0,0
491,0,0,0,0,0,0,0,0,0
492,0,0,0,0,0,0,0,0,0
493,0,0,0,0,0,0,0,0,0
494,0,0,0,0,0,0,0,0,0
495,0,0,0,0,0,0,0,0,0
496,0,0,0,0,0,0,0,0,0
497,0,0,0,0,0,0,0,0,0
498,0,0,0,0,0,0,0,0,0
499,0,0,0,0,0,0,0,0,0
500,0,0,0,0,0,0,0,0,0
501,0,0,0,0,0,0,0,0,0
502,0,0,0,0,0,0,0,0,0
503,0,0,0,0,0,0,0,0,0
504,0,0,0,0,0,0,0,0,0
505,0,0,0,0,0,0,0,0,0
506,0,0,0,0,0,0,0,0,0
507,0,0,0,0,0,0,0,0,0
508,0,0,0,0,0,0,0,0,0
509,0,0,0,0,0,0,0,0,0
510,0,0,0,0,0,0,0,0,0
511,0,0,0,0,0,0,0,0,0
512,0,0,0,0,0,0,0,0,0
513,0,0,0,0,0,0,0,0,0
514,0,0,0,0,0,0,0,0,0
515,0,0,0,0,0,0,0,0,0
516,0,0,0,0,0,0,0,0,0
517,0,0,0,0,0,0,0,0,0
518,0,0,0,0,0,0,0,0,0
519,0,0,0,0,0,0,0,0,0
520,0,0,0,0,0,0,0,0,0
521,0,0,0,0,0,0,0,0,0
522,0,0,0,0,0,0,0,0,0
523,0,0,0,0,0,0,0,0,0
524,0,0,0,0,0,0,0,0,0
525,0,0,0,0,0,0,0,0,0
526,0,0,0,0,0,0,0,0,0
527,0,0,0,0,0,0,0,0,0
528,0,0,0,0,0,0,0,0,0
529,0,0,0,0,0,0,0,0,0
530,0,0,0,0,0,0,0,0,0
531,0,0,0,0,0,0,0,0,0
532,0,0,0,0,0,0,0,0,0
533,0,0,0,0,0,0,0,0,0
534,0,0,0,0,0,0,0,0,0
535,0,0,0,0,0,0,0,0,0
536,0,0,0,0,0,0,0,0,0
537,0,0,0,0,0,0,0,0,0
538,0,0,0,0,0,0,0,0,0
539,0,0,0,0,0,0,0,0,0
540,0,0,0,0,0,0,0,0,0
541,0,0,0,0,0,0,0,0,0
542,0,0,0,0,0,0,0,0,0
543,0,0,0,0,0,0,0,0,0
544,0,0,0,0,0,0,0,0,0
545,0,0,0,0,0,0,0,0,0
546,0,0,0,0,0,0,0,0,0
547,0,0,0,0,0,0,0,0,0
548,0,0,0,0,0,0,0,0,0
549,0,0,0,0,0,0,0,0,0
550,0,0,0,0,0,0,0,0,0
551,0,0,0,0,0,0,0,0,0
552,0,0,0,0,0,0,0,0,0
553,0,0,0,0,0,0,0,0,0
554,0,0,0,0,0,0,0,0,0
555,0,0,0,0,0,0,0,0,0
556,0,0,0,0,0,0,0,0,0
557,0,0,0,0,0,0,0,0,0
558,0,0,0,0,0,0,0,0,0
559,0,0,0,0,0,0,0,0,0
560,0,0,0,0,0,0,0,0,0
561,0,0,0,0,0,0,0,0,0
562,0,0,0,0,0,0,0,0,0
563,0,0,0,0,0,0,0,0,0
564,0,0,0,0,0,0,0,0,0
565,0,0,0,0,0,0,0,0,0
566,0,0,0,0,0,0,0,0,0
567,0,0,0,0,0,0,0,0,0
568,0,0,0,0,0,0,0,0,0
569,0,0,0,0,0,0,0,0,0
570,0,0,0,0,0,0,0,0,0
571,0,0,0,0,0,0,0,0,0
572,0,0,0,0,0,0,0,0,0
573,0,0,0,0,0,0,0,0,0
574,0,0,0,0,0,0,0,0,0
575,0,0,0,0,0,0,0,0,0
576,0,0,0,0,0,0,0,0,0
577,0,0,0,0,0,0,0,0,0
578,0,0,0,0,0,0,0,0,0
579,0,0,0,0,0,0,0,0,0
580,0,0,0,0,0,0,0,0,0
581,0,0,0,0,0,0,0,0,0
582,0,0,0,0,0,0,0,0,0
583,0,0,0,0,0,0,0,0,0
584,0,0,0,0,0,0,0,0,0
585,0,0,0,0,0,0,0,0,0
586,0,0,0,0,0,0,0,0,0
587,0,0,0,0,0,0,0,0,0
588,0,0,0,0,0,0,0,0,0
589,0,0,0,0,0,0,0,0,0
590,0,0,0,0,0,0,0,0,0
591,0,0,0,0,0,0,0,0,0
592,0,0,0,0,0,0,0,0,0
593,0,0,0,0,0,0,0,0,0
594,0,0,0,0,0,0,0,0,0
595,0,0,0,0,0,0,0,0,0
596,0,0,0,0,0,0,0,0,0
597,0,0,0,0,0,0,0,0,0
598,0,0,0,0,0,0,0,0,0
599,0,0,0,0,0,0,0,0,0
600,0,0,0,0,0,0,0,0,0
601,0,0,0,0,0,0,0,0,0
602,0,0,0,0,0,0,0,0,0
603,0,0,0,0,0,0,0,0,0
604,0,0,0,0,0,0,0,0,0
605,0,0,0,0,0,0,0,0,0
606,0,0,0,0,0,0,0,0,0
607,0,0,0,0,0,0,0,0,0
608,0,0,0,0,0,0,0,0,0
609,0,0,0,0,0,0,0,0,0
610,0,0,0,0,0,0,0,0,0
611,0,0,0,0,0,0,0,0,0
612,0,0,0,0,0,0,0,0,0
613,0,0,0,0,0,0,0,0,0
614,0,0,0,0,0,0,0,0,0
615,0,0,0,0,0,0,0,0,0
616,0,0,0,0,0,0,0,0,0
617,0,0,0,0,0,0,0,0,0
618,0,0,0,0,0,0,0,0,0
619,0,0,0,0,0,0,0,0,0
620,0,0,0,0,0,0,0,0,0
621,0,0,0,0,0,0,0,0,0
622,0,0,0,0,0,0,0,0,0
623,0,0,0,0,0,0,0,0,0
624,0,0,0,0,0,0,0,0,0
625,0,0,0,0,0,0,0,0,0
626,0,0,0,0,0,0,0,0,0
627,0,0,0,0,0,0,0,0,0
628,0,0,0,0,0,0,0,0,0
629,0,0,0,0,0,0,0,0,0
630,0,0,0,0,0,0,0,0,0
631,0,0,0,0,0,0,0,0,0
632,0,0,0,0,0,0,0,0,0
633,0,0,0,0,0,0,0,0,0
634,0,0,0,0,0,0,0,0,0
635,0,0,0,0,0,0,0,0,0
636,0,0,0,0,0,0,0,0,0
637,0,0,0,0,0,0,0,0,0
638,0,0,0,0,0,0,0,0,0
639,0,0,0,0,0,0,0,0,0
640,0,0,0,0,0,0,0,0,0
641,0,0,0,0,0,0,0,0,0
642,0,0,0,0,0,0,0,0,0
643,0,0,0,0,0,0,0,0,0
644,0,0,0,0,0,0,0,0,0
645,0,0,0,0,0,0,0,0,0
646,0,0,0,0,0,0,0,0,0
647,0,0,0,0,0,0,0,0,0
648,0,0,0,0,0,0,0,0,0
649,0,0,0,0,0,0,0,0,0
650,0,0,0,0,0,0,0,0,0
651,0,0,0,0,0,0,0,0,0
652,0,0,0,0,0,0,0,0,0
653,0,0,0,0,0,0,0,0,0
654,0,0,0,0,0,0,0,0,0
655,0,0,0,0,0,0,0,0,0
656,0,0,0,0,0,0,0,0,0
657,0,0,0,0,0,0,0,0,0
658,0,0,0,0,0,0,0,0,0
659,0,0,0,0,0,0,0,0,0
660,0,0,0,0,0,0,0,0,0
661,0,0,0,0,0,0,0,0,0
662,0,0,0,0,0,0,0,0,0
663,0,0,0,0,0,0,0,0,0
664,0,0,0,0,0,0,0,0,0
665,0,0,0,0,0,0,0,0,0
666,0,0,0,0,0,0,0,0,0
667,0,0,0,0,0,0,0,0,0
668,0,0,0,0,0,0,0,0,0
669,0,0,0,0,0,0,0,0,0
670,0,0,0,0,0,0,0,0,0
671,0,0,0,0,0,0,0,0,0
672,0,0,0,0,0,0,0,0,0
673,0,0,0,0,0,0,0,0,0
674,0,0,0,0,0,0,0,0,0
675,0,0,0,0,0,0,0,0,0
676,0,0,0,0,0,0,0,0,0
677,0,0,0,0,0,0,0,0,0
678,0,0,0,0,0,0,0,0,0
679,0,0,0,0,0,0,0,0,0
680,0,0,0,0,0,0,0,0,0
681,0,0,0,0,0,0,0,0,0
682,0,0,0,0,0,0,0,0,0
683,0,0,0,0,0,0,0,0,0
684,0,0,0,0,0,0,0,0,0
685,0,0,0,0,0,0,0,0,0
686,0,0,0,0,0,0,0,0,0
687,0,0,0,0,0,0,0,0,0
688,0,0,0,0,0,0,0,0,0
689,0,0,0,0,0,0,0,0,0
690,0,0,0,0,0,0,0,0,0
691,0,0,0,0,0,0,0,0,0
692,0,0,0,0,0,0,0,0,0
693,0,0,0,0,0,0,0,0,0
694,0,0,0,0,0,0,0,0,0
695,0,0,0,0,0,0,0,0,0
696,0,0,0,0,0,0,0,0,0
697,0,0,0,0,0,0,0,0,0
698,0,0,0,0,0,0,0,0,0
699,0,0,0,0,0,0,0,0,0
700,0,0,0,0,0,0,0,0,0
701,0,0,0,0,0,0,0,0,0
702,0,0,0,0,0,0,0,0,0
703,0,0,0,0,0,0,0,0,0
704,0,0,0,0,0,0,0,0,0
705,0,0,0,0,0,0,0,0,0
706,0,0,0,0,0,0,0,0,0
707,0,0,0,0,0,0,0,0,0
708,0,0,0,0,0,0,0,0,0
709,0,0,0,0,0,0,0,0,0
710,0,0,0,0,0,0,0,0,0
711,0,0,0,0,0,0,0,0,0
712,0,0,0,0,0,0,0,0,0
713,0,0,0,0,0,0,0,0,0
714,0,0,0,0,0,0,0,0,0
715,0,0,0,0,0,0,0,0,0
716,0,0,0,0,0,0,0,0,0
717,0,0,0,0,0,0,0,0,0
718,0,0,0,0,0,0,0,0,0
719,0,0,0,0,0,0,0,0,0
720,0,0,0,0,0,0,0,0,0
721,0,0,0,0,0,0,0,0,0
722,0,0,0,0,0,0,0,0,0
723,0,0,0,0,0,0,0,0,0
724,0,0,0,0,0,0,0,0,0
725,0,0,0,0,0,0,0,0,0
726,0,0,0,0,0,0,0,0,0
727,0,0,0,0,0,0,0,0,0
728,0,0,0,0,0,0,0,0,0
729,0,0,0,0,0,0,0,0,0
730,0,0,0,0,0,0,0,0,0
731,0,0,0,0,0,0,0,0,0
732,0,0,0,0,0,0,0,0,0
733,0,0,0,0,0,0,0,0,0
734,0,0,0,0,0,0,0,0,0
735,0,0,0,0,0,0,0,0,0
736,0,0,0,0,0,0,0,0,0
737,0,0,0,0,0,0,0,0,0
738,0,0,0,0,0,0,0,0,0
739,0,0,0,0,0,0,0,0,0
740,0,0,0,0,0,0,0,0,0
741,0,0,0,0,0,0,0,0,0
742,0,0,0,0,0,0,0,0,0
743,0,0,0,0,0,0,0,0,0
744,0,0,0,0,0,0,0,0,0
745,0,0,0,0,0,0,0,0,0
746,0,0,0,0,0,0,0,0,0
747,0,0,0,0,0,0,0,0,0
748,0,0,0,0,0,0,0,0,0
749,0,0,0,0,0,0,0,0,0
750,0,0,0,0,0,0,0,0,0
0,194,7257,201425,4077983,57373546,517292847,2626655236,5935079656,3356972874
1,101,3255,73690,1223590,14120440,104471815,435307750,806659431,373729282
2,62,1592,30005,418421,4044352,25083240,87706104,136524618,53147310
3,35,703,10227,113411,869538,4287630,11915766,14734000,4551365
4,30,490,6233,61164,411412,1779736,4335075,4694934,1268723
5,22,299,3342,29497,175656,671849,1454960,1399146,335893
6,15,209,2135,16357,86802,291708,554127,464561,96988
7,9,118,1202,8981,44913,143146,256763,204004,40036
8,4,58,573,4018,19026,56939,95245,70552,12835
9,2,36,356,2282,9976,27691,42920,29450,5025
10,2,33,280,1684,6900,17761,25684,16352,2551
11,1,26,203,1136,4273,10534,14712,8924,1367
12,1,19,135,736,2740,6506,8664,4949,745
13,1,15,103,539,1950,4545,5915,3364,504
14,1,15,98,463,1492,3066,3557,1708,201
15,1,12,77,324,984,1888,1995,863,97
16,1,7,47,178,457,728,688,277,34
17,1,5,38,135,367,551,537,206,25
18,1,5,38,132,348,500,482,183,24
19,0,3,16,56,144,235,258,100,13
20,0,3,13,51,126,196,222,88,10
21,0,0,0,0,0,0,0,0,0
22,0,0,0,0,0,0,0,0,0
23,0,0,0,0,0,0,0,0,0
24,0,0,0,0,0,0,0,0,0
25,0,0,0,0,0,0,0,0,0
26,0,0,0,0,0,0,0,0,0
27,0,0,0,0,0,0,0,0,0
28,0,0,0,0,0,0,0,0,0
29,0,0,0,0,0,0,0,0,0
30,0,0,0,0,0,0,0,0,0
31,0,0,0,0,0,0,0,0,0
32,0,0,0,0,0,0,0,0,0
33,0,0,0,0,0,0,0,0,0
34,0,0,0,0,0,0,0,0,0
35,0,0,0,0,0,0,0,0,0
36,0,0,0,0,0,0,0,0,0
37,0,0,0,0,0,0,0,0,0
38,0,0,0,0,0,0,0,0,0
39,0,0,0,0,0,0,0,0,0
40,0,0,0,0,0,0,0,0,0
41,0,0,0,0,0,0,0,0,0
42,0,0,0,0,0,0,0,0,0
43,0,0,0,0,0,0,0,0,0
44,0,0,0,0,0,0,0,0,0
45,0,0,0,0,0,0,0,0,0
46,0,0,0,0,0,0,0,0,0
47,0,0,0,0,0,0,0,0,0
48,0,0,0,0,0,0,0,0,0
49,0,0,0,0,0,0,0,0,0
50,0,0,0,0,0,0,0,0,0
51,0,0,0,0,0,0,0,0,0
52,0,0,0,0,0,0,0,0,0
53,0,0,0,0,0,0,0,0,0
54,0,0,0,0,0,0,0,0,0
55,0,0,0,0,0,0,0,0,0
56,0,0,0,0,0,0,0,0,0
57,0,0,0,0,0,0,0,0,0
58,0,0,0,0,0,0,0,0,0
59,0,0,0,0,0,0,0,0,0
60,0,0,0,0,0,0,0,0,0
61,0,0,0,0,0,0,0,0,0
62,0,0,0,0,0,0,0,0,0
63,0,0,0,0,0,0,0,0,0
64,0,0,0,0,0,0,0,0,0
65,0,0,0,0,0,0,0,0,0
66,0,0,0,0,0,0,0,0,0
67,0,0,0,0,0,0,0,0,0
68,0,0,0,0,0,0,0,0,0
69,0,0,0,0,0,0,0,0,0
70,0,0,0,0,0,0,0,0,0
71,0,0,0,0,0,0,0,0,0
72,0,0,0,0,0,0,0,0,0
73,0,0,0,0,0,0,0,0,0
74,0,0,0,0,0,0,0,0,0
75,0,0,0,0,0,0,0,0,0
76,0,0,0,0,0,0,0,0,0
77,0,0,0,0,0,0,0,0,0
78,0,0,0,0,0,0,0,0,0
79,0,0,0,0,0,0,0,0,0
80,0,0,0,0,0,0,0,0,0
81,0,0,0,0,0,0,0,0,0
82,0,0,0,0,0,0,0,0,0
83,0,0,0,0,0,0,0,0,0
84,0,0,0,0,0,0,0,0,0
85,0,0,0,0,0,0,0,0,0
86,0,0,0,0,0,0,0,0,0
87,0,0,0,0,0,0,0,0,0
88,0,0,0,0,0,0,0,0,0
89,0,0,0,0,0,0,0,0,0
90,0,0,0,0,0,0,0,0,0
91,0,0,0,0,0,0,0,0,0
92,0,0,0,0,0,0,0,0,0
93,0,0,0,0,0,0,0,0,0
94,0,0,0,0,0,0,0,0,0
95,0,0,0,0,0,0,0,0,0
96,0,0,0,0,0,0,0,0,0
97,0,0,0,0,0,0,0,0,0
98,0,0,0,0,0,0,0,0,0
99,0,0,0,0,0,0,0,0,0
100,0,0,0,0,0,0,0,0,0
101,0,0,0,0,0,0,0,0,0
102,0,0,0,0,0,0,0,0,0
103,0,0,0,0,0,0,0,0,0
104,0,0,0,0,0,0,0,0,0
105,0,0,0,0,0,0,0,0,0
106,0,0,0,0,0,0,0,0,0
107,0,0,0,0,0,0,0,0,0
108,0,0,0,0,0,0,0,0,0
109,0,0,0,0,0,0,0,0,0
110,0,0,0,0,0,0,0,0,0
111,0,0,0,0,0,0,0,0,0
112,0,0,0,0,0,0,0,0,0
113,0,0,0,0,0,0,0,0,0
114,0,0,0,0,0,0,0,0,0
115,0,0,0,0,0,0,0,0,0
116,0,0,0,0,0,0,0,0,0
117,0,0,0,0,0,0,0,0,0
118,0,0,0,0,0,0,0,0,0
119,0,0,0,0,0,0,0,0,0
120,0,0,0,0,0,0,0,0,0
121,0,0,0,0,0,0,0,0,0
122,0,0,0,0,0,0,0,0,0
123,0,0,0,0,0,0,0,0,0
124,0,0,0,0,0,0,0,0,0
125,0,0,0,0,0,0,0,0,0
126,0,0,0,0,0,0,0,0,0
127,0,0,0,0,0,0,0,0,0
128,0,0,0,0,0,0,0,0,0
129,0,0,0,0,0,0,0,0,0
130,0,0,0,0,0,0,0,0,0
131,0,0,0,0,0,0,0,0,0
132,0,0,0,0,0,0,0,0,0
133,0,0,0,0,0,0,0,0,0
134,0,0,0,0,0,0,0,0,0
135,0,0,0,0,0,0,0,0,0
136,0,0,0,0,0,0,0,0,0
137,0,0,0,0,0,0,0,0,0
138,0,0,0,0,0,0,0,0,0
139,0,0,0,0,0,0,0,0,0
140,0,0,0,0,0,0,0,0,0
141,0,0,0,0,0,0,0,0,0
142,0,0,0,0,0,0,0,0,0
143,0,0,0,0,0,0,0,0,0
144,0,0,0,0,0,0,0,0,0
145,0,0,0,0,0,0,0,0,0
146,0,0,0,0,0,0,0,0,0
147,0,0,0,0,0,0,0,0,0
148,0,0,0,0,0,0,0,0,0
149,0,0,0,0,0,0,0,0,0
150,0,0,0,0,0,0,0,0,0
151,0,0,0,0,0,0,0,0,0
152,0,0,0,0,0,0,0,0,0
153,0,0,0,0,0,0,0,0,0
154,0,0,0,0,0,0,0,0,0
155,0,0,0,0,0,0,0,0,0
156,0,0,0,0,0,0,0,0,0
157,0,0,0,0,0,0,0,0,0
158,0,0,0,0,0,0,0,0,0
159,0,0,0,0,0,0,0,0,0
160,0,0,0,0,0,0,0,0,0
161,0,0,0,0,0,0,0,0,0
162,0,0,0,0,0,0,0,0,0
163,0,0,0,0,0,0,0,0,0
164,0,0,0,0,0,0,0,0,0
165,0,0,0,0,0,0,0,0,0
166,0,0,0,0,0,0,0,0,0
167,0,0,0,0,0,0,0,0,0
168,0,0,0,0,0,0,0,0,0
169,0,0,0,0,0,0,0,0,0
170,0,0,0,0,0,0,0,0,0
171,0,0,0,0,0,0,0,0,0
172,0,0,0,0,0,0,0,0,0
173,0,0,0,0,0,0,0,0,0
174,0,0,0,0,0,0,0,0,0
175,0,0,0,0,0,0,0,0,0
176,0,0,0,0,0,0,0,0,0
177,0,0,0,0,0,0,0,0,0
178,0,0,0,0,0,0,0,0,0
179,0,0,0,0,0,0,0,0,0
180,0,0,0,0,0,0,0,0,0
181,0,0,0,0,0,0,0,0,0
182,0,0,0,0,0,0,0,0,0
183,0,0,0,0,0,0,0,0,0
184,0,0,0,0,0,0,0,0,0
185,0,0,0,0,0,0,0,0,0
186,0,0,0,0,0,0,0,0,0
187,0,0,0,0,0,0,0,0,0
188,0,0,0,0,0,0,0,0,0
189,0,0,0,0,0,0,0,0,0
190,0,0,0,0,0,0,0,0,0
191,0,0,0,0,0,0,0,0,0
192,0,0,0,0,0,0,0,0,0
193,0,0,0,0,0,0,0,0,0
194,0,0,0,0,0,0,0,0,0
195,0,0,0,0,0,0,0,0,0
196,0,0,0,0,0,0,0,0,0
197,0,0,0,0,0,0,0,0,0
198,0,0,0,0,0,0,0,0,0
199,0,0,0,0,0,0,0,0,0
200,0,0,0,0,0,0,0,0,0
201,0,0,0,0,0,0,0,0,0
202,0,0,0,0,0,0,0,0,0
203,0,0,0,0,0,0,0,0,0
204,0,0,0,0,0,0,0,0,0
205,0,0,0,0,0,0,0,0,0
206,0,0,0,0,0,0,0,0,0
207,0,0,0,0,0,0,0,0,0
208,0,0,0,0,0,0,0,0,0
209,0,0,0,0,0,0,0,0,0
210,0,0,0,0,0,0,0,0,0
211,0,0,0,0,0,0,0,0,0
212,0,0,0,0,0,0,0,0,0
213,0,0,0,0,0,0,0,0,0
214,0,0,0,0,0,0,0,0,0
215,0,0,0,0,0,0,0,0,0
216,0,0,0,0,0,0,0,0,0
217,0,0,0,0,0,0,0,0,0
218,0,0,0,0,0,0,0,0,0
219,0,0,0,0,0,0,0,0,0
220,0,0,0,0,0,0,0,0,0
221,0,0,0,0,0,0,0,0,0
222,0,0,0,0,0,0,0,0,0
223,0,0,0,0,0,0,0,0,0
224,0,0,0,0,0,0,0,0,0
225,0,0,0,0,0,0,0,0,0
226,0,0,0,0,0,0,0,0,0
227,0,0,0,0,0,0,0,0,0
228,0,0,0,0,0,0,0,0,0
229,0,0,0,0,0,0,0,0,0
230,0,0,0,0,0,0,0,0,0
231,0,0,0,0,0,0,0,0,0
232,0,0,0,0,0,0,0,0,0
233,0,0,0,0,0,0,0,0,0
234,0,0,0,0,0,0,0,0,0
235,0,0,0,0,0,0,0,0,0
236,0,0,0,0,0,0,0,0,0
237,0,0,0,0,0,0,0,0,0
238,0,0,0,0,0,0,0,0,0
239,0,0,0,0,0,0,0,0,0
240,0,0,0,0,0,0,0,0,0
241,0,0,0,0,0,0,0,0,0
242,0,0,0,0,0,0,0,0,0
243,0,0,0,0,0,0,0,0,0
244,0,0,0,0,0,0,0,0,0
245,0,0,0,0,0,0,0,0,0
246,0,0,0,0,0,0,0,0,0
247,0,0,0,0,0,0,0,0,0
248,0,0,0,0,0,0,0,0,0
249,0,0,0,0,0,0,0,0,0
250,0,0,0,0,0,0,0,0,0
251,0,0,0,0,0,0,0,0,0
252,0,0,0,0,0,0,0,0,0
253,0,0,0,0,0,0,0,0,0
254,0,0,0,0,0,0,0,0,0
255,0,0,0,0,0,0,0,0,0
256,0,0,0,0,0,0,0,0,0
257,0,0,0,0,0,0,0,0,0
258,0,0,0,0,0,0,0,0,0
259,0,0,0,0,0,0,0,0,0
260,0,0,0,0,0,0,0,0,0
261,0,0,0,0,0,0,0,0,0
262,0,0,0,0,0,0,0,0,0
263,0,0,0,0,0,0,0,0,0
264,0,0,0,0,0,0,0,0,0
265,0,0,0,0,0,0,0,0,0
266,0,0,0,0,0,0,0,0,0
267,0,0,0,0,0,0,0,0,0
268,0,0,0,0,0,0,0,0,0
269,0,0,0,0,0,0,0,0,0
270,0,0,0,0,0,0,0,0,0
271,0,0,0,0,0,0,0,0,0
272,0,0,0,0,0,0,0,0,0
273,0,0,0,0,0,0,0,0,0
274,0,0,0,0,0,0,0,0,0
275,0,0,0,0,0,0,0,0,0
276,0,0,0,0,0,0,0,0,0
277,0,0,0,0,0,0,0,0,0
278,0,0,0,0,0,0,0,0,0
279,0,0,0,0,0,0,0,0,0
280,0,0,0,0,0,0,0,0,0
281,0,0,0,0,0,0,0,0,0
282,0,0,0,0,0,0,0,0,0
283,0,0,0,0,0,0,0,0,0
284,0,0,0,0,0,0,0,0,0
285,0,0,0,0,0,0,0,0,0
286,0,0,0,0,0,0,0,0,0
287,0,0,0,0,0,0,0,0,0
288,0,0,0,0,0,0,0,0,0
289,0,0,0,0,0,0,0,0,0
290,0,0,0,0,0,0,0,0,0
291,0,0,0,0,0,0,0,0,0
292,0,0,0,0,0,0,0,0,0
293,0,0,0,0,0,0,0,0,0
294,0,0,0,0,0,0,0,0,0
295,0,0,0,0,0,0,0,0,0
296,0,0,0,0,0,0,0,0,0
297,0,0,0,0,0,0,0,0,0
298,0,0,0,0,0,0,0,0,0
299,0,0,0,0,0,0,0,0,0
300,0,0,0,0,0,0,0,0,0
301,0,0,0,0,0,0,0,0,0
302,0,0,0,0,0,0,0,0,0
303,0,0,0,0,0,0,0,0,0
304,0,0,0,0,0,0,0,0,0
305,0,0,0,0,0,0,0,0,0
306,0,0,0,0,0,0,0,0,0
307,0,0,0,0,0,0,0,0,0
308,0,0,0,0,0,0,0,0,0
309,0,0,0,0,0,0,0,0,0
310,0,0,0,0,0,0,0,0,0
311,0,0,0,0,0,0,0,0,0
312,0,0,0,0,0,0,0,0,0
313,0,0,0,0,0,0,0,0,0
314,0,0,0,0,0,0,0,0,0
315,0,0,0,0,0,0,0,0,0
316,0,0,0,0,0,0,0,0,0
317,0,0,0,0,0,0,0,0,0
318,0,0,0,0,0,0,0,0,0
319,0,0,0,0,0,0,0,0,0
320,0,0,0,0,0,0,0,0,0
321,0,0,0,0,0,0,0,0,0
322,0,0,0,0,0,0,0,0,0
323,0,0,0,0,0,0,0,0,0
324,0,0,0,0,0,0,0,0,0
325,0,0,0,0,0,0,0,0,0
326,0,0,0,0,0,0,0,0,0
327,0,0,0,0,0,0,0,0,0
328,0,0,0,0,0,0,0,0,0
329,0,0,0,0,0,0,0,0,0
330,0,0,0,0,0,0,0,0,0
331,0,0,0,0,0,0,0,0,0
332,0,0,0,0,0,0,0,0,0
333,0,0,0,0,0,0,0,0,0
334,0,0,0,0,0,0,0,0,0
335,0,0,0,0,0,0,0,0,0
336,0,0,0,0,0,0,0,0,0
337,0,0,0,0,0,0,0,0,0
338,0,0,0,0,0,0,0,0,0
339,0,0,0,0,0,0,0,0,0
340,0,0,0,0,0,0,0,0,0
341,0,0,0,0,0,0,0,0,0
342,0,0,0,0,0,0,0,0,0
343,0,0,0,0,0,0,0,0,0
344,0,0,0,0,0,0,0,0,0
345,0,0,0,0,0,0,0,0,0
346,0,0,0,0,0,0,0,0,0
347,0,0,0,0,0,0,0,0,0
348,0,0,0,0,0,0,0,0,0
349,0,0,0,0,0,0,0,0,0
350,0,0,0,0,0,0,0,0,0
351,0,0,0,0,0,0,0,0,0
352,0,0,0,0,0,0,0,0,0
353,0,0,0,0,0,0,0,0,0
354,0,0,0,0,0,0,0,0,0
355,0,0,0,0,0,0,0,0,0
356,0,0,0,0,0,0,0,0,0
357,0,0,0,0,0,0,0,0,0
358,0,0,0,0,0,0,0,0,0
359,0,0,0,0,0,0,0,0,0
360,0,0,0,0,0,0,0,0,0
361,0,0,0,0,0,0,0,0,0
362,0,0,0,0,0,0,0,0,0
363,0,0,0,0,0,0,0,0,0
364,0,0,0,0,0,0,0,0,0
365,0,0,0,0,0,0,0,0,0
366,0,0,0,0,0,0,0,0,0
367,0,0,0,0,0,0,0,0,0
368,0,0,0,0,0,0,0,0,0
369,0,0,0,0,0,0,0,0,0
370,0,0,0,0,0,0,0,0,0
371,0,0,0,0,0,0,0,0,0
372,0,0,0,0,0,0,0,0,0
373,0,0,0,0,0,0,0,0,0
374,0,0,0,0,0,0,0,0,0
375,0,0,0,0,0,0,0,0,0
376,0,0,0,0,0,0,0,0,0
377,0,0,0,0,0,0,0,0,0
378,0,0,0,0,0,0,0,0,0
379,0,0,0,0,0,0,0,0,0
380,0,0,0,0,0,0,0,0,0
381,0,0,0,0,0,0,0,0,0
382,0,0,0,0,0,0,0,0,0
383,0,0,0,0,0,0,0,0,0
384,0,0,0,0,0,0,0,0,0
385,0,0,0,0,0,0,0,0,0
386,0,0,0,0,0,0,0,0,0
387,0,0,0,0,0,0,0,0,0
388,0,0,0,0,0,0,0,0,0
389,0,0,0,0,0,0,0,0,0
390,0,0,0,0,0,0,0,0,0
391,0,0,0,0,0,0,0,0,0
392,0,0,0,0,0,0,0,0,0
393,0,0,0,0,0,0,0,0,0
394,0,0,0,0,0,0,0,0,0
395,0,0,0,0,0,0,0,0,0
396,0,0,0,0,0,0,0,0,0
397,0,0,0,0,0,0,0,0,0
398,0,0,0,0,0,0,0,0,0
399,0,0,0,0,0,0,0,0,0
400,0,0,0,0,0,0,0,0,0
401,0,0,0,0,0,0,0,0,0
402,0,0,0,0,0,0,0,0,0
403,0,0,0,0,0,0,0,0,0
404,0,0,0,0,0,0,0,0,0
405,0,0,0,0,0,0,0,0,0
406,0,0,0,0,0,0,0,0,0
407,0,0,0,0,0,0,0,0,0
408,0,0,0,0,0,0,0,0,0
409,0,0,0,0,0,0,0,0,0
410,0,0,0,0,0,0,0,0,0
411,0,0,0,0,0,0,0,0,0
412,0,0,0,0,0,0,0,0,0
413,0,0,0,0,0,0,0,0,0
414,0,0,0,0,0,0,0,0,0
415,0,0,0,0,0,0,0,0,0
416,0,0,0,0,0,0,0,0,0
417,0,0,0,0,0,0,0,0,0
418,0,0,0,0,0,0,0,0,0
419,0,0,0,0,0,0,0,0,0
420,0,0,0,0,0,0,0,0,0
421,0,0,0,0,0,0,0,0,0
422,0,0,0,0,0,0,0,0,0
423,0,0,0,0,0,0,0,0,0
424,0,0,0,0,0,0,0,0,0
425,0,0,0,0,0,0,0,0,0
426,0,0,0,0,0,0,0,0,0
427,0,0,0,0,0,0,0,0,0
428,0,0,0,0,0,0,0,0,0
429,0,0,0,0,0,0,0,0,0
430,0,0,0,0,0,0,0,0,0
431,0,0,0,0,0,0,0,0,0
432,0,0,0,0,0,0,0,0,0
433,0,0,0,0,0,0,0,0,0
434,0,0,0,0,0,0,0,0,0
435,0,0,0,0,0,0,0,0,0
436,0,0,0,0,0,0,0,0,0
437,0,0,0,0,0,0,0,0,0
438,0,0,0,0,0,0,0,0,0
439,0,0,0,0,0,0,0,0,0
440,0,0,0,0,0,0,0,0,0
441,0,0,0,0,0,0,0,0,0
442,0,0,0,0,0,0,0,0,0
443,0,0,0,0,0,0,0,0,0
444,0,0,0,0,0,0,0,0,0
445,0,0,0,0,0,0,0,0,0
446,0,0,0,0,0,0,0,0,0
447,0,0,0,0,0,0,0,0,0
448,0,0,0,0,0,0,0,0,0
449,0,0,0,0,0,0,0,0,0
450,0,0,0,0,0,0,0,0,0
451,0,0,0,0,0,0,0,0,0
452,0,0,0,0,0,0,0,0,0
453,0,0,0,0,0,0,0,0,0
454,0,0,0,0,0,0,0,0,0
455,0,0,0,0,0,0,0,0,0
456,0,0,0,0,0,0,0,0,0
457,0,0,0,0,0,0,0,0,0
458,0,0,0,0,0,0,0,0,0
459,0,0,0,0,0,0,0,0,0
460,0,0,0,0,0,0,0,0,0
461,0,0,0,0,0,0,0,0,0
462,0,0,0,0,0,0,0,0,0
463,0,0,0,0,0,0,0,0,0
464,0,0,0,0,0,0,0,0,0
465,0,0,0,0,0,0,0,0,0
466,0,0,0,0,0,0,0,0,0
467,0,0,0,0,0,0,0,0,0
468,0,0,0,0,0,0,0,0,0
469,0,0,0,0,0,0,0,0,0
470,0,0,0,0,0,0,0,0,0
471,0,0,0,0,0,0,0,0,0
472,0,0,0,0,0,0,0,0,0
473,0,0,0,0,0,0,0,0,0
474,0,0,0,0,0,0,0,0,0
475,0,0,0,0,0,0,0,0,0
476,0,0,0,0,0,0,0,0,0
477,0,0,0,0,0,0,0,0,0
478,0,0,0,0,0,0,0,0,0
479,0,0,0,0,0,0,0,0,0
480,0,0,0,0,0,0,0,0,0
481,0,0,0,0,0,0,0,0,0
482,0,0,0,0,0,0,0,0,0
483,0,0,0,0,0,0,0,0,0
484,0,0,0,0,0,0,0,0,0
485,0,0,0,0,0,0,0,0,0
486,0,0,0,0,0,0,0,0,0
487,0,0,0,0,0,0,0,0,0
488,0,0,0,0,0,0,0,0,0
489,0,0,0,0,0,0,0,0,0
490,0,0,0,0,0,0,0,0,0
491,0,0,0,0,0,0,0,0,0
492,0,0,0,0,0,0,0,0,0
493,0,0,0,0,0,0,0,0,0
494,0,0,0,0,0,0,0,0,0
495,0,0,0,0,0,0,0,0,0
496,0,0,0,0,0,0,0,0,0
497,0,0,0,0,0,0,0,0,0
498,0,0,0,0,0,0,0,0,0
499,0,0,0,0,0,0,0,0,0
500,0,0,0,0,0,0,0,0,0
501,0,0,0,0,0,0,0,0,0
502,0,0,0,0,0,0,0,0,0
503,0,0,0,0,0,0,0,0,0
504,0,0,0,0,0,0,0,0,0
505,0,0,0,0,0,0,0,0,0
506,0,0,0,0,0,0,0,0,0
507,0,0,0,0,0,0,0,0,0
508,0,0,0,0,0,0,0,0,0
509,0,0,0,0,0,0,0,0,0
510,0,0,0,0,0,0,0,0,0
511,0,0,0,0,0,0,0,0,0
512,0,0,0,0,0,0,0,0,0
513,0,0,0,0,0,0,0,0,0
514,0,0,0,0,0,0,0,0,0
515,0,0,0,0,0,0,0,0,0
516,0,0,0,0,0,0,0,0,0
517,0,0,0,0,0,0,0,0,0
518,0,0,0,0,0,0,0,0,0
519,0,0,0,0,0,0,0,0,0
520,0,0,0,0,0,0,0,0,0
521,0,0,0,0,0,0,0,0,0
522,0,0,0,0,0,0,0,0,0
523,0,0,0,0,0,0,0,0,0
524,0,0,0,0,0,0,0,0,0
525,0,0,0,0,0,0,0,0,0
526,0,0,0,0,0,0,0,0,0
527,0,0,0,0,0,0,0,0,0
528,0,0,0,0,0,0,0,0,0
529,0,0,0,0,0,0,0,0,0
530,0,0,0,0,0,0,0,0,0
531,0,0,0,0,0,0,0,0,0
532,0,0,0,0,0,0,0,0,0
533,0,0,0,0,0,0,0,0,0
534,0,0,0,0,0,0,0,0,0
535,0,0,0,0,0,0,0,0,0
536,0,0,0,0,0,0,0,0,0
537,0,0,0,0,0,0,0,0,0
538,0,0,0,0,0,0,0,0,0
539,0,0,0,0,0,0,0,0,0
540,0,0,0,0,0,0,0,0,0
541,0,0,0,0,0,0,0,0,0
542,0,0,0,0,0,0,0,0,0
543,0,0,0,0,0,0,0,0,0
544,0,0,0,0,0,0,0,0,0
545,0,0,0,0,0,0,0,0,0
546,0,0,0,0,0,0,0,0,0
547,0,0,0,0,0,0,0,0,0
548,0,0,0,0,0,0,0,0,0
549,0,0,0,0,0,0,0,0,0
550,0,0,0,0,0,0,0,0,0
551,0,0,0,0,0,0,0,0,0
552,0,0,0,0,0,0,0,0,0
553,0,0,0,0,0,0,0,0,0
554,0,0,0,0,0,0,0,0,0
555,0,0,0,0,0,0,0,0,0
556,0,0,0,0,0,0,0,0,0
557,0,0,0,0,0,0,0,0,0
558,0,0,0,0,0,0,0,0,0
559,0,0,0,0,0,0,0,0,0
560,0,0,0,0,0,0,0,0,0
561,0,0,0,0,0,0,0,0,0
562,0,0,0,0,0,0,0,0,0
563,0,0,0,0,0,0,0,0,0
564,0,0,0,0,0,0,0,0,0
565,0,0,0,0,0,0,0,0,0
566,0,0,0,0,0,0,0,0,0
567,0,0,0,0,0,0,0,0,0
568,0,0,0,0,0,0,0,0,0
569,0,0,0,0,0,0,0,0,0
570,0,0,0,0,0,0,0,0,0
571,0,0,0,0,0,0,0,0,0
572,0,0,0,0,0,0,0,0,0
573,0,0,0,0,0,0,0,0,0
574,0,0,0,0,0,0,0,0,0
575,0,0,0,0,0,0,0,0,0
576,0,0,0,0,0,0,0,0,0
577,0,0,0,0,0,0,0,0,0
578,0,0,0,0,0,0,0,0,0
579,0,0,0,0,0,0,0,0,0
580,0,0,0,0,0,0,0,0,0
581,0,0,0,0,0,0,0,0,0
582,0,0,0,0,0,0,0,0,0
583,0,0,0,0,0,0,0,0,0
584,0,0,0,0,0,0,0,0,0
585,0,0,0,0,0,0,0,0,0
586,0,0,0,0,0,0,0,0,0
587,0,0,0,0,0,0,0,0,0
588,0,0,0,0,0,0,0,0,0
589,0,0,0,0,0,0,0,0,0
590,0,0,0,0,0,0,0,0,0
591,0,0,0,0,0,0,0,0,0
592,0,0,0,0,0,0,0,0,0
593,0,0,0,0,0,0,0,0,0
594,0,0,0,0,0,0,0,0,0
595,0,0,0,0,0,0,0,0,0
596,0,0,0,0,0,0,0,0,0
597,0,0,0,0,0,0,0,0,0
598,0,0,0,0,0,0,0,0,0
599,0,0,0,0,0,0,0,0,0
600,0,0,0,0,0,0,0,0,0
601,0,0,0,0,0,0,0,0,0
602,0,0,0,0,0,0,0,0,0
603,0,0,0,0,0,0,0,0,0
604,0,0,0,0,0,0,0,0,0
605,0,0,0,0,0,0,0,0,0
606,0,0,0,0,0,0,0,0,0
607,0,0,0,0,0,0,0,0,0
608,0,0,0,0,0,0,0,0,0
609,0,0,0,0,0,0,0,0,0
610,0,0,0,0,0,0,0,0,0
611,0,0,0,0,0,0,0,0,0
612,0,0,0,0,0,0,0,0,0
613,0,0,0,0,0,0,0,0,0
614,0,0,0,0,0,0,0,0,0
615,0,0,0,0,0,0,0,0,0
616,0,0,0,0,0,0,0,0,0
617,0,0,0,0,0,0,0,0,0
618,0,0,0,0,0,0,0,0,0
619,0,0,0,0,0,0,0,0,0
620,0,0,0,0,0,0,0,0,0
621,0,0,0,0,0,0,0,0,0
622,0,0,0,0,0,0,0,0,0
623,0,0,0,0,0,0,0,0,0
624,0,0,0,0,0,0,0,0,0
625,0,0,0,0,0,0,0,0,0
626,0,0,0,0,0,0,0,0,0
627,0,0,0,0,0,0,0,0,0
628,0,0,0,0,0,0,0,0,0
629,0,0,0,0,0,0,0,0,0
630,0,0,0,0,0,0,0,0,0
631,0,0,0,0,0,0,0,0,0
632,0,0,0,0,0,0,0,0,0
633,0,0,0,0,0,0,0,0,0
634,0,0,0,0,0,0,0,0,0
635,0,0,0,0,0,0,0,0,0
636,0,0,0,0,0,0,0,0,0
637,0,0,0,0,0,0,0,0,0
638,0,0,0,0,0,0,0,0,0
639,0,0,0,0,0,0,0,0,0
640,0,0,0,0,0,0,0,0,0
641,0,0,0,0,0,0,0,0,0
642,0,0,0,0,0,0,0,0,0
643,0,0,0,0,0,0,0,0,0
644,0,0,0,0,0,0,0,0,0
645,0,0,0,0,0,0,0,0,0
646,0,0,0,0,0,0,0,0,0
647,0,0,0,0,0,0,0,0,0
648,0,0,0,0,0,0,0,0,0
649,0,0,0,0,0,0,0,0,0
650,0,0,0,0,0,0,0,0,0
651,0,0,0,0,0,0,0,0,0
652,0,0,0,0,0,0,0,0,0
653,0,0,0,0,0,0,0,0,0
654,0,0,0,0,0,0,0,0,0
655,0,0,0,0,0,0,0,0,0
656,0,0,0,0,0,0,0,0,0
657,0,0,0,0,0,0,0,0,0
658,0,0,0,0,0,0,0,0,0
659,0,0,0,0,0,0,0,0,0
660,0,0,0,0,0,0,0,0,0
661,0,0,0,0,0,0,0,0,0
662,0,0,0,0,0,0,0,0,0
663,0,0,0,0,0,0,0,0,0
664,0,0,0,0,0,0,0,0,0
665,0,0,0,0,0,0,0,0,0
666,0,0,0,0,0,0,0,0,0
667,0,0,0,0,0,0,0,0,0
668,0,0,0,0,0,0,0,0,0
669,0,0,0,0,0,0,0,0,0
670,0,0,0,0,0,0,0,0,0
671,0,0,0,0,0,0,0,0,0
672,0,0,0,0,0,0,0,0,0
673,0,0,0,0,0,0,0,0,0
674,0,0,0,0,0,0,0,0,0
675,0,0,0,0,0,0,0,0,0
676,0,0,0,0,0,0,0,0,0
677,0,0,0,0,0,0,0,0,0
678,0,0,0,0,0,0,0,0,0
679,0,0,0,0,0,0,0,0,0
680,0,0,0,0,0,0,0,0,0
681,0,0,0,0,0,0,0,0,0
682,0,0,0,0,0,0,0,0,0
683,0,0,0,0,0,0,0,0,0
684,0,0,0,0,0,0,0,0,0
685,0,0,0,0,0,0,0,0,0
686,0,0,0,0,0,0,0,0,0
687,0,0,0,0,0,0,0,0,0
688,0,0,0,0,0,0,0,0,0
689,0,0,0,0,0,0,0,0,0
690,0,0,0,0,0,0,0,0,0
691,0,0,0,0,0,0,0,0,0
692,0,0,0,0,0,0,0,0,0
693,0,0,0,0,0,0,0,0,0
694,0,0,0,0,0,0,0,0,0
695,0,0,0,0,0,0,0,0,0
696,0,0,0,0,0,0,0,0,0
697,0,0,0,0,0,0,0,0,0
698,0,0,0,0,0,0,0,0,0
699,0,0,0,0,0,0,0,0,0
700,0,0,0,0,0,0,0,0,0
701,0,0,0,0,0,0,0,0,0
702,0,0,0,0,0,0,0,0,0
703,0,0,0,0,0,0,0,0,0
704,0,0,0,0,0,0,0,0,0
705,0,0,0,0,0,0,0,0,0
706,0,0,0,0,0,0,0,0,0
707,0,0,0,0,0,0,0,0,0
708,0,0,0,0,0,0,0,0,0
709,0,0,0,0,0,0,0,0,0
710,0,0,0,0,0,0,0,0,0
711,0,0,0,0,0,0,0,0,0
712,0,0,0,0,0,0,0,0,0
713,0,0,0,0,0,0,0,0,0
714,0,0,0,0,0,0,0,0,0
715,0,0,0,0,0,0,0,0,0
716,0,0,0,0,0,0,0,0,0
717,0,0,0,0,0,0,0,0,0
718,0,0,0,0,0,0,0,0,0
719,0,0,0,0,0,0,0,0,0
720,0,0,0,0,0,0,0,0,0
721,0,0,0,0,0,0,0,0,0
722,0,0,0,0,0,0,0,0,0
723,0,0,0,0,0,0,0,0,0
724,0,0,0,0,0,0,0,0,0
725,0,0,0,0,0,0,0,0,0
726,0,0,0,0,0,0,0,0,0
727,0,0,0,0,0,0,0,0,0
728,0,0,0,0,0,0,0,0,0
729,0,0,0,0,0,0,0,0,0
730,0,0,0,0,0,0,0,0,0
731,0,0,0,0,0,0,0,0,0
732,0,0,0,0,0,0,0,0,0
733,0,0,0,0,0,0,0,0,0
734,0,0,0,0,0,0,0,0,0
735,0,0,0,0,0,0,0,0,0
736,0,0,0,0,0,0,0,0,0
737,0,0,0,0,0,0,0,0,0
738,0,0,0,0,0,0,0,0,0
739,0,0,0,0,0,0,0,0,0
740,0,0,0,0,0,0,0,0,0
741,0,0,0,0,0,0,0,0,0
742,0,0,0,0,0,0,0,0,0
743,0,0,0,0,0,0,0,0,0
744,0,0,0,0,0,0,0,0,0
745,0,0,0,0,0,0,0,0,0
746,0,0,0,0,0,0,0,0,0
747,0,0,0,0,0,0,0,0,0
748,0,0,0,0,0,0,0,0,0
749,0,0,0,0,0,0,0,0,0
750,0,0,0,0,0,0,0,0,0
0,194,7257,201425,4077983,57373546,517292847,2626655236,5935079656,3356972874
1,89,2649,56742,897565,9819429,68870052,271724105,476889681,209540152
2,53,1411,25341,332897,3044454,17868435,59001988,86620603,31785939
3,37,902,14048,160812,1285365,6600270,19094847,24611757,7949243
4,19,481,6368,62314,432978,1919528,4777994,5280507,1454708
5,8,201,2193,19225,122598,490555,1093256,1076263,261564
6,7,138,1325,9980,56368,198702,389497,335625,70437
7,6,94,722,4631,23617,74521,133680,107057,20701
8,6,93,664,4054,20049,60488,103700,79812,15001
9,5,28,159,872,3911,10874,17459,12614,2213
10,5,23,120,562,2356,6171,9287,6483,1027
11,3,6,40,182,758,1693,2320,1439,216
12,2,6,35,138,528,1040,1344,754,109
13,0,0,0,0,0,0,0,0,0
14,0,0,0,0,0,0,0,0,0
15,0,0,0,0,0,0,0,0,0
16,0,0,0,0,0,0,0,0,0
17,0,0,0,0,0,0,0,0,0
18,0,0,0,0,0,0,0,0,0
19,0,0,0,0,0,0,0,0,0
20,0,0,0,0,0,0,0,0,0
21,0,0,0,0,0,0,0,0,0
22,0,0,0,0,0,0,0,0,0
23,0,0,0,0,0,0,0,0,0
24,0,0,0,0,0,0,0,0,0
25,0,0,0,0,0,0,0,0,0
26,0,0,0,0,0,0,0,0,0
27,0,0,0,0,0,0,0,0,0
28,0,0,0,0,0,0,0,0,0
29,0,0,0,0,0,0,0,0,0
30,0,0,0,0,0,0,0,0,0
31,0,0,0,0,0,0,0,0,0
32,0,0,0,0,0,0,0,0,0
33,0,0,0,0,0,0,0,0,0
34,0,0,0,0,0,0,0,0,0
35,0,0,0,0,0,0,0,0,0
36,0,0,0,0,0,0,0,0,0
37,0,0,0,0,0,0,0,0,0
38,0,0,0,0,0,0,0,0,0
39,0,0,0,0,0,0,0,0,0
40,0,0,0,0,0,0,0,0,0
41,0,0,0,0,0,0,0,0,0
42,0,0,0,0,0,0,0,0,0
43,0,0,0,0,0,0,0,0,0
44,0,0,0,0,0,0,0,0,0
45,0,0,0,0,0,0,0,0,0
46,0,0,0,0,0,0,0,0,0
47,0,0,0,0,0,0,0,0,0
48,0,0,0,0,0,0,0,0,0
49,0,0,0,0,0,0,0,0,0
50,0,0,0,0,0,0,0,0,0
51,0,0,0,0,0,0,0,0,0
52,0,0,0,0,0,0,0,0,0
53,0,0,0,0,0,0,0,0,0
54,0,0,0,0,0,0,0,0,0
55,0,0,0,0,0,0,0,0,0
56,0,0,0,0,0,0,0,0,0
57,0,0,0,0,0,0,0,0,0
58,0,0,0,0,0,0,0,0,0
59,0,0,0,0,0,0,0,0,0
60,0,0,0,0,0,0,0,0,0
61,0,0,0,0,0,0,0,0,0
62,0,0,0,0,0,0,0,0,0
63,0,0,0,0,0,0,0,0,0
64,0,0,0,0,0,0,0,0,0
65,0,0,0,0,0,0,0,0,0
66,0,0,0,0,0,0,0,0,0
67,0,0,0,0,0,0,0,0,0
68,0,0,0,0,0,0,0,0,0
69,0,0,0,0,0,0,0,0,0
70,0,0,0,0,0,0,0,0,0
71,0,0,0,0,0,0,0,0,0
72,0,0,0,0,0,0,0,0,0
73,0,0,0,0,0,0,0,0,0
74,0,0,0,0,0,0,0,0,0
75,0,0,0,0,0,0,0,0,0
76,0,0,0,0,0,0,0,0,0
77,0,0,0,0,0,0,0,0,0
78,0,0,0,0,0,0,0,0,0
79,0,0,0,0,0,0,0,0,0
80,0,0,0,0,0,0,0,0,0
81,0,0,0,0,0,0,0,0,0
82,0,0,0,0,0,0,0,0,0
83,0,0,0,0,0,0,0,0,0
84,0,0,0,0,0,0,0,0,0
85,0,0,0,0,0,0,0,0,0
86,0,0,0,0,0,0,0,0,0
87,0,0,0,0,0,0,0,0,0
88,0,0,0,0,0,0,0,0,0
89,0,0,0,0,0,0,0,0,0
90,0,0,0,0,0,0,0,0,0
91,0,0,0,0,0,0,0,0,0
92,0,0,0,0,0,0,0,0,0
93,0,0,0,0,0,0,0,0,0
94,0,0,0,0,0,0,0,0,0
95,0,0,0,0,0,0,0,0,0
96,0,0,0,0,0,0,0,0,0
97,0,0,0,0,0,0,0,0,0
98,0,0,0,0,0,0,0,0,0
99,0,0,0,0,0,0,0,0,0
100,0,0,0,0,0,0,0,0,0
101,0,0,0,0,0,0,0,0,0
102,0,0,0,0,0,0,0,0,0
103,0,0,0,0,0,0,0,0,0
104,0,0,0,0,0,0,0,0,0
105,0,0,0,0,0,0,0,0,0
106,0,0,0,0,0,0,0,0,0
107,0,0,0,0,0,0,0,0,0
108,0,0,0,0,0,0,0,0,0
109,0,0,0,0,0,0,0,0,0
110,0,0,0,0,0,0,0,0,0
111,0,0,0,0,0,0,0,0,0
112,0,0,0,0,0,0,0,0,0
113,0,0,0,0,0,0,0,0,0
114,0,0,0,0,0,0,0,0,0
115,0,0,0,0,0,0,0,0,0
116,0,0,0,0,0,0,0,0,0
117,0,0,0,0,0,0,0,0,0
118,0,0,0,0,0,0,0,0,0
119,0,0,0,0,0,0,0,0,0
120,0,0,0,0,0,0,0,0,0
121,0,0,0,0,0,0,0,0,0
122,0,0,0,0,0,0,0,0,0
123,0,0,0,0,0,0,0,0,0
124,0,0,0,0,0,0,0,0,0
125,0,0,0,0,0,0,0,0,0
126,0,0,0,0,0,0,0,0,0
127,0,0,0,0,0,0,0,0,0
128,0,0,0,0,0,0,0,0,0
129,0,0,0,0,0,0,0,0,0
130,0,0,0,0,0,0,0,0,0
131,0,0,0,0,0,0,0,0,0
132,0,0,0,0,0,0,0,0,0
133,0,0,0,0,0,0,0,0,0
134,0,0,0,0,0,0,0,0,0
135,0,0,0,0,0,0,0,0,0
136,0,0,0,0,0,0,0,0,0
137,0,0,0,0,0,0,0,0,0
138,0,0,0,0,0,0,0,0,0
139,0,0,0,0,0,0,0,0,0
140,0,0,0,0,0,0,0,0,0
141,0,0,0,0,0,0,0,0,0
142,0,0,0,0,0,0,0,0,0
143,0,0,0,0,0,0,0,0,0
144,0,0,0,0,0,0,0,0,0
145,0,0,0,0,0,0,0,0,0
146,0,0,0,0,0,0,0,0,0
147,0,0,0,0,0,0,0,0,0
148,0,0,0,0,0,0,0,0,0
149,0,0,0,0,0,0,0,0,0
150,0,0,0,0,0,0,0,0,0
151,0,0,0,0,0,0,0,0,0
152,0,0,0,0,0,0,0,0,0
153,0,0,0,0,0,0,0,0,0
154,0,0,0,0,0,0,0,0,0
155,0,0,0,0,0,0,0,0,0
156,0,0,0,0,0,0,0,0,0
157,0,0,0,0,0,0,0,0,0
158,0,0,0,0,0,0,0,0,0
159,0,0,0,0,0,0,0,0,0
160,0,0,0,0,0,0,0,0,0
161,0,0,0,0,0,0,0,0,0
162,0,0,0,0,0,0,0,0,0
163,0,0,0,0,0,0,0,0,0
164,0,0,0,0,0,0,0,0,0
165,0,0,0,0,0,0,0,0,0
166,0,0,0,0,0,0,0,0,0
167,0,0,0,0,0,0,0,0,0
168,0,0,0,0,0,0,0,0,0
169,0,0,0,0,0,0,0,0,0
170,0,0,0,0,0,0,0,0,0
171,0,0,0,0,0,0,0,0,0
172,0,0,0,0,0,0,0,0,0
173,0,0,0,0,0,0,0,0,0
174,0,0,0,0,0,0,0,0,0
175,0,0,0,0,0,0,0,0,0
176,0,0,0,0,0,0,0,0,0
177,0,0,0,0,0,0,0,0,0
178,0,0,0,0,0,0,0,0,0
179,0,0,0,0,0,0,0,0,0
180,0,0,0,0,0,0,0,0,0
181,0,0,0,0,0,0,0,0,0
182,0,0,0,0,0,0,0,0,0
183,0,0,0,0,0,0,0,0,0
184,0,0,0,0,0,0,0,0,0
185,0,0,0,0,0,0,0,0,0
186,0,0,0,0,0,0,0,0,0
187,0,0,0,0,0,0,0,0,0
188,0,0,0,0,0,0,0,0,0
189,0,0,0,0,0,0,0,0,0
190,0,0,0,0,0,0,0,0,0
191,0,0,0,0,0,0,0,0,0
192,0,0,0,0,0,0,0,0,0
193,0,0,0,0,0,0,0,0,0
194,0,0,0,0,0,0,0,0,0
195,0,0,0,0,0,0,0,0,0
196,0,0,0,0,0,0,0,0,0
197,0,0,0,0,0,0,0,0,0
198,0,0,0,0,0,0,0,0,0
199,0,0,0,0,0,0,0,0,0
200,0,0,0,0,0,0,0,0,0
201,0,0,0,0,0,0,0,0,0
202,0,0,0,0,0,0,0,0,0
203,0,0,0,0,0,0,0,0,0
204,0,0,0,0,0,0,0,0,0
205,0,0,0,0,0,0,0,0,0
206,0,0,0,0,0,0,0,0,0
207,0,0,0,0,0,0,0,0,0
208,0,0,0,0,0,0,0,0,0
209,0,0,0,0,0,0,0,0,0
210,0,0,0,0,0,0,0,0,0
211,0,0,0,0,0,0,0,0,0
212,0,0,0,0,0,0,0,0,0
213,0,0,0,0,0,0,0,0,0
214,0,0,0,0,0,0,0,0,0
215,0,0,0,0,0,0,0,0,0
216,0,0,0,0,0,0,0,0,0
217,0,0,0,0,0,0,0,0,0
218,0,0,0,0,0,0,0,0,0
219,0,0,0,0,0,0,0,0,0
220,0,0,0,0,0,0,0,0,0
221,0,0,0,0,0,0,0,0,0
222,0,0,0,0,0,0,0,0,0
223,0,0,0,0,0,0,0,0,0
224,0,0,0,0,0,0,0,0,0
225,0,0,0,0,0,0,0,0,0
226,0,0,0,0,0,0,0,0,0
227,0,0,0,0,0,0,0,0,0
228,0,0,0,0,0,0,0,0,0
229,0,0,0,0,0,0,0,0,0
230,0,0,0,0,0,0,0,0,0
231,0,0,0,0,0,0,0,0,0
232,0,0,0,0,0,0,0,0,0
233,0,0,0,0,0,0,0,0,0
234,0,0,0,0,0,0,0,0,0
235,0,0,0,0,0,0,0,0,0
236,0,0,0,0,0,0,0,0,0
237,0,0,0,0,0,0,0,0,0
238,0,0,0,0,0,0,0,0,0
239,0,0,0,0,0,0,0,0,0
240,0,0,0,0,0,0,0,0,0
241,0,0,0,0,0,0,0,0,0
242,0,0,0,0,0,0,0,0,0
243,0,0,0,0,0,0,0,0,0
244,0,0,0,0,0,0,0,0,0
245,0,0,0,0,0,0,0,0,0
246,0,0,0,0,0,0,0,0,0
247,0,0,0,0,0,0,0,0,0
248,0,0,0,0,0,0,0,0,0
249,0,0,0,0,0,0,0,0,0
250,0,0,0,0,0,0,0,0,0
251,0,0,0,0,0,0,0,0,0
252,0,0,0,0,0,0,0,0,0
253,0,0,0,0,0,0,0,0,0
254,0,0,0,0,0,0,0,0,0
255,0,0,0,0,0,0,0,0,0
256,0,0,0,0,0,0,0,0,0
257,0,0,0,0,0,0,0,0,0
258,0,0,0,0,0,0,0,0,0
259,0,0,0,0,0,0,0,0,0
260,0,0,0,0,0,0,0,0,0
261,0,0,0,0,0,0,0,0,0
262,0,0,0,0,0,0,0,0,0
263,0,0,0,0,0,0,0,0,0
264,0,0,0,0,0,0,0,0,0
265,0,0,0,0,0,0,0,0,0
266,0,0,0,0,0,0,0,0,0
267,0,0,0,0,0,0,0,0,0
268,0,0,0,0,0,0,0,0,0
269,0,0,0,0,0,0,0,0,0
270,0,0,0,0,0,0,0,0,0
271,0,0,0,0,0,0,0,0,0
272,0,0,0,0,0,0,0,0,0
273,0,0,0,0,0,0,0,0,0
274,0,0,0,0,0,0,0,0,0
275,0,0,0,0,0,0,0,0,0
276,0,0,0,0,0,0,0,0,0
277,0,0,0,0,0,0,0,0,0
278,0,0,0,0,0,0,0,0,0
279,0,0,0,0,0,0,0,0,0
280,0,0,0,0,0,0,0,0,0
281,0,0,0,0,0,0,0,0,0
282,0,0,0,0,0,0,0,0,0
283,0,0,0,0,0,0,0,0,0
284,0,0,0,0,0,0,0,0,0
285,0,0,0,0,0,0,0,0,0
286,0,0,0,0,0,0,0,0,0
287,0,0,0,0,0,0,0,0,0
288,0,0,0,0,0,0,0,0,0
289,0,0,0,0,0,0,0,0,0
290,0,0,0,0,0,0,0,0,0
291,0,0,0,0,0,0,0,0,0
292,0,0,0,0,0,0,0,0,0
293,0,0,0,0,0,0,0,0,0
294,0,0,0,0,0,0,0,0,0
295,0,0,0,0,0,0,0,0,0
296,0,0,0,0,0,0,0,0,0
297,0,0,0,0,0,0,0,0,0
298,0,0,0,0,0,0,0,0,0
299,0,0,0,0,0,0,0,0,0
300,0,0,0,0,0,0,0,0,0
301,0,0,0,0,0,0,0,0,0
302,0,0,0,0,0,0,0,0,0
303,0,0,0,0,0,0,0,0,0
304,0,0,0,0,0,0,0,0,0
305,0,0,0,0,0,0,0,0,0
306,0,0,0,0,0,0,0,0,0
307,0,0,0,0,0,0,0,0,0
308,0,0,0,0,0,0,0,0,0
309,0,0,0,0,0,0,0,0,0
310,0,0,0,0,0,0,0,0,0
311,0,0,0,0,0,0,0,0,0
312,0,0,0,0,0,0,0,0,0
313,0,0,0,0,0,0,0,0,0
314,0,0,0,0,0,0,0,0,0
315,0,0,0,0,0,0,0,0,0
316,0,0,0,0,0,0,0,0,0
317,0,0,0,0,0,0,0,0,0
318,0,0,0,0,0,0,0,0,0
319,0,0,0,0,0,0,0,0,0
320,0,0,0,0,0,0,0,0,0
321,0,0,0,0,0,0,0,0,0
322,0,0,0,0,0,0,0,0,0
323,0,0,0,0,0,0,0,0,0
324,0,0,0,0,0,0,0,0,0
325,0,0,0,0,0,0,0,0,0
326,0,0,0,0,0,0,0,0,0
327,0,0,0,0,0,0,0,0,0
328,0,0,0,0,0,0,0,0,0
329,0,0,0,0,0,0,0,0,0
330,0,0,0,0,0,0,0,0,0
331,0,0,0,0,0,0,0,0,0
332,0,0,0,0,0,0,0,0,0
333,0,0,0,0,0,0,0,0,0
334,0,0,0,0,0,0,0,0,0
335,0,0,0,0,0,0,0,0,0
336,0,0,0,0,0,0,0,0,0
337,0,0,0,0,0,0,0,0,0
338,0,0,0,0,0,0,0,0,0
339,0,0,0,0,0,0,0,0,0
340,0,0,0,0,0,0,0,0,0
341,0,0,0,0,0,0,0,0,0
342,0,0,0,0,0,0,0,0,0
343,0,0,0,0,0,0,0,0,0
344,0,0,0,0,0,0,0,0,0
345,0,0,0,0,0,0,0,0,0
346,0,0,0,0,0,0,0,0,0
347,0,0,0,0,0,0,0,0,0
348,0,0,0,0,0,0,0,0,0
349,0,0,0,0,0,0,0,0,0
350,0,0,0,0,0,0,0,0,0
351,0,0,0,0,0,0,0,0,0
352,0,0,0,0,0,0,0,0,0
353,0,0,0,0,0,0,0,0,0
354,0,0,0,0,0,0,0,0,0
355,0,0,0,0,0,0,0,0,0
356,0,0,0,0,0,0,0,0,0
357,0,0,0,0,0,0,0,0,0
358,0,0,0,0,0,0,0,0,0
359,0,0,0,0,0,0,0,0,0
360,0,0,0,0,0,0,0,0,0
361,0,0,0,0,0,0,0,0,0
362,0,0,0,0,0,0,0,0,0
363,0,0,0,0,0,0,0,0,0
364,0,0,0,0,0,0,0,0,0
365,0,0,0,0,0,0,0,0,0
366,0,0,0,0,0,0,0,0,0
367,0,0,0,0,0,0,0,0,0
368,0,0,0,0,0,0,0,0,0
369,0,0,0,0,0,0,0,0,0
370,0,0,0,0,0,0,0,0,0
371,0,0,0,0,0,0,0,0,0
372,0,0,0,0,0,0,0,0,0
373,0,0,0,0,0,0,0,0,0
374,0,0,0,0,0,0,0,0,0
375,0,0,0,0,0,0,0,0,0
376,0,0,0,0,0,0,0,0,0
377,0,0,0,0,0,0,0,0,0
378,0,0,0,0,0,0,0,0,0
379,0,0,0,0,0,0,0,0,0
380,0,0,0,0,0,0,0,0,0
381,0,0,0,0,0,0,0,0,0
382,0,0,0,0,0,0,0,0,0
383,0,0,0,0,0,0,0,0,0
384,0,0,0,0,0,0,0,0,0
385,0,0,0,0,0,0,0,0,0
386,0,0,0,0,0,0,0,0,0
387,0,0,0,0,0,0,0,0,0
388,0,0,0,0,0,0,0,0,0
389,0,0,0,0,0,0,0,0,0
390,0,0,0,0,0,0,0,0,0
391,0,0,0,0,0,0,0,0,0
392,0,0,0,0,0,0,0,0,0
393,0,0,0,0,0,0,0,0,0
394,0,0,0,0,0,0,0,0,0
395,0,0,0,0,0,0,0,0,0
396,0,0,0,0,0,0,0,0,0
397,0,0,0,0,0,0,0,0,0
398,0,0,0,0,0,0,0,0,0
399,0,0,0,0,0,0,0,0,0
400,0,0,0,0,0,0,0,0,0
401,0,0,0,0,0,0,0,0,0
402,0,0,0,0,0,0,0,0,0
403,0,0,0,0,0,0,0,0,0
404,0,0,0,0,0,0,0,0,0
405,0,0,0,0,0,0,0,0,0
406,0,0,0,0,0,0,0,0,0
407,0,0,0,0,0,0,0,0,0
408,0,0,0,0,0,0,0,0,0
409,0,0,0,0,0,0,0,0,0
410,0,0,0,0,0,0,0,0,0
411,0,0,0,0,0,0,0,0,0
412,0,0,0,0,0,0,0,0,0
413,0,0,0,0,0,0,0,0,0
414,0,0,0,0,0,0,0,0,0
415,0,0,0,0,0,0,0,0,0
416,0,0,0,0,0,0,0,0,0
417,0,0,0,0,0,0,0,0,0
418,0,0,0,0,0,0,0,0,0
419,0,0,0,0,0,0,0,0,0
420,0,0,0,0,0,0,0,0,0
421,0,0,0,0,0,0,0,0,0
422,0,0,0,0,0,0,0,0,0
423,0,0,0,0,0,0,0,0,0
424,0,0,0,0,0,0,0,0,0
425,0,0,0,0,0,0,0,0,0
426,0,0,0,0,0,0,0,0,0
427,0,0,0,0,0,0,0,0,0
428,0,0,0,0,0,0,0,0,0
429,0,0,0,0,0,0,0,0,0
430,0,0,0,0,0,0,0,0,0
431,0,0,0,0,0,0,0,0,0
432,0,0,0,0,0,0,0,0,0
433,0,0,0,0,0,0,0,0,0
434,0,0,0,0,0,0,0,0,0
435,0,0,0,0,0,0,0,0,0
436,0,0,0,0,0,0,0,0,0
437,0,0,0,0,0,0,0,0,0
438,0,0,0,0,0,0,0,0,0
439,0,0,0,0,0,0,0,0,0
440,0,0,0,0,0,0,0,0,0
441,0,0,0,0,0,0,0,0,0
442,0,0,0,0,0,0,0,0,0
443,0,0,0,0,0,0,0,0,0
444,0,0,0,0,0,0,0,0,0
445,0,0,0,0,0,0,0,0,0
446,0,0,0,0,0,0,0,0,0
447,0,0,0,0,0,0,0,0,0
448,0,0,0,0,0,0,0,0,0
449,0,0,0,0,0,0,0,0,0
450,0,0,0,0,0,0,0,0,0
451,0,0,0,0,0,0,0,0,0
452,0,0,0,0,0,0,0,0,0
453,0,0,0,0,0,0,0,0,0
454,0,0,0,0,0,0,0,0,0
455,0,0,0,0,0,0,0,0,0
456,0,0,0,0,0,0,0,0,0
457,0,0,0,0,0,0,0,0,0
458,0,0,0,0,0,0,0,0,0
459,0,0,0,0,0,0,0,0,0
460,0,0,0,0,0,0,0,0,0
461,0,0,0,0,0,0,0,0,0
462,0,0,0,0,0,0,0,0,0
463,0,0,0,0,0,0,0,0,0
464,0,0,0,0,0,0,0,0,0
465,0,0,0,0,0,0,0,0,0
466,0,0,0,0,0,0,0,0,0
467,0,0,0,0,0,0,0,0,0
468,0,0,0,0,0,0,0,0,0
469,0,0,0,0,0,0,0,0,0
470,0,0,0,0,0,0,0,0,0
471,0,0,0,0,0,0,0,0,0
472,0,0,0,0,0,0,0,0,0
473,0,0,0,0,0,0,0,0,0
474,0,0,0,0,0,0,0,0,0
475,0,0,0,0,0,0,0,0,0
476,0,0,0,0,0,0,0,0,0
477,0,0,0,0,0,0,0,0,0
478,0,0,0,0,0,0,0,0,0
479,0,0,0,0,0,0,0,0,0
480,0,0,0,0,0,0,0,0,0
481,0,0,0,0,0,0,0,0,0
482,0,0,0,0,0,0,0,0,0
483,0,0,0,0,0,0,0,0,0
484,0,0,0,0,0,0,0,0,0
485,0,0,0,0,0,0,0,0,0
486,0,0,0,0,0,0,0,0,0
487,0,0,0,0,0,0,0,0,0
488,0,0,0,0,0,0,0,0,0
489,0,0,0,0,0,0,0,0,0
490,0,0,0,0,0,0,0,0,0
491,0,0,0,0,0,0,0,0,0
492,0,0,0,0,0,0,0,0,0
493,0,0,0,0,0,0,0,0,0
494,0,0,0,0,0,0,0,0,0
495,0,0,0,0,0,0,0,0,0
496,0,0,0,0,0,0,0,0,0
497,0,0,0,0,0,0,0,0,0
498,0,0,0,0,0,0,0,0,0
499,0,0,0,0,0,0,0,0,0
500,0,0,0,0,0,0,0,0,0
501,0,0,0,0,0,0,0,0,0
502,0,0,0,0,0,0,0,0,0
503,0,0,0,0,0,0,0,0,0
504,0,0,0,0,0,0,0,0,0
505,0,0,0,0,0,0,0,0,0
506,0,0,0,0,0,0,0,0,0
507,0,0,0,0,0,0,0,0,0
508,0,0,0,0,0,0,0,0,0
509,0,0,0,0,0,0,0,0,0
510,0,0,0,0,0,0,0,0,0
511,0,0,0,0,0,0,0,0,0
512,0,0,0,0,0,0,0,0,0
513,0,0,0,0,0,0,0,0,0
514,0,0,0,0,0,0,0,0,0
515,0,0,0,0,0,0,0,0,0
516,0,0,0,0,0,0,0,0,0
517,0,0,0,0,0,0,0,0,0
518,0,0,0,0,0,0,0,0,0
519,0,0,0,0,0,0,0,0,0
520,0,0,0,0,0,0,0,0,0
521,0,0,0,0,0,0,0,0,0
522,0,0,0,0,0,0,0,0,0
523,0,0,0,0,0,0,0,0,0
524,0,0,0,0,0,0,0,0,0
525,0,0,0,0,0,0,0,0,0
526,0,0,0,0,0,0,0,0,0
527,0,0,0,0,0,0,0,0,0
528,0,0,0,0,0,0,0,0,0
529,0,0,0,0,0,0,0,0,0
530,0,0,0,0,0,0,0,0,0
531,0,0,0,0,0,0,0,0,0
532,0,0,0,0,0,0,0,0,0
533,0,0,0,0,0,0,0,0,0
534,0,0,0,0,0,0,0,0,0
535,0,0,0,0,0,0,0,0,0
536,0,0,0,0,0,0,0,0,0
537,0,0,0,0,0,0,0,0,0
538,0,0,0,0,0,0,0,0,0
539,0,0,0,0,0,0,0,0,0
540,0,0,0,0,0,0,0,0,0
541,0,0,0,0,0,0,0,0,0
542,0,0,0,0,0,0,0,0,0
543,0,0,0,0,0,0,0,0,0
544,0,0,0,0,0,0,0,0,0
545,0,0,0,0,0,0,0,0,0
546,0,0,0,0,0,0,0,0,0
547,0,0,0,0,0,0,0,0,0
548,0,0,0,0,0,0,0,0,0
549,0,0,0,0,0,0,0,0,0
550,0,0,0,0,0,0,0,0,0
551,0,0,0,0,0,0,0,0,0
552,0,0,0,0,0,0,0,0,0
553,0,0,0,0,0,0,0,0,0
554,0,0,0,0,0,0,0,0,0
555,0,0,0,0,0,0,0,0,0
556,0,0,0,0,0,0,0,0,0
557,0,0,0,0,0,0,0,0,0
558,0,0,0,0,0,0,0,0,0
559,0,0,0,0,0,0,0,0,0
560,0,0,0,0,0,0,0,0,0
561,0,0,0,0,0,0,0,0,0
562,0,0,0,0,0,0,0,0,0
563,0,0,0,0,0,0,0,0,0
564,0,0,0,0,0,0,0,0,0
565,0,0,0,0,0,0,0,0,0
566,0,0,0,0,0,0,0,0,0
567,0,0,0,0,0,0,0,0,0
568,0,0,0,0,0,0,0,0,0
569,0,0,0,0,0,0,0,0,0
570,0,0,0,0,0,0,0,0,0
571,0,0,0,0,0,0,0,0,0
572,0,0,0,0,0,0,0,0,0
573,0,0,0,0,0,0,0,0,0
574,0,0,0,0,0,0,0,0,0
575,0,0,0,0,0,0,0,0,0
576,0,0,0,0,0,0,0,0,0
577,0,0,0,0,0,0,0,0,0
578,0,0,0,0,0,0,0,0,0
579,0,0,0,0,0,0,0,0,0
580,0,0,0,0,0,0,0,0,0
581,0,0,0,0,0,0,0,0,0
582,0,0,0,0,0,0,0,0,0
583,0,0,0,0,0,0,0,0,0
584,0,0,0,0,0,0,0,0,0
585,0,0,0,0,0,0,0,0,0
586,0,0,0,0,0,0,0,0,0
587,0,0,0,0,0,0,0,0,0
588,0,0,0,0,0,0,0,0,0
589,0,0,0,0,0,0,0,0,0
590,0,0,0,0,0,0,0,0,0
591,0,0,0,0,0,0,0,0,0
592,0,0,0,0,0,0,0,0,0
593,0,0,0,0,0,0,0,0,0
594,0,0,0,0,0,0,0,0,0
595,0,0,0,0,0,0,0,0,0
596,0,0,0,0,0,0,0,0,0
597,0,0,0,0,0,0,0,0,0
598,0,0,0,0,0,0,0,0,0
599,0,0,0,0,0,0,0,0,0
600,0,0,0,0,0,0,0,0,0
601,0,0,0,0,0,0,0,0,0
602,0,0,0,0,0,0,0,0,0
603,0,0,0,0,0,0,0,0,0
604,0,0,0,0,0,0,0,0,0
605,0,0,0,0,0,0,0,0,0
606,0,0,0,0,0,0,0,0,0
607,0,0,0,0,0,0,0,0,0
608,0,0,0,0,0,0,0,0,0
609,0,0,0,0,0,0,0,0,0
610,0,0,0,0,0,0,0,0,0
611,0,0,0,0,0,0,0,0,0
612,0,0,0,0,0,0,0,0,0
613,0,0,0,0,0,0,0,0,0
614,0,0,0,0,0,0,0,0,0
615,0,0,0,0,0,0,0,0,0
616,0,0,0,0,0,0,0,0,0
617,0,0,0,0,0,0,0,0,0
618,0,0,0,0,0,0,0,0,0
619,0,0,0,0,0,0,0,0,0
620,0,0,0,0,0,0,0,0,0
621,0,0,0,0,0,0,0,0,0
622,0,0,0,0,0,0,0,0,0
623,0,0,0,0,0,0,0,0,0
624,0,0,0,0,0,0,0,0,0
625,0,0,0,0,0,0,0,0,0
626,0,0,0,0,0,0,0,0,0
627,0,0,0,0,0,0,0,0,0
628,0,0,0,0,0,0,0,0,0
629,0,0,0,0,0,0,0,0,0
630,0,0,0,0,0,0,0,0,0
631,0,0,0,0,0,0,0,0,0
632,0,0,0,0,0,0,0,0,0
633,0,0,0,0,0,0,0,0,0
634,0,0,0,0,0,0,0,0,0
635,0,0,0,0,0,0,0,0,0
636,0,0,0,0,0,0,0,0,0
637,0,0,0,0,0,0,0,0,0
638,0,0,0,0,0,0,0,0,0
639,0,0,0,0,0,0,0,0,0
640,0,0,0,0,0,0,0,0,0
641,0,0,0,0,0,0,0,0,0
642,0,0,0,0,0,0,0,0,0
643,0,0,0,0,0,0,0,0,0
644,0,0,0,0,0,0,0,0,0
645,0,0,0,0,0,0,0,0,0
646,0,0,0,0,0,0,0,0,0
647,0,0,0,0,0,0,0,0,0
648,0,0,0,0,0,0,0,0,0
649,0,0,0,0,0,0,0,0,0
650,0,0,0,0,0,0,0,0,0
651,0,0,0,0,0,0,0,0,0
652,0,0,0,0,0,0,0,0,0
653,0,0,0,0,0,0,0,0,0
654,0,0,0,0,0,0,0,0,0
655,0,0,0,0,0,0,0,0,0
656,0,0,0,0,0,0,0,0,0
657,0,0,0,0,0,0,0,0,0
658,0,0,0,0,0,0,0,0,0
659,0,0,0,0,0,0,0,0,0
660,0,0,0,0,0,0,0,0,0
661,0,0,0,0,0,0,0,0,0
662,0,0,0,0,0,0,0,0,0
663,0,0,0,0,0,0,0,0,0
664,0,0,0,0,0,0,0,0,0
665,0,0,0,0,0,0,0,0,0
666,0,0,0,0,0,0,0,0,0
667,0,0,0,0,0,0,0,0,0
668,0,0,0,0,0,0,0,0,0
669,0,0,0,0,0,0,0,0,0
670,0,0,0,0,0,0,0,0,0
671,0,0,0,0,0,0,0,0,0
672,0,0,0,0,0,0,0,0,0
673,0,0,0,0,0,0,0,0,0
674,0,0,0,0,0,0,0,0,0
675,0,0,0,0,0,0,0,0,0
676,0,0,0,0,0,0,0,0,0
677,0,0,0,0,0,0,0,0,0
678,0,0,0,0,0,0,0,0,0
679,0,0,0,0,0,0,0,0,0
680,0,0,0,0,0,0,0,0,0
681,0,0,0,0,0,0,0,0,0
682,0,0,0,0,0,0,0,0,0
683,0,0,0,0,0,0,0,0,0
684,0,0,0,0,0,0,0,0,0
685,0,0,0,0,0,0,0,0,0
686,0,0,0,0,0,0,0,0,0
687,0,0,0,0,0,0,0,0,0
688,0,0,0,0,0,0,0,0,0
689,0,0,0,0,0,0,0,0,0
690,0,0,0,0,0,0,0,0,0
691,0,0,0,0,0,0,0,0,0
692,0,0,0,0,0,0,0,0,0
693,0,0,0,0,0,0,0,0,0
694,0,0,0,0,0,0,0,0,0
695,0,0,0,0,0,0,0,0,0
696,0,0,0,0,0,0,0,0,0
697,0,0,0,0,0,0,0,0,0
698,0,0,0,0,0,0,0,0,0
699,0,0,0,0,0,0,0,0,0
700,0,0,0,0,0,0,0,0,0
701,0,0,0,0,0,0,0,0,0
702,0,0,0,0,0,0,0,0,0
703,0,0,0,0,0,0,0,0,0
704,0,0,0,0,0,0,0,0,0
705,0,0,0,0,0,0,0,0,0
706,0,0,0,0,0,0,0,0,0
707,0,0,0,0,0,0,0,0,0
708,0,0,0,0,0,0,0,0,0
709,0,0,0,0,0,0,0,0,0
710,0,0,0,0,0,0,0,0,0
711,0,0,0,0,0,0,0,0,0
712,0,0,0,0,0,0,0,0,0
713,0,0,0,0,0,0,0,0,0
714,0,0,0,0,0,0,0,0,0
715,0,0,0,0,0,0,0,0,0
716,0,0,0,0,0,0,0,0,0
717,0,0,0,0,0,0,0,0,0
718,0,0,0,0,0,0,0,0,0
719,0,0,0,0,0,0,0,0,0
720,0,0,0,0,0,0,0,0,0
721,0,0,0,0,0,0,0,0,0
722,0,0,0,0,0,0,0,0,0
723,0,0,0,0,0,0,0,0,0
724,0,0,0,0,0,0,0,0,0
725,0,0,0,0,0,0,0,0,0
726,0,0,0,0,0,0,0,0,0
727,0,0,0,0,0,0,0,0,0
728,0,0,0,0,0,0,0,0,0
729,0,0,0,0,0,0,0,0,0
730,0,0,0,0,0,0,0,0,0
731,0,0,0,0,0,0,0,0,0
732,0,0,0,0,0,0,0,0,0
733,0,0,0,0,0,0,0,0,0
734,0,0,0,0,0,0,0,0,0
735,0,0,0,0,0,0,0,0,0
736,0,0,0,0,0,0,0,0,0
737,0,0,0,0,0,0,0,0,0
738,0,0,0,0,0,0,0,0,0
739,0,0,0,0,0,0,0,0,0
740,0,0,0,0,0,0,0,0,0
741,0,0,0,0,0,0,0,0,0
742,0,0,0,0,0,0,0,0,0
743,0,0,0,0,0,0,0,0,0
744,0,0,0,0,0,0,0,0,0
745,0,0,0,0,0,0,0,0,0
746,0,0,0,0,0,0,0,0,0
747,0,0,0,0,0,0,0,0,0
748,0,0,0,0,0,0,0,0,0
749,0,0,0,0,0,0,0,0,0
750,0,0,0,0,0,0,0,0,0
0,194,7257,201425,4077983,57373546,517292847,2626655236,5935079656,3356972874
1,101,3092,67560,1054978,11410338,79043204,308216831,534651067,232089294
2,62,1599,29335,386627,3527964,20582737,67471382,98114429,35583151
3,40,907,13711,151708,1167136,5749630,15903529,19492521,5937175
4,30,589,7715,73762,492839,2101492,5019095,5310968,1392668
5,18,346,3787,30762,173148,623345,1258509,1128395,252509
6,10,246,2677,20044,102928,336812,617761,501367,100834
7,8,160,1581,10523,49721,148064,246393,180221,32189
8,5,117,1061,6027,24460,62758,89197,55424,8360
9,2,72,634,3604,14015,34933,47754,28450,4054
10,2,47,361,1813,6343,14553,18381,10142,1351
11,2,35,243,1133,3858,8754,11117,6131,839
12,1,26,162,697,2179,4551,5252,2663,361
13,0,21,128,489,1404,2682,2911,1356,166
14,0,21,117,454,1241,2276,2423,1100,133
15,0,14,94,353,962,1715,1808,798,96
16,0,7,20,48,131,197,241,107,13
17,0,6,17,40,103,151,189,77,12
18,0,6,17,38,92,124,147,51,6
19,0,6,16,35,77,100,112,42,5
20,0,2,4,5,15,11,16,3,2
21,0,2,3,3,12,5,7,2,0
22,0,2,3,3,11,5,7,2,0
23,0,2,3,2,9,2,3,0,0
24,0,2,3,2,8,2,3,0,0
25,0,2,3,0,6,1,1,0,0
26,0,2,3,0,4,1,1,0,0
27,0,2,3,0,4,1,1,0,0
28,0,2,3,0,3,0,0,0,0
29,0,2,3,0,3,0,0,0,0
30,0,0,0,0,0,0,0,0,0
31,0,0,0,0,0,0,0,0,0
32,0,0,0,0,0,0,0,0,0
33,0,0,0,0,0,0,0,0,0
34,0,0,0,0,0,0,0,0,0
35,0,0,0,0,0,0,0,0,0
36,0,0,0,0,0,0,0,0,0
37,0,0,0,0,0,0,0,0,0
38,0,0,0,0,0,0,0,0,0
39,0,0,0,0,0,0,0,0,0
40,0,0,0,0,0,0,0,0,0
41,0,0,0,0,0,0,0,0,0
42,0,0,0,0,0,0,0,0,0
43,0,0,0,0,0,0,0,0,0
44,0,0,0,0,0,0,0,0,0
45,0,0,0,0,0,0,0,0,0
46,0,0,0,0,0,0,0,0,0
47,0,0,0,0,0,0,0,0,0
48,0,0,0,0,0,0,0,0,0
49,0,0,0,0,0,0,0,0,0
50,0,0,0,0,0,0,0,0,0
51,0,0,0,0,0,0,0,0,0
52,0,0,0,0,0,0,0,0,0
53,0,0,0,0,0,0,0,0,0
54,0,0,0,0,0,0,0,0,0
55,0,0,0,0,0,0,0,0,0
56,0,0,0,0,0,0,0,0,0
57,0,0,0,0,0,0,0,0,0
58,0,0,0,0,0,0,0,0,0
59,0,0,0,0,0,0,0,0,0
60,0,0,0,0,0,0,0,0,0
61,0,0,0,0,0,0,0,0,0
62,0,0,0,0,0,0,0,0,0
63,0,0,0,0,0,0,0,0,0
64,0,0,0,0,0,0,0,0,0
65,0,0,0,0,0,0,0,0,0
66,0,0,0,0,0,0,0,0,0
67,0,0,0,0,0,0,0,0,0
68,0,0,0,0,0,0,0,0,0
69,0,0,0,0,0,0,0,0,0
70,0,0,0,0,0,0,0,0,0
71,0,0,0,0,0,0,0,0,0
72,0,0,0,0,0,0,0,0,0
73,0,0,0,0,0,0,0,0,0
74,0,0,0,0,0,0,0,0,0
75,0,0,0,0,0,0,0,0,0
76,0,0,0,0,0,0,0,0,0
77,0,0,0,0,0,0,0,0,0
78,0,0,0,0,0,0,0,0,0
79,0,0,0,0,0,0,0,0,0
80,0,0,0,0,0,0,0,0,0
81,0,0,0,0,0,0,0,0,0
82,0,0,0,0,0,0,0,0,0
83,0,0,0,0,0,0,0,0,0
84,0,0,0,0,0,0,0,0,0
85,0,0,0,0,0,0,0,0,0
86,0,0,0,0,0,0,0,0,0
87,0,0,0,0,0,0,0,0,0
88,0,0,0,0,0,0,0,0,0
89,0,0,0,0,0,0,0,0,0
90,0,0,0,0,0,0,0,0,0
91,0,0,0,0,0,0,0,0,0
92,0,0,0,0,0,0,0,0,0
93,0,0,0,0,0,0,0,0,0
94,0,0,0,0,0,0,0,0,0
95,0,0,0,0,0,0,0,0,0
96,0,0,0,0,0,0,0,0,0
97,0,0,0,0,0,0,0,0,0
98,0,0,0,0,0,0,0,0,0
99,0,0,0,0,0,0,0,0,0
100,0,0,0,0,0,0,0,0,0
101,0,0,0,0,0,0,0,0,0
102,0,0,0,0,0,0,0,0,0
103,0,0,0,0,0,0,0,0,0
104,0,0,0,0,0,0,0,0,0
105,0,0,0,0,0,0,0,0,0
106,0,0,0,0,0,0,0,0,0
107,0,0,0,0,0,0,0,0,0
108,0,0,0,0,0,0,0,0,0
109,0,0,0,0,0,0,0,0,0
110,0,0,0,0,0,0,0,0,0
111,0,0,0,0,0,0,0,0,0
112,0,0,0,0,0,0,0,0,0
113,0,0,0,0,0,0,0,0,0
114,0,0,0,0,0,0,0,0,0
115,0,0,0,0,0,0,0,0,0
116,0,0,0,0,0,0,0,0,0
117,0,0,0,0,0,0,0,0,0
118,0,0,0,0,0,0,0,0,0
119,0,0,0,0,0,0,0,0,0
120,0,0,0,0,0,0,0,0,0
121,0,0,0,0,0,0,0,0,0
122,0,0,0,0,0,0,0,0,0
123,0,0,0,0,0,0,0,0,0
124,0,0,0,0,0,0,0,0,0
125,0,0,0,0,0,0,0,0,0
126,0,0,0,0,0,0,0,0,0
127,0,0,0,0,0,0,0,0,0
128,0,0,0,0,0,0,0,0,0
129,0,0,0,0,0,0,0,0,0
130,0,0,0,0,0,0,0,0,0
131,0,0,0,0,0,0,0,0,0
132,0,0,0,0,0,0,0,0,0
133,0,0,0,0,0,0,0,0,0
134,0,0,0,0,0,0,0,0,0
135,0,0,0,0,0,0,0,0,0
136,0,0,0,0,0,0,0,0,0
137,0,0,0,0,0,0,0,0,0
138,0,0,0,0,0,0,0,0,0
139,0,0,0,0,0,0,0,0,0
140,0,0,0,0,0,0,0,0,0
141,0,0,0,0,0,0,0,0,0
142,0,0,0,0,0,0,0,0,0
143,0,0,0,0,0,0,0,0,0
144,0,0,0,0,0,0,0,0,0
145,0,0,0,0,0,0,0,0,0
146,0,0,0,0,0,0,0,0,0
147,0,0,0,0,0,0,0,0,0
148,0,0,0,0,0,0,0,0,0
149,0,0,0,0,0,0,0,0,0
150,0,0,0,0,0,0,0,0,0
151,0,0,0,0,0,0,0,0,0
152,0,0,0,0,0,0,0,0,0
153,0,0,0,0,0,0,0,0,0
154,0,0,0,0,0,0,0,0,0
155,0,0,0,0,0,0,0,0,0
156,0,0,0,0,0,0,0,0,0
157,0,0,0,0,0,0,0,0,0
158,0,0,0,0,0,0,0,0,0
159,0,0,0,0,0,0,0,0,0
160,0,0,0,0,0,0,0,0,0
161,0,0,0,0,0,0,0,0,0
162,0,0,0,0,0,0,0,0,0
163,0,0,0,0,0,0,0,0,0
164,0,0,0,0,0,0,0,0,0
165,0,0,0,0,0,0,0,0,0
166,0,0,0,0,0,0,0,0,0
167,0,0,0,0,0,0,0,0,0
168,0,0,0,0,0,0,0,0,0
169,0,0,0,0,0,0,0,0,0
170,0,0,0,0,0,0,0,0,0
171,0,0,0,0,0,0,0,0,0
172,0,0,0,0,0,0,0,0,0
173,0,0,0,0,0,0,0,0,0
174,0,0,0,0,0,0,0,0,0
175,0,0,0,0,0,0,0,0,0
176,0,0,0,0,0,0,0,0,0
177,0,0,0,0,0,0,0,0,0
178,0,0,0,0,0,0,0,0,0
179,0,0,0,0,0,0,0,0,0
180,0,0,0,0,0,0,0,0,0
181,0,0,0,0,0,0,0,0,0
182,0,0,0,0,0,0,0,0,0
183,0,0,0,0,0,0,0,0,0
184,0,0,0,0,0,0,0,0,0
185,0,0,0,0,0,0,0,0,0
186,0,0,0,0,0,0,0,0,0
187,0,0,0,0,0,0,0,0,0
188,0,0,0,0,0,0,0,0,0
189,0,0,0,0,0,0,0,0,0
190,0,0,0,0,0,0,0,0,0
191,0,0,0,0,0,0,0,0,0
192,0,0,0,0,0,0,0,0,0
193,0,0,0,0,0,0,0,0,0
194,0,0,0,0,0,0,0,0,0
195,0,0,0,0,0,0,0,0,0
196,0,0,0,0,0,0,0,0,0
197,0,0,0,0,0,0,0,0,0
198,0,0,0,0,0,0,0,0,0
199,0,0,0,0,0,0,0,0,0
200,0,0,0,0,0,0,0,0,0
201,0,0,0,0,0,0,0,0,0
202,0,0,0,0,0,0,0,0,0
203,0,0,0,0,0,0,0,0,0
204,0,0,0,0,0,0,0,0,0
205,0,0,0,0,0,0,0,0,0
206,0,0,0,0,0,0,0,0,0
207,0,0,0,0,0,0,0,0,0
208,0,0,0,0,0,0,0,0,0
209,0,0,0,0,0,0,0,0,0
210,0,0,0,0,0,0,0,0,0
211,0,0,0,0,0,0,0,0,0
212,0,0,0,0,0,0,0,0,0
213,0,0,0,0,0,0,0,0,0
214,0,0,0,0,0,0,0,0,0
215,0,0,0,0,0,0,0,0,0
216,0,0,0,0,0,0,0,0,0
217,0,0,0,0,0,0,0,0,0
218,0,0,0,0,0,0,0,0,0
219,0,0,0,0,0,0,0,0,0
220,0,0,0,0,0,0,0,0,0
221,0,0,0,0,0,0,0,0,0
222,0,0,0,0,0,0,0,0,0
223,0,0,0,0,0,0,0,0,0
224,0,0,0,0,0,0,0,0,0
225,0,0,0,0,0,0,0,0,0
226,0,0,0,0,0,0,0,0,0
227,0,0,0,0,0,0,0,0,0
228,0,0,0,0,0,0,0,0,0
229,0,0,0,0,0,0,0,0,0
230,0,0,0,0,0,0,0,0,0
231,0,0,0,0,0,0,0,0,0
232,0,0,0,0,0,0,0,0,0
233,0,0,0,0,0,0,0,0,0
234,0,0,0,0,0,0,0,0,0
235,0,0,0,0,0,0,0,0,0
236,0,0,0,0,0,0,0,0,0
237,0,0,0,0,0,0,0,0,0
238,0,0,0,0,0,0,0,0,0
239,0,0,0,0,0,0,0,0,0
240,0,0,0,0,0,0,0,0,0
241,0,0,0,0,0,0,0,0,0
242,0,0,0,0,0,0,0,0,0
243,0,0,0,0,0,0,0,0,0
244,0,0,0,0,0,0,0,0,0
245,0,0,0,0,0,0,0,0,0
246,0,0,0,0,0,0,0,0,0
247,0,0,0,0,0,0,0,0,0
248,0,0,0,0,0,0,0,0,0
249,0,0,0,0,0,0,0,0,0
250,0,0,0,0,0,0,0,0,0
251,0,0,0,0,0,0,0,0,0
252,0,0,0,0,0,0,0,0,0
253,0,0,0,0,0,0,0,0,0
254,0,0,0,0,0,0,0,0,0
255,0,0,0,0,0,0,0,0,0
256,0,0,0,0,0,0,0,0,0
257,0,0,0,0,0,0,0,0,0
258,0,0,0,0,0,0,0,0,0
259,0,0,0,0,0,0,0,0,0
260,0,0,0,0,0,0,0,0,0
261,0,0,0,0,0,0,0,0,0
262,0,0,0,0,0,0,0,0,0
263,0,0,0,0,0,0,0,0,0
264,0,0,0,0,0,0,0,0,0
265,0,0,0,0,0,0,0,0,0
266,0,0,0,0,0,0,0,0,0
267,0,0,0,0,0,0,0,0,0
268,0,0,0,0,0,0,0,0,0
269,0,0,0,0,0,0,0,0,0
270,0,0,0,0,0,0,0,0,0
271,0,0,0,0,0,0,0,0,0
272,0,0,0,0,0,0,0,0,0
273,0,0,0,0,0,0,0,0,0
274,0,0,0,0,0,0,0,0,0
275,0,0,0,0,0,0,0,0,0
276,0,0,0,0,0,0,0,0,0
277,0,0,0,0,0,0,0,0,0
278,0,0,0,0,0,0,0,0,0
279,0,0,0,0,0,0,0,0,0
280,0,0,0,0,0,0,0,0,0
281,0,0,0,0,0,0,0,0,0
282,0,0,0,0,0,0,0,0,0
283,0,0,0,0,0,0,0,0,0
284,0,0,0,0,0,0,0,0,0
285,0,0,0,0,0,0,0,0,0
286,0,0,0,0,0,0,0,0,0
287,0,0,0,0,0,0,0,0,0
288,0,0,0,0,0,0,0,0,0
289,0,0,0,0,0,0,0,0,0
290,0,0,0,0,0,0,0,0,0
291,0,0,0,0,0,0,0,0,0
292,0,0,0,0,0,0,0,0,0
293,0,0,0,0,0,0,0,0,0
294,0,0,0,0,0,0,0,0,0
295,0,0,0,0,0,0,0,0,0
296,0,0,0,0,0,0,0,0,0
297,0,0,0,0,0,0,0,0,0
298,0,0,0,0,0,0,0,0,0
299,0,0,0,0,0,0,0,0,0
300,0,0,0,0,0,0,0,0,0
301,0,0,0,0,0,0,0,0,0
302,0,0,0,0,0,0,0,0,0
303,0,0,0,0,0,0,0,0,0
304,0,0,0,0,0,0,0,0,0
305,0,0,0,0,0,0,0,0,0
306,0,0,0,0,0,0,0,0,0
307,0,0,0,0,0,0,0,0,0
308,0,0,0,0,0,0,0,0,0
309,0,0,0,0,0,0,0,0,0
310,0,0,0,0,0,0,0,0,0
311,0,0,0,0,0,0,0,0,0
312,0,0,0,0,0,0,0,0,0
313,0,0,0,0,0,0,0,0,0
314,0,0,0,0,0,0,0,0,0
315,0,0,0,0,0,0,0,0,0
316,0,0,0,0,0,0,0,0,0
317,0,0,0,0,0,0,0,0,0
318,0,0,0,0,0,0,0,0,0
319,0,0,0,0,0,0,0,0,0
320,0,0,0,0,0,0,0,0,0
321,0,0,0,0,0,0,0,0,0
322,0,0,0,0,0,0,0,0,0
323,0,0,0,0,0,0,0,0,0
324,0,0,0,0,0,0,0,0,0
325,0,0,0,0,0,0,0,0,0
326,0,0,0,0,0,0,0,0,0
327,0,0,0,0,0,0,0,0,0
328,0,0,0,0,0,0,0,0,0
329,0,0,0,0,0,0,0,0,0
330,0,0,0,0,0,0,0,0,0
331,0,0,0,0,0,0,0,0,0
332,0,0,0,0,0,0,0,0,0
333,0,0,0,0,0,0,0,0,0
334,0,0,0,0,0,0,0,0,0
335,0,0,0,0,0,0,0,0,0
336,0,0,0,0,0,0,0,0,0
337,0,0,0,0,0,0,0,0,0
338,0,0,0,0,0,0,0,0,0
339,0,0,0,0,0,0,0,0,0
340,0,0,0,0,0,0,0,0,0
341,0,0,0,0,0,0,0,0,0
342,0,0,0,0,0,0,0,0,0
343,0,0,0,0,0,0,0,0,0
344,0,0,0,0,0,0,0,0,0
345,0,0,0,0,0,0,0,0,0
346,0,0,0,0,0,0,0,0,0
347,0,0,0,0,0,0,0,0,0
348,0,0,0,0,0,0,0,0,0
349,0,0,0,0,0,0,0,0,0
350,0,0,0,0,0,0,0,0,0
351,0,0,0,0,0,0,0,0,0
352,0,0,0,0,0,0,0,0,0
353,0,0,0,0,0,0,0,0,0
354,0,0,0,0,0,0,0,0,0
355,0,0,0,0,0,0,0,0,0
356,0,0,0,0,0,0,0,0,0
357,0,0,0,0,0,0,0,0,0
358,0,0,0,0,0,0,0,0,0
359,0,0,0,0,0,0,0,0,0
360,0,0,0,0,0,0,0,0,0
361,0,0,0,0,0,0,0,0,0
362,0,0,0,0,0,0,0,0,0
363,0,0,0,0,0,0,0,0,0
364,0,0,0,0,0,0,0,0,0
365,0,0,0,0,0,0,0,0,0
366,0,0,0,0,0,0,0,0,0
367,0,0,0,0,0,0,0,0,0
368,0,0,0,0,0,0,0,0,0
369,0,0,0,0,0,0,0,0,0
370,0,0,0,0,0,0,0,0,0
371,0,0,0,0,0,0,0,0,0
372,0,0,0,0,0,0,0,0,0
373,0,0,0,0,0,0,0,0,0
374,0,0,0,0,0,0,0,0,0
375,0,0,0,0,0,0,0,0,0
376,0,0,0,0,0,0,0,0,0
377,0,0,0,0,0,0,0,0,0
378,0,0,0,0,0,0,0,0,0
379,0,0,0,0,0,0,0,0,0
380,0,0,0,0,0,0,0,0,0
381,0,0,0,0,0,0,0,0,0
382,0,0,0,0,0,0,0,0,0
383,0,0,0,0,0,0,0,0,0
384,0,0,0,0,0,0,0,0,0
385,0,0,0,0,0,0,0,0,0
386,0,0,0,0,0,0,0,0,0
387,0,0,0,0,0,0,0,0,0
388,0,0,0,0,0,0,0,0,0
389,0,0,0,0,0,0,0,0,0
390,0,0,0,0,0,0,0,0,0
391,0,0,0,0,0,0,0,0,0
392,0,0,0,0,0,0,0,0,0
393,0,0,0,0,0,0,0,0,0
394,0,0,0,0,0,0,0,0,0
395,0,0,0,0,0,0,0,0,0
396,0,0,0,0,0,0,0,0,0
397,0,0,0,0,0,0,0,0,0
398,0,0,0,0,0,0,0,0,0
399,0,0,0,0,0,0,0,0,0
400,0,0,0,0,0,0,0,0,0
401,0,0,0,0,0,0,0,0,0
402,0,0,0,0,0,0,0,0,0
403,0,0,0,0,0,0,0,0,0
404,0,0,0,0,0,0,0,0,0
405,0,0,0,0,0,0,0,0,0
406,0,0,0,0,0,0,0,0,0
407,0,0,0,0,0,0,0,0,0
408,0,0,0,0,0,0,0,0,0
409,0,0,0,0,0,0,0,0,0
410,0,0,0,0,0,0,0,0,0
411,0,0,0,0,0,0,0,0,0
412,0,0,0,0,0,0,0,0,0
413,0,0,0,0,0,0,0,0,0
414,0,0,0,0,0,0,0,0,0
415,0,0,0,0,0,0,0,0,0
416,0,0,0,0,0,0,0,0,0
417,0,0,0,0,0,0,0,0,0
418,0,0,0,0,0,0,0,0,0
419,0,0,0,0,0,0,0,0,0
420,0,0,0,0,0,0,0,0,0
421,0,0,0,0,0,0,0,0,0
422,0,0,0,0,0,0,0,0,0
423,0,0,0,0,0,0,0,0,0
424,0,0,0,0,0,0,0,0,0
425,0,0,0,0,0,0,0,0,0
426,0,0,0,0,0,0,0,0,0
427,0,0,0,0,0,0,0,0,0
428,0,0,0,0,0,0,0,0,0
429,0,0,0,0,0,0,0,0,0
430,0,0,0,0,0,0,0,0,0
431,0,0,0,0,0,0,0,0,0
432,0,0,0,0,0,0,0,0,0
433,0,0,0,0,0,0,0,0,0
434,0,0,0,0,0,0,0,0,0
435,0,0,0,0,0,0,0,0,0
436,0,0,0,0,0,0,0,0,0
437,0,0,0,0,0,0,0,0,0
438,0,0,0,0,0,0,0,0,0
439,0,0,0,0,0,0,0,0,0
440,0,0,0,0,0,0,0,0,0
441,0,0,0,0,0,0,0,0,0
442,0,0,0,0,0,0,0,0,0
443,0,0,0,0,0,0,0,0,0
444,0,0,0,0,0,0,0,0,0
445,0,0,0,0,0,0,0,0,0
446,0,0,0,0,0,0,0,0,0
447,0,0,0,0,0,0,0,0,0
448,0,0,0,0,0,0,0,0,0
449,0,0,0,0,0,0,0,0,0
450,0,0,0,0,0,0,0,0,0
451,0,0,0,0,0,0,0,0,0
452,0,0,0,0,0,0,0,0,0
453,0,0,0,0,0,0,0,0,0
454,0,0,0,0,0,0,0,0,0
455,0,0,0,0,0,0,0,0,0
456,0,0,0,0,0,0,0,0,0
457,0,0,0,0,0,0,0,0,0
458,0,0,0,0,0,0,0,0,0
459,0,0,0,0,0,0,0,0,0
460,0,0,0,0,0,0,0,0,0
461,0,0,0,0,0,0,0,0,0
462,0,0,0,0,0,0,0,0,0
463,0,0,0,0,0,0,0,0,0
464,0,0,0,0,0,0,0,0,0
465,0,0,0,0,0,0,0,0,0
466,0,0,0,0,0,0,0,0,0
467,0,0,0,0,0,0,0,0,0
468,0,0,0,0,0,0,0,0,0
469,0,0,0,0,0,0,0,0,0
470,0,0,0,0,0,0,0,0,0
471,0,0,0,0,0,0,0,0,0
472,0,0,0,0,0,0,0,0,0
473,0,0,0,0,0,0,0,0,0
474,0,0,0,0,0,0,0,0,0
475,0,0,0,0,0,0,0,0,0
476,0,0,0,0,0,0,0,0,0
477,0,0,0,0,0,0,0,0,0
478,0,0,0,0,0,0,0,0,0
479,0,0,0,0,0,0,0,0,0
480,0,0,0,0,0,0,0,0,0
481,0,0,0,0,0,0,0,0,0
482,0,0,0,0,0,0,0,0,0
483,0,0,0,0,0,0,0,0,0
484,0,0,0,0,0,0,0,0,0
485,0,0,0,0,0,0,0,0,0
486,0,0,0,0,0,0,0,0,0
487,0,0,0,0,0,0,0,0,0
488,0,0,0,0,0,0,0,0,0
489,0,0,0,0,0,0,0,0,0
490,0,0,0,0,0,0,0,0,0
491,0,0,0,0,0,0,0,0,0
492,0,0,0,0,0,0,0,0,0
493,0,0,0,0,0,0,0,0,0
494,0,0,0,0,0,0,0,0,0
495,0,0,0,0,0,0,0,0,0
496,0,0,0,0,0,0,0,0,0
497,0,0,0,0,0,0,0,0,0
498,0,0,0,0,0,0,0,0,0
499,0,0,0,0,0,0,0,0,0
500,0,0,0,0,0,0,0,0,0
501,0,0,0,0,0,0,0,0,0
502,0,0,0,0,0,0,0,0,0
503,0,0,0,0,0,0,0,0,0
504,0,0,0,0,0,0,0,0,0
505,0,0,0,0,0,0,0,0,0
506,0,0,0,0,0,0,0,0,0
507,0,0,0,0,0,0,0,0,0
508,0,0,0,0,0,0,0,0,0
509,0,0,0,0,0,0,0,0,0
510,0,0,0,0,0,0,0,0,0
511,0,0,0,0,0,0,0,0,0
512,0,0,0,0,0,0,0,0,0
513,0,0,0,0,0,0,0,0,0
514,0,0,0,0,0,0,0,0,0
515,0,0,0,0,0,0,0,0,0
516,0,0,0,0,0,0,0,0,0
517,0,0,0,0,0,0,0,0,0
518,0,0,0,0,0,0,0,0,0
519,0,0,0,0,0,0,0,0,0
520,0,0,0,0,0,0,0,0,0
521,0,0,0,0,0,0,0,0,0
522,0,0,0,0,0,0,0,0,0
523,0,0,0,0,0,0,0,0,0
524,0,0,0,0,0,0,0,0,0
525,0,0,0,0,0,0,0,0,0
526,0,0,0,0,0,0,0,0,0
527,0,0,0,0,0,0,0,0,0
528,0,0,0,0,0,0,0,0,0
529,0,0,0,0,0,0,0,0,0
530,0,0,0,0,0,0,0,0,0
531,0,0,0,0,0,0,0,0,0
532,0,0,0,0,0,0,0,0,0
533,0,0,0,0,0,0,0,0,0
534,0,0,0,0,0,0,0,0,0
535,0,0,0,0,0,0,0,0,0
536,0,0,0,0,0,0,0,0,0
537,0,0,0,0,0,0,0,0,0
538,0,0,0,0,0,0,0,0,0
539,0,0,0,0,0,0,0,0,0
540,0,0,0,0,0,0,0,0,0
541,0,0,0,0,0,0,0,0,0
542,0,0,0,0,0,0,0,0,0
543,0,0,0,0,0,0,0,0,0
544,0,0,0,0,0,0,0,0,0
545,0,0,0,0,0,0,0,0,0
546,0,0,0,0,0,0,0,0,0
547,0,0,0,0,0,0,0,0,0
548,0,0,0,0,0,0,0,0,0
549,0,0,0,0,0,0,0,0,0
550,0,0,0,0,0,0,0,0,0
551,0,0,0,0,0,0,0,0,0
552,0,0,0,0,0,0,0,0,0
553,0,0,0,0,0,0,0,0,0
554,0,0,0,0,0,0,0,0,0
555,0,0,0,0,0,0,0,0,0
556,0,0,0,0,0,0,0,0,0
557,0,0,0,0,0,0,0,0,0
558,0,0,0,0,0,0,0,0,0
559,0,0,0,0,0,0,0,0,0
560,0,0,0,0,0,0,0,0,0
561,0,0,0,0,0,0,0,0,0
562,0,0,0,0,0,0,0,0,0
563,0,0,0,0,0,0,0,0,0
564,0,0,0,0,0,0,0,0,0
565,0,0,0,0,0,0,0,0,0
566,0,0,0,0,0,0,0,0,0
567,0,0,0,0,0,0,0,0,0
568,0,0,0,0,0,0,0,0,0
569,0,0,0,0,0,0,0,0,0
570,0,0,0,0,0,0,0,0,0
571,0,0,0,0,0,0,0,0,0
572,0,0,0,0,0,0,0,0,0
573,0,0,0,0,0,0,0,0,0
574,0,0,0,0,0,0,0,0,0
575,0,0,0,0,0,0,0,0,0
576,0,0,0,0,0,0,0,0,0
577,0,0,0,0,0,0,0,0,0
578,0,0,0,0,0,0,0,0,0
579,0,0,0,0,0,0,0,0,0
580,0,0,0,0,0,0,0,0,0
581,0,0,0,0,0,0,0,0,0
582,0,0,0,0,0,0,0,0,0
583,0,0,0,0,0,0,0,0,0
584,0,0,0,0,0,0,0,0,0
585,0,0,0,0,0,0,0,0,0
586,0,0,0,0,0,0,0,0,0
587,0,0,0,0,0,0,0,0,0
588,0,0,0,0,0,0,0,0,0
589,0,0,0,0,0,0,0,0,0
590,0,0,0,0,0,0,0,0,0
591,0,0,0,0,0,0,0,0,0
592,0,0,0,0,0,0,0,0,0
593,0,0,0,0,0,0,0,0,0
594,0,0,0,0,0,0,0,0,0
595,0,0,0,0,0,0,0,0,0
596,0,0,0,0,0,0,0,0,0
597,0,0,0,0,0,0,0,0,0
598,0,0,0,0,0,0,0,0,0
599,0,0,0,0,0,0,0,0,0
600,0,0,0,0,0,0,0,0,0
601,0,0,0,0,0,0,0,0,0
602,0,0,0,0,0,0,0,0,0
603,0,0,0,0,0,0,0,0,0
604,0,0,0,0,0,0,0,0,0
605,0,0,0,0,0,0,0,0,0
606,0,0,0,0,0,0,0,0,0
607,0,0,0,0,0,0,0,0,0
608,0,0,0,0,0,0,0,0,0
609,0,0,0,0,0,0,0,0,0
610,0,0,0,0,0,0,0,0,0
611,0,0,0,0,0,0,0,0,0
612,0,0,0,0,0,0,0,0,0
613,0,0,0,0,0,0,0,0,0
614,0,0,0,0,0,0,0,0,0
615,0,0,0,0,0,0,0,0,0
616,0,0,0,0,0,0,0,0,0
617,0,0,0,0,0,0,0,0,0
618,0,0,0,0,0,0,0,0,0
619,0,0,0,0,0,0,0,0,0
620,0,0,0,0,0,0,0,0,0
621,0,0,0,0,0,0,0,0,0
622,0,0,0,0,0,0,0,0,0
623,0,0,0,0,0,0,0,0,0
624,0,0,0,0,0,0,0,0,0
625,0,0,0,0,0,0,0,0,0
626,0,0,0,0,0,0,0,0,0
627,0,0,0,0,0,0,0,0,0
628,0,0,0,0,0,0,0,0,0
629,0,0,0,0,0,0,0,0,0
630,0,0,0,0,0,0,0,0,0
631,0,0,0,0,0,0,0,0,0
632,0,0,0,0,0,0,0,0,0
633,0,0,0,0,0,0,0,0,0
634,0,0,0,0,0,0,0,0,0
635,0,0,0,0,0,0,0,0,0
636,0,0,0,0,0,0,0,0,0
637,0,0,0,0,0,0,0,0,0
638,0,0,0,0,0,0,0,0,0
639,0,0,0,0,0,0,0,0,0
640,0,0,0,0,0,0,0,0,0
641,0,0,0,0,0,0,0,0,0
642,0,0,0,0,0,0,0,0,0
643,0,0,0,0,0,0,0,0,0
644,0,0,0,0,0,0,0,0,0
645,0,0,0,0,0,0,0,0,0
646,0,0,0,0,0,0,0,0,0
647,0,0,0,0,0,0,0,0,0
648,0,0,0,0,0,0,0,0,0
649,0,0,0,0,0,0,0,0,0
650,0,0,0,0,0,0,0,0,0
651,0,0,0,0,0,0,0,0,0
652,0,0,0,0,0,0,0,0,0
653,0,0,0,0,0,0,0,0,0
654,0,0,0,0,0,0,0,0,0
655,0,0,0,0,0,0,0,0,0
656,0,0,0,0,0,0,0,0,0
657,0,0,0,0,0,0,0,0,0
658,0,0,0,0,0,0,0,0,0
659,0,0,0,0,0,0,0,0,0
660,0,0,0,0,0,0,0,0,0
661,0,0,0,0,0,0,0,0,0
662,0,0,0,0,0,0,0,0,0
663,0,0,0,0,0,0,0,0,0
664,0,0,0,0,0,0,0,0,0
665,0,0,0,0,0,0,0,0,0
666,0,0,0,0,0,0,0,0,0
667,0,0,0,0,0,0,0,0,0
668,0,0,0,0,0,0,0,0,0
669,0,0,0,0,0,0,0,0,0
670,0,0,0,0,0,0,0,0,0
671,0,0,0,0,0,0,0,0,0
672,0,0,0,0,0,0,0,0,0
673,0,0,0,0,0,0,0,0,0
674,0,0,0,0,0,0,0,0,0
675,0,0,0,0,0,0,0,0,0
676,0,0,0,0,0,0,0,0,0
677,0,0,0,0,0,0,0,0,0
678,0,0,0,0,0,0,0,0,0
679,0,0,0,0,0,0,0,0,0
680,0,0,0,0,0,0,0,0,0
681,0,0,0,0,0,0,0,0,0
682,0,0,0,0,0,0,0,0,0
683,0,0,0,0,0,0,0,0,0
684,0,0,0,0,0,0,0,0,0
685,0,0,0,0,0,0,0,0,0
686,0,0,0,0,0,0,0,0,0
687,0,0,0,0,0,0,0,0,0
688,0,0,0,0,0,0,0,0,0
689,0,0,0,0,0,0,0,0,0
690,0,0,0,0,0,0,0,0,0
691,0,0,0,0,0,0,0,0,0
692,0,0,0,0,0,0,0,0,0
693,0,0,0,0,0,0,0,0,0
694,0,0,0,0,0,0,0,0,0
695,0,0,0,0,0,0,0,0,0
696,0,0,0,0,0,0,0,0,0
697,0,0,0,0,0,0,0,0,0
698,0,0,0,0,0,0,0,0,0
699,0,0,0,0,0,0,0,0,0
700,0,0,0,0,0,0,0,0,0
701,0,0,0,0,0,0,0,0,0
702,0,0,0,0,0,0,0,0,0
703,0,0,0,0,0,0,0,0,0
704,0,0,0,0,0,0,0,0,0
705,0,0,0,0,0,0,0,0,0
706,0,0,0,0,0,0,0,0,0
707,0,0,0,0,0,0,0,0,0
708,0,0,0,0,0,0,0,0,0
709,0,0,0,0,0,0,0,0,0
710,0,0,0,0,0,0,0,0,0
711,0,0,0,0,0,0,0,0,0
712,0,0,0,0,0,0,0,0,0
713,0,0,0,0,0,0,0,0,0
714,0,0,0,0,0,0,0,0,0
715,0,0,0,0,0,0,0,0,0
716,0,0,0,0,0,0,0,0,0
717,0,0,0,0,0,0,0,0,0
718,0,0,0,0,0,0,0,0,0
719,0,0,0,0,0,0,0,0,0
720,0,0,0,0,0,0,0,0,0
721,0,0,0,0,0,0,0,0,0
722,0,0,0,0,0,0,0,0,0
723,0,0,0,0,0,0,0,0,0
724,0,0,0,0,0,0,0,0,0
725,0,0,0,0,0,0,0,0,0
726,0,0,0,0,0,0,0,0,0
727,0,0,0,0,0,0,0,0,0
728,0,0,0,0,0,0,0,0,0
729,0,0,0,0,0,0,0,0,0
730,0,0,0,0,0,0,0,0,0
731,0,0,0,0,0,0,0,0,0
732,0,0,0,0,0,0,0,0,0
733,0,0,0,0,0,0,0,0,0
734,0,0,0,0,0,0,0,0,0
735,0,0,0,0,0,0,0,0,0
736,0,0,0,0,0,0,0,0,0
737,0,0,0,0,0,0,0,0,0
738,0,0,0,0,0,0,0,0,0
739,0,0,0,0,0,0,0,0,0
740,0,0,0,0,0,0,0,0,0
741,0,0,0,0,0,0,0,0,0
742,0,0,0,0,0,0,0,0,0
743,0,0,0,0,0,0,0,0,0
744,0,0,0,0,0,0,0,0,0
745,0,0,0,0,0,0,0,0,0
746,0,0,0,0,0,0,0,0,0
747,0,0,0,0,0,0,0,0,0
748,0,0,0,0,0,0,0,0,0
749,0,0,0,0,0,0,0,0,0
750,0,0,0,0,0,0,0,0,0
0,194,7257,201425,4077983,57373546,517292847,2626655236,5935079656,3356972874
1,102,2748,58173,893705,9520721,65041498,250498155,429622553,184577372
2,69,1513,26012,327931,2865457,16044359,50620941,71071793,24953868
3,42,809,11938,130050,988869,4831751,13342643,16455247,5105552
4,25,408,5288,50205,332512,1416501,3423342,3715696,1020696
5,16,275,3072,25709,152314,582348,1269917,1248485,312598
6,15,245,2559,19835,109947,391923,801202,739439,173837
7,9,147,1338,9218,45760,144982,260481,209348,42394
8,8,117,900,5599,24356,68413,109250,78646,14080
9,4,81,514,2991,12315,32051,47972,32284,5476
10,4,59,379,1989,7738,18654,25984,16295,2527
11,3,37,242,1269,4702,10510,13889,8181,1157
12,3,35,227,1163,4206,9134,11734,6779,925
13,3,34,219,1101,3942,8445,10642,6077,812
14,2,22,133,632,2064,4081,4827,2652,331
15,2,22,133,624,2004,3909,4588,2460,299
16,2,22,124,564,1704,3145,3627,1928,238
17,1,17,92,384,1118,1927,2063,976,115
18,1,15,82,344,968,1632,1693,742,75
19,1,15,71,268,719,1149,1026,423,39
20,1,13,65,214,522,723,536,184,12
21,1,9,50,140,316,420,303,94,7
22,1,8,43,96,211,253,164,53,3
23,1,8,43,95,207,243,149,50,3
24,1,8,33,69,159,189,114,43,2
25,1,8,33,69,159,189,114,43,2
26,1,8,32,63,139,159,96,30,2
27,1,4,24,36,82,92,48,17,0
28,1,4,24,36,81,89,47,17,0
29,1,1,22,31,67,79,42,17,0
30,1,1,22,31,67,79,42,17,0
31,1,1,22,30,64,72,42,16,0
32,1,1,22,27,63,62,38,13,0
33,1,1,22,27,62,62,38,13,0
34,1,1,22,24,58,51,28,9,0
35,1,1,6,12,24,13,13,2,0
36,1,1,6,12,24,13,13,2,0
37,0,1,6,12,18,9,5,0,0
38,0,0,5,9,11,9,5,0,0
39,0,0,5,4,10,5,4,0,0
40,0,0,5,4,10,5,4,0,0
41,0,0,5,3,10,5,1,0,0
42,0,0,2,1,9,4,1,0,0
43,0,0,1,1,6,4,1,0,0
44,0,0,1,1,6,4,1,0,0
45,0,0,1,1,6,4,1,0,0
46,0,0,1,1,6,4,1,0,0
47,0,0,1,1,6,4,1,0,0
48,0,0,1,1,6,4,0,0,0
49,0,0,1,1,4,3,0,0,0
50,0,0,1,1,4,3,0,0,0
51,0,0,1,0,3,3,0,0,0
52,0,0,1,0,2,3,0,0,0
53,0,0,1,0,2,3,0,0,0
54,0,0,1,0,2,3,0,0,0
55,0,0,1,0,2,3,0,0,0
56,0,0,1,0,2,3,0,0,0
57,0,0,1,0,2,3,0,0,0
58,0,0,1,0,2,3,0,0,0
59,0,0,1,0,2,3,0,0,0
60,0,0,1,0,2,3,0,0,0
61,0,0,1,0,2,2,0,0,0
62,0,0,1,0,2,2,0,0,0
63,0,0,1,0,2,2,0,0,0
64,0,0,1,0,2,2,0,0,0
65,0,0,1,0,2,2,0,0,0
66,0,0,1,0,2,2,0,0,0
67,0,0,1,0,2,2,0,0,0
68,0,0,1,0,2,2,0,0,0
69,0,0,1,0,2,2,0,0,0
70,0,0,1,0,2,2,0,0,0
71,0,0,1,0,2,2,0,0,0
72,0,0,1,0,2,1,0,0,0
73,0,0,1,0,2,1,0,0,0
74,0,0,1,0,2,1,0,0,0
75,0,0,1,0,2,1,0,0,0
76,0,0,1,0,2,1,0,0,0
77,0,0,1,0,2,1,0,0,0
78,0,0,1,0,2,1,0,0,0
79,0,0,1,0,2,1,0,0,0
80,0,0,1,0,2,1,0,0,0
81,0,0,1,0,2,1,0,0,0
82,0,0,1,0,2,1,0,0,0
83,0,0,1,0,2,1,0,0,0
84,0,0,0,0,1,0,0,0,0
85,0,0,0,0,1,0,0,0,0
86,0,0,0,0,1,0,0,0,0
87,0,0,0,0,1,0,0,0,0
88,0,0,0,0,0,0,0,0,0
89,0,0,0,0,0,0,0,0,0
90,0,0,0,0,0,0,0,0,0
91,0,0,0,0,0,0,0,0,0
92,0,0,0,0,0,0,0,0,0
93,0,0,0,0,0,0,0,0,0
94,0,0,0,0,0,0,0,0,0
95,0,0,0,0,0,0,0,0,0
96,0,0,0,0,0,0,0,0,0
97,0,0,0,0,0,0,0,0,0
98,0,0,0,0,0,0,0,0,0
99,0,0,0,0,0,0,0,0,0
100,0,0,0,0,0,0,0,0,0
101,0,0,0,0,0,0,0,0,0
102,0,0,0,0,0,0,0,0,0
103,0,0,0,0,0,0,0,0,0
104,0,0,0,0,0,0,0,0,0
105,0,0,0,0,0,0,0,0,0
106,0,0,0,0,0,0,0,0,0
107,0,0,0,0,0,0,0,0,0
108,0,0,0,0,0,0,0,0,0
109,0,0,0,0,0,0,0,0,0
110,0,0,0,0,0,0,0,0,0
111,0,0,0,0,0,0,0,0,0
112,0,0,0,0,0,0,0,0,0
113,0,0,0,0,0,0,0,0,0
114,0,0,0,0,0,0,0,0,0
115,0,0,0,0,0,0,0,0,0
116,0,0,0,0,0,0,0,0,0
117,0,0,0,0,0,0,0,0,0
118,0,0,0,0,0,0,0,0,0
119,0,0,0,0,0,0,0,0,0
120,0,0,0,0,0,0,0,0,0
121,0,0,0,0,0,0,0,0,0
122,0,0,0,0,0,0,0,0,0
123,0,0,0,0,0,0,0,0,0
124,0,0,0,0,0,0,0,0,0
125,0,0,0,0,0,0,0,0,0
126,0,0,0,0,0,0,0,0,0
127,0,0,0,0,0,0,0,0,0
128,0,0,0,0,0,0,0,0,0
129,0,0,0,0,0,0,0,0,0
130,0,0,0,0,0,0,0,0,0
131,0,0,0,0,0,0,0,0,0
132,0,0,0,0,0,0,0,0,0
133,0,0,0,0,0,0,0,0,0
134,0,0,0,0,0,0,0,0,0
135,0,0,0,0,0,0,0,0,0
136,0,0,0,0,0,0,0,0,0
137,0,0,0,0,0,0,0,0,0
138,0,0,0,0,0,0,0,0,0
139,0,0,0,0,0,0,0,0,0
140,0,0,0,0,0,0,0,0,0
141,0,0,0,0,0,0,0,0,0
142,0,0,0,0,0,0,0,0,0
143,0,0,0,0,0,0,0,0,0
144,0,0,0,0,0,0,0,0,0
145,0,0,0,0,0,0,0,0,0
146,0,0,0,0,0,0,0,0,0
147,0,0,0,0,0,0,0,0,0
148,0,0,0,0,0,0,0,0,0
149,0,0,0,0,0,0,0,0,0
150,0,0,0,0,0,0,0,0,0
151,0,0,0,0,0,0,0,0,0
152,0,0,0,0,0,0,0,0,0
153,0,0,0,0,0,0,0,0,0
154,0,0,0,0,0,0,0,0,0
155,0,0,0,0,0,0,0,0,0
156,0,0,0,0,0,0,0,0,0
157,0,0,0,0,0,0,0,0,0
158,0,0,0,0,0,0,0,0,0
159,0,0,0,0,0,0,0,0,0
160,0,0,0,0,0,0,0,0,0
161,0,0,0,0,0,0,0,0,0
162,0,0,0,0,0,0,0,0,0
163,0,0,0,0,0,0,0,0,0
164,0,0,0,0,0,0,0,0,0
165,0,0,0,0,0,0,0,0,0
166,0,0,0,0,0,0,0,0,0
167,0,0,0,0,0,0,0,0,0
168,0,0,0,0,0,0,0,0,0
169,0,0,0,0,0,0,0,0,0
170,0,0,0,0,0,0,0,0,0
171,0,0,0,0,0,0,0,0,0
172,0,0,0,0,0,0,0,0,0
173,0,0,0,0,0,0,0,0,0
174,0,0,0,0,0,0,0,0,0
175,0,0,0,0,0,0,0,0,0
176,0,0,0,0,0,0,0,0,0
177,0,0,0,0,0,0,0,0,0
178,0,0,0,0,0,0,0,0,0
179,0,0,0,0,0,0,0,0,0
180,0,0,0,0,0,0,0,0,0
181,0,0,0,0,0,0,0,0,0
182,0,0,0,0,0,0,0,0,0
183,0,0,0,0,0,0,0,0,0
184,0,0,0,0,0,0,0,0,0
185,0,0,0,0,0,0,0,0,0
186,0,0,0,0,0,0,0,0,0
187,0,0,0,0,0,0,0,0,0
188,0,0,0,0,0,0,0,0,0
189,0,0,0,0,0,0,0,0,0
190,0,0,0,0,0,0,0,0,0
191,0,0,0,0,0,0,0,0,0
192,0,0,0,0,0,0,0,0,0
193,0,0,0,0,0,0,0,0,0
194,0,0,0,0,0,0,0,0,0
195,0,0,0,0,0,0,0,0,0
196,0,0,0,0,0,0,0,0,0
197,0,0,0,0,0,0,0,0,0
198,0,0,0,0,0,0,0,0,0
199,0,0,0,0,0,0,0,0,0
200,0,0,0,0,0,0,0,0,0
201,0,0,0,0,0,0,0,0,0
202,0,0,0,0,0,0,0,0,0
203,0,0,0,0,0,0,0,0,0
204,0,0,0,0,0,0,0,0,0
205,0,0,0,0,0,0,0,0,0
206,0,0,0,0,0,0,0,0,0
207,0,0,0,0,0,0,0,0,0
208,0,0,0,0,0,0,0,0,0
209,0,0,0,0,0,0,0,0,0
210,0,0,0,0,0,0,0,0,0
211,0,0,0,0,0,0,0,0,0
212,0,0,0,0,0,0,0,0,0
213,0,0,0,0,0,0,0,0,0
214,0,0,0,0,0,0,0,0,0
215,0,0,0,0,0,0,0,0,0
216,0,0,0,0,0,0,0,0,0
217,0,0,0,0,0,0,0,0,0
218,0,0,0,0,0,0,0,0,0
219,0,0,0,0,0,0,0,0,0
220,0,0,0,0,0,0,0,0,0
221,0,0,0,0,0,0,0,0,0
222,0,0,0,0,0,0,0,0,0
223,0,0,0,0,0,0,0,0,0
224,0,0,0,0,0,0,0,0,0
225,0,0,0,0,0,0,0,0,0
226,0,0,0,0,0,0,0,0,0
227,0,0,0,0,0,0,0,0,0
228,0,0,0,0,0,0,0,0,0
229,0,0,0,0,0,0,0,0,0
230,0,0,0,0,0,0,0,0,0
231,0,0,0,0,0,0,0,0,0
232,0,0,0,0,0,0,0,0,0
233,0,0,0,0,0,0,0,0,0
234,0,0,0,0,0,0,0,0,0
235,0,0,0,0,0,0,0,0,0
236,0,0,0,0,0,0,0,0,0
237,0,0,0,0,0,0,0,0,0
238,0,0,0,0,0,0,0,0,0
239,0,0,0,0,0,0,0,0,0
240,0,0,0,0,0,0,0,0,0
241,0,0,0,0,0,0,0,0,0
242,0,0,0,0,0,0,0,0,0
243,0,0,0,0,0,0,0,0,0
244,0,0,0,0,0,0,0,0,0
245,0,0,0,0,0,0,0,0,0
246,0,0,0,0,0,0,0,0,0
247,0,0,0,0,0,0,0,0,0
248,0,0,0,0,0,0,0,0,0
249,0,0,0,0,0,0,0,0,0
250,0,0,0,0,0,0,0,0,0
251,0,0,0,0,0,0,0,0,0
252,0,0,0,0,0,0,0,0,0
253,0,0,0,0,0,0,0,0,0
254,0,0,0,0,0,0,0,0,0
255,0,0,0,0,0,0,0,0,0
256,0,0,0,0,0,0,0,0,0
257,0,0,0,0,0,0,0,0,0
258,0,0,0,0,0,0,0,0,0
259,0,0,0,0,0,0,0,0,0
260,0,0,0,0,0,0,0,0,0
261,0,0,0,0,0,0,0,0,0
262,0,0,0,0,0,0,0,0,0
263,0,0,0,0,0,0,0,0,0
264,0,0,0,0,0,0,0,0,0
265,0,0,0,0,0,0,0,0,0
266,0,0,0,0,0,0,0,0,0
267,0,0,0,0,0,0,0,0,0
268,0,0,0,0,0,0,0,0,0
269,0,0,0,0,0,0,0,0,0
270,0,0,0,0,0,0,0,0,0
271,0,0,0,0,0,0,0,0,0
272,0,0,0,0,0,0,0,0,0
273,0,0,0,0,0,0,0,0,0
274,0,0,0,0,0,0,0,0,0
275,0,0,0,0,0,0,0,0,0
276,0,0,0,0,0,0,0,0,0
277,0,0,0,0,0,0,0,0,0
278,0,0,0,0,0,0,0,0,0
279,0,0,0,0,0,0,0,0,0
280,0,0,0,0,0,0,0,0,0
281,0,0,0,0,0,0,0,0,0
282,0,0,0,0,0,0,0,0,0
283,0,0,0,0,0,0,0,0,0
284,0,0,0,0,0,0,0,0,0
285,0,0,0,0,0,0,0,0,0
286,0,0,0,0,0,0,0,0,0
287,0,0,0,0,0,0,0,0,0
288,0,0,0,0,0,0,0,0,0
289,0,0,0,0,0,0,0,0,0
290,0,0,0,0,0,0,0,0,0
291,0,0,0,0,0,0,0,0,0
292,0,0,0,0,0,0,0,0,0
293,0,0,0,0,0,0,0,0,0
294,0,0,0,0,0,0,0,0,0
295,0,0,0,0,0,0,0,0,0
296,0,0,0,0,0,0,0,0,0
297,0,0,0,0,0,0,0,0,0
298,0,0,0,0,0,0,0,0,0
299,0,0,0,0,0,0,0,0,0
300,0,0,0,0,0,0,0,0,0
301,0,0,0,0,0,0,0,0,0
302,0,0,0,0,0,0,0,0,0
303,0,0,0,0,0,0,0,0,0
304,0,0,0,0,0,0,0,0,0
305,0,0,0,0,0,0,0,0,0
306,0,0,0,0,0,0,0,0,0
307,0,0,0,0,0,0,0,0,0
308,0,0,0,0,0,0,0,0,0
309,0,0,0,0,0,0,0,0,0
310,0,0,0,0,0,0,0,0,0
311,0,0,0,0,0,0,0,0,0
312,0,0,0,0,0,0,0,0,0
313,0,0,0,0,0,0,0,0,0
314,0,0,0,0,0,0,0,0,0
315,0,0,0,0,0,0,0,0,0
316,0,0,0,0,0,0,0,0,0
317,0,0,0,0,0,0,0,0,0
318,0,0,0,0,0,0,0,0,0
319,0,0,0,0,0,0,0,0,0
320,0,0,0,0,0,0,0,0,0
321,0,0,0,0,0,0,0,0,0
322,0,0,0,0,0,0,0,0,0
323,0,0,0,0,0,0,0,0,0
324,0,0,0,0,0,0,0,0,0
325,0,0,0,0,0,0,0,0,0
326,0,0,0,0,0,0,0,0,0
327,0,0,0,0,0,0,0,0,0
328,0,0,0,0,0,0,0,0,0
329,0,0,0,0,0,0,0,0,0
330,0,0,0,0,0,0,0,0,0
331,0,0,0,0,0,0,0,0,0
332,0,0,0,0,0,0,0,0,0
333,0,0,0,0,0,0,0,0,0
334,0,0,0,0,0,0,0,0,0
335,0,0,0,0,0,0,0,0,0
336,0,0,0,0,0,0,0,0,0
337,0,0,0,0,0,0,0,0,0
338,0,0,0,0,0,0,0,0,0
339,0,0,0,0,0,0,0,0,0
340,0,0,0,0,0,0,0,0,0
341,0,0,0,0,0,0,0,0,0
342,0,0,0,0,0,0,0,0,0
343,0,0,0,0,0,0,0,0,0
344,0,0,0,0,0,0,0,0,0
345,0,0,0,0,0,0,0,0,0
346,0,0,0,0,0,0,0,0,0
347,0,0,0,0,0,0,0,0,0
348,0,0,0,0,0,0,0,0,0
349,0,0,0,0,0,0,0,0,0
350,0,0,0,0,0,0,0,0,0
351,0,0,0,0,0,0,0,0,0
352,0,0,0,0,0,0,0,0,0
353,0,0,0,0,0,0,0,0,0
354,0,0,0,0,0,0,0,0,0
355,0,0,0,0,0,0,0,0,0
356,0,0,0,0,0,0,0,0,0
357,0,0,0,0,0,0,0,0,0
358,0,0,0,0,0,0,0,0,0
359,0,0,0,0,0,0,0,0,0
360,0,0,0,0,0,0,0,0,0
361,0,0,0,0,0,0,0,0,0
362,0,0,0,0,0,0,0,0,0
363,0,0,0,0,0,0,0,0,0
364,0,0,0,0,0,0,0,0,0
365,0,0,0,0,0,0,0,0,0
366,0,0,0,0,0,0,0,0,0
367,0,0,0,0,0,0,0,0,0
368,0,0,0,0,0,0,0,0,0
369,0,0,0,0,0,0,0,0,0
370,0,0,0,0,0,0,0,0,0
371,0,0,0,0,0,0,0,0,0
372,0,0,0,0,0,0,0,0,0
373,0,0,0,0,0,0,0,0,0
374,0,0,0,0,0,0,0,0,0
375,0,0,0,0,0,0,0,0,0
376,0,0,0,0,0,0,0,0,0
377,0,0,0,0,0,0,0,0,0
378,0,0,0,0,0,0,0,0,0
379,0,0,0,0,0,0,0,0,0
380,0,0,0,0,0,0,0,0,0
381,0,0,0,0,0,0,0,0,0
382,0,0,0,0,0,0,0,0,0
383,0,0,0,0,0,0,0,0,0
384,0,0,0,0,0,0,0,0,0
385,0,0,0,0,0,0,0,0,0
386,0,0,0,0,0,0,0,0,0
387,0,0,0,0,0,0,0,0,0
388,0,0,0,0,0,0,0,0,0
389,0,0,0,0,0,0,0,0,0
390,0,0,0,0,0,0,0,0,0
391,0,0,0,0,0,0,0,0,0
392,0,0,0,0,0,0,0,0,0
393,0,0,0,0,0,0,0,0,0
394,0,0,0,0,0,0,0,0,0
395,0,0,0,0,0,0,0,0,0
396,0,0,0,0,0,0,0,0,0
397,0,0,0,0,0,0,0,0,0
398,0,0,0,0,0,0,0,0,0
399,0,0,0,0,0,0,0,0,0
400,0,0,0,0,0,0,0,0,0
401,0,0,0,0,0,0,0,0,0
402,0,0,0,0,0,0,0,0,0
403,0,0,0,0,0,0,0,0,0
404,0,0,0,0,0,0,0,0,0
405,0,0,0,0,0,0,0,0,0
406,0,0,0,0,0,0,0,0,0
407,0,0,0,0,0,0,0,0,0
408,0,0,0,0,0,0,0,0,0
409,0,0,0,0,0,0,0,0,0
410,0,0,0,0,0,0,0,0,0
411,0,0,0,0,0,0,0,0,0
412,0,0,0,0,0,0,0,0,0
413,0,0,0,0,0,0,0,0,0
414,0,0,0,0,0,0,0,0,0
415,0,0,0,0,0,0,0,0,0
416,0,0,0,0,0,0,0,0,0
417,0,0,0,0,0,0,0,0,0
418,0,0,0,0,0,0,0,0,0
419,0,0,0,0,0,0,0,0,0
420,0,0,0,0,0,0,0,0,0
421,0,0,0,0,0,0,0,0,0
422,0,0,0,0,0,0,0,0,0
423,0,0,0,0,0,0,0,0,0
424,0,0,0,0,0,0,0,0,0
425,0,0,0,0,0,0,0,0,0
426,0,0,0,0,0,0,0,0,0
427,0,0,0,0,0,0,0,0,0
428,0,0,0,0,0,0,0,0,0
429,0,0,0,0,0,0,0,0,0
430,0,0,0,0,0,0,0,0,0
431,0,0,0,0,0,0,0,0,0
432,0,0,0,0,0,0,0,0,0
433,0,0,0,0,0,0,0,0,0
434,0,0,0,0,0,0,0,0,0
435,0,0,0,0,0,0,0,0,0
436,0,0,0,0,0,0,0,0,0
437,0,0,0,0,0,0,0,0,0
438,0,0,0,0,0,0,0,0,0
439,0,0,0,0,0,0,0,0,0
440,0,0,0,0,0,0,0,0,0
441,0,0,0,0,0,0,0,0,0
442,0,0,0,0,0,0,0,0,0
443,0,0,0,0,0,0,0,0,0
444,0,0,0,0,0,0,0,0,0
445,0,0,0,0,0,0,0,0,0
446,0,0,0,0,0,0,0,0,0
447,0,0,0,0,0,0,0,0,0
448,0,0,0,0,0,0,0,0,0
449,0,0,0,0,0,0,0,0,0
450,0,0,0,0,0,0,0,0,0
451,0,0,0,0,0,0,0,0,0
452,0,0,0,0,0,0,0,0,0
453,0,0,0,0,0,0,0,0,0
454,0,0,0,0,0,0,0,0,0
455,0,0,0,0,0,0,0,0,0
456,0,0,0,0,0,0,0,0,0
457,0,0,0,0,0,0,0,0,0
458,0,0,0,0,0,0,0,0,0
459,0,0,0,0,0,0,0,0,0
460,0,0,0,0,0,0,0,0,0
461,0,0,0,0,0,0,0,0,0
462,0,0,0,0,0,0,0,0,0
463,0,0,0,0,0,0,0,0,0
464,0,0,0,0,0,0,0,0,0
465,0,0,0,0,0,0,0,0,0
466,0,0,0,0,0,0,0,0,0
467,0,0,0,0,0,0,0,0,0
468,0,0,0,0,0,0,0,0,0
469,0,0,0,0,0,0,0,0,0
470,0,0,0,0,0,0,0,0,0
471,0,0,0,0,0,0,0,0,0
472,0,0,0,0,0,0,0,0,0
473,0,0,0,0,0,0,0,0,0
474,0,0,0,0,0,0,0,0,0
475,0,0,0,0,0,0,0,0,0
476,0,0,0,0,0,0,0,0,0
477,0,0,0,0,0,0,0,0,0
478,0,0,0,0,0,0,0,0,0
479,0,0,0,0,0,0,0,0,0
480,0,0,0,0,0,0,0,0,0
481,0,0,0,0,0,0,0,0,0
482,0,0,0,0,0,0,0,0,0
483,0,0,0,0,0,0,0,0,0
484,0,0,0,0,0,0,0,0,0
485,0,0,0,0,0,0,0,0,0
486,0,0,0,0,0,0,0,0,0
487,0,0,0,0,0,0,0,0,0
488,0,0,0,0,0,0,0,0,0
489,0,0,0,0,0,0,0,0,0
490,0,0,0,0,0,0,0,0,0
491,0,0,0,0,0,0,0,0,0
492,0,0,0,0,0,0,0,0,0
493,0,0,0,0,0,0,0,0,0
494,0,0,0,0,0,0,0,0,0
495,0,0,0,0,0,0,0,0,0
496,0,0,0,0,0,0,0,0,0
497,0,0,0,0,0,0,0,0,0
498,0,0,0,0,0,0,0,0,0
499,0,0,0,0,0,0,0,0,0
500,0,0,0,0,0,0,0,0,0
501,0,0,0,0,0,0,0,0,0
502,0,0,0,0,0,0,0,0,0
503,0,0,0,0,0,0,0,0,0
504,0,0,0,0,0,0,0,0,0
505,0,0,0,0,0,0,0,0,0
506,0,0,0,0,0,0,0,0,0
507,0,0,0,0,0,0,0,0,0
508,0,0,0,0,0,0,0,0,0
509,0,0,0,0,0,0,0,0,0
510,0,0,0,0,0,0,0,0,0
511,0,0,0,0,0,0,0,0,0
512,0,0,0,0,0,0,0,0,0
513,0,0,0,0,0,0,0,0,0
514,0,0,0,0,0,0,0,0,0
515,0,0,0,0,0,0,0,0,0
516,0,0,0,0,0,0,0,0,0
517,0,0,0,0,0,0,0,0,0
518,0,0,0,0,0,0,0,0,0
519,0,0,0,0,0,0,0,0,0
520,0,0,0,0,0,0,0,0,0
521,0,0,0,0,0,0,0,0,0
522,0,0,0,0,0,0,0,0,0
523,0,0,0,0,0,0,0,0,0
524,0,0,0,0,0,0,0,0,0
525,0,0,0,0,0,0,0,0,0
526,0,0,0,0,0,0,0,0,0
527,0,0,0,0,0,0,0,0,0
528,0,0,0,0,0,0,0,0,0
529,0,0,0,0,0,0,0,0,0
530,0,0,0,0,0,0,0,0,0
531,0,0,0,0,0,0,0,0,0
532,0,0,0,0,0,0,0,0,0
533,0,0,0,0,0,0,0,0,0
534,0,0,0,0,0,0,0,0,0
535,0,0,0,0,0,0,0,0,0
536,0,0,0,0,0,0,0,0,0
537,0,0,0,0,0,0,0,0,0
538,0,0,0,0,0,0,0,0,0
539,0,0,0,0,0,0,0,0,0
540,0,0,0,0,0,0,0,0,0
541,0,0,0,0,0,0,0,0,0
542,0,0,0,0,0,0,0,0,0
543,0,0,0,0,0,0,0,0,0
544,0,0,0,0,0,0,0,0,0
545,0,0,0,0,0,0,0,0,0
546,0,0,0,0,0,0,0,0,0
547,0,0,0,0,0,0,0,0,0
548,0,0,0,0,0,0,0,0,0
549,0,0,0,0,0,0,0,0,0
550,0,0,0,0,0,0,0,0,0
551,0,0,0,0,0,0,0,0,0
552,0,0,0,0,0,0,0,0,0
553,0,0,0,0,0,0,0,0,0
554,0,0,0,0,0,0,0,0,0
555,0,0,0,0,0,0,0,0,0
556,0,0,0,0,0,0,0,0,0
557,0,0,0,0,0,0,0,0,0
558,0,0,0,0,0,0,0,0,0
559,0,0,0,0,0,0,0,0,0
560,0,0,0,0,0,0,0,0,0
561,0,0,0,0,0,0,0,0,0
562,0,0,0,0,0,0,0,0,0
563,0,0,0,0,0,0,0,0,0
564,0,0,0,0,0,0,0,0,0
565,0,0,0,0,0,0,0,0,0
566,0,0,0,0,0,0,0,0,0
567,0,0,0,0,0,0,0,0,0
568,0,0,0,0,0,0,0,0,0
569,0,0,0,0,0,0,0,0,0
570,0,0,0,0,0,0,0,0,0
571,0,0,0,0,0,0,0,0,0
572,0,0,0,0,0,0,0,0,0
573,0,0,0,0,0,0,0,0,0
574,0,0,0,0,0,0,0,0,0
575,0,0,0,0,0,0,0,0,0
576,0,0,0,0,0,0,0,0,0
577,0,0,0,0,0,0,0,0,0
578,0,0,0,0,0,0,0,0,0
579,0,0,0,0,0,0,0,0,0
580,0,0,0,0,0,0,0,0,0
581,0,0,0,0,0,0,0,0,0
582,0,0,0,0,0,0,0,0,0
583,0,0,0,0,0,0,0,0,0
584,0,0,0,0,0,0,0,0,0
585,0,0,0,0,0,0,0,0,0
586,0,0,0,0,0,0,0,0,0
587,0,0,0,0,0,0,0,0,0
588,0,0,0,0,0,0,0,0,0
589,0,0,0,0,0,0,0,0,0
590,0,0,0,0,0,0,0,0,0
591,0,0,0,0,0,0,0,0,0
592,0,0,0,0,0,0,0,0,0
593,0,0,0,0,0,0,0,0,0
594,0,0,0,0,0,0,0,0,0
595,0,0,0,0,0,0,0,0,0
596,0,0,0,0,0,0,0,0,0
597,0,0,0,0,0,0,0,0,0
598,0,0,0,0,0,0,0,0,0
599,0,0,0,0,0,0,0,0,0
600,0,0,0,0,0,0,0,0,0
601,0,0,0,0,0,0,0,0,0
602,0,0,0,0,0,0,0,0,0
603,0,0,0,0,0,0,0,0,0
604,0,0,0,0,0,0,0,0,0
605,0,0,0,0,0,0,0,0,0
606,0,0,0,0,0,0,0,0,0
607,0,0,0,0,0,0,0,0,0
608,0,0,0,0,0,0,0,0,0
609,0,0,0,0,0,0,0,0,0
610,0,0,0,0,0,0,0,0,0
611,0,0,0,0,0,0,0,0,0
612,0,0,0,0,0,0,0,0,0
613,0,0,0,0,0,0,0,0,0
614,0,0,0,0,0,0,0,0,0
615,0,0,0,0,0,0,0,0,0
616,0,0,0,0,0,0,0,0,0
617,0,0,0,0,0,0,0,0,0
618,0,0,0,0,0,0,0,0,0
619,0,0,0,0,0,0,0,0,0
620,0,0,0,0,0,0,0,0,0
621,0,0,0,0,0,0,0,0,0
622,0,0,0,0,0,0,0,0,0
623,0,0,0,0,0,0,0,0,0
624,0,0,0,0,0,0,0,0,0
625,0,0,0,0,0,0,0,0,0
626,0,0,0,0,0,0,0,0,0
627,0,0,0,0,0,0,0,0,0
628,0,0,0,0,0,0,0,0,0
629,0,0,0,0,0,0,0,0,0
630,0,0,0,0,0,0,0,0,0
631,0,0,0,0,0,0,0,0,0
632,0,0,0,0,0,0,0,0,0
633,0,0,0,0,0,0,0,0,0
634,0,0,0,0,0,0,0,0,0
635,0,0,0,0,0,0,0,0,0
636,0,0,0,0,0,0,0,0,0
637,0,0,0,0,0,0,0,0,0
638,0,0,0,0,0,0,0,0,0
639,0,0,0,0,0,0,0,0,0
640,0,0,0,0,0,0,0,0,0
641,0,0,0,0,0,0,0,0,0
642,0,0,0,0,0,0,0,0,0
643,0,0,0,0,0,0,0,0,0
644,0,0,0,0,0,0,0,0,0
645,0,0,0,0,0,0,0,0,0
646,0,0,0,0,0,0,0,0,0
647,0,0,0,0,0,0,0,0,0
648,0,0,0,0,0,0,0,0,0
649,0,0,0,0,0,0,0,0,0
650,0,0,0,0,0,0,0,0,0
651,0,0,0,0,0,0,0,0,0
652,0,0,0,0,0,0,0,0,0
653,0,0,0,0,0,0,0,0,0
654,0,0,0,0,0,0,0,0,0
655,0,0,0,0,0,0,0,0,0
656,0,0,0,0,0,0,0,0,0
657,0,0,0,0,0,0,0,0,0
658,0,0,0,0,0,0,0,0,0
659,0,0,0,0,0,0,0,0,0
660,0,0,0,0,0,0,0,0,0
661,0,0,0,0,0,0,0,0,0
662,0,0,0,0,0,0,0,0,0
663,0,0,0,0,0,0,0,0,0
664,0,0,0,0,0,0,0,0,0
665,0,0,0,0,0,0,0,0,0
666,0,0,0,0,0,0,0,0,0
667,0,0,0,0,0,0,0,0,0
668,0,0,0,0,0,0,0,0,0
669,0,0,0,0,0,0,0,0,0
670,0,0,0,0,0,0,0,0,0
671,0,0,0,0,0,0,0,0,0
672,0,0,0,0,0,0,0,0,0
673,0,0,0,0,0,0,0,0,0
674,0,0,0,0,0,0,0,0,0
675,0,0,0,0,0,0,0,0,0
676,0,0,0,0,0,0,0,0,0
677,0,0,0,0,0,0,0,0,0
678,0,0,0,0,0,0,0,0,0
679,0,0,0,0,0,0,0,0,0
680,0,0,0,0,0,0,0,0,0
681,0,0,0,0,0,0,0,0,0
682,0,0,0,0,0,0,0,0,0
683,0,0,0,0,0,0,0,0,0
684,0,0,0,0,0,0,0,0,0
685,0,0,0,0,0,0,0,0,0
686,0,0,0,0,0,0,0,0,0
687,0,0,0,0,0,0,0,0,0
688,0,0,0,0,0,0,0,0,0
689,0,0,0,0,0,0,0,0,0
690,0,0,0,0,0,0,0,0,0
691,0,0,0,0,0,0,0,0,0
692,0,0,0,0,0,0,0,0,0
693,0,0,0,0,0,0,0,0,0
694,0,0,0,0,0,0,0,0,0
695,0,0,0,0,0,0,0,0,0
696,0,0,0,0,0,0,0,0,0
697,0,0,0,0,0,0,0,0,0
698,0,0,0,0,0,0,0,0,0
699,0,0,0,0,0,0,0,0,0
700,0,0,0,0,0,0,0,0,0
701,0,0,0,0,0,0,0,0,0
702,0,0,0,0,0,0,0,0,0
703,0,0,0,0,0,0,0,0,0
704,0,0,0,0,0,0,0,0,0
705,0,0,0,0,0,0,0,0,0
706,0,0,0,0,0,0,0,0,0
707,0,0,0,0,0,0,0,0,0
708,0,0,0,0,0,0,0,0,0
709,0,0,0,0,0,0,0,0,0
710,0,0,0,0,0,0,0,0,0
711,0,0,0,0,0,0,0,0,0
712,0,0,0,0,0,0,0,0,0
713,0,0,0,0,0,0,0,0,0
714,0,0,0,0,0,0,0,0,0
715,0,0,0,0,0,0,0,0,0
716,0,0,0,0,0,0,0,0,0
717,0,0,0,0,0,0,0,0,0
718,0,0,0,0,0,0,0,0,0
719,0,0,0,0,0,0,0,0,0
720,0,0,0,0,0,0,0,0,0
721,0,0,0,0,0,0,0,0,0
722,0,0,0,0,0,0,0,0,0
723,0,0,0,0,0,0,0,0,0
724,0,0,0,0,0,0,0,0,0
725,0,0,0,0,0,0,0,0,0
726,0,0,0,0,0,0,0,0,0
727,0,0,0,0,0,0,0,0,0
728,0,0,0,0,0,0,0,0,0
729,0,0,0,0,0,0,0,0,0
730,0,0,0,0,0,0,0,0,0
731,0,0,0,0,0,0,0,0,0
732,0,0,0,0,0,0,0,0,0
733,0,0,0,0,0,0,0,0,0
734,0,0,0,0,0,0,0,0,0
735,0,0,0,0,0,0,0,0,0
736,0,0,0,0,0,0,0,0,0
737,0,0,0,0,0,0,0,0,0
738,0,0,0,0,0,0,0,0,0
739,0,0,0,0,0,0,0,0,0
740,0,0,0,0,0,0,0,0,0
741,0,0,0,0,0,0,0,0,0
742,0,0,0,0,0,0,0,0,0
743,0,0,0,0,0,0,0,0,0
744,0,0,0,0,0,0,0,0,0
745,0,0,0,0,0,0,0,0,0
746,0,0,0,0,0,0,0,0,0
747,0,0,0,0,0,0,0,0,0
748,0,0,0,0,0,0,0,0,0
749,0,0,0,0,0,0,0,0,0
750,0,0,0,0,0,0,0,0,0
0,194,7257,201425,4077983,57373546,517292847,2626655236,5935079656,3356972874
1,103,2974,65612,1041418,11475924,80847961,320356656,564093550,248263314
2,59,1445,26199,342443,3105589,17980411,58473988,84258140,30222857
3,39,881,14291,164357,1305002,6612736,18831530,23802915,7500492
4,29,543,7363,72093,489031,2103658,5049684,5348885,1405043
5,21,363,4410,38224,230747,885197,1900638,1804404,425914
6,14,227,2547,20395,114016,405437,808706,715261,157210
7,9,106,1169,8449,44904,148450,275835,227231,46661
8,3,52,512,3312,16007,47602,81258,61390,11669
9,3,37,374,2170,9915,27034,42993,30179,5303
10,2,23,248,1303,5991,16050,25585,18252,3260
11,0,14,151,775,3458,8611,12703,8278,1361
12,0,13,126,628,2560,6056,8602,5370,900
13,0,6,73,348,1435,3258,4489,2593,431
14,0,6,73,334,1252,2586,3401,1905,309
15,0,6,58,245,897,1720,2011,954,140
16,0,3,28,118,420,750,828,390,52
17,0,1,16,76,262,458,440,172,24
18,0,1,16,76,261,455,440,172,24
19,0,1,16,75,253,439,423,160,22
20,0,1,15,46,136,226,218,91,13
21,0,1,15,43,121,188,175,68,6
22,0,1,13,36,84,126,110,35,4
23,0,1,13,36,84,116,99,29,4
24,0,0,0,0,0,0,0,0,0
25,0,0,0,0,0,0,0,0,0
26,0,0,0,0,0,0,0,0,0
27,0,0,0,0,0,0,0,0,0
28,0,0,0,0,0,0,0,0,0
29,0,0,0,0,0,0,0,0,0
30,0,0,0,0,0,0,0,0,0
31,0,0,0,0,0,0,0,0,0
32,0,0,0,0,0,0,0,0,0
33,0,0,0,0,0,0,0,0,0
34,0,0,0,0,0,0,0,0,0
35,0,0,0,0,0,0,0,0,0
36,0,0,0,0,0,0,0,0,0
37,0,0,0,0,0,0,0,0,0
38,0,0,0,0,0,0,0,0,0
39,0,0,0,0,0,0,0,0,0
40,0,0,0,0,0,0,0,0,0
41,0,0,0,0,0,0,0,0,0
42,0,0,0,0,0,0,0,0,0
43,0,0,0,0,0,0,0,0,0
44,0,0,0,0,0,0,0,0,0
45,0,0,0,0,0,0,0,0,0
46,0,0,0,0,0,0,0,0,0
47,0,0,0,0,0,0,0,0,0
48,0,0,0,0,0,0,0,0,0
49,0,0,0,0,0,0,0,0,0
50,0,0,0,0,0,0,0,0,0
51,0,0,0,0,0,0,0,0,0
52,0,0,0,0,0,0,0,0,0
53,0,0,0,0,0,0,0,0,0
54,0,0,0,0,0,0,0,0,0
55,0,0,0,0,0,0,0,0,0
56,0,0,0,0,0,0,0,0,0
57,0,0,0,0,0,0,0,0,0
58,0,0,0,0,0,0,0,0,0
59,0,0,0,0,0,0,0,0,0
60,0,0,0,0,0,0,0,0,0
61,0,0,0,0,0,0,0,0,0
62,0,0,0,0,0,0,0,0,0
63,0,0,0,0,0,0,0,0,0
64,0,0,0,0,0,0,0,0,0
65,0,0,0,0,0,0,0,0,0
66,0,0,0,0,0,0,0,0,0
67,0,0,0,0,0,0,0,0,0
68,0,0,0,0,0,0,0,0,0
69,0,0,0,0,0,0,0,0,0
70,0,0,0,0,0,0,0,0,0
71,0,0,0,0,0,0,0,0,0
72,0,0,0,0,0,0,0,0,0
73,0,0,0,0,0,0,0,0,0
74,0,0,0,0,0,0,0,0,0
75,0,0,0,0,0,0,0,0,0
76,0,0,0,0,0,0,0,0,0
77,0,0,0,0,0,0,0,0,0
78,0,0,0,0,0,0,0,0,0
79,0,0,0,0,0,0,0,0,0
80,0,0,0,0,0,0,0,0,0
81,0,0,0,0,0,0,0,0,0
82,0,0,0,0,0,0,0,0,0
83,0,0,0,0,0,0,0,0,0
84,0,0,0,0,0,0,0,0,0
85,0,0,0,0,0,0,0,0,0
86,0,0,0,0,0,0,0,0,0
87,0,0,0,0,0,0,0,0,0
88,0,0,0,0,0,0,0,0,0
89,0,0,0,0,0,0,0,0,0
90,0,0,0,0,0,0,0,0,0
91,0,0,0,0,0,0,0,0,0
92,0,0,0,0,0,0,0,0,0
93,0,0,0,0,0,0,0,0,0
94,0,0,0,0,0,0,0,0,0
95,0,0,0,0,0,0,0,0,0
96,0,0,0,0,0,0,0,0,0
97,0,0,0,0,0,0,0,0,0
98,0,0,0,0,0,0,0,0,0
99,0,0,0,0,0,0,0,0,0
100,0,0,0,0,0,0,0,0,0
101,0,0,0,0,0,0,0,0,0
102,0,0,0,0,0,0,0,0,0
103,0,0,0,0,0,0,0,0,0
104,0,0,0,0,0,0,0,0,0
105,0,0,0,0,0,0,0,0,0
106,0,0,0,0,0,0,0,0,0
107,0,0,0,0,0,0,0,0,0
108,0,0,0,0,0,0,0,0,0
109,0,0,0,0,0,0,0,0,0
110,0,0,0,0,0,0,0,0,0
111,0,0,0,0,0,0,0,0,0
112,0,0,0,0,0,0,0,0,0
113,0,0,0,0,0,0,0,0,0
114,0,0,0,0,0,0,0,0,0
115,0,0,0,0,0,0,0,0,0
116,0,0,0,0,0,0,0,0,0
117,0,0,0,0,0,0,0,0,0
118,0,0,0,0,0,0,0,0,0
119,0,0,0,0,0,0,0,0,0
120,0,0,0,0,0,0,0,0,0
121,0,0,0,0,0,0,0,0,0
122,0,0,0,0,0,0,0,0,0
123,0,0,0,0,0,0,0,0,0
124,0,0,0,0,0,0,0,0,0
125,0,0,0,0,0,0,0,0,0
126,0,0,0,0,0,0,0,0,0
127,0,0,0,0,0,0,0,0,0
128,0,0,0,0,0,0,0,0,0
129,0,0,0,0,0,0,0,0,0
130,0,0,0,0,0,0,0,0,0
131,0,0,0,0,0,0,0,0,0
132,0,0,0,0,0,0,0,0,0
133,0,0,0,0,0,0,0,0,0
134,0,0,0,0,0,0,0,0,0
135,0,0,0,0,0,0,0,0,0
136,0,0,0,0,0,0,0,0,0
137,0,0,0,0,0,0,0,0,0
138,0,0,0,0,0,0,0,0,0
139,0,0,0,0,0,0,0,0,0
140,0,0,0,0,0,0,0,0,0
141,0,0,0,0,0,0,0,0,0
142,0,0,0,0,0,0,0,0,0
143,0,0,0,0,0,0,0,0,0
144,0,0,0,0,0,0,0,0,0
145,0,0,0,0,0,0,0,0,0
146,0,0,0,0,0,0,0,0,0
147,0,0,0,0,0,0,0,0,0
148,0,0,0,0,0,0,0,0,0
149,0,0,0,0,0,0,0,0,0
150,0,0,0,0,0,0,0,0,0
151,0,0,0,0,0,0,0,0,0
152,0,0,0,0,0,0,0,0,0
153,0,0,0,0,0,0,0,0,0
154,0,0,0,0,0,0,0,0,0
155,0,0,0,0,0,0,0,0,0
156,0,0,0,0,0,0,0,0,0
157,0,0,0,0,0,0,0,0,0
158,0,0,0,0,0,0,0,0,0
159,0,0,0,0,0,0,0,0,0
160,0,0,0,0,0,0,0,0,0
161,0,0,0,0,0,0,0,0,0
162,0,0,0,0,0,0,0,0,0
163,0,0,0,0,0,0,0,0,0
164,0,0,0,0,0,0,0,0,0
165,0,0,0,0,0,0,0,0,0
166,0,0,0,0,0,0,0,0,0
167,0,0,0,0,0,0,0,0,0
168,0,0,0,0,0,0,0,0,0
169,0,0,0,0,0,0,0,0,0
170,0,0,0,0,0,0,0,0,0
171,0,0,0,0,0,0,0,0,0
172,0,0,0,0,0,0,0,0,0
173,0,0,0,0,0,0,0,0,0
174,0,0,0,0,0,0,0,0,0
175,0,0,0,0,0,0,0,0,0
176,0,0,0,0,0,0,0,0,0
177,0,0,0,0,0,0,0,0,0
178,0,0,0,0,0,0,0,0,0
179,0,0,0,0,0,0,0,0,0
180,0,0,0,0,0,0,0,0,0
181,0,0,0,0,0,0,0,0,0
182,0,0,0,0,0,0,0,0,0
183,0,0,0,0,0,0,0,0,0
184,0,0,0,0,0,0,0,0,0
185,0,0,0,0,0,0,0,0,0
186,0,0,0,0,0,0,0,0,0
187,0,0,0,0,0,0,0,0,0
188,0,0,0,0,0,0,0,0,0
189,0,0,0,0,0,0,0,0,0
190,0,0,0,0,0,0,0,0,0
191,0,0,0,0,0,0,0,0,0
192,0,0,0,0,0,0,0,0,0
193,0,0,0,0,0,0,0,0,0
194,0,0,0,0,0,0,0,0,0
195,0,0,0,0,0,0,0,0,0
196,0,0,0,0,0,0,0,0,0
197,0,0,0,0,0,0,0,0,0
198,0,0,0,0,0,0,0,0,0
199,0,0,0,0,0,0,0,0,0
200,0,0,0,0,0,0,0,0,0
201,0,0,0,0,0,0,0,0,0
202,0,0,0,0,0,0,0,0,0
203,0,0,0,0,0,0,0,0,0
204,0,0,0,0,0,0,0,0,0
205,0,0,0,0,0,0,0,0,0
206,0,0,0,0,0,0,0,0,0
207,0,0,0,0,0,0,0,0,0
208,0,0,0,0,0,0,0,0,0
209,0,0,0,0,0,0,0,0,0
210,0,0,0,0,0,0,0,0,0
211,0,0,0,0,0,0,0,0,0
212,0,0,0,0,0,0,0,0,0
213,0,0,0,0,0,0,0,0,0
214,0,0,0,0,0,0,0,0,0
215,0,0,0,0,0,0,0,0,0
216,0,0,0,0,0,0,0,0,0
217,0,0,0,0,0,0,0,0,0
218,0,0,0,0,0,0,0,0,0
219,0,0,0,0,0,0,0,0,0
220,0,0,0,0,0,0,0,0,0
221,0,0,0,0,0,0,0,0,0
222,0,0,0,0,0,0,0,0,0
223,0,0,0,0,0,0,0,0,0
224,0,0,0,0,0,0,0,0,0
225,0,0,0,0,0,0,0,0,0
226,0,0,0,0,0,0,0,0,0
227,0,0,0,0,0,0,0,0,0
228,0,0,0,0,0,0,0,0,0
229,0,0,0,0,0,0,0,0,0
230,0,0,0,0,0,0,0,0,0
231,0,0,0,0,0,0,0,0,0
232,0,0,0,0,0,0,0,0,0
233,0,0,0,0,0,0,0,0,0
234,0,0,0,0,0,0,0,0,0
235,0,0,0,0,0,0,0,0,0
236,0,0,0,0,0,0,0,0,0
237,0,0,0,0,0,0,0,0,0
238,0,0,0,0,0,0,0,0,0
239,0,0,0,0,0,0,0,0,0
240,0,0,0,0,0,0,0,0,0
241,0,0,0,0,0,0,0,0,0
242,0,0,0,0,0,0,0,0,0
243,0,0,0,0,0,0,0,0,0
244,0,0,0,0,0,0,0,0,0
245,0,0,0,0,0,0,0,0,0
246,0,0,0,0,0,0,0,0,0
247,0,0,0,0,0,0,0,0,0
248,0,0,0,0,0,0,0,0,0
249,0,0,0,0,0,0,0,0,0
250,0,0,0,0,0,0,0,0,0
251,0,0,0,0,0,0,0,0,0
252,0,0,0,0,0,0,0,0,0
253,0,0,0,0,0,0,0,0,0
254,0,0,0,0,0,0,0,0,0
255,0,0,0,0,0,0,0,0,0
256,0,0,0,0,0,0,0,0,0
257,0,0,0,0,0,0,0,0,0
258,0,0,0,0,0,0,0,0,0
259,0,0,0,0,0,0,0,0,0
260,0,0,0,0,0,0,0,0,0
261,0,0,0,0,0,0,0,0,0
262,0,0,0,0,0,0,0,0,0
263,0,0,0,0,0,0,0,0,0
264,0,0,0,0,0,0,0,0,0
265,0,0,0,0,0,0,0,0,0
266,0,0,0,0,0,0,0,0,0
267,0,0,0,0,0,0,0,0,0
268,0,0,0,0,0,0,0,0,0
269,0,0,0,0,0,0,0,0,0
270,0,0,0,0,0,0,0,0,0
271,0,0,0,0,0,0,0,0,0
272,0,0,0,0,0,0,0,0,0
273,0,0,0,0,0,0,0,0,0
274,0,0,0,0,0,0,0,0,0
275,0,0,0,0,0,0,0,0,0
276,0,0,0,0,0,0,0,0,0
277,0,0,0,0,0,0,0,0,0
278,0,0,0,0,0,0,0,0,0
279,0,0,0,0,0,0,0,0,0
280,0,0,0,0,0,0,0,0,0
281,0,0,0,0,0,0,0,0,0
282,0,0,0,0,0,0,0,0,0
283,0,0,0,0,0,0,0,0,0
284,0,0,0,0,0,0,0,0,0
285,0,0,0,0,0,0,0,0,0
286,0,0,0,0,0,0,0,0,0
287,0,0,0,0,0,0,0,0,0
288,0,0,0,0,0,0,0,0,0
289,0,0,0,0,0,0,0,0,0
290,0,0,0,0,0,0,0,0,0
291,0,0,0,0,0,0,0,0,0
292,0,0,0,0,0,0,0,0,0
293,0,0,0,0,0,0,0,0,0
294,0,0,0,0,0,0,0,0,0
295,0,0,0,0,0,0,0,0,0
296,0,0,0,0,0,0,0,0,0
297,0,0,0,0,0,0,0,0,0
298,0,0,0,0,0,0,0,0,0
299,0,0,0,0,0,0,0,0,0
300,0,0,0,0,0,0,0,0,0
301,0,0,0,0,0,0,0,0,0
302,0,0,0,0,0,0,0,0,0
303,0,0,0,0,0,0,0,0,0
304,0,0,0,0,0,0,0,0,0
305,0,0,0,0,0,0,0,0,0
306,0,0,0,0,0,0,0,0,0
307,0,0,0,0,0,0,0,0,0
308,0,0,0,0,0,0,0,0,0
309,0,0,0,0,0,0,0,0,0
310,0,0,0,0,0,0,0,0,0
311,0,0,0,0,0,0,0,0,0
312,0,0,0,0,0,0,0,0,0
313,0,0,0,0,0,0,0,0,0
314,0,0,0,0,0,0,0,0,0
315,0,0,0,0,0,0,0,0,0
316,0,0,0,0,0,0,0,0,0
317,0,0,0,0,0,0,0,0,0
318,0,0,0,0,0,0,0,0,0
319,0,0,0,0,0,0,0,0,0
320,0,0,0,0,0,0,0,0,0
321,0,0,0,0,0,0,0,0,0
322,0,0,0,0,0,0,0,0,0
323,0,0,0,0,0,0,0,0,0
324,0,0,0,0,0,0,0,0,0
325,0,0,0,0,0,0,0,0,0
326,0,0,0,0,0,0,0,0,0
327,0,0,0,0,0,0,0,0,0
328,0,0,0,0,0,0,0,0,0
329,0,0,0,0,0,0,0,0,0
330,0,0,0,0,0,0,0,0,0
331,0,0,0,0,0,0,0,0,0
332,0,0,0,0,0,0,0,0,0
333,0,0,0,0,0,0,0,0,0
334,0,0,0,0,0,0,0,0,0
335,0,0,0,0,0,0,0,0,0
336,0,0,0,0,0,0,0,0,0
337,0,0,0,0,0,0,0,0,0
338,0,0,0,0,0,0,0,0,0
339,0,0,0,0,0,0,0,0,0
340,0,0,0,0,0,0,0,0,0
341,0,0,0,0,0,0,0,0,0
342,0,0,0,0,0,0,0,0,0
343,0,0,0,0,0,0,0,0,0
344,0,0,0,0,0,0,0,0,0
345,0,0,0,0,0,0,0,0,0
346,0,0,0,0,0,0,0,0,0
347,0,0,0,0,0,0,0,0,0
348,0,0,0,0,0,0,0,0,0
349,0,0,0,0,0,0,0,0,0
350,0,0,0,0,0,0,0,0,0
351,0,0,0,0,0,0,0,0,0
352,0,0,0,0,0,0,0,0,0
353,0,0,0,0,0,0,0,0,0
354,0,0,0,0,0,0,0,0,0
355,0,0,0,0,0,0,0,0,0
356,0,0,0,0,0,0,0,0,0
357,0,0,0,0,0,0,0,0,0
358,0,0,0,0,0,0,0,0,0
359,0,0,0,0,0,0,0,0,0
360,0,0,0,0,0,0,0,0,0
361,0,0,0,0,0,0,0,0,0
362,0,0,0,0,0,0,0,0,0
363,0,0,0,0,0,0,0,0,0
364,0,0,0,0,0,0,0,0,0
365,0,0,0,0,0,0,0,0,0
366,0,0,0,0,0,0,0,0,0
367,0,0,0,0,0,0,0,0,0
368,0,0,0,0,0,0,0,0,0
369,0,0,0,0,0,0,0,0,0
370,0,0,0,0,0,0,0,0,0
371,0,0,0,0,0,0,0,0,0
372,0,0,0,0,0,0,0,0,0
373,0,0,0,0,0,0,0,0,0
374,0,0,0,0,0,0,0,0,0
375,0,0,0,0,0,0,0,0,0
376,0,0,0,0,0,0,0,0,0
377,0,0,0,0,0,0,0,0,0
378,0,0,0,0,0,0,0,0,0
379,0,0,0,0,0,0,0,0,0
380,0,0,0,0,0,0,0,0,0
381,0,0,0,0,0,0,0,0,0
382,0,0,0,0,0,0,0,0,0
383,0,0,0,0,0,0,0,0,0
384,0,0,0,0,0,0,0,0,0
385,0,0,0,0,0,0,0,0,0
386,0,0,0,0,0,0,0,0,0
387,0,0,0,0,0,0,0,0,0
388,0,0,0,0,0,0,0,0,0
389,0,0,0,0,0,0,0,0,0
390,0,0,0,0,0,0,0,0,0
391,0,0,0,0,0,0,0,0,0
392,0,0,0,0,0,0,0,0,0
393,0,0,0,0,0,0,0,0,0
394,0,0,0,0,0,0,0,0,0
395,0,0,0,0,0,0,0,0,0
396,0,0,0,0,0,0,0,0,0
397,0,0,0,0,0,0,0,0,0
398,0,0,0,0,0,0,0,0,0
399,0,0,0,0,0,0,0,0,0
400,0,0,0,0,0,0,0,0,0
401,0,0,0,0,0,0,0,0,0
402,0,0,0,0,0,0,0,0,0
403,0,0,0,0,0,0,0,0,0
404,0,0,0,0,0,0,0,0,0
405,0,0,0,0,0,0,0,0,0
406,0,0,0,0,0,0,0,0,0
407,0,0,0,0,0,0,0,0,0
408,0,0,0,0,0,0,0,0,0
409,0,0,0,0,0,0,0,0,0
410,0,0,0,0,0,0,0,0,0
411,0,0,0,0,0,0,0,0,0
412,0,0,0,0,0,0,0,0,0
413,0,0,0,0,0,0,0,0,0
414,0,0,0,0,0,0,0,0,0
415,0,0,0,0,0,0,0,0,0
416,0,0,0,0,0,0,0,0,0
417,0,0,0,0,0,0,0,0,0
418,0,0,0,0,0,0,0,0,0
419,0,0,0,0,0,0,0,0,0
420,0,0,0,0,0,0,0,0,0
421,0,0,0,0,0,0,0,0,0
422,0,0,0,0,0,0,0,0,0
423,0,0,0,0,0,0,0,0,0
424,0,0,0,0,0,0,0,0,0
425,0,0,0,0,0,0,0,0,0
426,0,0,0,0,0,0,0,0,0
427,0,0,0,0,0,0,0,0,0
428,0,0,0,0,0,0,0,0,0
429,0,0,0,0,0,0,0,0,0
430,0,0,0,0,0,0,0,0,0
431,0,0,0,0,0,0,0,0,0
432,0,0,0,0,0,0,0,0,0
433,0,0,0,0,0,0,0,0,0
434,0,0,0,0,0,0,0,0,0
435,0,0,0,0,0,0,0,0,0
436,0,0,0,0,0,0,0,0,0
437,0,0,0,0,0,0,0,0,0
438,0,0,0,0,0,0,0,0,0
439,0,0,0,0,0,0,0,0,0
440,0,0,0,0,0,0,0,0,0
441,0,0,0,0,0,0,0,0,0
442,0,0,0,0,0,0,0,0,0
443,0,0,0,0,0,0,0,0,0
444,0,0,0,0,0,0,0,0,0
445,0,0,0,0,0,0,0,0,0
446,0,0,0,0,0,0,0,0,0
447,0,0,0,0,0,0,0,0,0
448,0,0,0,0,0,0,0,0,0
449,0,0,0,0,0,0,0,0,0
450,0,0,0,0,0,0,0,0,0
451,0,0,0,0,0,0,0,0,0
452,0,0,0,0,0,0,0,0,0
453,0,0,0,0,0,0,0,0,0
454,0,0,0,0,0,0,0,0,0
455,0,0,0,0,0,0,0,0,0
456,0,0,0,0,0,0,0,0,0
457,0,0,0,0,0,0,0,0,0
458,0,0,0,0,0,0,0,0,0
459,0,0,0,0,0,0,0,0,0
460,0,0,0,0,0,0,0,0,0
461,0,0,0,0,0,0,0,0,0
462,0,0,0,0,0,0,0,0,0
463,0,0,0,0,0,0,0,0,0
464,0,0,0,0,0,0,0,0,0
465,0,0,0,0,0,0,0,0,0
466,0,0,0,0,0,0,0,0,0
467,0,0,0,0,0,0,0,0,0
468,0,0,0,0,0,0,0,0,0
469,0,0,0,0,0,0,0,0,0
470,0,0,0,0,0,0,0,0,0
471,0,0,0,0,0,0,0,0,0
472,0,0,0,0,0,0,0,0,0
473,0,0,0,0,0,0,0,0,0
474,0,0,0,0,0,0,0,0,0
475,0,0,0,0,0,0,0,0,0
476,0,0,0,0,0,0,0,0,0
477,0,0,0,0,0,0,0,0,0
478,0,0,0,0,0,0,0,0,0
479,0,0,0,0,0,0,0,0,0
480,0,0,0,0,0,0,0,0,0
481,0,0,0,0,0,0,0,0,0
482,0,0,0,0,0,0,0,0,0
483,0,0,0,0,0,0,0,0,0
484,0,0,0,0,0,0,0,0,0
485,0,0,0,0,0,0,0,0,0
486,0,0,0,0,0,0,0,0,0
487,0,0,0,0,0,0,0,0,0
488,0,0,0,0,0,0,0,0,0
489,0,0,0,0,0,0,0,0,0
490,0,0,0,0,0,0,0,0,0
491,0,0,0,0,0,0,0,0,0
492,0,0,0,0,0,0,0,0,0
493,0,0,0,0,0,0,0,0,0
494,0,0,0,0,0,0,0,0,0
495,0,0,0,0,0,0,0,0,0
496,0,0,0,0,0,0,0,0,0
497,0,0,0,0,0,0,0,0,0
498,0,0,0,0,0,0,0,0,0
499,0,0,0,0,0,0,0,0,0
500,0,0,0,0,0,0,0,0,0
501,0,0,0,0,0,0,0,0,0
502,0,0,0,0,0,0,0,0,0
503,0,0,0,0,0,0,0,0,0
504,0,0,0,0,0,0,0,0,0
505,0,0,0,0,0,0,0,0,0
506,0,0,0,0,0,0,0,0,0
507,0,0,0,0,0,0,0,0,0
508,0,0,0,0,0,0,0,0,0
509,0,0,0,0,0,0,0,0,0
510,0,0,0,0,0,0,0,0,0
511,0,0,0,0,0,0,0,0,0
512,0,0,0,0,0,0,0,0,0
513,0,0,0,0,0,0,0,0,0
514,0,0,0,0,0,0,0,0,0
515,0,0,0,0,0,0,0,0,0
516,0,0,0,0,0,0,0,0,0
517,0,0,0,0,0,0,0,0,0
518,0,0,0,0,0,0,0,0,0
519,0,0,0,0,0,0,0,0,0
520,0,0,0,0,0,0,0,0,0
521,0,0,0,0,0,0,0,0,0
522,0,0,0,0,0,0,0,0,0
523,0,0,0,0,0,0,0,0,0
524,0,0,0,0,0,0,0,0,0
525,0,0,0,0,0,0,0,0,0
526,0,0,0,0,0,0,0,0,0
527,0,0,0,0,0,0,0,0,0
528,0,0,0,0,0,0,0,0,0
529,0,0,0,0,0,0,0,0,0
530,0,0,0,0,0,0,0,0,0
531,0,0,0,0,0,0,0,0,0
532,0,0,0,0,0,0,0,0,0
533,0,0,0,0,0,0,0,0,0
534,0,0,0,0,0,0,0,0,0
535,0,0,0,0,0,0,0,0,0
536,0,0,0,0,0,0,0,0,0
537,0,0,0,0,0,0,0,0,0
538,0,0,0,0,0,0,0,0,0
539,0,0,0,0,0,0,0,0,0
540,0,0,0,0,0,0,0,0,0
541,0,0,0,0,0,0,0,0,0
542,0,0,0,0,0,0,0,0,0
543,0,0,0,0,0,0,0,0,0
544,0,0,0,0,0,0,0,0,0
545,0,0,0,0,0,0,0,0,0
546,0,0,0,0,0,0,0,0,0
547,0,0,0,0,0,0,0,0,0
548,0,0,0,0,0,0,0,0,0
549,0,0,0,0,0,0,0,0,0
550,0,0,0,0,0,0,0,0,0
551,0,0,0,0,0,0,0,0,0
552,0,0,0,0,0,0,0,0,0
553,0,0,0,0,0,0,0,0,0
554,0,0,0,0,0,0,0,0,0
555,0,0,0,0,0,0,0,0,0
556,0,0,0,0,0,0,0,0,0
557,0,0,0,0,0,0,0,0,0
558,0,0,0,0,0,0,0,0,0
559,0,0,0,0,0,0,0,0,0
560,0,0,0,0,0,0,0,0,0
561,0,0,0,0,0,0,0,0,0
562,0,0,0,0,0,0,0,0,0
563,0,0,0,0,0,0,0,0,0
564,0,0,0,0,0,0,0,0,0
565,0,0,0,0,0,0,0,0,0
566,0,0,0,0,0,0,0,0,0
567,0,0,0,0,0,0,0,0,0
568,0,0,0,0,0,0,0,0,0
569,0,0,0,0,0,0,0,0,0
570,0,0,0,0,0,0,0,0,0
571,0,0,0,0,0,0,0,0,0
572,0,0,0,0,0,0,0,0,0
573,0,0,0,0,0,0,0,0,0
574,0,0,0,0,0,0,0,0,0
575,0,0,0,0,0,0,0,0,0
576,0,0,0,0,0,0,0,0,0
577,0,0,0,0,0,0,0,0,0
578,0,0,0,0,0,0,0,0,0
579,0,0,0,0,0,0,0,0,0
580,0,0,0,0,0,0,0,0,0
581,0,0,0,0,0,0,0,0,0
582,0,0,0,0,0,0,0,0,0
583,0,0,0,0,0,0,0,0,0
584,0,0,0,0,0,0,0,0,0
585,0,0,0,0,0,0,0,0,0
586,0,0,0,0,0,0,0,0,0
587,0,0,0,0,0,0,0,0,0
588,0,0,0,0,0,0,0,0,0
589,0,0,0,0,0,0,0,0,0
590,0,0,0,0,0,0,0,0,0
591,0,0,0,0,0,0,0,0,0
592,0,0,0,0,0,0,0,0,0
593,0,0,0,0,0,0,0,0,0
594,0,0,0,0,0,0,0,0,0
595,0,0,0,0,0,0,0,0,0
596,0,0,0,0,0,0,0,0,0
597,0,0,0,0,0,0,0,0,0
598,0,0,0,0,0,0,0,0,0
599,0,0,0,0,0,0,0,0,0
600,0,0,0,0,0,0,0,0,0
601,0,0,0,0,0,0,0,0,0
602,0,0,0,0,0,0,0,0,0
603,0,0,0,0,0,0,0,0,0
604,0,0,0,0,0,0,0,0,0
605,0,0,0,0,0,0,0,0,0
606,0,0,0,0,0,0,0,0,0
607,0,0,0,0,0,0,0,0,0
608,0,0,0,0,0,0,0,0,0
609,0,0,0,0,0,0,0,0,0
610,0,0,0,0,0,0,0,0,0
611,0,0,0,0,0,0,0,0,0
612,0,0,0,0,0,0,0,0,0
613,0,0,0,0,0,0,0,0,0
614,0,0,0,0,0,0,0,0,0
615,0,0,0,0,0,0,0,0,0
616,0,0,0,0,0,0,0,0,0
617,0,0,0,0,0,0,0,0,0
618,0,0,0,0,0,0,0,0,0
619,0,0,0,0,0,0,0,0,0
620,0,0,0,0,0,0,0,0,0
621,0,0,0,0,0,0,0,0,0
622,0,0,0,0,0,0,0,0,0
623,0,0,0,0,0,0,0,0,0
624,0,0,0,0,0,0,0,0,0
625,0,0,0,0,0,0,0,0,0
626,0,0,0,0,0,0,0,0,0
627,0,0,0,0,0,0,0,0,0
628,0,0,0,0,0,0,0,0,0
629,0,0,0,0,0,0,0,0,0
630,0,0,0,0,0,0,0,0,0
631,0,0,0,0,0,0,0,0,0
632,0,0,0,0,0,0,0,0,0
633,0,0,0,0,0,0,0,0,0
634,0,0,0,0,0,0,0,0,0
635,0,0,0,0,0,0,0,0,0
636,0,0,0,0,0,0,0,0,0
637,0,0,0,0,0,0,0,0,0
638,0,0,0,0,0,0,0,0,0
639,0,0,0,0,0,0,0,0,0
640,0,0,0,0,0,0,0,0,0
641,0,0,0,0,0,0,0,0,0
642,0,0,0,0,0,0,0,0,0
643,0,0,0,0,0,0,0,0,0
644,0,0,0,0,0,0,0,0,0
645,0,0,0,0,0,0,0,0,0
646,0,0,0,0,0,0,0,0,0
647,0,0,0,0,0,0,0,0,0
648,0,0,0,0,0,0,0,0,0
649,0,0,0,0,0,0,0,0,0
650,0,0,0,0,0,0,0,0,0
651,0,0,0,0,0,0,0,0,0
652,0,0,0,0,0,0,0,0,0
653,0,0,0,0,0,0,0,0,0
654,0,0,0,0,0,0,0,0,0
655,0,0,0,0,0,0,0,0,0
656,0,0,0,0,0,0,0,0,0
657,0,0,0,0,0,0,0,0,0
658,0,0,0,0,0,0,0,0,0
659,0,0,0,0,0,0,0,0,0
660,0,0,0,0,0,0,0,0,0
661,0,0,0,0,0,0,0,0,0
662,0,0,0,0,0,0,0,0,0
663,0,0,0,0,0,0,0,0,0
664,0,0,0,0,0,0,0,0,0
665,0,0,0,0,0,0,0,0,0
666,0,0,0,0,0,0,0,0,0
667,0,0,0,0,0,0,0,0,0
668,0,0,0,0,0,0,0,0,0
669,0,0,0,0,0,0,0,0,0
670,0,0,0,0,0,0,0,0,0
671,0,0,0,0,0,0,0,0,0
672,0,0,0,0,0,0,0,0,0
673,0,0,0,0,0,0,0,0,0
674,0,0,0,0,0,0,0,0,0
675,0,0,0,0,0,0,0,0,0
676,0,0,0,0,0,0,0,0,0
677,0,0,0,0,0,0,0,0,0
678,0,0,0,0,0,0,0,0,0
679,0,0,0,0,0,0,0,0,0
680,0,0,0,0,0,0,0,0,0
681,0,0,0,0,0,0,0,0,0
682,0,0,0,0,0,0,0,0,0
683,0,0,0,0,0,0,0,0,0
684,0,0,0,0,0,0,0,0,0
685,0,0,0,0,0,0,0,0,0
686,0,0,0,0,0,0,0,0,0
687,0,0,0,0,0,0,0,0,0
688,0,0,0,0,0,0,0,0,0
689,0,0,0,0,0,0,0,0,0
690,0,0,0,0,0,0,0,0,0
691,0,0,0,0,0,0,0,0,0
692,0,0,0,0,0,0,0,0,0
693,0,0,0,0,0,0,0,0,0
694,0,0,0,0,0,0,0,0,0
695,0,0,0,0,0,0,0,0,0
696,0,0,0,0,0,0,0,0,0
697,0,0,0,0,0,0,0,0,0
698,0,0,0,0,0,0,0,0,0
699,0,0,0,0,0,0,0,0,0
700,0,0,0,0,0,0,0,0,0
701,0,0,0,0,0,0,0,0,0
702,0,0,0,0,0,0,0,0,0
703,0,0,0,0,0,0,0,0,0
704,0,0,0,0,0,0,0,0,0
705,0,0,0,0,0,0,0,0,0
706,0,0,0,0,0,0,0,0,0
707,0,0,0,0,0,0,0,0,0
708,0,0,0,0,0,0,0,0,0
709,0,0,0,0,0,0,0,0,0
710,0,0,0,0,0,0,0,0,0
711,0,0,0,0,0,0,0,0,0
712,0,0,0,0,0,0,0,0,0
713,0,0,0,0,0,0,0,0,0
714,0,0,0,0,0,0,0,0,0
715,0,0,0,0,0,0,0,0,0
716,0,0,0,0,0,0,0,0,0
717,0,0,0,0,0,0,0,0,0
718,0,0,0,0,0,0,0,0,0
719,0,0,0,0,0,0,0,0,0
720,0,0,0,0,0,0,0,0,0
721,0,0,0,0,0,0,0,0,0
722,0,0,0,0,0,0,0,0,0
723,0,0,0,0,0,0,0,0,0
724,0,0,0,0,0,0,0,0,0
725,0,0,0,0,0,0,0,0,0
726,0,0,0,0,0,0,0,0,0
727,0,0,0,0,0,0,0,0,0
728,0,0,0,0,0,0,0,0,0
729,0,0,0,0,0,0,0,0,0
730,0,0,0,0,0,0,0,0,0
731,0,0,0,0,0,0,0,0,0
732,0,0,0,0,0,0,0,0,0
733,0,0,0,0,0,0,0,0,0
734,0,0,0,0,0,0,0,0,0
735,0,0,0,0,0,0,0,0,0
736,0,0,0,0,0,0,0,0,0
737,0,0,0,0,0,0,0,0,0
738,0,0,0,0,0,0,0,0,0
739,0,0,0,0,0,0,0,0,0
740,0,0,0,0,0,0,0,0,0
741,0,0,0,0,0,0,0,0,0
742,0,0,0,0,0,0,0,0,0
743,0,0,0,0,0,0,0,0,0
744,0,0,0,0,0,0,0,0,0
745,0,0,0,0,0,0,0,0,0
746,0,0,0,0,0,0,0,0,0
747,0,0,0,0,0,0,0,0,0
748,0,0,0,0,0,0,0,0,0
749,0,0,0,0,0,0,0,0,0
750,0,0,0,0,0,0,0,0,0
0,194,7257,201425,4077983,57373546,517292847,2626655236,5935079656,3356972874
1,100,2857,61384,958619,10359017,71498102,277077703,476512275,204576796
2,56,1327,23114,294678,2587976,14496366,45533369,63428742,22044624
3,45,837,12024,130923,981705,4713137,12712791,15231072,4557318
4,26,557,7060,69889,474447,2052743,4982189,5351745,1434393
5,17,350,3927,34820,211750,823088,1802912,1750351,424954
6,13,271,2541,20138,109673,379807,738678,637752,137431
7,10,237,1985,14514,73376,234643,425464,342102,68493
8,5,153,1274,8299,37451,107724,174497,124888,21908
9,4,96,682,4226,16831,43438,62398,38547,5659
10,4,92,635,3710,13849,33440,44846,25779,3449
11,3,76,462,2797,9950,23410,30209,16500,1985
12,2,65,384,2380,8129,18870,23565,12518,1497
13,1,44,252,1287,4206,8904,10403,5291,584
14,0,26,178,732,2378,4458,5032,2321,245
15,0,16,133,468,1417,2457,2555,1089,119
16,0,15,126,407,1227,2079,2111,904,91
17,0,12,109,349,1044,1711,1688,705,64
18,0,8,72,259,807,1301,1352,578,57
19,0,7,30,116,344,461,372,133,12
20,0,6,26,85,241,330,290,93,7
21,0,6,26,81,181,247,179,50,4
22,0,0,10,32,61,67,32,7,1
23,0,0,10,32,61,66,32,7,1
24,0,0,10,32,61,66,32,7,1
25,0,0,10,28,49,37,17,5,1
26,0,0,10,28,32,27,11,5,1
27,0,0,10,28,32,27,11,5,1
28,0,0,10,28,31,23,8,2,0
29,0,0,9,23,26,18,6,1,0
30,0,0,9,23,26,18,6,1,0
31,0,0,9,22,16,7,3,1,0
32,0,0,9,21,12,6,3,1,0
33,0,0,9,21,12,6,3,1,0
34,0,0,2,18,10,3,0,0,0
35,0,0,2,18,10,3,0,0,0
36,0,0,0,0,0,0,0,0,0
37,0,0,0,0,0,0,0,0,0
38,0,0,0,0,0,0,0,0,0
39,0,0,0,0,0,0,0,0,0
40,0,0,0,0,0,0,0,0,0
41,0,0,0,0,0,0,0,0,0
42,0,0,0,0,0,0,0,0,0
43,0,0,0,0,0,0,0,0,0
44,0,0,0,0,0,0,0,0,0
45,0,0,0,0,0,0,0,0,0
46,0,0,0,0,0,0,0,0,0
47,0,0,0,0,0,0,0,0,0
48,0,0,0,0,0,0,0,0,0
49,0,0,0,0,0,0,0,0,0
50,0,0,0,0,0,0,0,0,0
51,0,0,0,0,0,0,0,0,0
52,0,0,0,0,0,0,0,0,0
53,0,0,0,0,0,0,0,0,0
54,0,0,0,0,0,0,0,0,0
55,0,0,0,0,0,0,0,0,0
56,0,0,0,0,0,0,0,0,0
57,0,0,0,0,0,0,0,0,0
58,0,0,0,0,0,0,0,0,0
59,0,0,0,0,0,0,0,0,0
60,0,0,0,0,0,0,0,0,0
61,0,0,0,0,0,0,0,0,0
62,0,0,0,0,0,0,0,0,0
63,0,0,0,0,0,0,0,0,0
64,0,0,0,0,0,0,0,0,0
65,0,0,0,0,0,0,0,0,0
66,0,0,0,0,0,0,0,0,0
67,0,0,0,0,0,0,0,0,0
68,0,0,0,0,0,0,0,0,0
69,0,0,0,0,0,0,0,0,0
70,0,0,0,0,0,0,0,0,0
71,0,0,0,0,0,0,0,0,0
72,0,0,0,0,0,0,0,0,0
73,0,0,0,0,0,0,0,0,0
74,0,0,0,0,0,0,0,0,0
75,0,0,0,0,0,0,0,0,0
76,0,0,0,0,0,0,0,0,0
77,0,0,0,0,0,0,0,0,0
78,0,0,0,0,0,0,0,0,0
79,0,0,0,0,0,0,0,0,0
80,0,0,0,0,0,0,0,0,0
81,0,0,0,0,0,0,0,0,0
82,0,0,0,0,0,0,0,0,0
83,0,0,0,0,0,0,0,0,0
84,0,0,0,0,0,0,0,0,0
85,0,0,0,0,0,0,0,0,0
86,0,0,0,0,0,0,0,0,0
87,0,0,0,0,0,0,0,0,0
88,0,0,0,0,0,0,0,0,0
89,0,0,0,0,0,0,0,0,0
90,0,0,0,0,0,0,0,0,0
91,0,0,0,0,0,0,0,0,0
92,0,0,0,0,0,0,0,0,0
93,0,0,0,0,0,0,0,0,0
94,0,0,0,0,0,0,0,0,0
95,0,0,0,0,0,0,0,0,0
96,0,0,0,0,0,0,0,0,0
97,0,0,0,0,0,0,0,0,0
98,0,0,0,0,0,0,0,0,0
99,0,0,0,0,0,0,0,0,0
100,0,0,0,0,0,0,0,0,0
101,0,0,0,0,0,0,0,0,0
102,0,0,0,0,0,0,0,0,0
103,0,0,0,0,0,0,0,0,0
104,0,0,0,0,0,0,0,0,0
105,0,0,0,0,0,0,0,0,0
106,0,0,0,0,0,0,0,0,0
107,0,0,0,0,0,0,0,0,0
108,0,0,0,0,0,0,0,0,0
109,0,0,0,0,0,0,0,0,0
110,0,0,0,0,0,0,0,0,0
111,0,0,0,0,0,0,0,0,0
112,0,0,0,0,0,0,0,0,0
113,0,0,0,0,0,0,0,0,0
114,0,0,0,0,0,0,0,0,0
115,0,0,0,0,0,0,0,0,0
116,0,0,0,0,0,0,0,0,0
117,0,0,0,0,0,0,0,0,0
118,0,0,0,0,0,0,0,0,0
119,0,0,0,0,0,0,0,0,0
120,0,0,0,0,0,0,0,0,0
121,0,0,0,0,0,0,0,0,0
122,0,0,0,0,0,0,0,0,0
123,0,0,0,0,0,0,0,0,0
124,0,0,0,0,0,0,0,0,0
125,0,0,0,0,0,0,0,0,0
126,0,0,0,0,0,0,0,0,0
127,0,0,0,0,0,0,0,0,0
128,0,0,0,0,0,0,0,0,0
129,0,0,0,0,0,0,0,0,0
130,0,0,0,0,0,0,0,0,0
131,0,0,0,0,0,0,0,0,0
132,0,0,0,0,0,0,0,0,0
133,0,0,0,0,0,0,0,0,0
134,0,0,0,0,0,0,0,0,0
135,0,0,0,0,0,0,0,0,0
136,0,0,0,0,0,0,0,0,0
137,0,0,0,0,0,0,0,0,0
138,0,0,0,0,0,0,0,0,0
139,0,0,0,0,0,0,0,0,0
140,0,0,0,0,0,0,0,0,0
141,0,0,0,0,0,0,0,0,0
142,0,0,0,0,0,0,0,0,0
143,0,0,0,0,0,0,0,0,0
144,0,0,0,0,0,0,0,0,0
145,0,0,0,0,0,0,0,0,0
146,0,0,0,0,0,0,0,0,0
147,0,0,0,0,0,0,0,0,0
148,0,0,0,0,0,0,0,0,0
149,0,0,0,0,0,0,0,0,0
150,0,0,0,0,0,0,0,0,0
151,0,0,0,0,0,0,0,0,0
152,0,0,0,0,0,0,0,0,0
153,0,0,0,0,0,0,0,0,0
154,0,0,0,0,0,0,0,0,0
155,0,0,0,0,0,0,0,0,0
156,0,0,0,0,0,0,0,0,0
157,0,0,0,0,0,0,0,0,0
158,0,0,0,0,0,0,0,0,0
159,0,0,0,0,0,0,0,0,0
160,0,0,0,0,0,0,0,0,0
161,0,0,0,0,0,0,0,0,0
162,0,0,0,0,0,0,0,0,0
163,0,0,0,0,0,0,0,0,0
164,0,0,0,0,0,0,0,0,0
165,0,0,0,0,0,0,0,0,0
166,0,0,0,0,0,0,0,0,0
167,0,0,0,0,0,0,0,0,0
168,0,0,0,0,0,0,0,0,0
169,0,0,0,0,0,0,0,0,0
170,0,0,0,0,0,0,0,0,0
171,0,0,0,0,0,0,0,0,0
172,0,0,0,0,0,0,0,0,0
173,0,0,0,0,0,0,0,0,0
174,0,0,0,0,0,0,0,0,0
175,0,0,0,0,0,0,0,0,0
176,0,0,0,0,0,0,0,0,0
177,0,0,0,0,0,0,0,0,0
178,0,0,0,0,0,0,0,0,0
179,0,0,0,0,0,0,0,0,0
180,0,0,0,0,0,0,0,0,0
181,0,0,0,0,0,0,0,0,0
182,0,0,0,0,0,0,0,0,0
183,0,0,0,0,0,0,0,0,0
184,0,0,0,0,0,0,0,0,0
185,0,0,0,0,0,0,0,0,0
186,0,0,0,0,0,0,0,0,0
187,0,0,0,0,0,0,0,0,0
188,0,0,0,0,0,0,0,0,0
189,0,0,0,0,0,0,0,0,0
190,0,0,0,0,0,0,0,0,0
191,0,0,0,0,0,0,0,0,0
192,0,0,0,0,0,0,0,0,0
193,0,0,0,0,0,0,0,0,0
194,0,0,0,0,0,0,0,0,0
195,0,0,0,0,0,0,0,0,0
196,0,0,0,0,0,0,0,0,0
197,0,0,0,0,0,0,0,0,0
198,0,0,0,0,0,0,0,0,0
199,0,0,0,0,0,0,0,0,0
200,0,0,0,0,0,0,0,0,0
201,0,0,0,0,0,0,0,0,0
202,0,0,0,0,0,0,0,0,0
203,0,0,0,0,0,0,0,0,0
204,0,0,0,0,0,0,0,0,0
205,0,0,0,0,0,0,0,0,0
206,0,0,0,0,0,0,0,0,0
207,0,0,0,0,0,0,0,0,0
208,0,0,0,0,0,0,0,0,0
209,0,0,0,0,0,0,0,0,0
210,0,0,0,0,0,0,0,0,0
211,0,0,0,0,0,0,0,0,0
212,0,0,0,0,0,0,0,0,0
213,0,0,0,0,0,0,0,0,0
214,0,0,0,0,0,0,0,0,0
215,0,0,0,0,0,0,0,0,0
216,0,0,0,0,0,0,0,0,0
217,0,0,0,0,0,0,0,0,0
218,0,0,0,0,0,0,0,0,0
219,0,0,0,0,0,0,0,0,0
220,0,0,0,0,0,0,0,0,0
221,0,0,0,0,0,0,0,0,0
222,0,0,0,0,0,0,0,0,0
223,0,0,0,0,0,0,0,0,0
224,0,0,0,0,0,0,0,0,0
225,0,0,0,0,0,0,0,0,0
226,0,0,0,0,0,0,0,0,0
227,0,0,0,0,0,0,0,0,0
228,0,0,0,0,0,0,0,0,0
229,0,0,0,0,0,0,0,0,0
230,0,0,0,0,0,0,0,0,0
231,0,0,0,0,0,0,0,0,0
232,0,0,0,0,0,0,0,0,0
233,0,0,0,0,0,0,0,0,0
234,0,0,0,0,0,0,0,0,0
235,0,0,0,0,0,0,0,0,0
236,0,0,0,0,0,0,0,0,0
237,0,0,0,0,0,0,0,0,0
238,0,0,0,0,0,0,0,0,0
239,0,0,0,0,0,0,0,0,0
240,0,0,0,0,0,0,0,0,0
241,0,0,0,0,0,0,0,0,0
242,0,0,0,0,0,0,0,0,0
243,0,0,0,0,0,0,0,0,0
244,0,0,0,0,0,0,0,0,0
245,0,0,0,0,0,0,0,0,0
246,0,0,0,0,0,0,0,0,0
247,0,0,0,0,0,0,0,0,0
248,0,0,0,0,0,0,0,0,0
249,0,0,0,0,0,0,0,0,0
250,0,0,0,0,0,0,0,0,0
251,0,0,0,0,0,0,0,0,0
252,0,0,0,0,0,0,0,0,0
253,0,0,0,0,0,0,0,0,0
254,0,0,0,0,0,0,0,0,0
255,0,0,0,0,0,0,0,0,0
256,0,0,0,0,0,0,0,0,0
257,0,0,0,0,0,0,0,0,0
258,0,0,0,0,0,0,0,0,0
259,0,0,0,0,0,0,0,0,0
260,0,0,0,0,0,0,0,0,0
261,0,0,0,0,0,0,0,0,0
262,0,0,0,0,0,0,0,0,0
263,0,0,0,0,0,0,0,0,0
264,0,0,0,0,0,0,0,0,0
265,0,0,0,0,0,0,0,0,0
266,0,0,0,0,0,0,0,0,0
267,0,0,0,0,0,0,0,0,0
268,0,0,0,0,0,0,0,0,0
269,0,0,0,0,0,0,0,0,0
270,0,0,0,0,0,0,0,0,0
271,0,0,0,0,0,0,0,0,0
272,0,0,0,0,0,0,0,0,0
273,0,0,0,0,0,0,0,0,0
274,0,0,0,0,0,0,0,0,0
275,0,0,0,0,0,0,0,0,0
276,0,0,0,0,0,0,0,0,0
277,0,0,0,0,0,0,0,0,0
278,0,0,0,0,0,0,0,0,0
279,0,0,0,0,0,0,0,0,0
280,0,0,0,0,0,0,0,0,0
281,0,0,0,0,0,0,0,0,0
282,0,0,0,0,0,0,0,0,0
283,0,0,0,0,0,0,0,0,0
284,0,0,0,0,0,0,0,0,0
285,0,0,0,0,0,0,0,0,0
286,0,0,0,0,0,0,0,0,0
287,0,0,0,0,0,0,0,0,0
288,0,0,0,0,0,0,0,0,0
289,0,0,0,0,0,0,0,0,0
290,0,0,0,0,0,0,0,0,0
291,0,0,0,0,0,0,0,0,0
292,0,0,0,0,0,0,0,0,0
293,0,0,0,0,0,0,0,0,0
294,0,0,0,0,0,0,0,0,0
295,0,0,0,0,0,0,0,0,0
296,0,0,0,0,0,0,0,0,0
297,0,0,0,0,0,0,0,0,0
298,0,0,0,0,0,0,0,0,0
299,0,0,0,0,0,0,0,0,0
300,0,0,0,0,0,0,0,0,0
301,0,0,0,0,0,0,0,0,0
302,0,0,0,0,0,0,0,0,0
303,0,0,0,0,0,0,0,0,0
304,0,0,0,0,0,0,0,0,0
305,0,0,0,0,0,0,0,0,0
306,0,0,0,0,0,0,0,0,0
307,0,0,0,0,0,0,0,0,0
308,0,0,0,0,0,0,0,0,0
309,0,0,0,0,0,0,0,0,0
310,0,0,0,0,0,0,0,0,0
311,0,0,0,0,0,0,0,0,0
312,0,0,0,0,0,0,0,0,0
313,0,0,0,0,0,0,0,0,0
314,0,0,0,0,0,0,0,0,0
315,0,0,0,0,0,0,0,0,0
316,0,0,0,0,0,0,0,0,0
317,0,0,0,0,0,0,0,0,0
318,0,0,0,0,0,0,0,0,0
319,0,0,0,0,0,0,0,0,0
320,0,0,0,0,0,0,0,0,0
321,0,0,0,0,0,0,0,0,0
322,0,0,0,0,0,0,0,0,0
323,0,0,0,0,0,0,0,0,0
324,0,0,0,0,0,0,0,0,0
325,0,0,0,0,0,0,0,0,0
326,0,0,0,0,0,0,0,0,0
327,0,0,0,0,0,0,0,0,0
328,0,0,0,0,0,0,0,0,0
329,0,0,0,0,0,0,0,0,0
330,0,0,0,0,0,0,0,0,0
331,0,0,0,0,0,0,0,0,0
332,0,0,0,0,0,0,0,0,0
333,0,0,0,0,0,0,0,0,0
334,0,0,0,0,0,0,0,0,0
335,0,0,0,0,0,0,0,0,0
336,0,0,0,0,0,0,0,0,0
337,0,0,0,0,0,0,0,0,0
338,0,0,0,0,0,0,0,0,0
339,0,0,0,0,0,0,0,0,0
340,0,0,0,0,0,0,0,0,0
341,0,0,0,0,0,0,0,0,0
342,0,0,0,0,0,0,0,0,0
343,0,0,0,0,0,0,0,0,0
344,0,0,0,0,0,0,0,0,0
345,0,0,0,0,0,0,0,0,0
346,0,0,0,0,0,0,0,0,0
347,0,0,0,0,0,0,0,0,0
348,0,0,0,0,0,0,0,0,0
349,0,0,0,0,0,0,0,0,0
350,0,0,0,0,0,0,0,0,0
351,0,0,0,0,0,0,0,0,0
352,0,0,0,0,0,0,0,0,0
353,0,0,0,0,0,0,0,0,0
354,0,0,0,0,0,0,0,0,0
355,0,0,0,0,0,0,0,0,0
356,0,0,0,0,0,0,0,0,0
357,0,0,0,0,0,0,0,0,0
358,0,0,0,0,0,0,0,0,0
359,0,0,0,0,0,0,0,0,0
360,0,0,0,0,0,0,0,0,0
361,0,0,0,0,0,0,0,0,0
362,0,0,0,0,0,0,0,0,0
363,0,0,0,0,0,0,0,0,0
364,0,0,0,0,0,0,0,0,0
365,0,0,0,0,0,0,0,0,0
366,0,0,0,0,0,0,0,0,0
367,0,0,0,0,0,0,0,0,0
368,0,0,0,0,0,0,0,0,0
369,0,0,0,0,0,0,0,0,0
370,0,0,0,0,0,0,0,0,0
371,0,0,0,0,0,0,0,0,0
372,0,0,0,0,0,0,0,0,0
373,0,0,0,0,0,0,0,0,0
374,0,0,0,0,0,0,0,0,0
375,0,0,0,0,0,0,0,0,0
376,0,0,0,0,0,0,0,0,0
377,0,0,0,0,0,0,0,0,0
378,0,0,0,0,0,0,0,0,0
379,0,0,0,0,0,0,0,0,0
380,0,0,0,0,0,0,0,0,0
381,0,0,0,0,0,0,0,0,0
382,0,0,0,0,0,0,0,0,0
383,0,0,0,0,0,0,0,0,0
384,0,0,0,0,0,0,0,0,0
385,0,0,0,0,0,0,0,0,0
386,0,0,0,0,0,0,0,0,0
387,0,0,0,0,0,0,0,0,0
388,0,0,0,0,0,0,0,0,0
389,0,0,0,0,0,0,0,0,0
390,0,0,0,0,0,0,0,0,0
391,0,0,0,0,0,0,0,0,0
392,0,0,0,0,0,0,0,0,0
393,0,0,0,0,0,0,0,0,0
394,0,0,0,0,0,0,0,0,0
395,0,0,0,0,0,0,0,0,0
396,0,0,0,0,0,0,0,0,0
397,0,0,0,0,0,0,0,0,0
398,0,0,0,0,0,0,0,0,0
399,0,0,0,0,0,0,0,0,0
400,0,0,0,0,0,0,0,0,0
401,0,0,0,0,0,0,0,0,0
402,0,0,0,0,0,0,0,0,0
403,0,0,0,0,0,0,0,0,0
404,0,0,0,0,0,0,0,0,0
405,0,0,0,0,0,0,0,0,0
406,0,0,0,0,0,0,0,0,0
407,0,0,0,0,0,0,0,0,0
408,0,0,0,0,0,0,0,0,0
409,0,0,0,0,0,0,0,0,0
410,0,0,0,0,0,0,0,0,0
411,0,0,0,0,0,0,0,0,0
412,0,0,0,0,0,0,0,0,0
413,0,0,0,0,0,0,0,0,0
414,0,0,0,0,0,0,0,0,0
415,0,0,0,0,0,0,0,0,0
416,0,0,0,0,0,0,0,0,0
417,0,0,0,0,0,0,0,0,0
418,0,0,0,0,0,0,0,0,0
419,0,0,0,0,0,0,0,0,0
420,0,0,0,0,0,0,0,0,0
421,0,0,0,0,0,0,0,0,0
422,0,0,0,0,0,0,0,0,0
423,0,0,0,0,0,0,0,0,0
424,0,0,0,0,0,0,0,0,0
425,0,0,0,0,0,0,0,0,0
426,0,0,0,0,0,0,0,0,0
427,0,0,0,0,0,0,0,0,0
428,0,0,0,0,0,0,0,0,0
429,0,0,0,0,0,0,0,0,0
430,0,0,0,0,0,0,0,0,0
431,0,0,0,0,0,0,0,0,0
432,0,0,0,0,0,0,0,0,0
433,0,0,0,0,0,0,0,0,0
434,0,0,0,0,0,0,0,0,0
435,0,0,0,0,0,0,0,0,0
436,0,0,0,0,0,0,0,0,0
437,0,0,0,0,0,0,0,0,0
438,0,0,0,0,0,0,0,0,0
439,0,0,0,0,0,0,0,0,0
440,0,0,0,0,0,0,0,0,0
441,0,0,0,0,0,0,0,0,0
442,0,0,0,0,0,0,0,0,0
443,0,0,0,0,0,0,0,0,0
444,0,0,0,0,0,0,0,0,0
445,0,0,0,0,0,0,0,0,0
446,0,0,0,0,0,0,0,0,0
447,0,0,0,0,0,0,0,0,0
448,0,0,0,0,0,0,0,0,0
449,0,0,0,0,0,0,0,0,0
450,0,0,0,0,0,0,0,0,0
451,0,0,0,0,0,0,0,0,0
452,0,0,0,0,0,0,0,0,0
453,0,0,0,0,0,0,0,0,0
454,0,0,0,0,0,0,0,0,0
455,0,0,0,0,0,0,0,0,0
456,0,0,0,0,0,0,0,0,0
457,0,0,0,0,0,0,0,0,0
458,0,0,0,0,0,0,0,0,0
459,0,0,0,0,0,0,0,0,0
460,0,0,0,0,0,0,0,0,0
461,0,0,0,0,0,0,0,0,0
462,0,0,0,0,0,0,0,0,0
463,0,0,0,0,0,0,0,0,0
464,0,0,0,0,0,0,0,0,0
465,0,0,0,0,0,0,0,0,0
466,0,0,0,0,0,0,0,0,0
467,0,0,0,0,0,0,0,0,0
468,0,0,0,0,0,0,0,0,0
469,0,0,0,0,0,0,0,0,0
470,0,0,0,0,0,0,0,0,0
471,0,0,0,0,0,0,0,0,0
472,0,0,0,0,0,0,0,0,0
473,0,0,0,0,0,0,0,0,0
474,0,0,0,0,0,0,0,0,0
475,0,0,0,0,0,0,0,0,0
476,0,0,0,0,0,0,0,0,0
477,0,0,0,0,0,0,0,0,0
478,0,0,0,0,0,0,0,0,0
479,0,0,0,0,0,0,0,0,0
480,0,0,0,0,0,0,0,0,0
481,0,0,0,0,0,0,0,0,0
482,0,0,0,0,0,0,0,0,0
483,0,0,0,0,0,0,0,0,0
484,0,0,0,0,0,0,0,0,0
485,0,0,0,0,0,0,0,0,0
486,0,0,0,0,0,0,0,0,0
487,0,0,0,0,0,0,0,0,0
488,0,0,0,0,0,0,0,0,0
489,0,0,0,0,0,0,0,0,0
490,0,0,0,0,0,0,0,0,0
491,0,0,0,0,0,0,0,0,0
492,0,0,0,0,0,0,0,0,0
493,0,0,0,0,0,0,0,0,0
494,0,0,0,0,0,0,0,0,0
495,0,0,0,0,0,0,0,0,0
496,0,0,0,0,0,0,0,0,0
497,0,0,0,0,0,0,0,0,0
498,0,0,0,0,0,0,0,0,0
499,0,0,0,0,0,0,0,0,0
500,0,0,0,0,0,0,0,0,0
501,0,0,0,0,0,0,0,0,0
502,0,0,0,0,0,0,0,0,0
503,0,0,0,0,0,0,0,0,0
504,0,0,0,0,0,0,0,0,0
505,0,0,0,0,0,0,0,0,0
506,0,0,0,0,0,0,0,0,0
507,0,0,0,0,0,0,0,0,0
508,0,0,0,0,0,0,0,0,0
509,0,0,0,0,0,0,0,0,0
510,0,0,0,0,0,0,0,0,0
511,0,0,0,0,0,0,0,0,0
512,0,0,0,0,0,0,0,0,0
513,0,0,0,0,0,0,0,0,0
514,0,0,0,0,0,0,0,0,0
515,0,0,0,0,0,0,0,0,0
516,0,0,0,0,0,0,0,0,0
517,0,0,0,0,0,0,0,0,0
518,0,0,0,0,0,0,0,0,0
519,0,0,0,0,0,0,0,0,0
520,0,0,0,0,0,0,0,0,0
521,0,0,0,0,0,0,0,0,0
522,0,0,0,0,0,0,0,0,0
523,0,0,0,0,0,0,0,0,0
524,0,0,0,0,0,0,0,0,0
525,0,0,0,0,0,0,0,0,0
526,0,0,0,0,0,0,0,0,0
527,0,0,0,0,0,0,0,0,0
528,0,0,0,0,0,0,0,0,0
529,0,0,0,0,0,0,0,0,0
530,0,0,0,0,0,0,0,0,0
531,0,0,0,0,0,0,0,0,0
532,0,0,0,0,0,0,0,0,0
533,0,0,0,0,0,0,0,0,0
534,0,0,0,0,0,0,0,0,0
535,0,0,0,0,0,0,0,0,0
536,0,0,0,0,0,0,0,0,0
537,0,0,0,0,0,0,0,0,0
538,0,0,0,0,0,0,0,0,0
539,0,0,0,0,0,0,0,0,0
540,0,0,0,0,0,0,0,0,0
541,0,0,0,0,0,0,0,0,0
542,0,0,0,0,0,0,0,0,0
543,0,0,0,0,0,0,0,0,0
544,0,0,0,0,0,0,0,0,0
545,0,0,0,0,0,0,0,0,0
546,0,0,0,0,0,0,0,0,0
547,0,0,0,0,0,0,0,0,0
548,0,0,0,0,0,0,0,0,0
549,0,0,0,0,0,0,0,0,0
550,0,0,0,0,0,0,0,0,0
551,0,0,0,0,0,0,0,0,0
552,0,0,0,0,0,0,0,0,0
553,0,0,0,0,0,0,0,0,0
554,0,0,0,0,0,0,0,0,0
555,0,0,0,0,0,0,0,0,0
556,0,0,0,0,0,0,0,0,0
557,0,0,0,0,0,0,0,0,0
558,0,0,0,0,0,0,0,0,0
559,0,0,0,0,0,0,0,0,0
560,0,0,0,0,0,0,0,0,0
561,0,0,0,0,0,0,0,0,0
562,0,0,0,0,0,0,0,0,0
563,0,0,0,0,0,0,0,0,0
564,0,0,0,0,0,0,0,0,0
565,0,0,0,0,0,0,0,0,0
566,0,0,0,0,0,0,0,0,0
567,0,0,0,0,0,0,0,0,0
568,0,0,0,0,0,0,0,0,0
569,0,0,0,0,0,0,0,0,0
570,0,0,0,0,0,0,0,0,0
571,0,0,0,0,0,0,0,0,0
572,0,0,0,0,0,0,0,0,0
573,0,0,0,0,0,0,0,0,0
574,0,0,0,0,0,0,0,0,0
575,0,0,0,0,0,0,0,0,0
576,0,0,0,0,0,0,0,0,0
577,0,0,0,0,0,0,0,0,0
578,0,0,0,0,0,0,0,0,0
579,0,0,0,0,0,0,0,0,0
580,0,0,0,0,0,0,0,0,0
581,0,0,0,0,0,0,0,0,0
582,0,0,0,0,0,0,0,0,0
583,0,0,0,0,0,0,0,0,0
584,0,0,0,0,0,0,0,0,0
585,0,0,0,0,0,0,0,0,0
586,0,0,0,0,0,0,0,0,0
587,0,0,0,0,0,0,0,0,0
588,0,0,0,0,0,0,0,0,0
589,0,0,0,0,0,0,0,0,0
590,0,0,0,0,0,0,0,0,0
591,0,0,0,0,0,0,0,0,0
592,0,0,0,0,0,0,0,0,0
593,0,0,0,0,0,0,0,0,0
594,0,0,0,0,0,0,0,0,0
595,0,0,0,0,0,0,0,0,0
596,0,0,0,0,0,0,0,0,0
597,0,0,0,0,0,0,0,0,0
598,0,0,0,0,0,0,0,0,0
599,0,0,0,0,0,0,0,0,0
600,0,0,0,0,0,0,0,0,0
601,0,0,0,0,0,0,0,0,0
602,0,0,0,0,0,0,0,0,0
603,0,0,0,0,0,0,0,0,0
604,0,0,0,0,0,0,0,0,0
605,0,0,0,0,0,0,0,0,0
606,0,0,0,0,0,0,0,0,0
607,0,0,0,0,0,0,0,0,0
608,0,0,0,0,0,0,0,0,0
609,0,0,0,0,0,0,0,0,0
610,0,0,0,0,0,0,0,0,0
611,0,0,0,0,0,0,0,0,0
612,0,0,0,0,0,0,0,0,0
613,0,0,0,0,0,0,0,0,0
614,0,0,0,0,0,0,0,0,0
615,0,0,0,0,0,0,0,0,0
616,0,0,0,0,0,0,0,0,0
617,0,0,0,0,0,0,0,0,0
618,0,0,0,0,0,0,0,0,0
619,0,0,0,0,0,0,0,0,0
620,0,0,0,0,0,0,0,0,0
621,0,0,0,0,0,0,0,0,0
622,0,0,0,0,0,0,0,0,0
623,0,0,0,0,0,0,0,0,0
624,0,0,0,0,0,0,0,0,0
625,0,0,0,0,0,0,0,0,0
626,0,0,0,0,0,0,0,0,0
627,0,0,0,0,0,0,0,0,0
628,0,0,0,0,0,0,0,0,0
629,0,0,0,0,0,0,0,0,0
630,0,0,0,0,0,0,0,0,0
631,0,0,0,0,0,0,0,0,0
632,0,0,0,0,0,0,0,0,0
633,0,0,0,0,0,0,0,0,0
634,0,0,0,0,0,0,0,0,0
635,0,0,0,0,0,0,0,0,0
636,0,0,0,0,0,0,0,0,0
637,0,0,0,0,0,0,0,0,0
638,0,0,0,0,0,0,0,0,0
639,0,0,0,0,0,0,0,0,0
640,0,0,0,0,0,0,0,0,0
641,0,0,0,0,0,0,0,0,0
642,0,0,0,0,0,0,0,0,0
643,0,0,0,0,0,0,0,0,0
644,0,0,0,0,0,0,0,0,0
645,0,0,0,0,0,0,0,0,0
646,0,0,0,0,0,0,0,0,0
647,0,0,0,0,0,0,0,0,0
648,0,0,0,0,0,0,0,0,0
649,0,0,0,0,0,0,0,0,0
650,0,0,0,0,0,0,0,0,0
651,0,0,0,0,0,0,0,0,0
652,0,0,0,0,0,0,0,0,0
653,0,0,0,0,0,0,0,0,0
654,0,0,0,0,0,0,0,0,0
655,0,0,0,0,0,0,0,0,0
656,0,0,0,0,0,0,0,0,0
657,0,0,0,0,0,0,0,0,0
658,0,0,0,0,0,0,0,0,0
659,0,0,0,0,0,0,0,0,0
660,0,0,0,0,0,0,0,0,0
661,0,0,0,0,0,0,0,0,0
662,0,0,0,0,0,0,0,0,0
663,0,0,0,0,0,0,0,0,0
664,0,0,0,0,0,0,0,0,0
665,0,0,0,0,0,0,0,0,0
666,0,0,0,0,0,0,0,0,0
667,0,0,0,0,0,0,0,0,0
668,0,0,0,0,0,0,0,0,0
669,0,0,0,0,0,0,0,0,0
670,0,0,0,0,0,0,0,0,0
671,0,0,0,0,0,0,0,0,0
672,0,0,0,0,0,0,0,0,0
673,0,0,0,0,0,0,0,0,0
674,0,0,0,0,0,0,0,0,0
675,0,0,0,0,0,0,0,0,0
676,0,0,0,0,0,0,0,0,0
677,0,0,0,0,0,0,0,0,0
678,0,0,0,0,0,0,0,0,0
679,0,0,0,0,0,0,0,0,0
680,0,0,0,0,0,0,0,0,0
681,0,0,0,0,0,0,0,0,0
682,0,0,0,0,0,0,0,0,0
683,0,0,0,0,0,0,0,0,0
684,0,0,0,0,0,0,0,0,0
685,0,0,0,0,0,0,0,0,0
686,0,0,0,0,0,0,0,0,0
687,0,0,0,0,0,0,0,0,0
688,0,0,0,0,0,0,0,0,0
689,0,0,0,0,0,0,0,0,0
690,0,0,0,0,0,0,0,0,0
691,0,0,0,0,0,0,0,0,0
692,0,0,0,0,0,0,0,0,0
693,0,0,0,0,0,0,0,0,0
694,0,0,0,0,0,0,0,0,0
695,0,0,0,0,0,0,0,0,0
696,0,0,0,0,0,0,0,0,0
697,0,0,0,0,0,0,0,0,0
698,0,0,0,0,0,0,0,0,0
699,0,0,0,0,0,0,0,0,0
700,0,0,0,0,0,0,0,0,0
701,0,0,0,0,0,0,0,0,0
702,0,0,0,0,0,0,0,0,0
703,0,0,0,0,0,0,0,0,0
704,0,0,0,0,0,0,0,0,0
705,0,0,0,0,0,0,0,0,0
706,0,0,0,0,0,0,0,0,0
707,0,0,0,0,0,0,0,0,0
708,0,0,0,0,0,0,0,0,0
709,0,0,0,0,0,0,0,0,0
710,0,0,0,0,0,0,0,0,0
711,0,0,0,0,0,0,0,0,0
712,0,0,0,0,0,0,0,0,0
713,0,0,0,0,0,0,0,0,0
714,0,0,0,0,0,0,0,0,0
715,0,0,0,0,0,0,0,0,0
716,0,0,0,0,0,0,0,0,0
717,0,0,0,0,0,0,0,0,0
718,0,0,0,0,0,0,0,0,0
719,0,0,0,0,0,0,0,0,0
720,0,0,0,0,0,0,0,0,0
721,0,0,0,0,0,0,0,0,0
722,0,0,0,0,0,0,0,0,0
723,0,0,0,0,0,0,0,0,0
724,0,0,0,0,0,0,0,0,0
725,0,0,0,0,0,0,0,0,0
726,0,0,0,0,0,0,0,0,0
727,0,0,0,0,0,0,0,0,0
728,0,0,0,0,0,0,0,0,0
729,0,0,0,0,0,0,0,0,0
730,0,0,0,0,0,0,0,0,0
731,0,0,0,0,0,0,0,0,0
732,0,0,0,0,0,0,0,0,0
733,0,0,0,0,0,0,0,0,0
734,0,0,0,0,0,0,0,0,0
735,0,0,0,0,0,0,0,0,0
736,0,0,0,0,0,0,0,0,0
737,0,0,0,0,0,0,0,0,0
738,0,0,0,0,0,0,0,0,0
739,0,0,0,0,0,0,0,0,0
740,0,0,0,0,0,0,0,0,0
741,0,0,0,0,0,0,0,0,0
742,0,0,0,0,0,0,0,0,0
743,0,0,0,0,0,0,0,0,0
744,0,0,0,0,0,0,0,0,0
745,0,0,0,0,0,0,0,0,0
746,0,0,0,0,0,0,0,0,0
747,0,0,0,0,0,0,0,0,0
748,0,0,0,0,0,0,0,0,0
749,0,0,0,0,0,0,0,0,0
750,0,0,0,0,0,0,0,0,0
0,194,7257,201425,4077983,57373546,517292847,2626655236,5935079656,3356972874
1,97,2880,62425,979486,10698411,74659421,292691369,509117448,220841792
2,62,1276,23413,310603,2848637,16650847,54683950,79565714,28777641
3,32,597,9024,101585,789831,3917434,10910517,13419643,4087783
4,24,390,4932,46742,303275,1250021,2891914,2945205,742144
5,14,219,2438,20409,119403,445865,930597,855758,194876
6,9,152,1579,12192,67705,241652,484273,427524,93987
7,7,94,870,5705,27653,86723,152536,118516,22751
8,2,44,419,2463,10611,29912,47946,33715,5818
9,2,21,235,1318,5168,13278,19240,12301,1967
10,2,15,163,817,3093,7774,11274,7322,1166
11,1,9,104,545,1863,4268,5540,3265,484
12,0,6,67,325,1039,2183,2648,1511,228
13,0,6,58,278,744,1397,1517,743,90
14,0,5,55,235,568,920,819,313,36
15,0,0,0,0,0,0,0,0,0
16,0,0,0,0,0,0,0,0,0
17,0,0,0,0,0,0,0,0,0
18,0,0,0,0,0,0,0,0,0
19,0,0,0,0,0,0,0,0,0
20,0,0,0,0,0,0,0,0,0
21,0,0,0,0,0,0,0,0,0
22,0,0,0,0,0,0,0,0,0
23,0,0,0,0,0,0,0,0,0
24,0,0,0,0,0,0,0,0,0
25,0,0,0,0,0,0,0,0,0
26,0,0,0,0,0,0,0,0,0
27,0,0,0,0,0,0,0,0,0
28,0,0,0,0,0,0,0,0,0
29,0,0,0,0,0,0,0,0,0
30,0,0,0,0,0,0,0,0,0
31,0,0,0,0,0,0,0,0,0
32,0,0,0,0,0,0,0,0,0
33,0,0,0,0,0,0,0,0,0
34,0,0,0,0,0,0,0,0,0
35,0,0,0,0,0,0,0,0,0
36,0,0,0,0,0,0,0,0,0
37,0,0,0,0,0,0,0,0,0
38,0,0,0,0,0,0,0,0,0
39,0,0,0,0,0,0,0,0,0
40,0,0,0,0,0,0,0,0,0
41,0,0,0,0,0,0,0,0,0
42,0,0,0,0,0,0,0,0,0
43,0,0,0,0,0,0,0,0,0
44,0,0,0,0,0,0,0,0,0
45,0,0,0,0,0,0,0,0,0
46,0,0,0,0,0,0,0,0,0
47,0,0,0,0,0,0,0,0,0
48,0,0,0,0,0,0,0,0,0
49,0,0,0,0,0,0,0,0,0
50,0,0,0,0,0,0,0,0,0
51,0,0,0,0,0,0,0,0,0
52,0,0,0,0,0,0,0,0,0
53,0,0,0,0,0,0,0,0,0
54,0,0,0,0,0,0,0,0,0
55,0,0,0,0,0,0,0,0,0
56,0,0,0,0,0,0,0,0,0
57,0,0,0,0,0,0,0,0,0
58,0,0,0,0,0,0,0,0,0
59,0,0,0,0,0,0,0,0,0
60,0,0,0,0,0,0,0,0,0
61,0,0,0,0,0,0,0,0,0
62,0,0,0,0,0,0,0,0,0
63,0,0,0,0,0,0,0,0,0
64,0,0,0,0,0,0,0,0,0
65,0,0,0,0,0,0,0,0,0
66,0,0,0,0,0,0,0,0,0
67,0,0,0,0,0,0,0,0,0
68,0,0,0,0,0,0,0,0,0
69,0,0,0,0,0,0,0,0,0
70,0,0,0,0,0,0,0,0,0
71,0,0,0,0,0,0,0,0,0
72,0,0,0,0,0,0,0,0,0
73,0,0,0,0,0,0,0,0,0
74,0,0,0,0,0,0,0,0,0
75,0,0,0,0,0,0,0,0,0
76,0,0,0,0,0,0,0,0,0
77,0,0,0,0,0,0,0,0,0
78,0,0,0,0,0,0,0,0,0
79,0,0,0,0,0,0,0,0,0
80,0,0,0,0,0,0,0,0,0
81,0,0,0,0,0,0,0,0,0
82,0,0,0,0,0,0,0,0,0
83,0,0,0,0,0,0,0,0,0
84,0,0,0,0,0,0,0,0,0
85,0,0,0,0,0,0,0,0,0
86,0,0,0,0,0,0,0,0,0
87,0,0,0,0,0,0,0,0,0
88,0,0,0,0,0,0,0,0,0
89,0,0,0,0,0,0,0,0,0
90,0,0,0,0,0,0,0,0,0
91,0,0,0,0,0,0,0,0,0
92,0,0,0,0,0,0,0,0,0
93,0,0,0,0,0,0,0,0,0
94,0,0,0,0,0,0,0,0,0
95,0,0,0,0,0,0,0,0,0
96,0,0,0,0,0,0,0,0,0
97,0,0,0,0,0,0,0,0,0
98,0,0,0,0,0,0,0,0,0
99,0,0,0,0,0,0,0,0,0
100,0,0,0,0,0,0,0,0,0
101,0,0,0,0,0,0,0,0,0
102,0,0,0,0,0,0,0,0,0
103,0,0,0,0,0,0,0,0,0
104,0,0,0,0,0,0,0,0,0
105,0,0,0,0,0,0,0,0,0
106,0,0,0,0,0,0,0,0,0
107,0,0,0,0,0,0,0,0,0
108,0,0,0,0,0,0,0,0,0
109,0,0,0,0,0,0,0,0,0
110,0,0,0,0,0,0,0,0,0
111,0,0,0,0,0,0,0,0,0
112,0,0,0,0,0,0,0,0,0
113,0,0,0,0,0,0,0,0,0
114,0,0,0,0,0,0,0,0,0
115,0,0,0,0,0,0,0,0,0
116,0,0,0,0,0,0,0,0,0
117,0,0,0,0,0,0,0,0,0
118,0,0,0,0,0,0,0,0,0
119,0,0,0,0,0,0,0,0,0
120,0,0,0,0,0,0,0,0,0
121,0,0,0,0,0,0,0,0,0
122,0,0,0,0,0,0,0,0,0
123,0,0,0,0,0,0,0,0,0
124,0,0,0,0,0,0,0,0,0
125,0,0,0,0,0,0,0,0,0
126,0,0,0,0,0,0,0,0,0
127,0,0,0,0,0,0,0,0,0
128,0,0,0,0,0,0,0,0,0
129,0,0,0,0,0,0,0,0,0
130,0,0,0,0,0,0,0,0,0
131,0,0,0,0,0,0,0,0,0
132,0,0,0,0,0,0,0,0,0
133,0,0,0,0,0,0,0,0,0
134,0,0,0,0,0,0,0,0,0
135,0,0,0,0,0,0,0,0,0
136,0,0,0,0,0,0,0,0,0
137,0,0,0,0,0,0,0,0,0
138,0,0,0,0,0,0,0,0,0
139,0,0,0,0,0,0,0,0,0
140,0,0,0,0,0,0,0,0,0
141,0,0,0,0,0,0,0,0,0
142,0,0,0,0,0,0,0,0,0
143,0,0,0,0,0,0,0,0,0
144,0,0,0,0,0,0,0,0,0
145,0,0,0,0,0,0,0,0,0
146,0,0,0,0,0,0,0,0,0
147,0,0,0,0,0,0,0,0,0
148,0,0,0,0,0,0,0,0,0
149,0,0,0,0,0,0,0,0,0
150,0,0,0,0,0,0,0,0,0
151,0,0,0,0,0,0,0,0,0
152,0,0,0,0,0,0,0,0,0
153,0,0,0,0,0,0,0,0,0
154,0,0,0,0,0,0,0,0,0
155,0,0,0,0,0,0,0,0,0
156,0,0,0,0,0,0,0,0,0
157,0,0,0,0,0,0,0,0,0
158,0,0,0,0,0,0,0,0,0
159,0,0,0,0,0,0,0,0,0
160,0,0,0,0,0,0,0,0,0
161,0,0,0,0,0,0,0,0,0
162,0,0,0,0,0,0,0,0,0
163,0,0,0,0,0,0,0,0,0
164,0,0,0,0,0,0,0,0,0
165,0,0,0,0,0,0,0,0,0
166,0,0,0,0,0,0,0,0,0
167,0,0,0,0,0,0,0,0,0
168,0,0,0,0,0,0,0,0,0
169,0,0,0,0,0,0,0,0,0
170,0,0,0,0,0,0,0,0,0
171,0,0,0,0,0,0,0,0,0
172,0,0,0,0,0,0,0,0,0
173,0,0,0,0,0,0,0,0,0
174,0,0,0,0,0,0,0,0,0
175,0,0,0,0,0,0,0,0,0
176,0,0,0,0,0,0,0,0,0
177,0,0,0,0,0,0,0,0,0
178,0,0,0,0,0,0,0,0,0
179,0,0,0,0,0,0,0,0,0
180,0,0,0,0,0,0,0,0,0
181,0,0,0,0,0,0,0,0,0
182,0,0,0,0,0,0,0,0,0
183,0,0,0,0,0,0,0,0,0
184,0,0,0,0,0,0,0,0,0
185,0,0,0,0,0,0,0,0,0
186,0,0,0,0,0,0,0,0,0
187,0,0,0,0,0,0,0,0,0
188,0,0,0,0,0,0,0,0,0
189,0,0,0,0,0,0,0,0,0
190,0,0,0,0,0,0,0,0,0
191,0,0,0,0,0,0,0,0,0
192,0,0,0,0,0,0,0,0,0
193,0,0,0,0,0,0,0,0,0
194,0,0,0,0,0,0,0,0,0
195,0,0,0,0,0,0,0,0,0
196,0,0,0,0,0,0,0,0,0
197,0,0,0,0,0,0,0,0,0
198,0,0,0,0,0,0,0,0,0
199,0,0,0,0,0,0,0,0,0
200,0,0,0,0,0,0,0,0,0
201,0,0,0,0,0,0,0,0,0
202,0,0,0,0,0,0,0,0,0
203,0,0,0,0,0,0,0,0,0
204,0,0,0,0,0,0,0,0,0
205,0,0,0,0,0,0,0,0,0
206,0,0,0,0,0,0,0,0,0
207,0,0,0,0,0,0,0,0,0
208,0,0,0,0,0,0,0,0,0
209,0,0,0,0,0,0,0,0,0
210,0,0,0,0,0,0,0,0,0
211,0,0,0,0,0,0,0,0,0
212,0,0,0,0,0,0,0,0,0
213,0,0,0,0,0,0,0,0,0
214,0,0,0,0,0,0,0,0,0
215,0,0,0,0,0,0,0,0,0
216,0,0,0,0,0,0,0,0,0
217,0,0,0,0,0,0,0,0,0
218,0,0,0,0,0,0,0,0,0
219,0,0,0,0,0,0,0,0,0
220,0,0,0,0,0,0,0,0,0
221,0,0,0,0,0,0,0,0,0
222,0,0,0,0,0,0,0,0,0
223,0,0,0,0,0,0,0,0,0
224,0,0,0,0,0,0,0,0,0
225,0,0,0,0,0,0,0,0,0
226,0,0,0,0,0,0,0,0,0
227,0,0,0,0,0,0,0,0,0
228,0,0,0,0,0,0,0,0,0
229,0,0,0,0,0,0,0,0,0
230,0,0,0,0,0,0,0,0,0
231,0,0,0,0,0,0,0,0,0
232,0,0,0,0,0,0,0,0,0
233,0,0,0,0,0,0,0,0,0
234,0,0,0,0,0,0,0,0,0
235,0,0,0,0,0,0,0,0,0
236,0,0,0,0,0,0,0,0,0
237,0,0,0,0,0,0,0,0,0
238,0,0,0,0,0,0,0,0,0
239,0,0,0,0,0,0,0,0,0
240,0,0,0,0,0,0,0,0,0
241,0,0,0,0,0,0,0,0,0
242,0,0,0,0,0,0,0,0,0
243,0,0,0,0,0,0,0,0,0
244,0,0,0,0,0,0,0,0,0
245,0,0,0,0,0,0,0,0,0
246,0,0,0,0,0,0,0,0,0
247,0,0,0,0,0,0,0,0,0
248,0,0,0,0,0,0,0,0,0
249,0,0,0,0,0,0,0,0,0
250,0,0,0,0,0,0,0,0,0
251,0,0,0,0,0,0,0,0,0
252,0,0,0,0,0,0,0,0,0
253,0,0,0,0,0,0,0,0,0
254,0,0,0,0,0,0,0,0,0
255,0,0,0,0,0,0,0,0,0
256,0,0,0,0,0,0,0,0,0
257,0,0,0,0,0,0,0,0,0
258,0,0,0,0,0,0,0,0,0
259,0,0,0,0,0,0,0,0,0
260,0,0,0,0,0,0,0,0,0
261,0,0,0,0,0,0,0,0,0
262,0,0,0,0,0,0,0,0,0
263,0,0,0,0,0,0,0,0,0
264,0,0,0,0,0,0,0,0,0
265,0,0,0,0,0,0,0,0,0
266,0,0,0,0,0,0,0,0,0
267,0,0,0,0,0,0,0,0,0
268,0,0,0,0,0,0,0,0,0
269,0,0,0,0,0,0,0,0,0
270,0,0,0,0,0,0,0,0,0
271,0,0,0,0,0,0,0,0,0
272,0,0,0,0,0,0,0,0,0
273,0,0,0,0,0,0,0,0,0
274,0,0,0,0,0,0,0,0,0
275,0,0,0,0,0,0,0,0,0
276,0,0,0,0,0,0,0,0,0
277,0,0,0,0,0,0,0,0,0
278,0,0,0,0,0,0,0,0,0
279,0,0,0,0,0,0,0,0,0
280,0,0,0,0,0,0,0,0,0
281,0,0,0,0,0,0,0,0,0
282,0,0,0,0,0,0,0,0,0
283,0,0,0,0,0,0,0,0,0
284,0,0,0,0,0,0,0,0,0
285,0,0,0,0,0,0,0,0,0
286,0,0,0,0,0,0,0,0,0
287,0,0,0,0,0,0,0,0,0
288,0,0,0,0,0,0,0,0,0
289,0,0,0,0,0,0,0,0,0
290,0,0,0,0,0,0,0,0,0
291,0,0,0,0,0,0,0,0,0
292,0,0,0,0,0,0,0,0,0
293,0,0,0,0,0,0,0,0,0
294,0,0,0,0,0,0,0,0,0
295,0,0,0,0,0,0,0,0,0
296,0,0,0,0,0,0,0,0,0
297,0,0,0,0,0,0,0,0,0
298,0,0,0,0,0,0,0,0,0
299,0,0,0,0,0,0,0,0,0
300,0,0,0,0,0,0,0,0,0
301,0,0,0,0,0,0,0,0,0
302,0,0,0,0,0,0,0,0,0
303,0,0,0,0,0,0,0,0,0
304,0,0,0,0,0,0,0,0,0
305,0,0,0,0,0,0,0,0,0
306,0,0,0,0,0,0,0,0,0
307,0,0,0,0,0,0,0,0,0
308,0,0,0,0,0,0,0,0,0
309,0,0,0,0,0,0,0,0,0
310,0,0,0,0,0,0,0,0,0
311,0,0,0,0,0,0,0,0,0
312,0,0,0,0,0,0,0,0,0
313,0,0,0,0,0,0,0,0,0
314,0,0,0,0,0,0,0,0,0
315,0,0,0,0,0,0,0,0,0
316,0,0,0,0,0,0,0,0,0
317,0,0,0,0,0,0,0,0,0
318,0,0,0,0,0,0,0,0,0
319,0,0,0,0,0,0,0,0,0
320,0,0,0,0,0,0,0,0,0
321,0,0,0,0,0,0,0,0,0
322,0,0,0,0,0,0,0,0,0
323,0,0,0,0,0,0,0,0,0
324,0,0,0,0,0,0,0,0,0
325,0,0,0,0,0,0,0,0,0
326,0,0,0,0,0,0,0,0,0
327,0,0,0,0,0,0,0,0,0
328,0,0,0,0,0,0,0,0,0
329,0,0,0,0,0,0,0,0,0
330,0,0,0,0,0,0,0,0,0
331,0,0,0,0,0,0,0,0,0
332,0,0,0,0,0,0,0,0,0
333,0,0,0,0,0,0,0,0,0
334,0,0,0,0,0,0,0,0,0
335,0,0,0,0,0,0,0,0,0
336,0,0,0,0,0,0,0,0,0
337,0,0,0,0,0,0,0,0,0
338,0,0,0,0,0,0,0,0,0
339,0,0,0,0,0,0,0,0,0
340,0,0,0,0,0,0,0,0,0
341,0,0,0,0,0,0,0,0,0
342,0,0,0,0,0,0,0,0,0
343,0,0,0,0,0,0,0,0,0
344,0,0,0,0,0,0,0,0,0
345,0,0,0,0,0,0,0,0,0
346,0,0,0,0,0,0,0,0,0
347,0,0,0,0,0,0,0,0,0
348,0,0,0,0,0,0,0,0,0
349,0,0,0,0,0,0,0,0,0
350,0,0,0,0,0,0,0,0,0
351,0,0,0,0,0,0,0,0,0
352,0,0,0,0,0,0,0,0,0
353,0,0,0,0,0,0,0,0,0
354,0,0,0,0,0,0,0,0,0
355,0,0,0,0,0,0,0,0,0
356,0,0,0,0,0,0,0,0,0
357,0,0,0,0,0,0,0,0,0
358,0,0,0,0,0,0,0,0,0
359,0,0,0,0,0,0,0,0,0
360,0,0,0,0,0,0,0,0,0
361,0,0,0,0,0,0,0,0,0
362,0,0,0,0,0,0,0,0,0
363,0,0,0,0,0,0,0,0,0
364,0,0,0,0,0,0,0,0,0
365,0,0,0,0,0,0,0,0,0
366,0,0,0,0,0,0,0,0,0
367,0,0,0,0,0,0,0,0,0
368,0,0,0,0,0,0,0,0,0
369,0,0,0,0,0,0,0,0,0
370,0,0,0,0,0,0,0,0,0
371,0,0,0,0,0,0,0,0,0
372,0,0,0,0,0,0,0,0,0
373,0,0,0,0,0,0,0,0,0
374,0,0,0,0,0,0,0,0,0
375,0,0,0,0,0,0,0,0,0
376,0,0,0,0,0,0,0,0,0
377,0,0,0,0,0,0,0,0,0
378,0,0,0,0,0,0,0,0,0
379,0,0,0,0,0,0,0,0,0
380,0,0,0,0,0,0,0,0,0
381,0,0,0,0,0,0,0,0,0
382,0,0,0,0,0,0,0,0,0
383,0,0,0,0,0,0,0,0,0
384,0,0,0,0,0,0,0,0,0
385,0,0,0,0,0,0,0,0,0
386,0,0,0,0,0,0,0,0,0
387,0,0,0,0,0,0,0,0,0
388,0,0,0,0,0,0,0,0,0
389,0,0,0,0,0,0,0,0,0
390,0,0,0,0,0,0,0,0,0
391,0,0,0,0,0,0,0,0,0
392,0,0,0,0,0,0,0,0,0
393,0,0,0,0,0,0,0,0,0
394,0,0,0,0,0,0,0,0,0
395,0,0,0,0,0,0,0,0,0
396,0,0,0,0,0,0,0,0,0
397,0,0,0,0,0,0,0,0,0
398,0,0,0,0,0,0,0,0,0
399,0,0,0,0,0,0,0,0,0
400,0,0,0,0,0,0,0,0,0
401,0,0,0,0,0,0,0,0,0
402,0,0,0,0,0,0,0,0,0
403,0,0,0,0,0,0,0,0,0
404,0,0,0,0,0,0,0,0,0
405,0,0,0,0,0,0,0,0,0
406,0,0,0,0,0,0,0,0,0
407,0,0,0,0,0,0,0,0,0
408,0,0,0,0,0,0,0,0,0
409,0,0,0,0,0,0,0,0,0
410,0,0,0,0,0,0,0,0,0
411,0,0,0,0,0,0,0,0,0
412,0,0,0,0,0,0,0,0,0
413,0,0,0,0,0,0,0,0,0
414,0,0,0,0,0,0,0,0,0
415,0,0,0,0,0,0,0,0,0
416,0,0,0,0,0,0,0,0,0
417,0,0,0,0,0,0,0,0,0
418,0,0,0,0,0,0,0,0,0
419,0,0,0,0,0,0,0,0,0
420,0,0,0,0,0,0,0,0,0
421,0,0,0,0,0,0,0,0,0
422,0,0,0,0,0,0,0,0,0
423,0,0,0,0,0,0,0,0,0
424,0,0,0,0,0,0,0,0,0
425,0,0,0,0,0,0,0,0,0
426,0,0,0,0,0,0,0,0,0
427,0,0,0,0,0,0,0,0,0
428,0,0,0,0,0,0,0,0,0
429,0,0,0,0,0,0,0,0,0
430,0,0,0,0,0,0,0,0,0
431,0,0,0,0,0,0,0,0,0
432,0,0,0,0,0,0,0,0,0
433,0,0,0,0,0,0,0,0,0
434,0,0,0,0,0,0,0,0,0
435,0,0,0,0,0,0,0,0,0
436,0,0,0,0,0,0,0,0,0
437,0,0,0,0,0,0,0,0,0
438,0,0,0,0,0,0,0,0,0
439,0,0,0,0,0,0,0,0,0
440,0,0,0,0,0,0,0,0,0
441,0,0,0,0,0,0,0,0,0
442,0,0,0,0,0,0,0,0,0
443,0,0,0,0,0,0,0,0,0
444,0,0,0,0,0,0,0,0,0
445,0,0,0,0,0,0,0,0,0
446,0,0,0,0,0,0,0,0,0
447,0,0,0,0,0,0,0,0,0
448,0,0,0,0,0,0,0,0,0
449,0,0,0,0,0,0,0,0,0
450,0,0,0,0,0,0,0,0,0
451,0,0,0,0,0,0,0,0,0
452,0,0,0,0,0,0,0,0,0
453,0,0,0,0,0,0,0,0,0
454,0,0,0,0,0,0,0,0,0
455,0,0,0,0,0,0,0,0,0
456,0,0,0,0,0,0,0,0,0
457,0,0,0,0,0,0,0,0,0
458,0,0,0,0,0,0,0,0,0
459,0,0,0,0,0,0,0,0,0
460,0,0,0,0,0,0,0,0,0
461,0,0,0,0,0,0,0,0,0
462,0,0,0,0,0,0,0,0,0
463,0,0,0,0,0,0,0,0,0
464,0,0,0,0,0,0,0,0,0
465,0,0,0,0,0,0,0,0,0
466,0,0,0,0,0,0,0,0,0
467,0,0,0,0,0,0,0,0,0
468,0,0,0,0,0,0,0,0,0
469,0,0,0,0,0,0,0,0,0
470,0,0,0,0,0,0,0,0,0
471,0,0,0,0,0,0,0,0,0
472,0,0,0,0,0,0,0,0,0
473,0,0,0,0,0,0,0,0,0
474,0,0,0,0,0,0,0,0,0
475,0,0,0,0,0,0,0,0,0
476,0,0,0,0,0,0,0,0,0
477,0,0,0,0,0,0,0,0,0
478,0,0,0,0,0,0,0,0,0
479,0,0,0,0,0,0,0,0,0
480,0,0,0,0,0,0,0,0,0
481,0,0,0,0,0,0,0,0,0
482,0,0,0,0,0,0,0,0,0
483,0,0,0,0,0,0,0,0,0
484,0,0,0,0,0,0,0,0,0
485,0,0,0,0,0,0,0,0,0
486,0,0,0,0,0,0,0,0,0
487,0,0,0,0,0,0,0,0,0
488,0,0,0,0,0,0,0,0,0
489,0,0,0,0,0,0,0,0,0
490,0,0,0,0,0,0,0,0,0
491,0,0,0,0,0,0,0,0,0
492,0,0,0,0,0,0,0,0,0
493,0,0,0,0,0,0,0,0,0
494,0,0,0,0,0,0,0,0,0
495,0,0,0,0,0,0,0,0,0
496,0,0,0,0,0,0,0,0,0
497,0,0,0,0,0,0,0,0,0
498,0,0,0,0,0,0,0,0,0
499,0,0,0,0,0,0,0,0,0
500,0,0,0,0,0,0,0,0,0
501,0,0,0,0,0,0,0,0,0
502,0,0,0,0,0,0,0,0,0
503,0,0,0,0,0,0,0,0,0
504,0,0,0,0,0,0,0,0,0
505,0,0,0,0,0,0,0,0,0
506,0,0,0,0,0,0,0,0,0
507,0,0,0,0,0,0,0,0,0
508,0,0,0,0,0,0,0,0,0
509,0,0,0,0,0,0,0,0,0
510,0,0,0,0,0,0,0,0,0
511,0,0,0,0,0,0,0,0,0
512,0,0,0,0,0,0,0,0,0
513,0,0,0,0,0,0,0,0,0
514,0,0,0,0,0,0,0,0,0
515,0,0,0,0,0,0,0,0,0
516,0,0,0,0,0,0,0,0,0
517,0,0,0,0,0,0,0,0,0
518,0,0,0,0,0,0,0,0,0
519,0,0,0,0,0,0,0,0,0
520,0,0,0,0,0,0,0,0,0
521,0,0,0,0,0,0,0,0,0
522,0,0,0,0,0,0,0,0,0
523,0,0,0,0,0,0,0,0,0
524,0,0,0,0,0,0,0,0,0
525,0,0,0,0,0,0,0,0,0
526,0,0,0,0,0,0,0,0,0
527,0,0,0,0,0,0,0,0,0
528,0,0,0,0,0,0,0,0,0
529,0,0,0,0,0,0,0,0,0
530,0,0,0,0,0,0,0,0,0
531,0,0,0,0,0,0,0,0,0
532,0,0,0,0,0,0,0,0,0
533,0,0,0,0,0,0,0,0,0
534,0,0,0,0,0,0,0,0,0
535,0,0,0,0,0,0,0,0,0
536,0,0,0,0,0,0,0,0,0
537,0,0,0,0,0,0,0,0,0
538,0,0,0,0,0,0,0,0,0
539,0,0,0,0,0,0,0,0,0
540,0,0,0,0,0,0,0,0,0
541,0,0,0,0,0,0,0,0,0
542,0,0,0,0,0,0,0,0,0
543,0,0,0,0,0,0,0,0,0
544,0,0,0,0,0,0,0,0,0
545,0,0,0,0,0,0,0,0,0
546,0,0,0,0,0,0,0,0,0
547,0,0,0,0,0,0,0,0,0
548,0,0,0,0,0,0,0,0,0
549,0,0,0,0,0,0,0,0,0
550,0,0,0,0,0,0,0,0,0
551,0,0,0,0,0,0,0,0,0
552,0,0,0,0,0,0,0,0,0
553,0,0,0,0,0,0,0,0,0
554,0,0,0,0,0,0,0,0,0
555,0,0,0,0,0,0,0,0,0
556,0,0,0,0,0,0,0,0,0
557,0,0,0,0,0,0,0,0,0
558,0,0,0,0,0,0,0,0,0
559,0,0,0,0,0,0,0,0,0
560,0,0,0,0,0,0,0,0,0
561,0,0,0,0,0,0,0,0,0
562,0,0,0,0,0,0,0,0,0
563,0,0,0,0,0,0,0,0,0
564,0,0,0,0,0,0,0,0,0
565,0,0,0,0,0,0,0,0,0
566,0,0,0,0,0,0,0,0,0
567,0,0,0,0,0,0,0,0,0
568,0,0,0,0,0,0,0,0,0
569,0,0,0,0,0,0,0,0,0
570,0,0,0,0,0,0,0,0,0
571,0,0,0,0,0,0,0,0,0
572,0,0,0,0,0,0,0,0,0
573,0,0,0,0,0,0,0,0,0
574,0,0,0,0,0,0,0,0,0
575,0,0,0,0,0,0,0,0,0
576,0,0,0,0,0,0,0,0,0
577,0,0,0,0,0,0,0,0,0
578,0,0,0,0,0,0,0,0,0
579,0,0,0,0,0,0,0,0,0
580,0,0,0,0,0,0,0,0,0
581,0,0,0,0,0,0,0,0,0
582,0,0,0,0,0,0,0,0,0
583,0,0,0,0,0,0,0,0,0
584,0,0,0,0,0,0,0,0,0
585,0,0,0,0,0,0,0,0,0
586,0,0,0,0,0,0,0,0,0
587,0,0,0,0,0,0,0,0,0
588,0,0,0,0,0,0,0,0,0
589,0,0,0,0,0,0,0,0,0
590,0,0,0,0,0,0,0,0,0
591,0,0,0,0,0,0,0,0,0
592,0,0,0,0,0,0,0,0,0
593,0,0,0,0,0,0,0,0,0
594,0,0,0,0,0,0,0,0,0
595,0,0,0,0,0,0,0,0,0
596,0,0,0,0,0,0,0,0,0
597,0,0,0,0,0,0,0,0,0
598,0,0,0,0,0,0,0,0,0
599,0,0,0,0,0,0,0,0,0
600,0,0,0,0,0,0,0,0,0
601,0,0,0,0,0,0,0,0,0
602,0,0,0,0,0,0,0,0,0
603,0,0,0,0,0,0,0,0,0
604,0,0,0,0,0,0,0,0,0
605,0,0,0,0,0,0,0,0,0
606,0,0,0,0,0,0,0,0,0
607,0,0,0,0,0,0,0,0,0
608,0,0,0,0,0,0,0,0,0
609,0,0,0,0,0,0,0,0,0
610,0,0,0,0,0,0,0,0,0
611,0,0,0,0,0,0,0,0,0
612,0,0,0,0,0,0,0,0,0
613,0,0,0,0,0,0,0,0,0
614,0,0,0,0,0,0,0,0,0
615,0,0,0,0,0,0,0,0,0
616,0,0,0,0,0,0,0,0,0
617,0,0,0,0,0,0,0,0,0
618,0,0,0,0,0,0,0,0,0
619,0,0,0,0,0,0,0,0,0
620,0,0,0,0,0,0,0,0,0
621,0,0,0,0,0,0,0,0,0
622,0,0,0,0,0,0,0,0,0
623,0,0,0,0,0,0,0,0,0
624,0,0,0,0,0,0,0,0,0
625,0,0,0,0,0,0,0,0,0
626,0,0,0,0,0,0,0,0,0
627,0,0,0,0,0,0,0,0,0
628,0,0,0,0,0,0,0,0,0
629,0,0,0,0,0,0,0,0,0
630,0,0,0,0,0,0,0,0,0
631,0,0,0,0,0,0,0,0,0
632,0,0,0,0,0,0,0,0,0
633,0,0,0,0,0,0,0,0,0
634,0,0,0,0,0,0,0,0,0
635,0,0,0,0,0,0,0,0,0
636,0,0,0,0,0,0,0,0,0
637,0,0,0,0,0,0,0,0,0
638,0,0,0,0,0,0,0,0,0
639,0,0,0,0,0,0,0,0,0
640,0,0,0,0,0,0,0,0,0
641,0,0,0,0,0,0,0,0,0
642,0,0,0,0,0,0,0,0,0
643,0,0,0,0,0,0,0,0,0
644,0,0,0,0,0,0,0,0,0
645,0,0,0,0,0,0,0,0,0
646,0,0,0,0,0,0,0,0,0
647,0,0,0,0,0,0,0,0,0
648,0,0,0,0,0,0,0,0,0
649,0,0,0,0,0,0,0,0,0
650,0,0,0,0,0,0,0,0,0
651,0,0,0,0,0,0,0,0,0
652,0,0,0,0,0,0,0,0,0
653,0,0,0,0,0,0,0,0,0
654,0,0,0,0,0,0,0,0,0
655,0,0,0,0,0,0,0,0,0
656,0,0,0,0,0,0,0,0,0
657,0,0,0,0,0,0,0,0,0
658,0,0,0,0,0,0,0,0,0
659,0,0,0,0,0,0,0,0,0
660,0,0,0,0,0,0,0,0,0
661,0,0,0,0,0,0,0,0,0
662,0,0,0,0,0,0,0,0,0
663,0,0,0,0,0,0,0,0,0
664,0,0,0,0,0,0,0,0,0
665,0,0,0,0,0,0,0,0,0
666,0,0,0,0,0,0,0,0,0
667,0,0,0,0,0,0,0,0,0
668,0,0,0,0,0,0,0,0,0
669,0,0,0,0,0,0,0,0,0
670,0,0,0,0,0,0,0,0,0
671,0,0,0,0,0,0,0,0,0
672,0,0,0,0,0,0,0,0,0
673,0,0,0,0,0,0,0,0,0
674,0,0,0,0,0,0,0,0,0
675,0,0,0,0,0,0,0,0,0
676,0,0,0,0,0,0,0,0,0
677,0,0,0,0,0,0,0,0,0
678,0,0,0,0,0,0,0,0,0
679,0,0,0,0,0,0,0,0,0
680,0,0,0,0,0,0,0,0,0
681,0,0,0,0,0,0,0,0,0
682,0,0,0,0,0,0,0,0,0
683,0,0,0,0,0,0,0,0,0
684,0,0,0,0,0,0,0,0,0
685,0,0,0,0,0,0,0,0,0
686,0,0,0,0,0,0,0,0,0
687,0,0,0,0,0,0,0,0,0
688,0,0,0,0,0,0,0,0,0
689,0,0,0,0,0,0,0,0,0
690,0,0,0,0,0,0,0,0,0
691,0,0,0,0,0,0,0,0,0
692,0,0,0,0,0,0,0,0,0
693,0,0,0,0,0,0,0,0,0
694,0,0,0,0,0,0,0,0,0
695,0,0,0,0,0,0,0,0,0
696,0,0,0,0,0,0,0,0,0
697,0,0,0,0,0,0,0,0,0
698,0,0,0,0,0,0,0,0,0
699,0,0,0,0,0,0,0,0,0
700,0,0,0,0,0,0,0,0,0
701,0,0,0,0,0,0,0,0,0
702,0,0,0,0,0,0,0,0,0
703,0,0,0,0,0,0,0,0,0
704,0,0,0,0,0,0,0,0,0
705,0,0,0,0,0,0,0,0,0
706,0,0,0,0,0,0,0,0,0
707,0,0,0,0,0,0,0,0,0
708,0,0,0,0,0,0,0,0,0
709,0,0,0,0,0,0,0,0,0
710,0,0,0,0,0,0,0,0,0
711,0,0,0,0,0,0,0,0,0
712,0,0,0,0,0,0,0,0,0
713,0,0,0,0,0,0,0,0,0
714,0,0,0,0,0,0,0,0,0
715,0,0,0,0,0,0,0,0,0
716,0,0,0,0,0,0,0,0,0
717,0,0,0,0,0,0,0,0,0
718,0,0,0,0,0,0,0,0,0
719,0,0,0,0,0,0,0,0,0
720,0,0,0,0,0,0,0,0,0
721,0,0,0,0,0,0,0,0,0
722,0,0,0,0,0,0,0,0,0
723,0,0,0,0,0,0,0,0,0
724,0,0,0,0,0,0,0,0,0
725,0,0,0,0,0,0,0,0,0
726,0,0,0,0,0,0,0,0,0
727,0,0,0,0,0,0,0,0,0
728,0,0,0,0,0,0,0,0,0
729,0,0,0,0,0,0,0,0,0
730,0,0,0,0,0,0,0,0,0
731,0,0,0,0,0,0,0,0,0
732,0,0,0,0,0,0,0,0,0
733,0,0,0,0,0,0,0,0,0
734,0,0,0,0,0,0,0,0,0
735,0,0,0,0,0,0,0,0,0
736,0,0,0,0,0,0,0,0,0
737,0,0,0,0,0,0,0,0,0
738,0,0,0,0,0,0,0,0,0
739,0,0,0,0,0,0,0,0,0
740,0,0,0,0,0,0,0,0,0
741,0,0,0,0,0,0,0,0,0
742,0,0,0,0,0,0,0,0,0
743,0,0,0,0,0,0,0,0,0
744,0,0,0,0,0,0,0,0,0
745,0,0,0,0,0,0,0,0,0
746,0,0,0,0,0,0,0,0,0
747,0,0,0,0,0,0,0,0,0
748,0,0,0,0,0,0,0,0,0
749,0,0,0,0,0,0,0,0,0
750,0,0,0,0,0,0,0,0,0
0,194,7257,201425,4077983,57373546,517292847,2626655236,5935079656,3356972874
1,90,2628,55911,853722,9100440,62263349,240257138,413149060,178138463
2,58,1410,26111,347773,3233064,19278965,64894265,97443503,36737645
3,31,709,11006,121114,921169,4505449,12472640,15460996,4829136
4,16,406,5733,56880,386477,1689543,4176847,4618265,1287583
5,10,234,3155,28962,181405,729625,1663533,1699959,438021
6,7,145,1815,15214,84919,302307,613566,561794,131152
7,5,91,986,7617,39265,128929,242457,204085,43863
8,4,56,617,4623,23119,73608,134760,109942,22892
9,4,46,461,3316,15678,46886,80441,61442,12127
10,3,42,382,2555,10997,30463,49320,35424,6543
11,2,30,260,1676,6742,18018,28629,20121,3670
12,2,22,183,1147,4181,10444,15387,10086,1664
13,2,15,119,708,2287,5255,7025,4291,679
14,2,14,100,595,1813,4012,4817,2773,417
15,2,14,100,587,1687,3684,4292,2331,316
16,2,12,79,467,1184,2441,2622,1274,175
17,0,3,42,263,680,1309,1368,652,93
18,0,3,35,195,461,803,873,322,52
19,0,2,29,140,280,486,457,162,13
20,0,2,20,82,168,222,208,85,5
21,0,2,5,39,78,83,63,28,3
22,0,0,0,0,0,0,0,0,0
23,0,0,0,0,0,0,0,0,0
24,0,0,0,0,0,0,0,0,0
25,0,0,0,0,0,0,0,0,0
26,0,0,0,0,0,0,0,0,0
27,0,0,0,0,0,0,0,0,0
28,0,0,0,0,0,0,0,0,0
29,0,0,0,0,0,0,0,0,0
30,0,0,0,0,0,0,0,0,0
31,0,0,0,0,0,0,0,0,0
32,0,0,0,0,0,0,0,0,0
33,0,0,0,0,0,0,0,0,0
34,0,0,0,0,0,0,0,0,0
35,0,0,0,0,0,0,0,0,0
36,0,0,0,0,0,0,0,0,0
37,0,0,0,0,0,0,0,0,0
38,0,0,0,0,0,0,0,0,0
39,0,0,0,0,0,0,0,0,0
40,0,0,0,0,0,0,0,0,0
41,0,0,0,0,0,0,0,0,0
42,0,0,0,0,0,0,0,0,0
43,0,0,0,0,0,0,0,0,0
44,0,0,0,0,0,0,0,0,0
45,0,0,0,0,0,0,0,0,0
46,0,0,0,0,0,0,0,0,0
47,0,0,0,0,0,0,0,0,0
48,0,0,0,0,0,0,0,0,0
49,0,0,0,0,0,0,0,0,0
50,0,0,0,0,0,0,0,0,0
51,0,0,0,0,0,0,0,0,0
52,0,0,0,0,0,0,0,0,0
53,0,0,0,0,0,0,0,0,0
54,0,0,0,0,0,0,0,0,0
55,0,0,0,0,0,0,0,0,0
56,0,0,0,0,0,0,0,0,0
57,0,0,0,0,0,0,0,0,0
58,0,0,0,0,0,0,0,0,0
59,0,0,0,0,0,0,0,0,0
60,0,0,0,0,0,0,0,0,0
61,0,0,0,0,0,0,0,0,0
62,0,0,0,0,0,0,0,0,0
63,0,0,0,0,0,0,0,0,0
64,0,0,0,0,0,0,0,0,0
65,0,0,0,0,0,0,0,0,0
66,0,0,0,0,0,0,0,0,0
67,0,0,0,0,0,0,0,0,0
68,0,0,0,0,0,0,0,0,0
69,0,0,0,0,0,0,0,0,0
70,0,0,0,0,0,0,0,0,0
71,0,0,0,0,0,0,0,0,0
72,0,0,0,0,0,0,0,0,0
73,0,0,0,0,0,0,0,0,0
74,0,0,0,0,0,0,0,0,0
75,0,0,0,0,0,0,0,0,0
76,0,0,0,0,0,0,0,0,0
77,0,0,0,0,0,0,0,0,0
78,0,0,0,0,0,0,0,0,0
79,0,0,0,0,0,0,0,0,0
80,0,0,0,0,0,0,0,0,0
81,0,0,0,0,0,0,0,0,0
82,0,0,0,0,0,0,0,0,0
83,0,0,0,0,0,0,0,0,0
84,0,0,0,0,0,0,0,0,0
85,0,0,0,0,0,0,0,0,0
86,0,0,0,0,0,0,0,0,0
87,0,0,0,0,0,0,0,0,0
88,0,0,0,0,0,0,0,0,0
89,0,0,0,0,0,0,0,0,0
90,0,0,0,0,0,0,0,0,0
91,0,0,0,0,0,0,0,0,0
92,0,0,0,0,0,0,0,0,0
93,0,0,0,0,0,0,0,0,0
94,0,0,0,0,0,0,0,0,0
95,0,0,0,0,0,0,0,0,0
96,0,0,0,0,0,0,0,0,0
97,0,0,0,0,0,0,0,0,0
98,0,0,0,0,0,0,0,0,0
99,0,0,0,0,0,0,0,0,0
100,0,0,0,0,0,0,0,0,0
101,0,0,0,0,0,0,0,0,0
102,0,0,0,0,0,0,0,0,0
103,0,0,0,0,0,0,0,0,0
104,0,0,0,0,0,0,0,0,0
105,0,0,0,0,0,0,0,0,0
106,0,0,0,0,0,0,0,0,0
107,0,0,0,0,0,0,0,0,0
108,0,0,0,0,0,0,0,0,0
109,0,0,0,0,0,0,0,0,0
110,0,0,0,0,0,0,0,0,0
111,0,0,0,0,0,0,0,0,0
112,0,0,0,0,0,0,0,0,0
113,0,0,0,0,0,0,0,0,0
114,0,0,0,0,0,0,0,0,0
115,0,0,0,0,0,0,0,0,0
116,0,0,0,0,0,0,0,0,0
117,0,0,0,0,0,0,0,0,0
118,0,0,0,0,0,0,0,0,0
119,0,0,0,0,0,0,0,0,0
120,0,0,0,0,0,0,0,0,0
121,0,0,0,0,0,0,0,0,0
122,0,0,0,0,0,0,0,0,0
123,0,0,0,0,0,0,0,0,0
124,0,0,0,0,0,0,0,0,0
125,0,0,0,0,0,0,0,0,0
126,0,0,0,0,0,0,0,0,0
127,0,0,0,0,0,0,0,0,0
128,0,0,0,0,0,0,0,0,0
129,0,0,0,0,0,0,0,0,0
130,0,0,0,0,0,0,0,0,0
131,0,0,0,0,0,0,0,0,0
132,0,0,0,0,0,0,0,0,0
133,0,0,0,0,0,0,0,0,0
134,0,0,0,0,0,0,0,0,0
135,0,0,0,0,0,0,0,0,0
136,0,0,0,0,0,0,0,0,0
137,0,0,0,0,0,0,0,0,0
138,0,0,0,0,0,0,0,0,0
139,0,0,0,0,0,0,0,0,0
140,0,0,0,0,0,0,0,0,0
141,0,0,0,0,0,0,0,0,0
142,0,0,0,0,0,0,0,0,0
143,0,0,0,0,0,0,0,0,0
144,0,0,0,0,0,0,0,0,0
145,0,0,0,0,0,0,0,0,0
146,0,0,0,0,0,0,0,0,0
147,0,0,0,0,0,0,0,0,0
148,0,0,0,0,0,0,0,0,0
149,0,0,0,0,0,0,0,0,0
150,0,0,0,0,0,0,0,0,0
151,0,0,0,0,0,0,0,0,0
152,0,0,0,0,0,0,0,0,0
153,0,0,0,0,0,0,0,0,0
154,0,0,0,0,0,0,0,0,0
155,0,0,0,0,0,0,0,0,0
156,0,0,0,0,0,0,0,0,0
157,0,0,0,0,0,0,0,0,0
158,0,0,0,0,0,0,0,0,0
159,0,0,0,0,0,0,0,0,0
160,0,0,0,0,0,0,0,0,0
161,0,0,0,0,0,0,0,0,0
162,0,0,0,0,0,0,0,0,0
163,0,0,0,0,0,0,0,0,0
164,0,0,0,0,0,0,0,0,0
165,0,0,0,0,0,0,0,0,0
166,0,0,0,0,0,0,0,0,0
167,0,0,0,0,0,0,0,0,0
168,0,0,0,0,0,0,0,0,0
169,0,0,0,0,0,0,0,0,0
170,0,0,0,0,0,0,0,0,0
171,0,0,0,0,0,0,0,0,0
172,0,0,0,0,0,0,0,0,0
173,0,0,0,0,0,0,0,0,0
174,0,0,0,0,0,0,0,0,0
175,0,0,0,0,0,0,0,0,0
176,0,0,0,0,0,0,0,0,0
177,0,0,0,0,0,0,0,0,0
178,0,0,0,0,0,0,0,0,0
179,0,0,0,0,0,0,0,0,0
180,0,0,0,0,0,0,0,0,0
181,0,0,0,0,0,0,0,0,0
182,0,0,0,0,0,0,0,0,0
183,0,0,0,0,0,0,0,0,0
184,0,0,0,0,0,0,0,0,0
185,0,0,0,0,0,0,0,0,0
186,0,0,0,0,0,0,0,0,0
187,0,0,0,0,0,0,0,0,0
188,0,0,0,0,0,0,0,0,0
189,0,0,0,0,0,0,0,0,0
190,0,0,0,0,0,0,0,0,0
191,0,0,0,0,0,0,0,0,0
192,0,0,0,0,0,0,0,0,0
193,0,0,0,0,0,0,0,0,0
194,0,0,0,0,0,0,0,0,0
195,0,0,0,0,0,0,0,0,0
196,0,0,0,0,0,0,0,0,0
197,0,0,0,0,0,0,0,0,0
198,0,0,0,0,0,0,0,0,0
199,0,0,0,0,0,0,0,0,0
200,0,0,0,0,0,0,0,0,0
201,0,0,0,0,0,0,0,0,0
202,0,0,0,0,0,0,0,0,0
203,0,0,0,0,0,0,0,0,0
204,0,0,0,0,0,0,0,0,0
205,0,0,0,0,0,0,0,0,0
206,0,0,0,0,0,0,0,0,0
207,0,0,0,0,0,0,0,0,0
208,0,0,0,0,0,0,0,0,0
209,0,0,0,0,0,0,0,0,0
210,0,0,0,0,0,0,0,0,0
211,0,0,0,0,0,0,0,0,0
212,0,0,0,0,0,0,0,0,0
213,0,0,0,0,0,0,0,0,0
214,0,0,0,0,0,0,0,0,0
215,0,0,0,0,0,0,0,0,0
216,0,0,0,0,0,0,0,0,0
217,0,0,0,0,0,0,0,0,0
218,0,0,0,0,0,0,0,0,0
219,0,0,0,0,0,0,0,0,0
220,0,0,0,0,0,0,0,0,0
221,0,0,0,0,0,0,0,0,0
222,0,0,0,0,0,0,0,0,0
223,0,0,0,0,0,0,0,0,0
224,0,0,0,0,0,0,0,0,0
225,0,0,0,0,0,0,0,0,0
226,0,0,0,0,0,0,0,0,0
227,0,0,0,0,0,0,0,0,0
228,0,0,0,0,0,0,0,0,0
229,0,0,0,0,0,0,0,0,0
230,0,0,0,0,0,0,0,0,0
231,0,0,0,0,0,0,0,0,0
232,0,0,0,0,0,0,0,0,0
233,0,0,0,0,0,0,0,0,0
234,0,0,0,0,0,0,0,0,0
235,0,0,0,0,0,0,0,0,0
236,0,0,0,0,0,0,0,0,0
237,0,0,0,0,0,0,0,0,0
238,0,0,0,0,0,0,0,0,0
239,0,0,0,0,0,0,0,0,0
240,0,0,0,0,0,0,0,0,0
241,0,0,0,0,0,0,0,0,0
242,0,0,0,0,0,0,0,0,0
243,0,0,0,0,0,0,0,0,0
244,0,0,0,0,0,0,0,0,0
245,0,0,0,0,0,0,0,0,0
246,0,0,0,0,0,0,0,0,0
247,0,0,0,0,0,0,0,0,0
248,0,0,0,0,0,0,0,0,0
249,0,0,0,0,0,0,0,0,0
250,0,0,0,0,0,0,0,0,0
251,0,0,0,0,0,0,0,0,0
252,0,0,0,0,0,0,0,0,0
253,0,0,0,0,0,0,0,0,0
254,0,0,0,0,0,0,0,0,0
255,0,0,0,0,0,0,0,0,0
256,0,0,0,0,0,0,0,0,0
257,0,0,0,0,0,0,0,0,0
258,0,0,0,0,0,0,0,0,0
259,0,0,0,0,0,0,0,0,0
260,0,0,0,0,0,0,0,0,0
261,0,0,0,0,0,0,0,0,0
262,0,0,0,0,0,0,0,0,0
263,0,0,0,0,0,0,0,0,0
264,0,0,0,0,0,0,0,0,0
265,0,0,0,0,0,0,0,0,0
266,0,0,0,0,0,0,0,0,0
267,0,0,0,0,0,0,0,0,0
268,0,0,0,0,0,0,0,0,0
269,0,0,0,0,0,0,0,0,0
270,0,0,0,0,0,0,0,0,0
271,0,0,0,0,0,0,0,0,0
272,0,0,0,0,0,0,0,0,0
273,0,0,0,0,0,0,0,0,0
274,0,0,0,0,0,0,0,0,0
275,0,0,0,0,0,0,0,0,0
276,0,0,0,0,0,0,0,0,0
277,0,0,0,0,0,0,0,0,0
278,0,0,0,0,0,0,0,0,0
279,0,0,0,0,0,0,0,0,0
280,0,0,0,0,0,0,0,0,0
281,0,0,0,0,0,0,0,0,0
282,0,0,0,0,0,0,0,0,0
283,0,0,0,0,0,0,0,0,0
284,0,0,0,0,0,0,0,0,0
285,0,0,0,0,0,0,0,0,0
286,0,0,0,0,0,0,0,0,0
287,0,0,0,0,0,0,0,0,0
288,0,0,0,0,0,0,0,0,0
289,0,0,0,0,0,0,0,0,0
290,0,0,0,0,0,0,0,0,0
291,0,0,0,0,0,0,0,0,0
292,0,0,0,0,0,0,0,0,0
293,0,0,0,0,0,0,0,0,0
294,0,0,0,0,0,0,0,0,0
295,0,0,0,0,0,0,0,0,0
296,0,0,0,0,0,0,0,0,0
297,0,0,0,0,0,0,0,0,0
298,0,0,0,0,0,0,0,0,0
299,0,0,0,0,0,0,0,0,0
300,0,0,0,0,0,0,0,0,0
301,0,0,0,0,0,0,0,0,0
302,0,0,0,0,0,0,0,0,0
303,0,0,0,0,0,0,0,0,0
304,0,0,0,0,0,0,0,0,0
305,0,0,0,0,0,0,0,0,0
306,0,0,0,0,0,0,0,0,0
307,0,0,0,0,0,0,0,0,0
308,0,0,0,0,0,0,0,0,0
309,0,0,0,0,0,0,0,0,0
310,0,0,0,0,0,0,0,0,0
311,0,0,0,0,0,0,0,0,0
312,0,0,0,0,0,0,0,0,0
313,0,0,0,0,0,0,0,0,0
314,0,0,0,0,0,0,0,0,0
315,0,0,0,0,0,0,0,0,0
316,0,0,0,0,0,0,0,0,0
317,0,0,0,0,0,0,0,0,0
318,0,0,0,0,0,0,0,0,0
319,0,0,0,0,0,0,0,0,0
320,0,0,0,0,0,0,0,0,0
321,0,0,0,0,0,0,0,0,0
322,0,0,0,0,0,0,0,0,0
323,0,0,0,0,0,0,0,0,0
324,0,0,0,0,0,0,0,0,0
325,0,0,0,0,0,0,0,0,0
326,0,0,0,0,0,0,0,0,0
327,0,0,0,0,0,0,0,0,0
328,0,0,0,0,0,0,0,0,0
329,0,0,0,0,0,0,0,0,0
330,0,0,0,0,0,0,0,0,0
331,0,0,0,0,0,0,0,0,0
332,0,0,0,0,0,0,0,0,0
333,0,0,0,0,0,0,0,0,0
334,0,0,0,0,0,0,0,0,0
335,0,0,0,0,0,0,0,0,0
336,0,0,0,0,0,0,0,0,0
337,0,0,0,0,0,0,0,0,0
338,0,0,0,0,0,0,0,0,0
339,0,0,0,0,0,0,0,0,0
340,0,0,0,0,0,0,0,0,0
341,0,0,0,0,0,0,0,0,0
342,0,0,0,0,0,0,0,0,0
343,0,0,0,0,0,0,0,0,0
344,0,0,0,0,0,0,0,0,0
345,0,0,0,0,0,0,0,0,0
346,0,0,0,0,0,0,0,0,0
347,0,0,0,0,0,0,0,0,0
348,0,0,0,0,0,0,0,0,0
349,0,0,0,0,0,0,0,0,0
350,0,0,0,0,0,0,0,0,0
351,0,0,0,0,0,0,0,0,0
352,0,0,0,0,0,0,0,0,0
353,0,0,0,0,0,0,0,0,0
354,0,0,0,0,0,0,0,0,0
355,0,0,0,0,0,0,0,0,0
356,0,0,0,0,0,0,0,0,0
357,0,0,0,0,0,0,0,0,0
358,0,0,0,0,0,0,0,0,0
359,0,0,0,0,0,0,0,0,0
360,0,0,0,0,0,0,0,0,0
361,0,0,0,0,0,0,0,0,0
362,0,0,0,0,0,0,0,0,0
363,0,0,0,0,0,0,0,0,0
364,0,0,0,0,0,0,0,0,0
365,0,0,0,0,0,0,0,0,0
366,0,0,0,0,0,0,0,0,0
367,0,0,0,0,0,0,0,0,0
368,0,0,0,0,0,0,0,0,0
369,0,0,0,0,0,0,0,0,0
370,0,0,0,0,0,0,0,0,0
371,0,0,0,0,0,0,0,0,0
372,0,0,0,0,0,0,0,0,0
373,0,0,0,0,0,0,0,0,0
374,0,0,0,0,0,0,0,0,0
375,0,0,0,0,0,0,0,0,0
376,0,0,0,0,0,0,0,0,0
377,0,0,0,0,0,0,0,0,0
378,0,0,0,0,0,0,0,0,0
379,0,0,0,0,0,0,0,0,0
380,0,0,0,0,0,0,0,0,0
381,0,0,0,0,0,0,0,0,0
382,0,0,0,0,0,0,0,0,0
383,0,0,0,0,0,0,0,0,0
384,0,0,0,0,0,0,0,0,0
385,0,0,0,0,0,0,0,0,0
386,0,0,0,0,0,0,0,0,0
387,0,0,0,0,0,0,0,0,0
388,0,0,0,0,0,0,0,0,0
389,0,0,0,0,0,0,0,0,0
390,0,0,0,0,0,0,0,0,0
391,0,0,0,0,0,0,0,0,0
392,0,0,0,0,0,0,0,0,0
393,0,0,0,0,0,0,0,0,0
394,0,0,0,0,0,0,0,0,0
395,0,0,0,0,0,0,0,0,0
396,0,0,0,0,0,0,0,0,0
397,0,0,0,0,0,0,0,0,0
398,0,0,0,0,0,0,0,0,0
399,0,0,0,0,0,0,0,0,0
400,0,0,0,0,0,0,0,0,0
401,0,0,0,0,0,0,0,0,0
402,0,0,0,0,0,0,0,0,0
403,0,0,0,0,0,0,0,0,0
404,0,0,0,0,0,0,0,0,0
405,0,0,0,0,0,0,0,0,0
406,0,0,0,0,0,0,0,0,0
407,0,0,0,0,0,0,0,0,0
408,0,0,0,0,0,0,0,0,0
409,0,0,0,0,0,0,0,0,0
410,0,0,0,0,0,0,0,0,0
411,0,0,0,0,0,0,0,0,0
412,0,0,0,0,0,0,0,0,0
413,0,0,0,0,0,0,0,0,0
414,0,0,0,0,0,0,0,0,0
415,0,0,0,0,0,0,0,0,0
416,0,0,0,0,0,0,0,0,0
417,0,0,0,0,0,0,0,0,0
418,0,0,0,0,0,0,0,0,0
419,0,0,0,0,0,0,0,0,0
420,0,0,0,0,0,0,0,0,0
421,0,0,0,0,0,0,0,0,0
422,0,0,0,0,0,0,0,0,0
423,0,0,0,0,0,0,0,0,0
424,0,0,0,0,0,0,0,0,0
425,0,0,0,0,0,0,0,0,0
426,0,0,0,0,0,0,0,0,0
427,0,0,0,0,0,0,0,0,0
428,0,0,0,0,0,0,0,0,0
429,0,0,0,0,0,0,0,0,0
430,0,0,0,0,0,0,0,0,0
431,0,0,0,0,0,0,0,0,0
432,0,0,0,0,0,0,0,0,0
433,0,0,0,0,0,0,0,0,0
434,0,0,0,0,0,0,0,0,0
435,0,0,0,0,0,0,0,0,0
436,0,0,0,0,0,0,0,0,0
437,0,0,0,0,0,0,0,0,0
438,0,0,0,0,0,0,0,0,0
439,0,0,0,0,0,0,0,0,0
440,0,0,0,0,0,0,0,0,0
441,0,0,0,0,0,0,0,0,0
442,0,0,0,0,0,0,0,0,0
443,0,0,0,0,0,0,0,0,0
444,0,0,0,0,0,0,0,0,0
445,0,0,0,0,0,0,0,0,0
446,0,0,0,0,0,0,0,0,0
447,0,0,0,0,0,0,0,0,0
448,0,0,0,0,0,0,0,0,0
449,0,0,0,0,0,0,0,0,0
450,0,0,0,0,0,0,0,0,0
451,0,0,0,0,0,0,0,0,0
452,0,0,0,0,0,0,0,0,0
453,0,0,0,0,0,0,0,0,0
454,0,0,0,0,0,0,0,0,0
455,0,0,0,0,0,0,0,0,0
456,0,0,0,0,0,0,0,0,0
457,0,0,0,0,0,0,0,0,0
458,0,0,0,0,0,0,0,0,0
459,0,0,0,0,0,0,0,0,0
460,0,0,0,0,0,0,0,0,0
461,0,0,0,0,0,0,0,0,0
462,0,0,0,0,0,0,0,0,0
463,0,0,0,0,0,0,0,0,0
464,0,0,0,0,0,0,0,0,0
465,0,0,0,0,0,0,0,0,0
466,0,0,0,0,0,0,0,0,0
467,0,0,0,0,0,0,0,0,0
468,0,0,0,0,0,0,0,0,0
469,0,0,0,0,0,0,0,0,0
470,0,0,0,0,0,0,0,0,0
471,0,0,0,0,0,0,0,0,0
472,0,0,0,0,0,0,0,0,0
473,0,0,0,0,0,0,0,0,0
474,0,0,0,0,0,0,0,0,0
475,0,0,0,0,0,0,0,0,0
476,0,0,0,0,0,0,0,0,0
477,0,0,0,0,0,0,0,0,0
478,0,0,0,0,0,0,0,0,0
479,0,0,0,0,0,0,0,0,0
480,0,0,0,0,0,0,0,0,0
481,0,0,0,0,0,0,0,0,0
482,0,0,0,0,0,0,0,0,0
483,0,0,0,0,0,0,0,0,0
484,0,0,0,0,0,0,0,0,0
485,0,0,0,0,0,0,0,0,0
486,0,0,0,0,0,0,0,0,0
487,0,0,0,0,0,0,0,0,0
488,0,0,0,0,0,0,0,0,0
489,0,0,0,0,0,0,0,0,0
490,0,0,0,0,0,0,0,0,0
491,0,0,0,0,0,0,0,0,0
492,0,0,0,0,0,0,0,0,0
493,0,0,0,0,0,0,0,0,0
494,0,0,0,0,0,0,0,0,0
495,0,0,0,0,0,0,0,0,0
496,0,0,0,0,0,0,0,0,0
497,0,0,0,0,0,0,0,0,0
498,0,0,0,0,0,0,0,0,0
499,0,0,0,0,0,0,0,0,0
500,0,0,0,0,0,0,0,0,0
501,0,0,0,0,0,0,0,0,0
502,0,0,0,0,0,0,0,0,0
503,0,0,0,0,0,0,0,0,0
504,0,0,0,0,0,0,0,0,0
505,0,0,0,0,0,0,0,0,0
506,0,0,0,0,0,0,0,0,0
507,0,0,0,0,0,0,0,0,0
508,0,0,0,0,0,0,0,0,0
509,0,0,0,0,0,0,0,0,0
510,0,0,0,0,0,0,0,0,0
511,0,0,0,0,0,0,0,0,0
512,0,0,0,0,0,0,0,0,0
513,0,0,0,0,0,0,0,0,0
514,0,0,0,0,0,0,0,0,0
515,0,0,0,0,0,0,0,0,0
516,0,0,0,0,0,0,0,0,0
517,0,0,0,0,0,0,0,0,0
518,0,0,0,0,0,0,0,0,0
519,0,0,0,0,0,0,0,0,0
520,0,0,0,0,0,0,0,0,0
521,0,0,0,0,0,0,0,0,0
522,0,0,0,0,0,0,0,0,0
523,0,0,0,0,0,0,0,0,0
524,0,0,0,0,0,0,0,0,0
525,0,0,0,0,0,0,0,0,0
526,0,0,0,0,0,0,0,0,0
527,0,0,0,0,0,0,0,0,0
528,0,0,0,0,0,0,0,0,0
529,0,0,0,0,0,0,0,0,0
530,0,0,0,0,0,0,0,0,0
531,0,0,0,0,0,0,0,0,0
532,0,0,0,0,0,0,0,0,0
533,0,0,0,0,0,0,0,0,0
534,0,0,0,0,0,0,0,0,0
535,0,0,0,0,0,0,0,0,0
536,0,0,0,0,0,0,0,0,0
537,0,0,0,0,0,0,0,0,0
538,0,0,0,0,0,0,0,0,0
539,0,0,0,0,0,0,0,0,0
540,0,0,0,0,0,0,0,0,0
541,0,0,0,0,0,0,0,0,0
542,0,0,0,0,0,0,0,0,0
543,0,0,0,0,0,0,0,0,0
544,0,0,0,0,0,0,0,0,0
545,0,0,0,0,0,0,0,0,0
546,0,0,0,0,0,0,0,0,0
547,0,0,0,0,0,0,0,0,0
548,0,0,0,0,0,0,0,0,0
549,0,0,0,0,0,0,0,0,0
550,0,0,0,0,0,0,0,0,0
551,0,0,0,0,0,0,0,0,0
552,0,0,0,0,0,0,0,0,0
553,0,0,0,0,0,0,0,0,0
554,0,0,0,0,0,0,0,0,0
555,0,0,0,0,0,0,0,0,0
556,0,0,0,0,0,0,0,0,0
557,0,0,0,0,0,0,0,0,0
558,0,0,0,0,0,0,0,0,0
559,0,0,0,0,0,0,0,0,0
560,0,0,0,0,0,0,0,0,0
561,0,0,0,0,0,0,0,0,0
562,0,0,0,0,0,0,0,0,0
563,0,0,0,0,0,0,0,0,0
564,0,0,0,0,0,0,0,0,0
565,0,0,0,0,0,0,0,0,0
566,0,0,0,0,0,0,0,0,0
567,0,0,0,0,0,0,0,0,0
568,0,0,0,0,0,0,0,0,0
569,0,0,0,0,0,0,0,0,0
570,0,0,0,0,0,0,0,0,0
571,0,0,0,0,0,0,0,0,0
572,0,0,0,0,0,0,0,0,0
573,0,0,0,0,0,0,0,0,0
574,0,0,0,0,0,0,0,0,0
575,0,0,0,0,0,0,0,0,0
576,0,0,0,0,0,0,0,0,0
577,0,0,0,0,0,0,0,0,0
578,0,0,0,0,0,0,0,0,0
579,0,0,0,0,0,0,0,0,0
580,0,0,0,0,0,0,0,0,0
581,0,0,0,0,0,0,0,0,0
582,0,0,0,0,0,0,0,0,0
583,0,0,0,0,0,0,0,0,0
584,0,0,0,0,0,0,0,0,0
585,0,0,0,0,0,0,0,0,0
586,0,0,0,0,0,0,0,0,0
587,0,0,0,0,0,0,0,0,0
588,0,0,0,0,0,0,0,0,0
589,0,0,0,0,0,0,0,0,0
590,0,0,0,0,0,0,0,0,0
591,0,0,0,0,0,0,0,0,0
592,0,0,0,0,0,0,0,0,0
593,0,0,0,0,0,0,0,0,0
594,0,0,0,0,0,0,0,0,0
595,0,0,0,0,0,0,0,0,0
596,0,0,0,0,0,0,0,0,0
597,0,0,0,0,0,0,0,0,0
598,0,0,0,0,0,0,0,0,0
599,0,0,0,0,0,0,0,0,0
600,0,0,0,0,0,0,0,0,0
601,0,0,0,0,0,0,0,0,0
602,0,0,0,0,0,0,0,0,0
603,0,0,0,0,0,0,0,0,0
604,0,0,0,0,0,0,0,0,0
605,0,0,0,0,0,0,0,0,0
606,0,0,0,0,0,0,0,0,0
607,0,0,0,0,0,0,0,0,0
608,0,0,0,0,0,0,0,0,0
609,0,0,0,0,0,0,0,0,0
610,0,0,0,0,0,0,0,0,0
611,0,0,0,0,0,0,0,0,0
612,0,0,0,0,0,0,0,0,0
613,0,0,0,0,0,0,0,0,0
614,0,0,0,0,0,0,0,0,0
615,0,0,0,0,0,0,0,0,0
616,0,0,0,0,0,0,0,0,0
617,0,0,0,0,0,0,0,0,0
618,0,0,0,0,0,0,0,0,0
619,0,0,0,0,0,0,0,0,0
620,0,0,0,0,0,0,0,0,0
621,0,0,0,0,0,0,0,0,0
622,0,0,0,0,0,0,0,0,0
623,0,0,0,0,0,0,0,0,0
624,0,0,0,0,0,0,0,0,0
625,0,0,0,0,0,0,0,0,0
626,0,0,0,0,0,0,0,0,0
627,0,0,0,0,0,0,0,0,0
628,0,0,0,0,0,0,0,0,0
629,0,0,0,0,0,0,0,0,0
630,0,0,0,0,0,0,0,0,0
631,0,0,0,0,0,0,0,0,0
632,0,0,0,0,0,0,0,0,0
633,0,0,0,0,0,0,0,0,0
634,0,0,0,0,0,0,0,0,0
635,0,0,0,0,0,0,0,0,0
636,0,0,0,0,0,0,0,0,0
637,0,0,0,0,0,0,0,0,0
638,0,0,0,0,0,0,0,0,0
639,0,0,0,0,0,0,0,0,0
640,0,0,0,0,0,0,0,0,0
641,0,0,0,0,0,0,0,0,0
642,0,0,0,0,0,0,0,0,0
643,0,0,0,0,0,0,0,0,0
644,0,0,0,0,0,0,0,0,0
645,0,0,0,0,0,0,0,0,0
646,0,0,0,0,0,0,0,0,0
647,0,0,0,0,0,0,0,0,0
648,0,0,0,0,0,0,0,0,0
649,0,0,0,0,0,0,0,0,0
650,0,0,0,0,0,0,0,0,0
651,0,0,0,0,0,0,0,0,0
652,0,0,0,0,0,0,0,0,0
653,0,0,0,0,0,0,0,0,0
654,0,0,0,0,0,0,0,0,0
655,0,0,0,0,0,0,0,0,0
656,0,0,0,0,0,0,0,0,0
657,0,0,0,0,0,0,0,0,0
658,0,0,0,0,0,0,0,0,0
659,0,0,0,0,0,0,0,0,0
660,0,0,0,0,0,0,0,0,0
661,0,0,0,0,0,0,0,0,0
662,0,0,0,0,0,0,0,0,0
663,0,0,0,0,0,0,0,0,0
664,0,0,0,0,0,0,0,0,0
665,0,0,0,0,0,0,0,0,0
666,0,0,0,0,0,0,0,0,0
667,0,0,0,0,0,0,0,0,0
668,0,0,0,0,0,0,0,0,0
669,0,0,0,0,0,0,0,0,0
670,0,0,0,0,0,0,0,0,0
671,0,0,0,0,0,0,0,0,0
672,0,0,0,0,0,0,0,0,0
673,0,0,0,0,0,0,0,0,0
674,0,0,0,0,0,0,0,0,0
675,0,0,0,0,0,0,0,0,0
676,0,0,0,0,0,0,0,0,0
677,0,0,0,0,0,0,0,0,0
678,0,0,0,0,0,0,0,0,0
679,0,0,0,0,0,0,0,0,0
680,0,0,0,0,0,0,0,0,0
681,0,0,0,0,0,0,0,0,0
682,0,0,0,0,0,0,0,0,0
683,0,0,0,0,0,0,0,0,0
684,0,0,0,0,0,0,0,0,0
685,0,0,0,0,0,0,0,0,0
686,0,0,0,0,0,0,0,0,0
687,0,0,0,0,0,0,0,0,0
688,0,0,0,0,0,0,0,0,0
689,0,0,0,0,0,0,0,0,0
690,0,0,0,0,0,0,0,0,0
691,0,0,0,0,0,0,0,0,0
692,0,0,0,0,0,0,0,0,0
693,0,0,0,0,0,0,0,0,0
694,0,0,0,0,0,0,0,0,0
695,0,0,0,0,0,0,0,0,0
696,0,0,0,0,0,0,0,0,0
697,0,0,0,0,0,0,0,0,0
698,0,0,0,0,0,0,0,0,0
699,0,0,0,0,0,0,0,0,0
700,0,0,0,0,0,0,0,0,0
701,0,0,0,0,0,0,0,0,0
702,0,0,0,0,0,0,0,0,0
703,0,0,0,0,0,0,0,0,0
704,0,0,0,0,0,0,0,0,0
705,0,0,0,0,0,0,0,0,0
706,0,0,0,0,0,0,0,0,0
707,0,0,0,0,0,0,0,0,0
708,0,0,0,0,0,0,0,0,0
709,0,0,0,0,0,0,0,0,0
710,0,0,0,0,0,0,0,0,0
711,0,0,0,0,0,0,0,0,0
712,0,0,0,0,0,0,0,0,0
713,0,0,0,0,0,0,0,0,0
714,0,0,0,0,0,0,0,0,0
715,0,0,0,0,0,0,0,0,0
716,0,0,0,0,0,0,0,0,0
717,0,0,0,0,0,0,0,0,0
718,0,0,0,0,0,0,0,0,0
719,0,0,0,0,0,0,0,0,0
720,0,0,0,0,0,0,0,0,0
721,0,0,0,0,0,0,0,0,0
722,0,0,0,0,0,0,0,0,0
723,0,0,0,0,0,0,0,0,0
724,0,0,0,0,0,0,0,0,0
725,0,0,0,0,0,0,0,0,0
726,0,0,0,0,0,0,0,0,0
727,0,0,0,0,0,0,0,0,0
728,0,0,0,0,0,0,0,0,0
729,0,0,0,0,0,0,0,0,0
730,0,0,0,0,0,0,0,0,0
731,0,0,0,0,0,0,0,0,0
732,0,0,0,0,0,0,0,0,0
733,0,0,0,0,0,0,0,0,0
734,0,0,0,0,0,0,0,0,0
735,0,0,0,0,0,0,0,0,0
736,0,0,0,0,0,0,0,0,0
737,0,0,0,0,0,0,0,0,0
738,0,0,0,0,0,0,0,0,0
739,0,0,0,0,0,0,0,0,0
740,0,0,0,0,0,0,0,0,0
741,0,0,0,0,0,0,0,0,0
742,0,0,0,0,0,0,0,0,0
743,0,0,0,0,0,0,0,0,0
744,0,0,0,0,0,0,0,0,0
745,0,0,0,0,0,0,0,0,0
746,0,0,0,0,0,0,0,0,0
747,0,0,0,0,0,0,0,0,0
748,0,0,0,0,0,0,0,0,0
749,0,0,0,0,0,0,0,0,0
750,0,0,0,0,0,0,0,0,0
0,194,7257,201425,4077983,57373546,517292847,2626655236,5935079656,3356972874
1,117,3701,83321,1372486,15750991,115774276,478900583,880692572,404879056
2,76,1913,34693,459889,4253880,25238933,84347752,125548396,46828489
3,55,1176,18551,215696,1743847,9010725,26073128,33422891,10652076
4,37,673,9669,100048,722074,3351565,8692375,9974968,2839814
5,28,510,6270,55927,349510,1413357,3186658,3165217,776917
6,18,273,2879,22266,121995,431281,861478,760094,165648
7,16,202,1950,13616,66228,212168,382823,303878,60100
8,11,135,1165,8022,36603,111403,192006,145916,27785
9,6,78,606,4097,17850,51983,86259,61877,11043
10,3,34,275,1847,7829,21315,33532,22512,3784
11,2,21,162,881,3323,7785,10756,6072,904
12,2,19,126,675,2431,5415,6993,3653,496
13,2,14,86,455,1473,3047,3717,1816,225
14,2,14,84,409,1207,2304,2584,1133,131
15,2,14,66,310,863,1537,1513,574,55
16,2,13,54,231,643,1138,1068,393,37
17,2,12,50,205,567,943,838,289,27
18,2,12,40,163,410,636,465,140,13
19,2,12,39,147,336,512,348,89,8
20,2,11,30,101,190,267,225,51,3
21,1,9,21,63,119,138,98,31,2
22,1,9,19,56,109,121,88,27,2
23,1,9,19,50,85,97,69,19,2
24,1,1,5,17,32,32,41,10,2
25,1,1,5,17,32,32,41,10,2
26,1,1,5,17,32,32,41,10,2
27,1,1,5,16,32,31,34,8,2
28,1,1,5,12,22,15,22,7,1
29,1,1,3,9,14,10,12,4,0
30,1,1,3,9,14,10,12,4,0
31,1,1,3,9,13,7,7,1,0
32,1,0,2,5,8,1,0,1,0
33,0,0,0,0,0,0,0,0,0
34,0,0,0,0,0,0,0,0,0
35,0,0,0,0,0,0,0,0,0
36,0,0,0,0,0,0,0,0,0
37,0,0,0,0,0,0,0,0,0
38,0,0,0,0,0,0,0,0,0
39,0,0,0,0,0,0,0,0,0
40,0,0,0,0,0,0,0,0,0
41,0,0,0,0,0,0,0,0,0
42,0,0,0,0,0,0,0,0,0
43,0,0,0,0,0,0,0,0,0
44,0,0,0,0,0,0,0,0,0
45,0,0,0,0,0,0,0,0,0
46,0,0,0,0,0,0,0,0,0
47,0,0,0,0,0,0,0,0,0
48,0,0,0,0,0,0,0,0,0
49,0,0,0,0,0,0,0,0,0
50,0,0,0,0,0,0,0,0,0
51,0,0,0,0,0,0,0,0,0
52,0,0,0,0,0,0,0,0,0
53,0,0,0,0,0,0,0,0,0
54,0,0,0,0,0,0,0,0,0
55,0,0,0,0,0,0,0,0,0
56,0,0,0,0,0,0,0,0,0
57,0,0,0,0,0,0,0,0,0
58,0,0,0,0,0,0,0,0,0
59,0,0,0,0,0,0,0,0,0
60,0,0,0,0,0,0,0,0,0
61,0,0,0,0,0,0,0,0,0
62,0,0,0,0,0,0,0,0,0
63,0,0,0,0,0,0,0,0,0
64,0,0,0,0,0,0,0,0,0
65,0,0,0,0,0,0,0,0,0
66,0,0,0,0,0,0,0,0,0
67,0,0,0,0,0,0,0,0,0
68,0,0,0,0,0,0,0,0,0
69,0,0,0,0,0,0,0,0,0
70,0,0,0,0,0,0,0,0,0
71,0,0,0,0,0,0,0,0,0
72,0,0,0,0,0,0,0,0,0
73,0,0,0,0,0,0,0,0,0
74,0,0,0,0,0,0,0,0,0
75,0,0,0,0,0,0,0,0,0
76,0,0,0,0,0,0,0,0,0
77,0,0,0,0,0,0,0,0,0
78,0,0,0,0,0,0,0,0,0
79,0,0,0,0,0,0,0,0,0
80,0,0,0,0,0,0,0,0,0
81,0,0,0,0,0,0,0,0,0
82,0,0,0,0,0,0,0,0,0
83,0,0,0,0,0,0,0,0,0
84,0,0,0,0,0,0,0,0,0
85,0,0,0,0,0,0,0,0,0
86,0,0,0,0,0,0,0,0,0
87,0,0,0,0,0,0,0,0,0
88,0,0,0,0,0,0,0,0,0
89,0,0,0,0,0,0,0,0,0
90,0,0,0,0,0,0,0,0,0
91,0,0,0,0,0,0,0,0,0
92,0,0,0,0,0,0,0,0,0
93,0,0,0,0,0,0,0,0,0
94,0,0,0,0,0,0,0,0,0
95,0,0,0,0,0,0,0,0,0
96,0,0,0,0,0,0,0,0,0
97,0,0,0,0,0,0,0,0,0
98,0,0,0,0,0,0,0,0,0
99,0,0,0,0,0,0,0,0,0
100,0,0,0,0,0,0,0,0,0
101,0,0,0,0,0,0,0,0,0
102,0,0,0,0,0,0,0,0,0
103,0,0,0,0,0,0,0,0,0
104,0,0,0,0,0,0,0,0,0
105,0,0,0,0,0,0,0,0,0
106,0,0,0,0,0,0,0,0,0
107,0,0,0,0,0,0,0,0,0
108,0,0,0,0,0,0,0,0,0
109,0,0,0,0,0,0,0,0,0
110,0,0,0,0,0,0,0,0,0
111,0,0,0,0,0,0,0,0,0
112,0,0,0,0,0,0,0,0,0
113,0,0,0,0,0,0,0,0,0
114,0,0,0,0,0,0,0,0,0
115,0,0,0,0,0,0,0,0,0
116,0,0,0,0,0,0,0,0,0
117,0,0,0,0,0,0,0,0,0
118,0,0,0,0,0,0,0,0,0
119,0,0,0,0,0,0,0,0,0
120,0,0,0,0,0,0,0,0,0
121,0,0,0,0,0,0,0,0,0
122,0,0,0,0,0,0,0,0,0
123,0,0,0,0,0,0,0,0,0
124,0,0,0,0,0,0,0,0,0
125,0,0,0,0,0,0,0,0,0
126,0,0,0,0,0,0,0,0,0
127,0,0,0,0,0,0,0,0,0
128,0,0,0,0,0,0,0,0,0
129,0,0,0,0,0,0,0,0,0
130,0,0,0,0,0,0,0,0,0
131,0,0,0,0,0,0,0,0,0
132,0,0,0,0,0,0,0,0,0
133,0,0,0,0,0,0,0,0,0
134,0,0,0,0,0,0,0,0,0
135,0,0,0,0,0,0,0,0,0
136,0,0,0,0,0,0,0,0,0
137,0,0,0,0,0,0,0,0,0
138,0,0,0,0,0,0,0,0,0
139,0,0,0,0,0,0,0,0,0
140,0,0,0,0,0,0,0,0,0
141,0,0,0,0,0,0,0,0,0
142,0,0,0,0,0,0,0,0,0
143,0,0,0,0,0,0,0,0,0
144,0,0,0,0,0,0,0,0,0
145,0,0,0,0,0,0,0,0,0
146,0,0,0,0,0,0,0,0,0
147,0,0,0,0,0,0,0,0,0
148,0,0,0,0,0,0,0,0,0
149,0,0,0,0,0,0,0,0,0
150,0,0,0,0,0,0,0,0,0
151,0,0,0,0,0,0,0,0,0
152,0,0,0,0,0,0,0,0,0
153,0,0,0,0,0,0,0,0,0
154,0,0,0,0,0,0,0,0,0
155,0,0,0,0,0,0,0,0,0
156,0,0,0,0,0,0,0,0,0
157,0,0,0,0,0,0,0,0,0
158,0,0,0,0,0,0,0,0,0
159,0,0,0,0,0,0,0,0,0
160,0,0,0,0,0,0,0,0,0
161,0,0,0,0,0,0,0,0,0
162,0,0,0,0,0,0,0,0,0
163,0,0,0,0,0,0,0,0,0
164,0,0,0,0,0,0,0,0,0
165,0,0,0,0,0,0,0,0,0
166,0,0,0,0,0,0,0,0,0
167,0,0,0,0,0,0,0,0,0
168,0,0,0,0,0,0,0,0,0
169,0,0,0,0,0,0,0,0,0
170,0,0,0,0,0,0,0,0,0
171,0,0,0,0,0,0,0,0,0
172,0,0,0,0,0,0,0,0,0
173,0,0,0,0,0,0,0,0,0
174,0,0,0,0,0,0,0,0,0
175,0,0,0,0,0,0,0,0,0
176,0,0,0,0,0,0,0,0,0
177,0,0,0,0,0,0,0,0,0
178,0,0,0,0,0,0,0,0,0
179,0,0,0,0,0,0,0,0,0
180,0,0,0,0,0,0,0,0,0
181,0,0,0,0,0,0,0,0,0
182,0,0,0,0,0,0,0,0,0
183,0,0,0,0,0,0,0,0,0
184,0,0,0,0,0,0,0,0,0
185,0,0,0,0,0,0,0,0,0
186,0,0,0,0,0,0,0,0,0
187,0,0,0,0,0,0,0,0,0
188,0,0,0,0,0,0,0,0,0
189,0,0,0,0,0,0,0,0,0
190,0,0,0,0,0,0,0,0,0
191,0,0,0,0,0,0,0,0,0
192,0,0,0,0,0,0,0,0,0
193,0,0,0,0,0,0,0,0,0
194,0,0,0,0,0,0,0,0,0
195,0,0,0,0,0,0,0,0,0
196,0,0,0,0,0,0,0,0,0
197,0,0,0,0,0,0,0,0,0
198,0,0,0,0,0,0,0,0,0
199,0,0,0,0,0,0,0,0,0
200,0,0,0,0,0,0,0,0,0
201,0,0,0,0,0,0,0,0,0
202,0,0,0,0,0,0,0,0,0
203,0,0,0,0,0,0,0,0,0
204,0,0,0,0,0,0,0,0,0
205,0,0,0,0,0,0,0,0,0
206,0,0,0,0,0,0,0,0,0
207,0,0,0,0,0,0,0,0,0
208,0,0,0,0,0,0,0,0,0
209,0,0,0,0,0,0,0,0,0
210,0,0,0,0,0,0,0,0,0
211,0,0,0,0,0,0,0,0,0
212,0,0,0,0,0,0,0,0,0
213,0,0,0,0,0,0,0,0,0
214,0,0,0,0,0,0,0,0,0
215,0,0,0,0,0,0,0,0,0
216,0,0,0,0,0,0,0,0,0
217,0,0,0,0,0,0,0,0,0
218,0,0,0,0,0,0,0,0,0
219,0,0,0,0,0,0,0,0,0
220,0,0,0,0,0,0,0,0,0
221,0,0,0,0,0,0,0,0,0
222,0,0,0,0,0,0,0,0,0
223,0,0,0,0,0,0,0,0,0
224,0,0,0,0,0,0,0,0,0
225,0,0,0,0,0,0,0,0,0
226,0,0,0,0,0,0,0,0,0
227,0,0,0,0,0,0,0,0,0
228,0,0,0,0,0,0,0,0,0
229,0,0,0,0,0,0,0,0,0
230,0,0,0,0,0,0,0,0,0
231,0,0,0,0,0,0,0,0,0
232,0,0,0,0,0,0,0,0,0
233,0,0,0,0,0,0,0,0,0
234,0,0,0,0,0,0,0,0,0
235,0,0,0,0,0,0,0,0,0
236,0,0,0,0,0,0,0,0,0
237,0,0,0,0,0,0,0,0,0
238,0,0,0,0,0,0,0,0,0
239,0,0,0,0,0,0,0,0,0
240,0,0,0,0,0,0,0,0,0
241,0,0,0,0,0,0,0,0,0
242,0,0,0,0,0,0,0,0,0
243,0,0,0,0,0,0,0,0,0
244,0,0,0,0,0,0,0,0,0
245,0,0,0,0,0,0,0,0,0
246,0,0,0,0,0,0,0,0,0
247,0,0,0,0,0,0,0,0,0
248,0,0,0,0,0,0,0,0,0
249,0,0,0,0,0,0,0,0,0
250,0,0,0,0,0,0,0,0,0
251,0,0,0,0,0,0,0,0,0
252,0,0,0,0,0,0,0,0,0
253,0,0,0,0,0,0,0,0,0
254,0,0,0,0,0,0,0,0,0
255,0,0,0,0,0,0,0,0,0
256,0,0,0,0,0,0,0,0,0
257,0,0,0,0,0,0,0,0,0
258,0,0,0,0,0,0,0,0,0
259,0,0,0,0,0,0,0,0,0
260,0,0,0,0,0,0,0,0,0
261,0,0,0,0,0,0,0,0,0
262,0,0,0,0,0,0,0,0,0
263,0,0,0,0,0,0,0,0,0
264,0,0,0,0,0,0,0,0,0
265,0,0,0,0,0,0,0,0,0
266,0,0,0,0,0,0,0,0,0
267,0,0,0,0,0,0,0,0,0
268,0,0,0,0,0,0,0,0,0
269,0,0,0,0,0,0,0,0,0
270,0,0,0,0,0,0,0,0,0
271,0,0,0,0,0,0,0,0,0
272,0,0,0,0,0,0,0,0,0
273,0,0,0,0,0,0,0,0,0
274,0,0,0,0,0,0,0,0,0
275,0,0,0,0,0,0,0,0,0
276,0,0,0,0,0,0,0,0,0
277,0,0,0,0,0,0,0,0,0
278,0,0,0,0,0,0,0,0,0
279,0,0,0,0,0,0,0,0,0
280,0,0,0,0,0,0,0,0,0
281,0,0,0,0,0,0,0,0,0
282,0,0,0,0,0,0,0,0,0
283,0,0,0,0,0,0,0,0,0
284,0,0,0,0,0,0,0,0,0
285,0,0,0,0,0,0,0,0,0
286,0,0,0,0,0,0,0,0,0
287,0,0,0,0,0,0,0,0,0
288,0,0,0,0,0,0,0,0,0
289,0,0,0,0,0,0,0,0,0
290,0,0,0,0,0,0,0,0,0
291,0,0,0,0,0,0,0,0,0
292,0,0,0,0,0,0,0,0,0
293,0,0,0,0,0,0,0,0,0
294,0,0,0,0,0,0,0,0,0
295,0,0,0,0,0,0,0,0,0
296,0,0,0,0,0,0,0,0,0
297,0,0,0,0,0,0,0,0,0
298,0,0,0,0,0,0,0,0,0
299,0,0,0,0,0,0,0,0,0
300,0,0,0,0,0,0,0,0,0
301,0,0,0,0,0,0,0,0,0
302,0,0,0,0,0,0,0,0,0
303,0,0,0,0,0,0,0,0,0
304,0,0,0,0,0,0,0,0,0
305,0,0,0,0,0,0,0,0,0
306,0,0,0,0,0,0,0,0,0
307,0,0,0,0,0,0,0,0,0
308,0,0,0,0,0,0,0,0,0
309,0,0,0,0,0,0,0,0,0
310,0,0,0,0,0,0,0,0,0
311,0,0,0,0,0,0,0,0,0
312,0,0,0,0,0,0,0,0,0
313,0,0,0,0,0,0,0,0,0
314,0,0,0,0,0,0,0,0,0
315,0,0,0,0,0,0,0,0,0
316,0,0,0,0,0,0,0,0,0
317,0,0,0,0,0,0,0,0,0
318,0,0,0,0,0,0,0,0,0
319,0,0,0,0,0,0,0,0,0
320,0,0,0,0,0,0,0,0,0
321,0,0,0,0,0,0,0,0,0
322,0,0,0,0,0,0,0,0,0
323,0,0,0,0,0,0,0,0,0
324,0,0,0,0,0,0,0,0,0
325,0,0,0,0,0,0,0,0,0
326,0,0,0,0,0,0,0,0,0
327,0,0,0,0,0,0,0,0,0
328,0,0,0,0,0,0,0,0,0
329,0,0,0,0,0,0,0,0,0
330,0,0,0,0,0,0,0,0,0
331,0,0,0,0,0,0,0,0,0
332,0,0,0,0,0,0,0,0,0
333,0,0,0,0,0,0,0,0,0
334,0,0,0,0,0,0,0,0,0
335,0,0,0,0,0,0,0,0,0
336,0,0,0,0,0,0,0,0,0
337,0,0,0,0,0,0,0,0,0
338,0,0,0,0,0,0,0,0,0
339,0,0,0,0,0,0,0,0,0
340,0,0,0,0,0,0,0,0,0
341,0,0,0,0,0,0,0,0,0
342,0,0,0,0,0,0,0,0,0
343,0,0,0,0,0,0,0,0,0
344,0,0,0,0,0,0,0,0,0
345,0,0,0,0,0,0,0,0,0
346,0,0,0,0,0,0,0,0,0
347,0,0,0,0,0,0,0,0,0
348,0,0,0,0,0,0,0,0,0
349,0,0,0,0,0,0,0,0,0
350,0,0,0,0,0,0,0,0,0
351,0,0,0,0,0,0,0,0,0
352,0,0,0,0,0,0,0,0,0
353,0,0,0,0,0,0,0,0,0
354,0,0,0,0,0,0,0,0,0
355,0,0,0,0,0,0,0,0,0
356,0,0,0,0,0,0,0,0,0
357,0,0,0,0,0,0,0,0,0
358,0,0,0,0,0,0,0,0,0
359,0,0,0,0,0,0,0,0,0
360,0,0,0,0,0,0,0,0,0
361,0,0,0,0,0,0,0,0,0
362,0,0,0,0,0,0,0,0,0
363,0,0,0,0,0,0,0,0,0
364,0,0,0,0,0,0,0,0,0
365,0,0,0,0,0,0,0,0,0
366,0,0,0,0,0,0,0,0,0
367,0,0,0,0,0,0,0,0,0
368,0,0,0,0,0,0,0,0,0
369,0,0,0,0,0,0,0,0,0
370,0,0,0,0,0,0,0,0,0
371,0,0,0,0,0,0,0,0,0
372,0,0,0,0,0,0,0,0,0
373,0,0,0,0,0,0,0,0,0
374,0,0,0,0,0,0,0,0,0
375,0,0,0,0,0,0,0,0,0
376,0,0,0,0,0,0,0,0,0
377,0,0,0,0,0,0,0,0,0
378,0,0,0,0,0,0,0,0,0
379,0,0,0,0,0,0,0,0,0
380,0,0,0,0,0,0,0,0,0
381,0,0,0,0,0,0,0,0,0
382,0,0,0,0,0,0,0,0,0
383,0,0,0,0,0,0,0,0,0
384,0,0,0,0,0,0,0,0,0
385,0,0,0,0,0,0,0,0,0
386,0,0,0,0,0,0,0,0,0
387,0,0,0,0,0,0,0,0,0
388,0,0,0,0,0,0,0,0,0
389,0,0,0,0,0,0,0,0,0
390,0,0,0,0,0,0,0,0,0
391,0,0,0,0,0,0,0,0,0
392,0,0,0,0,0,0,0,0,0
393,0,0,0,0,0,0,0,0,0
394,0,0,0,0,0,0,0,0,0
395,0,0,0,0,0,0,0,0,0
396,0,0,0,0,0,0,0,0,0
397,0,0,0,0,0,0,0,0,0
398,0,0,0,0,0,0,0,0,0
399,0,0,0,0,0,0,0,0,0
400,0,0,0,0,0,0,0,0,0
401,0,0,0,0,0,0,0,0,0
402,0,0,0,0,0,0,0,0,0
403,0,0,0,0,0,0,0,0,0
404,0,0,0,0,0,0,0,0,0
405,0,0,0,0,0,0,0,0,0
406,0,0,0,0,0,0,0,0,0
407,0,0,0,0,0,0,0,0,0
408,0,0,0,0,0,0,0,0,0
409,0,0,0,0,0,0,0,0,0
410,0,0,0,0,0,0,0,0,0
411,0,0,0,0,0,0,0,0,0
412,0,0,0,0,0,0,0,0,0
413,0,0,0,0,0,0,0,0,0
414,0,0,0,0,0,0,0,0,0
415,0,0,0,0,0,0,0,0,0
416,0,0,0,0,0,0,0,0,0
417,0,0,0,0,0,0,0,0,0
418,0,0,0,0,0,0,0,0,0
419,0,0,0,0,0,0,0,0,0
420,0,0,0,0,0,0,0,0,0
421,0,0,0,0,0,0,0,0,0
422,0,0,0,0,0,0,0,0,0
423,0,0,0,0,0,0,0,0,0
424,0,0,0,0,0,0,0,0,0
425,0,0,0,0,0,0,0,0,0
426,0,0,0,0,0,0,0,0,0
427,0,0,0,0,0,0,0,0,0
428,0,0,0,0,0,0,0,0,0
429,0,0,0,0,0,0,0,0,0
430,0,0,0,0,0,0,0,0,0
431,0,0,0,0,0,0,0,0,0
432,0,0,0,0,0,0,0,0,0
433,0,0,0,0,0,0,0,0,0
434,0,0,0,0,0,0,0,0,0
435,0,0,0,0,0,0,0,0,0
436,0,0,0,0,0,0,0,0,0
437,0,0,0,0,0,0,0,0,0
438,0,0,0,0,0,0,0,0,0
439,0,0,0,0,0,0,0,0,0
440,0,0,0,0,0,0,0,0,0
441,0,0,0,0,0,0,0,0,0
442,0,0,0,0,0,0,0,0,0
443,0,0,0,0,0,0,0,0,0
444,0,0,0,0,0,0,0,0,0
445,0,0,0,0,0,0,0,0,0
446,0,0,0,0,0,0,0,0,0
447,0,0,0,0,0,0,0,0,0
448,0,0,0,0,0,0,0,0,0
449,0,0,0,0,0,0,0,0,0
450,0,0,0,0,0,0,0,0,0
451,0,0,0,0,0,0,0,0,0
452,0,0,0,0,0,0,0,0,0
453,0,0,0,0,0,0,0,0,0
454,0,0,0,0,0,0,0,0,0
455,0,0,0,0,0,0,0,0,0
456,0,0,0,0,0,0,0,0,0
457,0,0,0,0,0,0,0,0,0
458,0,0,0,0,0,0,0,0,0
459,0,0,0,0,0,0,0,0,0
460,0,0,0,0,0,0,0,0,0
461,0,0,0,0,0,0,0,0,0
462,0,0,0,0,0,0,0,0,0
463,0,0,0,0,0,0,0,0,0
464,0,0,0,0,0,0,0,0,0
465,0,0,0,0,0,0,0,0,0
466,0,0,0,0,0,0,0,0,0
467,0,0,0,0,0,0,0,0,0
468,0,0,0,0,0,0,0,0,0
469,0,0,0,0,0,0,0,0,0
470,0,0,0,0,0,0,0,0,0
471,0,0,0,0,0,0,0,0,0
472,0,0,0,0,0,0,0,0,0
473,0,0,0,0,0,0,0,0,0
474,0,0,0,0,0,0,0,0,0
475,0,0,0,0,0,0,0,0,0
476,0,0,0,0,0,0,0,0,0
477,0,0,0,0,0,0,0,0,0
478,0,0,0,0,0,0,0,0,0
479,0,0,0,0,0,0,0,0,0
480,0,0,0,0,0,0,0,0,0
481,0,0,0,0,0,0,0,0,0
482,0,0,0,0,0,0,0,0,0
483,0,0,0,0,0,0,0,0,0
484,0,0,0,0,0,0,0,0,0
485,0,0,0,0,0,0,0,0,0
486,0,0,0,0,0,0,0,0,0
487,0,0,0,0,0,0,0,0,0
488,0,0,0,0,0,0,0,0,0
489,0,0,0,0,0,0,0,0,0
490,0,0,0,0,0,0,0,0,0
491,0,0,0,0,0,0,0,0,0
492,0,0,0,0,0,0,0,0,0
493,0,0,0,0,0,0,0,0,0
494,0,0,0,0,0,0,0,0,0
495,0,0,0,0,0,0,0,0,0
496,0,0,0,0,0,0,0,0,0
497,0,0,0,0,0,0,0,0,0
498,0,0,0,0,0,0,0,0,0
499,0,0,0,0,0,0,0,0,0
500,0,0,0,0,0,0,0,0,0
501,0,0,0,0,0,0,0,0,0
502,0,0,0,0,0,0,0,0,0
503,0,0,0,0,0,0,0,0,0
504,0,0,0,0,0,0,0,0,0
505,0,0,0,0,0,0,0,0,0
506,0,0,0,0,0,0,0,0,0
507,0,0,0,0,0,0,0,0,0
508,0,0,0,0,0,0,0,0,0
509,0,0,0,0,0,0,0,0,0
510,0,0,0,0,0,0,0,0,0
511,0,0,0,0,0,0,0,0,0
512,0,0,0,0,0,0,0,0,0
513,0,0,0,0,0,0,0,0,0
514,0,0,0,0,0,0,0,0,0
515,0,0,0,0,0,0,0,0,0
516,0,0,0,0,0,0,0,0,0
517,0,0,0,0,0,0,0,0,0
518,0,0,0,0,0,0,0,0,0
519,0,0,0,0,0,0,0,0,0
520,0,0,0,0,0,0,0,0,0
521,0,0,0,0,0,0,0,0,0
522,0,0,0,0,0,0,0,0,0
523,0,0,0,0,0,0,0,0,0
524,0,0,0,0,0,0,0,0,0
525,0,0,0,0,0,0,0,0,0
526,0,0,0,0,0,0,0,0,0
527,0,0,0,0,0,0,0,0,0
528,0,0,0,0,0,0,0,0,0
529,0,0,0,0,0,0,0,0,0
530,0,0,0,0,0,0,0,0,0
531,0,0,0,0,0,0,0,0,0
532,0,0,0,0,0,0,0,0,0
533,0,0,0,0,0,0,0,0,0
534,0,0,0,0,0,0,0,0,0
535,0,0,0,0,0,0,0,0,0
536,0,0,0,0,0,0,0,0,0
537,0,0,0,0,0,0,0,0,0
538,0,0,0,0,0,0,0,0,0
539,0,0,0,0,0,0,0,0,0
540,0,0,0,0,0,0,0,0,0
541,0,0,0,0,0,0,0,0,0
542,0,0,0,0,0,0,0,0,0
543,0,0,0,0,0,0,0,0,0
544,0,0,0,0,0,0,0,0,0
545,0,0,0,0,0,0,0,0,0
546,0,0,0,0,0,0,0,0,0
547,0,0,0,0,0,0,0,0,0
548,0,0,0,0,0,0,0,0,0
549,0,0,0,0,0,0,0,0,0
550,0,0,0,0,0,0,0,0,0
551,0,0,0,0,0,0,0,0,0
552,0,0,0,0,0,0,0,0,0
553,0,0,0,0,0,0,0,0,0
554,0,0,0,0,0,0,0,0,0
555,0,0,0,0,0,0,0,0,0
556,0,0,0,0,0,0,0,0,0
557,0,0,0,0,0,0,0,0,0
558,0,0,0,0,0,0,0,0,0
559,0,0,0,0,0,0,0,0,0
560,0,0,0,0,0,0,0,0,0
561,0,0,0,0,0,0,0,0,0
562,0,0,0,0,0,0,0,0,0
563,0,0,0,0,0,0,0,0,0
564,0,0,0,0,0,0,0,0,0
565,0,0,0,0,0,0,0,0,0
566,0,0,0,0,0,0,0,0,0
567,0,0,0,0,0,0,0,0,0
568,0,0,0,0,0,0,0,0,0
569,0,0,0,0,0,0,0,0,0
570,0,0,0,0,0,0,0,0,0
571,0,0,0,0,0,0,0,0,0
572,0,0,0,0,0,0,0,0,0
573,0,0,0,0,0,0,0,0,0
574,0,0,0,0,0,0,0,0,0
575,0,0,0,0,0,0,0,0,0
576,0,0,0,0,0,0,0,0,0
577,0,0,0,0,0,0,0,0,0
578,0,0,0,0,0,0,0,0,0
579,0,0,0,0,0,0,0,0,0
580,0,0,0,0,0,0,0,0,0
581,0,0,0,0,0,0,0,0,0
582,0,0,0,0,0,0,0,0,0
583,0,0,0,0,0,0,0,0,0
584,0,0,0,0,0,0,0,0,0
585,0,0,0,0,0,0,0,0,0
586,0,0,0,0,0,0,0,0,0
587,0,0,0,0,0,0,0,0,0
588,0,0,0,0,0,0,0,0,0
589,0,0,0,0,0,0,0,0,0
590,0,0,0,0,0,0,0,0,0
591,0,0,0,0,0,0,0,0,0
592,0,0,0,0,0,0,0,0,0
593,0,0,0,0,0,0,0,0,0
594,0,0,0,0,0,0,0,0,0
595,0,0,0,0,0,0,0,0,0
596,0,0,0,0,0,0,0,0,0
597,0,0,0,0,0,0,0,0,0
598,0,0,0,0,0,0,0,0,0
599,0,0,0,0,0,0,0,0,0
600,0,0,0,0,0,0,0,0,0
601,0,0,0,0,0,0,0,0,0
602,0,0,0,0,0,0,0,0,0
603,0,0,0,0,0,0,0,0,0
604,0,0,0,0,0,0,0,0,0
605,0,0,0,0,0,0,0,0,0
606,0,0,0,0,0,0,0,0,0
607,0,0,0,0,0,0,0,0,0
608,0,0,0,0,0,0,0,0,0
609,0,0,0,0,0,0,0,0,0
610,0,0,0,0,0,0,0,0,0
611,0,0,0,0,0,0,0,0,0
612,0,0,0,0,0,0,0,0,0
613,0,0,0,0,0,0,0,0,0
614,0,0,0,0,0,0,0,0,0
615,0,0,0,0,0,0,0,0,0
616,0,0,0,0,0,0,0,0,0
617,0,0,0,0,0,0,0,0,0
618,0,0,0,0,0,0,0,0,0
619,0,0,0,0,0,0,0,0,0
620,0,0,0,0,0,0,0,0,0
621,0,0,0,0,0,0,0,0,0
622,0,0,0,0,0,0,0,0,0
623,0,0,0,0,0,0,0,0,0
624,0,0,0,0,0,0,0,0,0
625,0,0,0,0,0,0,0,0,0
626,0,0,0,0,0,0,0,0,0
627,0,0,0,0,0,0,0,0,0
628,0,0,0,0,0,0,0,0,0
629,0,0,0,0,0,0,0,0,0
630,0,0,0,0,0,0,0,0,0
631,0,0,0,0,0,0,0,0,0
632,0,0,0,0,0,0,0,0,0
633,0,0,0,0,0,0,0,0,0
634,0,0,0,0,0,0,0,0,0
635,0,0,0,0,0,0,0,0,0
636,0,0,0,0,0,0,0,0,0
637,0,0,0,0,0,0,0,0,0
638,0,0,0,0,0,0,0,0,0
639,0,0,0,0,0,0,0,0,0
640,0,0,0,0,0,0,0,0,0
641,0,0,0,0,0,0,0,0,0
642,0,0,0,0,0,0,0,0,0
643,0,0,0,0,0,0,0,0,0
644,0,0,0,0,0,0,0,0,0
645,0,0,0,0,0,0,0,0,0
646,0,0,0,0,0,0,0,0,0
647,0,0,0,0,0,0,0,0,0
648,0,0,0,0,0,0,0,0,0
649,0,0,0,0,0,0,0,0,0
650,0,0,0,0,0,0,0,0,0
651,0,0,0,0,0,0,0,0,0
652,0,0,0,0,0,0,0,0,0
653,0,0,0,0,0,0,0,0,0
654,0,0,0,0,0,0,0,0,0
655,0,0,0,0,0,0,0,0,0
656,0,0,0,0,0,0,0,0,0
657,0,0,0,0,0,0,0,0,0
658,0,0,0,0,0,0,0,0,0
659,0,0,0,0,0,0,0,0,0
660,0,0,0,0,0,0,0,0,0
661,0,0,0,0,0,0,0,0,0
662,0,0,0,0,0,0,0,0,0
663,0,0,0,0,0,0,0,0,0
664,0,0,0,0,0,0,0,0,0
665,0,0,0,0,0,0,0,0,0
666,0,0,0,0,0,0,0,0,0
667,0,0,0,0,0,0,0,0,0
668,0,0,0,0,0,0,0,0,0
669,0,0,0,0,0,0,0,0,0
670,0,0,0,0,0,0,0,0,0
671,0,0,0,0,0,0,0,0,0
672,0,0,0,0,0,0,0,0,0
673,0,0,0,0,0,0,0,0,0
674,0,0,0,0,0,0,0,0,0
675,0,0,0,0,0,0,0,0,0
676,0,0,0,0,0,0,0,0,0
677,0,0,0,0,0,0,0,0,0
678,0,0,0,0,0,0,0,0,0
679,0,0,0,0,0,0,0,0,0
680,0,0,0,0,0,0,0,0,0
681,0,0,0,0,0,0,0,0,0
682,0,0,0,0,0,0,0,0,0
683,0,0,0,0,0,0,0,0,0
684,0,0,0,0,0,0,0,0,0
685,0,0,0,0,0,0,0,0,0
686,0,0,0,0,0,0,0,0,0
687,0,0,0,0,0,0,0,0,0
688,0,0,0,0,0,0,0,0,0
689,0,0,0,0,0,0,0,0,0
690,0,0,0,0,0,0,0,0,0
691,0,0,0,0,0,0,0,0,0
692,0,0,0,0,0,0,0,0,0
693,0,0,0,0,0,0,0,0,0
694,0,0,0,0,0,0,0,0,0
695,0,0,0,0,0,0,0,0,0
696,0,0,0,0,0,0,0,0,0
697,0,0,0,0,0,0,0,0,0
698,0,0,0,0,0,0,0,0,0
699,0,0,0,0,0,0,0,0,0
700,0,0,0,0,0,0,0,0,0
701,0,0,0,0,0,0,0,0,0
702,0,0,0,0,0,0,0,0,0
703,0,0,0,0,0,0,0,0,0
704,0,0,0,0,0,0,0,0,0
705,0,0,0,0,0,0,0,0,0
706,0,0,0,0,0,0,0,0,0
707,0,0,0,0,0,0,0,0,0
708,0,0,0,0,0,0,0,0,0
709,0,0,0,0,0,0,0,0,0
710,0,0,0,0,0,0,0,0,0
711,0,0,0,0,0,0,0,0,0
712,0,0,0,0,0,0,0,0,0
713,0,0,0,0,0,0,0,0,0
714,0,0,0,0,0,0,0,0,0
715,0,0,0,0,0,0,0,0,0
716,0,0,0,0,0,0,0,0,0
717,0,0,0,0,0,0,0,0,0
718,0,0,0,0,0,0,0,0,0
719,0,0,0,0,0,0,0,0,0
720,0,0,0,0,0,0,0,0,0
721,0,0,0,0,0,0,0,0,0
722,0,0,0,0,0,0,0,0,0
723,0,0,0,0,0,0,0,0,0
724,0,0,0,0,0,0,0,0,0
725,0,0,0,0,0,0,0,0,0
726,0,0,0,0,0,0,0,0,0
727,0,0,0,0,0,0,0,0,0
728,0,0,0,0,0,0,0,0,0
729,0,0,0,0,0,0,0,0,0
730,0,0,0,0,0,0,0,0,0
731,0,0,0,0,0,0,0,0,0
732,0,0,0,0,0,0,0,0,0
733,0,0,0,0,0,0,0,0,0
734,0,0,0,0,0,0,0,0,0
735,0,0,0,0,0,0,0,0,0
736,0,0,0,0,0,0,0,0,0
737,0,0,0,0,0,0,0,0,0
738,0,0,0,0,0,0,0,0,0
739,0,0,0,0,0,0,0,0,0
740,0,0,0,0,0,0,0,0,0
741,0,0,0,0,0,0,0,0,0
742,0,0,0,0,0,0,0,0,0
743,0,0,0,0,0,0,0,0,0
744,0,0,0,0,0,0,0,0,0
745,0,0,0,0,0,0,0,0,0
746,0,0,0,0,0,0,0,0,0
747,0,0,0,0,0,0,0,0,0
748,0,0,0,0,0,0,0,0,0
749,0,0,0,0,0,0,0,0,0
750,0,0,0,0,0,0,0,0,0
0,194,7257,201425,4077983,57373546,517292847,2626655236,5935079656,3356972874
1,79,2730,60786,984052,11085265,80033927,325209555,587606138,265489372
2,41,1153,20538,266881,2427097,14186178,46852250,69031725,25535535
3,29,642,9225,98388,736520,3551109,9674928,11777280,3607856
4,15,389,4790,45075,300405,1286897,3114715,3379681,922332
5,7,249,2735,22334,129176,480397,1012997,962123,231831
6,7,219,2154,16440,89238,310494,614724,549437,124562
7,5,176,1615,11582,58835,191844,356606,298934,63360
8,4,123,1116,7524,35778,108561,187570,146092,28736
9,3,94,738,4548,20271,57850,94137,68322,12317
10,2,65,456,2677,10737,27660,40463,26010,4351
11,2,60,392,2108,7745,18260,23716,13512,2019
12,2,48,309,1416,4692,10069,11899,6044,791
13,2,33,207,911,2758,5568,6529,3381,412
14,2,24,160,656,1771,3274,3593,1730,192
15,2,20,138,551,1448,2585,2663,1255,123
16,1,18,120,466,1189,2004,1940,846,79
17,1,16,112,430,1128,1896,1814,781,73
18,1,13,88,288,731,1194,1126,469,45
19,1,13,84,246,620,958,861,340,34
20,1,13,79,232,559,830,735,296,29
21,1,13,78,223,507,731,617,236,23
22,1,13,76,213,476,678,582,225,21
23,0,8,42,102,243,315,290,103,11
24,0,8,39,85,181,224,203,66,8
25,0,8,39,85,181,224,203,66,8
26,0,6,36,69,160,155,131,49,4
27,0,6,33,58,134,119,94,35,3
28,0,5,18,44,92,71,53,28,3
29,0,5,18,44,92,71,53,28,3
30,0,5,18,40,76,50,29,14,1
31,0,5,18,40,71,45,28,12,1
32,0,4,18,37,70,40,26,12,1
33,0,4,17,34,64,29,20,11,1
34,0,4,17,34,62,29,19,11,1
35,0,4,17,28,50,22,14,11,1
36,0,4,17,27,48,21,12,7,1
37,0,4,17,27,48,21,12,7,1
38,0,0,16,16,30,17,9,0,0
39,0,0,13,13,22,14,5,0,0
40,0,0,13,13,22,14,5,0,0
41,0,0,13,13,22,14,5,0,0
42,0,0,9,11,13,10,4,0,0
43,0,0,9,11,13,10,4,0,0
44,0,0,9,10,11,9,4,0,0
45,0,0,9,7,7,5,2,0,0
46,0,0,3,4,5,2,2,0,0
47,0,0,3,4,5,2,2,0,0
48,0,0,3,4,5,1,1,0,0
49,0,0,2,1,0,0,0,0,0
50,0,0,1,1,0,0,0,0,0
51,0,0,1,1,0,0,0,0,0
52,0,0,1,1,0,0,0,0,0
53,0,0,1,1,0,0,0,0,0
54,0,0,1,1,0,0,0,0,0
55,0,0,1,1,0,0,0,0,0
56,0,0,1,1,0,0,0,0,0
57,0,0,1,1,0,0,0,0,0
58,0,0,1,1,0,0,0,0,0
59,0,0,1,1,0,0,0,0,0
60,0,0,1,1,0,0,0,0,0
61,0,0,1,1,0,0,0,0,0
62,0,0,1,1,0,0,0,0,0
63,0,0,1,1,0,0,0,0,0
64,0,0,1,1,0,0,0,0,0
65,0,0,1,1,0,0,0,0,0
66,0,0,1,1,0,0,0,0,0
67,0,0,0,0,0,0,0,0,0
68,0,0,0,0,0,0,0,0,0
69,0,0,0,0,0,0,0,0,0
70,0,0,0,0,0,0,0,0,0
71,0,0,0,0,0,0,0,0,0
72,0,0,0,0,0,0,0,0,0
73,0,0,0,0,0,0,0,0,0
74,0,0,0,0,0,0,0,0,0
75,0,0,0,0,0,0,0,0,0
76,0,0,0,0,0,0,0,0,0
77,0,0,0,0,0,0,0,0,0
78,0,0,0,0,0,0,0,0,0
79,0,0,0,0,0,0,0,0,0
80,0,0,0,0,0,0,0,0,0
81,0,0,0,0,0,0,0,0,0
82,0,0,0,0,0,0,0,0,0
83,0,0,0,0,0,0,0,0,0
84,0,0,0,0,0,0,0,0,0
85,0,0,0,0,0,0,0,0,0
86,0,0,0,0,0,0,0,0,0
87,0,0,0,0,0,0,0,0,0
88,0,0,0,0,0,0,0,0,0
89,0,0,0,0,0,0,0,0,0
90,0,0,0,0,0,0,0,0,0
91,0,0,0,0,0,0,0,0,0
92,0,0,0,0,0,0,0,0,0
93,0,0,0,0,0,0,0,0,0
94,0,0,0,0,0,0,0,0,0
95,0,0,0,0,0,0,0,0,0
96,0,0,0,0,0,0,0,0,0
97,0,0,0,0,0,0,0,0,0
98,0,0,0,0,0,0,0,0,0
99,0,0,0,0,0,0,0,0,0
100,0,0,0,0,0,0,0,0,0
101,0,0,0,0,0,0,0,0,0
102,0,0,0,0,0,0,0,0,0
103,0,0,0,0,0,0,0,0,0
104,0,0,0,0,0,0,0,0,0
105,0,0,0,0,0,0,0,0,0
106,0,0,0,0,0,0,0,0,0
107,0,0,0,0,0,0,0,0,0
108,0,0,0,0,0,0,0,0,0
109,0,0,0,0,0,0,0,0,0
110,0,0,0,0,0,0,0,0,0
111,0,0,0,0,0,0,0,0,0
112,0,0,0,0,0,0,0,0,0
113,0,0,0,0,0,0,0,0,0
114,0,0,0,0,0,0,0,0,0
115,0,0,0,0,0,0,0,0,0
116,0,0,0,0,0,0,0,0,0
117,0,0,0,0,0,0,0,0,0
118,0,0,0,0,0,0,0,0,0
119,0,0,0,0,0,0,0,0,0
120,0,0,0,0,0,0,0,0,0
121,0,0,0,0,0,0,0,0,0
122,0,0,0,0,0,0,0,0,0
123,0,0,0,0,0,0,0,0,0
124,0,0,0,0,0,0,0,0,0
125,0,0,0,0,0,0,0,0,0
126,0,0,0,0,0,0,0,0,0
127,0,0,0,0,0,0,0,0,0
128,0,0,0,0,0,0,0,0,0
129,0,0,0,0,0,0,0,0,0
130,0,0,0,0,0,0,0,0,0
131,0,0,0,0,0,0,0,0,0
132,0,0,0,0,0,0,0,0,0
133,0,0,0,0,0,0,0,0,0
134,0,0,0,0,0,0,0,0,0
135,0,0,0,0,0,0,0,0,0
136,0,0,0,0,0,0,0,0,0
137,0,0,0,0,0,0,0,0,0
138,0,0,0,0,0,0,0,0,0
139,0,0,0,0,0,0,0,0,0
140,0,0,0,0,0,0,0,0,0
141,0,0,0,0,0,0,0,0,0
142,0,0,0,0,0,0,0,0,0
143,0,0,0,0,0,0,0,0,0
144,0,0,0,0,0,0,0,0,0
145,0,0,0,0,0,0,0,0,0
146,0,0,0,0,0,0,0,0,0
147,0,0,0,0,0,0,0,0,0
148,0,0,0,0,0,0,0,0,0
149,0,0,0,0,0,0,0,0,0
150,0,0,0,0,0,0,0,0,0
151,0,0,0,0,0,0,0,0,0
152,0,0,0,0,0,0,0,0,0
153,0,0,0,0,0,0,0,0,0
154,0,0,0,0,0,0,0,0,0
155,0,0,0,0,0,0,0,0,0
156,0,0,0,0,0,0,0,0,0
157,0,0,0,0,0,0,0,0,0
158,0,0,0,0,0,0,0,0,0
159,0,0,0,0,0,0,0,0,0
160,0,0,0,0,0,0,0,0,0
161,0,0,0,0,0,0,0,0,0
162,0,0,0,0,0,0,0,0,0
163,0,0,0,0,0,0,0,0,0
164,0,0,0,0,0,0,0,0,0
165,0,0,0,0,0,0,0,0,0
166,0,0,0,0,0,0,0,0,0
167,0,0,0,0,0,0,0,0,0
168,0,0,0,0,0,0,0,0,0
169,0,0,0,0,0,0,0,0,0
170,0,0,0,0,0,0,0,0,0
171,0,0,0,0,0,0,0,0,0
172,0,0,0,0,0,0,0,0,0
173,0,0,0,0,0,0,0,0,0
174,0,0,0,0,0,0,0,0,0
175,0,0,0,0,0,0,0,0,0
176,0,0,0,0,0,0,0,0,0
177,0,0,0,0,0,0,0,0,0
178,0,0,0,0,0,0,0,0,0
179,0,0,0,0,0,0,0,0,0
180,0,0,0,0,0,0,0,0,0
181,0,0,0,0,0,0,0,0,0
182,0,0,0,0,0,0,0,0,0
183,0,0,0,0,0,0,0,0,0
184,0,0,0,0,0,0,0,0,0
185,0,0,0,0,0,0,0,0,0
186,0,0,0,0,0,0,0,0,0
187,0,0,0,0,0,0,0,0,0
188,0,0,0,0,0,0,0,0,0
189,0,0,0,0,0,0,0,0,0
190,0,0,0,0,0,0,0,0,0
191,0,0,0,0,0,0,0,0,0
192,0,0,0,0,0,0,0,0,0
193,0,0,0,0,0,0,0,0,0
194,0,0,0,0,0,0,0,0,0
195,0,0,0,0,0,0,0,0,0
196,0,0,0,0,0,0,0,0,0
197,0,0,0,0,0,0,0,0,0
198,0,0,0,0,0,0,0,0,0
199,0,0,0,0,0,0,0,0,0
200,0,0,0,0,0,0,0,0,0
201,0,0,0,0,0,0,0,0,0
202,0,0,0,0,0,0,0,0,0
203,0,0,0,0,0,0,0,0,0
204,0,0,0,0,0,0,0,0,0
205,0,0,0,0,0,0,0,0,0
206,0,0,0,0,0,0,0,0,0
207,0,0,0,0,0,0,0,0,0
208,0,0,0,0,0,0,0,0,0
209,0,0,0,0,0,0,0,0,0
210,0,0,0,0,0,0,0,0,0
211,0,0,0,0,0,0,0,0,0
212,0,0,0,0,0,0,0,0,0
213,0,0,0,0,0,0,0,0,0
214,0,0,0,0,0,0,0,0,0
215,0,0,0,0,0,0,0,0,0
216,0,0,0,0,0,0,0,0,0
217,0,0,0,0,0,0,0,0,0
218,0,0,0,0,0,0,0,0,0
219,0,0,0,0,0,0,0,0,0
220,0,0,0,0,0,0,0,0,0
221,0,0,0,0,0,0,0,0,0
222,0,0,0,0,0,0,0,0,0
223,0,0,0,0,0,0,0,0,0
224,0,0,0,0,0,0,0,0,0
225,0,0,0,0,0,0,0,0,0
226,0,0,0,0,0,0,0,0,0
227,0,0,0,0,0,0,0,0,0
228,0,0,0,0,0,0,0,0,0
229,0,0,0,0,0,0,0,0,0
230,0,0,0,0,0,0,0,0,0
231,0,0,0,0,0,0,0,0,0
232,0,0,0,0,0,0,0,0,0
233,0,0,0,0,0,0,0,0,0
234,0,0,0,0,0,0,0,0,0
235,0,0,0,0,0,0,0,0,0
236,0,0,0,0,0,0,0,0,0
237,0,0,0,0,0,0,0,0,0
238,0,0,0,0,0,0,0,0,0
239,0,0,0,0,0,0,0,0,0
240,0,0,0,0,0,0,0,0,0
241,0,0,0,0,0,0,0,0,0
242,0,0,0,0,0,0,0,0,0
243,0,0,0,0,0,0,0,0,0
244,0,0,0,0,0,0,0,0,0
245,0,0,0,0,0,0,0,0,0
246,0,0,0,0,0,0,0,0,0
247,0,0,0,0,0,0,0,0,0
248,0,0,0,0,0,0,0,0,0
249,0,0,0,0,0,0,0,0,0
250,0,0,0,0,0,0,0,0,0
251,0,0,0,0,0,0,0,0,0
252,0,0,0,0,0,0,0,0,0
253,0,0,0,0,0,0,0,0,0
254,0,0,0,0,0,0,0,0,0
255,0,0,0,0,0,0,0,0,0
256,0,0,0,0,0,0,0,0,0
257,0,0,0,0,0,0,0,0,0
258,0,0,0,0,0,0,0,0,0
259,0,0,0,0,0,0,0,0,0
260,0,0,0,0,0,0,0,0,0
261,0,0,0,0,0,0,0,0,0
262,0,0,0,0,0,0,0,0,0
263,0,0,0,0,0,0,0,0,0
264,0,0,0,0,0,0,0,0,0
265,0,0,0,0,0,0,0,0,0
266,0,0,0,0,0,0,0,0,0
267,0,0,0,0,0,0,0,0,0
268,0,0,0,0,0,0,0,0,0
269,0,0,0,0,0,0,0,0,0
270,0,0,0,0,0,0,0,0,0
271,0,0,0,0,0,0,0,0,0
272,0,0,0,0,0,0,0,0,0
273,0,0,0,0,0,0,0,0,0
274,0,0,0,0,0,0,0,0,0
275,0,0,0,0,0,0,0,0,0
276,0,0,0,0,0,0,0,0,0
277,0,0,0,0,0,0,0,0,0
278,0,0,0,0,0,0,0,0,0
279,0,0,0,0,0,0,0,0,0
280,0,0,0,0,0,0,0,0,0
281,0,0,0,0,0,0,0,0,0
282,0,0,0,0,0,0,0,0,0
283,0,0,0,0,0,0,0,0,0
284,0,0,0,0,0,0,0,0,0
285,0,0,0,0,0,0,0,0,0
286,0,0,0,0,0,0,0,0,0
287,0,0,0,0,0,0,0,0,0
288,0,0,0,0,0,0,0,0,0
289,0,0,0,0,0,0,0,0,0
290,0,0,0,0,0,0,0,0,0
291,0,0,0,0,0,0,0,0,0
292,0,0,0,0,0,0,0,0,0
293,0,0,0,0,0,0,0,0,0
294,0,0,0,0,0,0,0,0,0
295,0,0,0,0,0,0,0,0,0
296,0,0,0,0,0,0,0,0,0
297,0,0,0,0,0,0,0,0,0
298,0,0,0,0,0,0,0,0,0
299,0,0,0,0,0,0,0,0,0
300,0,0,0,0,0,0,0,0,0
301,0,0,0,0,0,0,0,0,0
302,0,0,0,0,0,0,0,0,0
303,0,0,0,0,0,0,0,0,0
304,0,0,0,0,0,0,0,0,0
305,0,0,0,0,0,0,0,0,0
306,0,0,0,0,0,0,0,0,0
307,0,0,0,0,0,0,0,0,0
308,0,0,0,0,0,0,0,0,0
309,0,0,0,0,0,0,0,0,0
310,0,0,0,0,0,0,0,0,0
311,0,0,0,0,0,0,0,0,0
312,0,0,0,0,0,0,0,0,0
313,0,0,0,0,0,0,0,0,0
314,0,0,0,0,0,0,0,0,0
315,0,0,0,0,0,0,0,0,0
316,0,0,0,0,0,0,0,0,0
317,0,0,0,0,0,0,0,0,0
318,0,0,0,0,0,0,0,0,0
319,0,0,0,0,0,0,0,0,0
320,0,0,0,0,0,0,0,0,0
321,0,0,0,0,0,0,0,0,0
322,0,0,0,0,0,0,0,0,0
323,0,0,0,0,0,0,0,0,0
324,0,0,0,0,0,0,0,0,0
325,0,0,0,0,0,0,0,0,0
326,0,0,0,0,0,0,0,0,0
327,0,0,0,0,0,0,0,0,0
328,0,0,0,0,0,0,0,0,0
329,0,0,0,0,0,0,0,0,0
330,0,0,0,0,0,0,0,0,0
331,0,0,0,0,0,0,0,0,0
332,0,0,0,0,0,0,0,0,0
333,0,0,0,0,0,0,0,0,0
334,0,0,0,0,0,0,0,0,0
335,0,0,0,0,0,0,0,0,0
336,0,0,0,0,0,0,0,0,0
337,0,0,0,0,0,0,0,0,0
338,0,0,0,0,0,0,0,0,0
339,0,0,0,0,0,0,0,0,0
340,0,0,0,0,0,0,0,0,0
341,0,0,0,0,0,0,0,0,0
342,0,0,0,0,0,0,0,0,0
343,0,0,0,0,0,0,0,0,0
344,0,0,0,0,0,0,0,0,0
345,0,0,0,0,0,0,0,0,0
346,0,0,0,0,0,0,0,0,0
347,0,0,0,0,0,0,0,0,0
348,0,0,0,0,0,0,0,0,0
349,0,0,0,0,0,0,0,0,0
350,0,0,0,0,0,0,0,0,0
351,0,0,0,0,0,0,0,0,0
352,0,0,0,0,0,0,0,0,0
353,0,0,0,0,0,0,0,0,0
354,0,0,0,0,0,0,0,0,0
355,0,0,0,0,0,0,0,0,0
356,0,0,0,0,0,0,0,0,0
357,0,0,0,0,0,0,0,0,0
358,0,0,0,0,0,0,0,0,0
359,0,0,0,0,0,0,0,0,0
360,0,0,0,0,0,0,0,0,0
361,0,0,0,0,0,0,0,0,0
362,0,0,0,0,0,0,0,0,0
363,0,0,0,0,0,0,0,0,0
364,0,0,0,0,0,0,0,0,0
365,0,0,0,0,0,0,0,0,0
366,0,0,0,0,0,0,0,0,0
367,0,0,0,0,0,0,0,0,0
368,0,0,0,0,0,0,0,0,0
369,0,0,0,0,0,0,0,0,0
370,0,0,0,0,0,0,0,0,0
371,0,0,0,0,0,0,0,0,0
372,0,0,0,0,0,0,0,0,0
373,0,0,0,0,0,0,0,0,0
374,0,0,0,0,0,0,0,0,0
375,0,0,0,0,0,0,0,0,0
376,0,0,0,0,0,0,0,0,0
377,0,0,0,0,0,0,0,0,0
378,0,0,0,0,0,0,0,0,0
379,0,0,0,0,0,0,0,0,0
380,0,0,0,0,0,0,0,0,0
381,0,0,0,0,0,0,0,0,0
382,0,0,0,0,0,0,0,0,0
383,0,0,0,0,0,0,0,0,0
384,0,0,0,0,0,0,0,0,0
385,0,0,0,0,0,0,0,0,0
386,0,0,0,0,0,0,0,0,0
387,0,0,0,0,0,0,0,0,0
388,0,0,0,0,0,0,0,0,0
389,0,0,0,0,0,0,0,0,0
390,0,0,0,0,0,0,0,0,0
391,0,0,0,0,0,0,0,0,0
392,0,0,0,0,0,0,0,0,0
393,0,0,0,0,0,0,0,0,0
394,0,0,0,0,0,0,0,0,0
395,0,0,0,0,0,0,0,0,0
396,0,0,0,0,0,0,0,0,0
397,0,0,0,0,0,0,0,0,0
398,0,0,0,0,0,0,0,0,0
399,0,0,0,0,0,0,0,0,0
400,0,0,0,0,0,0,0,0,0
401,0,0,0,0,0,0,0,0,0
402,0,0,0,0,0,0,0,0,0
403,0,0,0,0,0,0,0,0,0
404,0,0,0,0,0,0,0,0,0
405,0,0,0,0,0,0,0,0,0
406,0,0,0,0,0,0,0,0,0
407,0,0,0,0,0,0,0,0,0
408,0,0,0,0,0,0,0,0,0
409,0,0,0,0,0,0,0,0,0
410,0,0,0,0,0,0,0,0,0
411,0,0,0,0,0,0,0,0,0
412,0,0,0,0,0,0,0,0,0
413,0,0,0,0,0,0,0,0,0
414,0,0,0,0,0,0,0,0,0
415,0,0,0,0,0,0,0,0,0
416,0,0,0,0,0,0,0,0,0
417,0,0,0,0,0,0,0,0,0
418,0,0,0,0,0,0,0,0,0
419,0,0,0,0,0,0,0,0,0
420,0,0,0,0,0,0,0,0,0
421,0,0,0,0,0,0,0,0,0
422,0,0,0,0,0,0,0,0,0
423,0,0,0,0,0,0,0,0,0
424,0,0,0,0,0,0,0,0,0
425,0,0,0,0,0,0,0,0,0
426,0,0,0,0,0,0,0,0,0
427,0,0,0,0,0,0,0,0,0
428,0,0,0,0,0,0,0,0,0
429,0,0,0,0,0,0,0,0,0
430,0,0,0,0,0,0,0,0,0
431,0,0,0,0,0,0,0,0,0
432,0,0,0,0,0,0,0,0,0
433,0,0,0,0,0,0,0,0,0
434,0,0,0,0,0,0,0,0,0
435,0,0,0,0,0,0,0,0,0
436,0,0,0,0,0,0,0,0,0
437,0,0,0,0,0,0,0,0,0
438,0,0,0,0,0,0,0,0,0
439,0,0,0,0,0,0,0,0,0
440,0,0,0,0,0,0,0,0,0
441,0,0,0,0,0,0,0,0,0
442,0,0,0,0,0,0,0,0,0
443,0,0,0,0,0,0,0,0,0
444,0,0,0,0,0,0,0,0,0
445,0,0,0,0,0,0,0,0,0
446,0,0,0,0,0,0,0,0,0
447,0,0,0,0,0,0,0,0,0
448,0,0,0,0,0,0,0,0,0
449,0,0,0,0,0,0,0,0,0
450,0,0,0,0,0,0,0,0,0
451,0,0,0,0,0,0,0,0,0
452,0,0,0,0,0,0,0,0,0
453,0,0,0,0,0,0,0,0,0
454,0,0,0,0,0,0,0,0,0
455,0,0,0,0,0,0,0,0,0
456,0,0,0,0,0,0,0,0,0
457,0,0,0,0,0,0,0,0,0
458,0,0,0,0,0,0,0,0,0
459,0,0,0,0,0,0,0,0,0
460,0,0,0,0,0,0,0,0,0
461,0,0,0,0,0,0,0,0,0
462,0,0,0,0,0,0,0,0,0
463,0,0,0,0,0,0,0,0,0
464,0,0,0,0,0,0,0,0,0
465,0,0,0,0,0,0,0,0,0
466,0,0,0,0,0,0,0,0,0
467,0,0,0,0,0,0,0,0,0
468,0,0,0,0,0,0,0,0,0
469,0,0,0,0,0,0,0,0,0
470,0,0,0,0,0,0,0,0,0
471,0,0,0,0,0,0,0,0,0
472,0,0,0,0,0,0,0,0,0
473,0,0,0,0,0,0,0,0,0
474,0,0,0,0,0,0,0,0,0
475,0,0,0,0,0,0,0,0,0
476,0,0,0,0,0,0,0,0,0
477,0,0,0,0,0,0,0,0,0
478,0,0,0,0,0,0,0,0,0
479,0,0,0,0,0,0,0,0,0
480,0,0,0,0,0,0,0,0,0
481,0,0,0,0,0,0,0,0,0
482,0,0,0,0,0,0,0,0,0
483,0,0,0,0,0,0,0,0,0
484,0,0,0,0,0,0,0,0,0
485,0,0,0,0,0,0,0,0,0
486,0,0,0,0,0,0,0,0,0
487,0,0,0,0,0,0,0,0,0
488,0,0,0,0,0,0,0,0,0
489,0,0,0,0,0,0,0,0,0
490,0,0,0,0,0,0,0,0,0
491,0,0,0,0,0,0,0,0,0
492,0,0,0,0,0,0,0,0,0
493,0,0,0,0,0,0,0,0,0
494,0,0,0,0,0,0,0,0,0
495,0,0,0,0,0,0,0,0,0
496,0,0,0,0,0,0,0,0,0
497,0,0,0,0,0,0,0,0,0
498,0,0,0,0,0,0,0,0,0
499,0,0,0,0,0,0,0,0,0
500,0,0,0,0,0,0,0,0,0
501,0,0,0,0,0,0,0,0,0
502,0,0,0,0,0,0,0,0,0
503,0,0,0,0,0,0,0,0,0
504,0,0,0,0,0,0,0,0,0
505,0,0,0,0,0,0,0,0,0
506,0,0,0,0,0,0,0,0,0
507,0,0,0,0,0,0,0,0,0
508,0,0,0,0,0,0,0,0,0
509,0,0,0,0,0,0,0,0,0
510,0,0,0,0,0,0,0,0,0
511,0,0,0,0,0,0,0,0,0
512,0,0,0,0,0,0,0,0,0
513,0,0,0,0,0,0,0,0,0
514,0,0,0,0,0,0,0,0,0
515,0,0,0,0,0,0,0,0,0
516,0,0,0,0,0,0,0,0,0
517,0,0,0,0,0,0,0,0,0
518,0,0,0,0,0,0,0,0,0
519,0,0,0,0,0,0,0,0,0
520,0,0,0,0,0,0,0,0,0
521,0,0,0,0,0,0,0,0,0
522,0,0,0,0,0,0,0,0,0
523,0,0,0,0,0,0,0,0,0
524,0,0,0,0,0,0,0,0,0
525,0,0,0,0,0,0,0,0,0
526,0,0,0,0,0,0,0,0,0
527,0,0,0,0,0,0,0,0,0
528,0,0,0,0,0,0,0,0,0
529,0,0,0,0,0,0,0,0,0
530,0,0,0,0,0,0,0,0,0
531,0,0,0,0,0,0,0,0,0
532,0,0,0,0,0,0,0,0,0
533,0,0,0,0,0,0,0,0,0
534,0,0,0,0,0,0,0,0,0
535,0,0,0,0,0,0,0,0,0
536,0,0,0,0,0,0,0,0,0
537,0,0,0,0,0,0,0,0,0
538,0,0,0,0,0,0,0,0,0
539,0,0,0,0,0,0,0,0,0
540,0,0,0,0,0,0,0,0,0
541,0,0,0,0,0,0,0,0,0
542,0,0,0,0,0,0,0,0,0
543,0,0,0,0,0,0,0,0,0
544,0,0,0,0,0,0,0,0,0
545,0,0,0,0,0,0,0,0,0
546,0,0,0,0,0,0,0,0,0
547,0,0,0,0,0,0,0,0,0
548,0,0,0,0,0,0,0,0,0
549,0,0,0,0,0,0,0,0,0
550,0,0,0,0,0,0,0,0,0
551,0,0,0,0,0,0,0,0,0
552,0,0,0,0,0,0,0,0,0
553,0,0,0,0,0,0,0,0,0
554,0,0,0,0,0,0,0,0,0
555,0,0,0,0,0,0,0,0,0
556,0,0,0,0,0,0,0,0,0
557,0,0,0,0,0,0,0,0,0
558,0,0,0,0,0,0,0,0,0
559,0,0,0,0,0,0,0,0,0
560,0,0,0,0,0,0,0,0,0
561,0,0,0,0,0,0,0,0,0
562,0,0,0,0,0,0,0,0,0
563,0,0,0,0,0,0,0,0,0
564,0,0,0,0,0,0,0,0,0
565,0,0,0,0,0,0,0,0,0
566,0,0,0,0,0,0,0,0,0
567,0,0,0,0,0,0,0,0,0
568,0,0,0,0,0,0,0,0,0
569,0,0,0,0,0,0,0,0,0
570,0,0,0,0,0,0,0,0,0
571,0,0,0,0,0,0,0,0,0
572,0,0,0,0,0,0,0,0,0
573,0,0,0,0,0,0,0,0,0
574,0,0,0,0,0,0,0,0,0
575,0,0,0,0,0,0,0,0,0
576,0,0,0,0,0,0,0,0,0
577,0,0,0,0,0,0,0,0,0
578,0,0,0,0,0,0,0,0,0
579,0,0,0,0,0,0,0,0,0
580,0,0,0,0,0,0,0,0,0
581,0,0,0,0,0,0,0,0,0
582,0,0,0,0,0,0,0,0,0
583,0,0,0,0,0,0,0,0,0
584,0,0,0,0,0,0,0,0,0
585,0,0,0,0,0,0,0,0,0
586,0,0,0,0,0,0,0,0,0
587,0,0,0,0,0,0,0,0,0
588,0,0,0,0,0,0,0,0,0
589,0,0,0,0,0,0,0,0,0
590,0,0,0,0,0,0,0,0,0
591,0,0,0,0,0,0,0,0,0
592,0,0,0,0,0,0,0,0,0
593,0,0,0,0,0,0,0,0,0
594,0,0,0,0,0,0,0,0,0
595,0,0,0,0,0,0,0,0,0
596,0,0,0,0,0,0,0,0,0
597,0,0,0,0,0,0,0,0,0
598,0,0,0,0,0,0,0,0,0
599,0,0,0,0,0,0,0,0,0
600,0,0,0,0,0,0,0,0,0
601,0,0,0,0,0,0,0,0,0
602,0,0,0,0,0,0,0,0,0
603,0,0,0,0,0,0,0,0,0
604,0,0,0,0,0,0,0,0,0
605,0,0,0,0,0,0,0,0,0
606,0,0,0,0,0,0,0,0,0
607,0,0,0,0,0,0,0,0,0
608,0,0,0,0,0,0,0,0,0
609,0,0,0,0,0,0,0,0,0
610,0,0,0,0,0,0,0,0,0
611,0,0,0,0,0,0,0,0,0
612,0,0,0,0,0,0,0,0,0
613,0,0,0,0,0,0,0,0,0
614,0,0,0,0,0,0,0,0,0
615,0,0,0,0,0,0,0,0,0
616,0,0,0,0,0,0,0,0,0
617,0,0,0,0,0,0,0,0,0
618,0,0,0,0,0,0,0,0,0
619,0,0,0,0,0,0,0,0,0
620,0,0,0,0,0,0,0,0,0
621,0,0,0,0,0,0,0,0,0
622,0,0,0,0,0,0,0,0,0
623,0,0,0,0,0,0,0,0,0
624,0,0,0,0,0,0,0,0,0
625,0,0,0,0,0,0,0,0,0
626,0,0,0,0,0,0,0,0,0
627,0,0,0,0,0,0,0,0,0
628,0,0,0,0,0,0,0,0,0
629,0,0,0,0,0,0,0,0,0
630,0,0,0,0,0,0,0,0,0
631,0,0,0,0,0,0,0,0,0
632,0,0,0,0,0,0,0,0,0
633,0,0,0,0,0,0,0,0,0
634,0,0,0,0,0,0,0,0,0
635,0,0,0,0,0,0,0,0,0
636,0,0,0,0,0,0,0,0,0
637,0,0,0,0,0,0,0,0,0
638,0,0,0,0,0,0,0,0,0
639,0,0,0,0,0,0,0,0,0
640,0,0,0,0,0,0,0,0,0
641,0,0,0,0,0,0,0,0,0
642,0,0,0,0,0,0,0,0,0
643,0,0,0,0,0,0,0,0,0
644,0,0,0,0,0,0,0,0,0
645,0,0,0,0,0,0,0,0,0
646,0,0,0,0,0,0,0,0,0
647,0,0,0,0,0,0,0,0,0
648,0,0,0,0,0,0,0,0,0
649,0,0,0,0,0,0,0,0,0
650,0,0,0,0,0,0,0,0,0
651,0,0,0,0,0,0,0,0,0
652,0,0,0,0,0,0,0,0,0
653,0,0,0,0,0,0,0,0,0
654,0,0,0,0,0,0,0,0,0
655,0,0,0,0,0,0,0,0,0
656,0,0,0,0,0,0,0,0,0
657,0,0,0,0,0,0,0,0,0
658,0,0,0,0,0,0,0,0,0
659,0,0,0,0,0,0,0,0,0
660,0,0,0,0,0,0,0,0,0
661,0,0,0,0,0,0,0,0,0
662,0,0,0,0,0,0,0,0,0
663,0,0,0,0,0,0,0,0,0
664,0,0,0,0,0,0,0,0,0
665,0,0,0,0,0,0,0,0,0
666,0,0,0,0,0,0,0,0,0
667,0,0,0,0,0,0,0,0,0
668,0,0,0,0,0,0,0,0,0
669,0,0,0,0,0,0,0,0,0
670,0,0,0,0,0,0,0,0,0
671,0,0,0,0,0,0,0,0,0
672,0,0,0,0,0,0,0,0,0
673,0,0,0,0,0,0,0,0,0
674,0,0,0,0,0,0,0,0,0
675,0,0,0,0,0,0,0,0,0
676,0,0,0,0,0,0,0,0,0
677,0,0,0,0,0,0,0,0,0
678,0,0,0,0,0,0,0,0,0
679,0,0,0,0,0,0,0,0,0
680,0,0,0,0,0,0,0,0,0
681,0,0,0,0,0,0,0,0,0
682,0,0,0,0,0,0,0,0,0
683,0,0,0,0,0,0,0,0,0
684,0,0,0,0,0,0,0,0,0
685,0,0,0,0,0,0,0,0,0
686,0,0,0,0,0,0,0,0,0
687,0,0,0,0,0,0,0,0,0
688,0,0,0,0,0,0,0,0,0
689,0,0,0,0,0,0,0,0,0
690,0,0,0,0,0,0,0,0,0
691,0,0,0,0,0,0,0,0,0
692,0,0,0,0,0,0,0,0,0
693,0,0,0,0,0,0,0,0,0
694,0,0,0,0,0,0,0,0,0
695,0,0,0,0,0,0,0,0,0
696,0,0,0,0,0,0,0,0,0
697,0,0,0,0,0,0,0,0,0
698,0,0,0,0,0,0,0,0,0
699,0,0,0,0,0,0,0,0,0
700,0,0,0,0,0,0,0,0,0
701,0,0,0,0,0,0,0,0,0
702,0,0,0,0,0,0,0,0,0
703,0,0,0,0,0,0,0,0,0
704,0,0,0,0,0,0,0,0,0
705,0,0,0,0,0,0,0,0,0
706,0,0,0,0,0,0,0,0,0
707,0,0,0,0,0,0,0,0,0
708,0,0,0,0,0,0,0,0,0
709,0,0,0,0,0,0,0,0,0
710,0,0,0,0,0,0,0,0,0
711,0,0,0,0,0,0,0,0,0
712,0,0,0,0,0,0,0,0,0
713,0,0,0,0,0,0,0,0,0
714,0,0,0,0,0,0,0,0,0
715,0,0,0,0,0,0,0,0,0
716,0,0,0,0,0,0,0,0,0
717,0,0,0,0,0,0,0,0,0
718,0,0,0,0,0,0,0,0,0
719,0,0,0,0,0,0,0,0,0
720,0,0,0,0,0,0,0,0,0
721,0,0,0,0,0,0,0,0,0
722,0,0,0,0,0,0,0,0,0
723,0,0,0,0,0,0,0,0,0
724,0,0,0,0,0,0,0,0,0
725,0,0,0,0,0,0,0,0,0
726,0,0,0,0,0,0,0,0,0
727,0,0,0,0,0,0,0,0,0
728,0,0,0,0,0,0,0,0,0
729,0,0,0,0,0,0,0,0,0
730,0,0,0,0,0,0,0,0,0
731,0,0,0,0,0,0,0,0,0
732,0,0,0,0,0,0,0,0,0
733,0,0,0,0,0,0,0,0,0
734,0,0,0,0,0,0,0,0,0
735,0,0,0,0,0,0,0,0,0
736,0,0,0,0,0,0,0,0,0
737,0,0,0,0,0,0,0,0,0
738,0,0,0,0,0,0,0,0,0
739,0,0,0,0,0,0,0,0,0
740,0,0,0,0,0,0,0,0,0
741,0,0,0,0,0,0,0,0,0
742,0,0,0,0,0,0,0,0,0
743,0,0,0,0,0,0,0,0,0
744,0,0,0,0,0,0,0,0,0
745,0,0,0,0,0,0,0,0,0
746,0,0,0,0,0,0,0,0,0
747,0,0,0,0,0,0,0,0,0
748,0,0,0,0,0,0,0,0,0
749,0,0,0,0,0,0,0,0,0
750,0,0,0,0,0,0,0,0,0
0,194,7257,201425,4077983,57373546,517292847,2626655236,5935079656,3356972874
1,94,2805,60492,955364,10484861,73753403,292358043,516065080,228218868
2,58,1326,23640,301273,2671197,15179804,48576739,69220433,24723508
3,39,783,11499,124102,919664,4386625,11767318,14054166,4204120
4,30,447,5812,54669,352877,1458612,3386821,3489273,898889
5,20,261,3010,25186,147385,549235,1154549,1076388,251548
6,14,138,1348,10129,52581,174411,327889,276361,58567
7,11,97,830,5501,25396,74491,121597,87931,15931
8,7,58,386,2345,9717,25431,36981,24018,3882
9,3,33,205,1181,4546,11197,15142,9085,1339
10,3,33,197,1096,4078,9727,12539,7230,1027
11,2,26,139,736,2501,5426,6183,2990,301
12,1,22,115,544,1850,3813,4237,2007,211
13,1,21,110,505,1640,3192,3403,1604,166
14,1,15,78,338,1078,2042,2081,943,100
15,1,15,78,332,1000,1843,1826,826,82
16,1,14,71,271,778,1350,1197,536,58
17,1,14,62,218,621,979,891,416,40
18,1,12,52,184,504,794,722,341,32
19,1,12,47,158,433,602,534,240,17
20,0,7,26,79,254,331,319,164,14
21,0,7,25,74,223,271,240,109,8
22,0,5,18,55,173,220,180,82,5
23,0,5,18,51,143,175,137,54,4
24,0,5,18,46,125,151,106,42,2
25,0,4,12,31,80,78,49,18,0
26,0,4,12,30,78,72,46,18,0
27,0,4,10,27,63,56,33,5,0
28,0,4,10,27,63,56,33,5,0
29,0,4,8,19,39,28,18,2,0
30,0,4,8,19,39,28,18,2,0
31,0,2,4,17,27,15,8,1,0
32,0,2,3,13,24,13,8,1,0
33,0,2,3,9,19,12,7,1,0
34,0,2,3,9,19,12,7,1,0
35,0,2,3,9,19,12,6,1,0
36,0,2,3,9,19,12,6,1,0
37,0,2,0,7,13,9,4,1,0
38,0,2,0,7,13,9,4,1,0
39,0,1,0,7,12,7,4,1,0
40,0,1,0,7,12,7,4,1,0
41,0,1,0,7,12,7,4,1,0
42,0,1,0,7,12,7,4,1,0
43,0,1,0,7,12,7,4,1,0
44,0,1,0,7,11,6,4,1,0
45,0,1,0,6,9,6,2,1,0
46,0,1,0,6,9,6,2,1,0
47,0,1,0,6,9,6,2,1,0
48,0,0,0,6,9,6,2,1,0
49,0,0,0,4,5,4,0,0,0
50,0,0,0,3,3,4,0,0,0
51,0,0,0,3,3,4,0,0,0
52,0,0,0,3,3,4,0,0,0
53,0,0,0,3,3,3,0,0,0
54,0,0,0,3,3,3,0,0,0
55,0,0,0,3,3,3,0,0,0
56,0,0,0,3,3,3,0,0,0
57,0,0,0,3,3,3,0,0,0
58,0,0,0,3,3,3,0,0,0
59,0,0,0,3,3,3,0,0,0
60,0,0,0,3,3,3,0,0,0
61,0,0,0,3,3,3,0,0,0
62,0,0,0,1,0,0,0,0,0
63,0,0,0,1,0,0,0,0,0
64,0,0,0,1,0,0,0,0,0
65,0,0,0,1,0,0,0,0,0
66,0,0,0,1,0,0,0,0,0
67,0,0,0,1,0,0,0,0,0
68,0,0,0,1,0,0,0,0,0
69,0,0,0,1,0,0,0,0,0
70,0,0,0,1,0,0,0,0,0
71,0,0,0,1,0,0,0,0,0
72,0,0,0,1,0,0,0,0,0
73,0,0,0,1,0,0,0,0,0
74,0,0,0,1,0,0,0,0,0
75,0,0,0,1,0,0,0,0,0
76,0,0,0,1,0,0,0,0,0
77,0,0,0,1,0,0,0,0,0
78,0,0,0,1,0,0,0,0,0
79,0,0,0,1,0,0,0,0,0
80,0,0,0,1,0,0,0,0,0
81,0,0,0,0,0,0,0,0,0
82,0,0,0,0,0,0,0,0,0
83,0,0,0,0,0,0,0,0,0
84,0,0,0,0,0,0,0,0,0
85,0,0,0,0,0,0,0,0,0
86,0,0,0,0,0,0,0,0,0
87,0,0,0,0,0,0,0,0,0
88,0,0,0,0,0,0,0,0,0
89,0,0,0,0,0,0,0,0,0
90,0,0,0,0,0,0,0,0,0
91,0,0,0,0,0,0,0,0,0
92,0,0,0,0,0,0,0,0,0
93,0,0,0,0,0,0,0,0,0
94,0,0,0,0,0,0,0,0,0
95,0,0,0,0,0,0,0,0,0
96,0,0,0,0,0,0,0,0,0
97,0,0,0,0,0,0,0,0,0
98,0,0,0,0,0,0,0,0,0
99,0,0,0,0,0,0,0,0,0
100,0,0,0,0,0,0,0,0,0
101,0,0,0,0,0,0,0,0,0
102,0,0,0,0,0,0,0,0,0
103,0,0,0,0,0,0,0,0,0
104,0,0,0,0,0,0,0,0,0
105,0,0,0,0,0,0,0,0,0
106,0,0,0,0,0,0,0,0,0
107,0,0,0,0,0,0,0,0,0
108,0,0,0,0,0,0,0,0,0
109,0,0,0,0,0,0,0,0,0
110,0,0,0,0,0,0,0,0,0
111,0,0,0,0,0,0,0,0,0
112,0,0,0,0,0,0,0,0,0
113,0,0,0,0,0,0,0,0,0
114,0,0,0,0,0,0,0,0,0
115,0,0,0,0,0,0,0,0,0
116,0,0,0,0,0,0,0,0,0
117,0,0,0,0,0,0,0,0,0
118,0,0,0,0,0,0,0,0,0
119,0,0,0,0,0,0,0,0,0
120,0,0,0,0,0,0,0,0,0
121,0,0,0,0,0,0,0,0,0
122,0,0,0,0,0,0,0,0,0
123,0,0,0,0,0,0,0,0,0
124,0,0,0,0,0,0,0,0,0
125,0,0,0,0,0,0,0,0,0
126,0,0,0,0,0,0,0,0,0
127,0,0,0,0,0,0,0,0,0
128,0,0,0,0,0,0,0,0,0
129,0,0,0,0,0,0,0,0,0
130,0,0,0,0,0,0,0,0,0
131,0,0,0,0,0,0,0,0,0
132,0,0,0,0,0,0,0,0,0
133,0,0,0,0,0,0,0,0,0
134,0,0,0,0,0,0,0,0,0
135,0,0,0,0,0,0,0,0,0
136,0,0,0,0,0,0,0,0,0
137,0,0,0,0,0,0,0,0,0
138,0,0,0,0,0,0,0,0,0
139,0,0,0,0,0,0,0,0,0
140,0,0,0,0,0,0,0,0,0
141,0,0,0,0,0,0,0,0,0
142,0,0,0,0,0,0,0,0,0
143,0,0,0,0,0,0,0,0,0
144,0,0,0,0,0,0,0,0,0
145,0,0,0,0,0,0,0,0,0
146,0,0,0,0,0,0,0,0,0
147,0,0,0,0,0,0,0,0,0
148,0,0,0,0,0,0,0,0,0
149,0,0,0,0,0,0,0,0,0
150,0,0,0,0,0,0,0,0,0
151,0,0,0,0,0,0,0,0,0
152,0,0,0,0,0,0,0,0,0
153,0,0,0,0,0,0,0,0,0
154,0,0,0,0,0,0,0,0,0
155,0,0,0,0,0,0,0,0,0
156,0,0,0,0,0,0,0,0,0
157,0,0,0,0,0,0,0,0,0
158,0,0,0,0,0,0,0,0,0
159,0,0,0,0,0,0,0,0,0
160,0,0,0,0,0,0,0,0,0
161,0,0,0,0,0,0,0,0,0
162,0,0,0,0,0,0,0,0,0
163,0,0,0,0,0,0,0,0,0
164,0,0,0,0,0,0,0,0,0
165,0,0,0,0,0,0,0,0,0
166,0,0,0,0,0,0,0,0,0
167,0,0,0,0,0,0,0,0,0
168,0,0,0,0,0,0,0,0,0
169,0,0,0,0,0,0,0,0,0
170,0,0,0,0,0,0,0,0,0
171,0,0,0,0,0,0,0,0,0
172,0,0,0,0,0,0,0,0,0
173,0,0,0,0,0,0,0,0,0
174,0,0,0,0,0,0,0,0,0
175,0,0,0,0,0,0,0,0,0
176,0,0,0,0,0,0,0,0,0
177,0,0,0,0,0,0,0,0,0
178,0,0,0,0,0,0,0,0,0
179,0,0,0,0,0,0,0,0,0
180,0,0,0,0,0,0,0,0,0
181,0,0,0,0,0,0,0,0,0
182,0,0,0,0,0,0,0,0,0
183,0,0,0,0,0,0,0,0,0
184,0,0,0,0,0,0,0,0,0
185,0,0,0,0,0,0,0,0,0
186,0,0,0,0,0,0,0,0,0
187,0,0,0,0,0,0,0,0,0
188,0,0,0,0,0,0,0,0,0
189,0,0,0,0,0,0,0,0,0
190,0,0,0,0,0,0,0,0,0
191,0,0,0,0,0,0,0,0,0
192,0,0,0,0,0,0,0,0,0
193,0,0,0,0,0,0,0,0,0
194,0,0,0,0,0,0,0,0,0
195,0,0,0,0,0,0,0,0,0
196,0,0,0,0,0,0,0,0,0
197,0,0,0,0,0,0,0,0,0
198,0,0,0,0,0,0,0,0,0
199,0,0,0,0,0,0,0,0,0
200,0,0,0,0,0,0,0,0,0
201,0,0,0,0,0,0,0,0,0
202,0,0,0,0,0,0,0,0,0
203,0,0,0,0,0,0,0,0,0
204,0,0,0,0,0,0,0,0,0
205,0,0,0,0,0,0,0,0,0
206,0,0,0,0,0,0,0,0,0
207,0,0,0,0,0,0,0,0,0
208,0,0,0,0,0,0,0,0,0
209,0,0,0,0,0,0,0,0,0
210,0,0,0,0,0,0,0,0,0
211,0,0,0,0,0,0,0,0,0
212,0,0,0,0,0,0,0,0,0
213,0,0,0,0,0,0,0,0,0
214,0,0,0,0,0,0,0,0,0
215,0,0,0,0,0,0,0,0,0
216,0,0,0,0,0,0,0,0,0
217,0,0,0,0,0,0,0,0,0
218,0,0,0,0,0,0,0,0,0
219,0,0,0,0,0,0,0,0,0
220,0,0,0,0,0,0,0,0,0
221,0,0,0,0,0,0,0,0,0
222,0,0,0,0,0,0,0,0,0
223,0,0,0,0,0,0,0,0,0
224,0,0,0,0,0,0,0,0,0
225,0,0,0,0,0,0,0,0,0
226,0,0,0,0,0,0,0,0,0
227,0,0,0,0,0,0,0,0,0
228,0,0,0,0,0,0,0,0,0
229,0,0,0,0,0,0,0,0,0
230,0,0,0,0,0,0,0,0,0
231,0,0,0,0,0,0,0,0,0
232,0,0,0,0,0,0,0,0,0
233,0,0,0,0,0,0,0,0,0
234,0,0,0,0,0,0,0,0,0
235,0,0,0,0,0,0,0,0,0
236,0,0,0,0,0,0,0,0,0
237,0,0,0,0,0,0,0,0,0
238,0,0,0,0,0,0,0,0,0
239,0,0,0,0,0,0,0,0,0
240,0,0,0,0,0,0,0,0,0
241,0,0,0,0,0,0,0,0,0
242,0,0,0,0,0,0,0,0,0
243,0,0,0,0,0,0,0,0,0
244,0,0,0,0,0,0,0,0,0
245,0,0,0,0,0,0,0,0,0
246,0,0,0,0,0,0,0,0,0
247,0,0,0,0,0,0,0,0,0
248,0,0,0,0,0,0,0,0,0
249,0,0,0,0,0,0,0,0,0
250,0,0,0,0,0,0,0,0,0
251,0,0,0,0,0,0,0,0,0
252,0,0,0,0,0,0,0,0,0
253,0,0,0,0,0,0,0,0,0
254,0,0,0,0,0,0,0,0,0
255,0,0,0,0,0,0,0,0,0
256,0,0,0,0,0,0,0,0,0
257,0,0,0,0,0,0,0,0,0
258,0,0,0,0,0,0,0,0,0
259,0,0,0,0,0,0,0,0,0
260,0,0,0,0,0,0,0,0,0
261,0,0,0,0,0,0,0,0,0
262,0,0,0,0,0,0,0,0,0
263,0,0,0,0,0,0,0,0,0
264,0,0,0,0,0,0,0,0,0
265,0,0,0,0,0,0,0,0,0
266,0,0,0,0,0,0,0,0,0
267,0,0,0,0,0,0,0,0,0
268,0,0,0,0,0,0,0,0,0
269,0,0,0,0,0,0,0,0,0
270,0,0,0,0,0,0,0,0,0
271,0,0,0,0,0,0,0,0,0
272,0,0,0,0,0,0,0,0,0
273,0,0,0,0,0,0,0,0,0
274,0,0,0,0,0,0,0,0,0
275,0,0,0,0,0,0,0,0,0
276,0,0,0,0,0,0,0,0,0
277,0,0,0,0,0,0,0,0,0
278,0,0,0,0,0,0,0,0,0
279,0,0,0,0,0,0,0,0,0
280,0,0,0,0,0,0,0,0,0
281,0,0,0,0,0,0,0,0,0
282,0,0,0,0,0,0,0,0,0
283,0,0,0,0,0,0,0,0,0
284,0,0,0,0,0,0,0,0,0
285,0,0,0,0,0,0,0,0,0
286,0,0,0,0,0,0,0,0,0
287,0,0,0,0,0,0,0,0,0
288,0,0,0,0,0,0,0,0,0
289,0,0,0,0,0,0,0,0,0
290,0,0,0,0,0,0,0,0,0
291,0,0,0,0,0,0,0,0,0
292,0,0,0,0,0,0,0,0,0
293,0,0,0,0,0,0,0,0,0
294,0,0,0,0,0,0,0,0,0
295,0,0,0,0,0,0,0,0,0
296,0,0,0,0,0,0,0,0,0
297,0,0,0,0,0,0,0,0,0
298,0,0,0,0,0,0,0,0,0
299,0,0,0,0,0,0,0,0,0
300,0,0,0,0,0,0,0,0,0
301,0,0,0,0,0,0,0,0,0
302,0,0,0,0,0,0,0,0,0
303,0,0,0,0,0,0,0,0,0
304,0,0,0,0,0,0,0,0,0
305,0,0,0,0,0,0,0,0,0
306,0,0,0,0,0,0,0,0,0
307,0,0,0,0,0,0,0,0,0
308,0,0,0,0,0,0,0,0,0
309,0,0,0,0,0,0,0,0,0
310,0,0,0,0,0,0,0,0,0
311,0,0,0,0,0,0,0,0,0
312,0,0,0,0,0,0,0,0,0
313,0,0,0,0,0,0,0,0,0
314,0,0,0,0,0,0,0,0,0
315,0,0,0,0,0,0,0,0,0
316,0,0,0,0,0,0,0,0,0
317,0,0,0,0,0,0,0,0,0
318,0,0,0,0,0,0,0,0,0
319,0,0,0,0,0,0,0,0,0
320,0,0,0,0,0,0,0,0,0
321,0,0,0,0,0,0,0,0,0
322,0,0,0,0,0,0,0,0,0
323,0,0,0,0,0,0,0,0,0
324,0,0,0,0,0,0,0,0,0
325,0,0,0,0,0,0,0,0,0
326,0,0,0,0,0,0,0,0,0
327,0,0,0,0,0,0,0,0,0
328,0,0,0,0,0,0,0,0,0
329,0,0,0,0,0,0,0,0,0
330,0,0,0,0,0,0,0,0,0
331,0,0,0,0,0,0,0,0,0
332,0,0,0,0,0,0,0,0,0
333,0,0,0,0,0,0,0,0,0
334,0,0,0,0,0,0,0,0,0
335,0,0,0,0,0,0,0,0,0
336,0,0,0,0,0,0,0,0,0
337,0,0,0,0,0,0,0,0,0
338,0,0,0,0,0,0,0,0,0
339,0,0,0,0,0,0,0,0,0
340,0,0,0,0,0,0,0,0,0
341,0,0,0,0,0,0,0,0,0
342,0,0,0,0,0,0,0,0,0
343,0,0,0,0,0,0,0,0,0
344,0,0,0,0,0,0,0,0,0
345,0,0,0,0,0,0,0,0,0
346,0,0,0,0,0,0,0,0,0
347,0,0,0,0,0,0,0,0,0
348,0,0,0,0,0,0,0,0,0
349,0,0,0,0,0,0,0,0,0
350,0,0,0,0,0,0,0,0,0
351,0,0,0,0,0,0,0,0,0
352,0,0,0,0,0,0,0,0,0
353,0,0,0,0,0,0,0,0,0
354,0,0,0,0,0,0,0,0,0
355,0,0,0,0,0,0,0,0,0
356,0,0,0,0,0,0,0,0,0
357,0,0,0,0,0,0,0,0,0
358,0,0,0,0,0,0,0,0,0
359,0,0,0,0,0,0,0,0,0
360,0,0,0,0,0,0,0,0,0
361,0,0,0,0,0,0,0,0,0
362,0,0,0,0,0,0,0,0,0
363,0,0,0,0,0,0,0,0,0
364,0,0,0,0,0,0,0,0,0
365,0,0,0,0,0,0,0,0,0
366,0,0,0,0,0,0,0,0,0
367,0,0,0,0,0,0,0,0,0
368,0,0,0,0,0,0,0,0,0
369,0,0,0,0,0,0,0,0,0
370,0,0,0,0,0,0,0,0,0
371,0,0,0,0,0,0,0,0,0
372,0,0,0,0,0,0,0,0,0
373,0,0,0,0,0,0,0,0,0
374,0,0,0,0,0,0,0,0,0
375,0,0,0,0,0,0,0,0,0
376,0,0,0,0,0,0,0,0,0
377,0,0,0,0,0,0,0,0,0
378,0,0,0,0,0,0,0,0,0
379,0,0,0,0,0,0,0,0,0
380,0,0,0,0,0,0,0,0,0
381,0,0,0,0,0,0,0,0,0
382,0,0,0,0,0,0,0,0,0
383,0,0,0,0,0,0,0,0,0
384,0,0,0,0,0,0,0,0,0
385,0,0,0,0,0,0,0,0,0
386,0,0,0,0,0,0,0,0,0
387,0,0,0,0,0,0,0,0,0
388,0,0,0,0,0,0,0,0,0
389,0,0,0,0,0,0,0,0,0
390,0,0,0,0,0,0,0,0,0
391,0,0,0,0,0,0,0,0,0
392,0,0,0,0,0,0,0,0,0
393,0,0,0,0,0,0,0,0,0
394,0,0,0,0,0,0,0,0,0
395,0,0,0,0,0,0,0,0,0
396,0,0,0,0,0,0,0,0,0
397,0,0,0,0,0,0,0,0,0
398,0,0,0,0,0,0,0,0,0
399,0,0,0,0,0,0,0,0,0
400,0,0,0,0,0,0,0,0,0
401,0,0,0,0,0,0,0,0,0
402,0,0,0,0,0,0,0,0,0
403,0,0,0,0,0,0,0,0,0
404,0,0,0,0,0,0,0,0,0
405,0,0,0,0,0,0,0,0,0
406,0,0,0,0,0,0,0,0,0
407,0,0,0,0,0,0,0,0,0
408,0,0,0,0,0,0,0,0,0
409,0,0,0,0,0,0,0,0,0
410,0,0,0,0,0,0,0,0,0
411,0,0,0,0,0,0,0,0,0
412,0,0,0,0,0,0,0,0,0
413,0,0,0,0,0,0,0,0,0
414,0,0,0,0,0,0,0,0,0
415,0,0,0,0,0,0,0,0,0
416,0,0,0,0,0,0,0,0,0
417,0,0,0,0,0,0,0,0,0
418,0,0,0,0,0,0,0,0,0
419,0,0,0,0,0,0,0,0,0
420,0,0,0,0,0,0,0,0,0
421,0,0,0,0,0,0,0,0,0
422,0,0,0,0,0,0,0,0,0
423,0,0,0,0,0,0,0,0,0
424,0,0,0,0,0,0,0,0,0
425,0,0,0,0,0,0,0,0,0
426,0,0,0,0,0,0,0,0,0
427,0,0,0,0,0,0,0,0,0
428,0,0,0,0,0,0,0,0,0
429,0,0,0,0,0,0,0,0,0
430,0,0,0,0,0,0,0,0,0
431,0,0,0,0,0,0,0,0,0
432,0,0,0,0,0,0,0,0,0
433,0,0,0,0,0,0,0,0,0
434,0,0,0,0,0,0,0,0,0
435,0,0,0,0,0,0,0,0,0
436,0,0,0,0,0,0,0,0,0
437,0,0,0,0,0,0,0,0,0
438,0,0,0,0,0,0,0,0,0
439,0,0,0,0,0,0,0,0,0
440,0,0,0,0,0,0,0,0,0
441,0,0,0,0,0,0,0,0,0
442,0,0,0,0,0,0,0,0,0
443,0,0,0,0,0,0,0,0,0
444,0,0,0,0,0,0,0,0,0
445,0,0,0,0,0,0,0,0,0
446,0,0,0,0,0,0,0,0,0
447,0,0,0,0,0,0,0,0,0
448,0,0,0,0,0,0,0,0,0
449,0,0,0,0,0,0,0,0,0
450,0,0,0,0,0,0,0,0,0
451,0,0,0,0,0,0,0,0,0
452,0,0,0,0,0,0,0,0,0
453,0,0,0,0,0,0,0,0,0
454,0,0,0,0,0,0,0,0,0
455,0,0,0,0,0,0,0,0,0
456,0,0,0,0,0,0,0,0,0
457,0,0,0,0,0,0,0,0,0
458,0,0,0,0,0,0,0,0,0
459,0,0,0,0,0,0,0,0,0
460,0,0,0,0,0,0,0,0,0
461,0,0,0,0,0,0,0,0,0
462,0,0,0,0,0,0,0,0,0
463,0,0,0,0,0,0,0,0,0
464,0,0,0,0,0,0,0,0,0
465,0,0,0,0,0,0,0,0,0
466,0,0,0,0,0,0,0,0,0
467,0,0,0,0,0,0,0,0,0
468,0,0,0,0,0,0,0,0,0
469,0,0,0,0,0,0,0,0,0
470,0,0,0,0,0,0,0,0,0
471,0,0,0,0,0,0,0,0,0
472,0,0,0,0,0,0,0,0,0
473,0,0,0,0,0,0,0,0,0
474,0,0,0,0,0,0,0,0,0
475,0,0,0,0,0,0,0,0,0
476,0,0,0,0,0,0,0,0,0
477,0,0,0,0,0,0,0,0,0
478,0,0,0,0,0,0,0,0,0
479,0,0,0,0,0,0,0,0,0
480,0,0,0,0,0,0,0,0,0
481,0,0,0,0,0,0,0,0,0
482,0,0,0,0,0,0,0,0,0
483,0,0,0,0,0,0,0,0,0
484,0,0,0,0,0,0,0,0,0
485,0,0,0,0,0,0,0,0,0
486,0,0,0,0,0,0,0,0,0
487,0,0,0,0,0,0,0,0,0
488,0,0,0,0,0,0,0,0,0
489,0,0,0,0,0,0,0,0,0
490,0,0,0,0,0,0,0,0,0
491,0,0,0,0,0,0,0,0,0
492,0,0,0,0,0,0,0,0,0
493,0,0,0,0,0,0,0,0,0
494,0,0,0,0,0,0,0,0,0
495,0,0,0,0,0,0,0,0,0
496,0,0,0,0,0,0,0,0,0
497,0,0,0,0,0,0,0,0,0
498,0,0,0,0,0,0,0,0,0
499,0,0,0,0,0,0,0,0,0
500,0,0,0,0,0,0,0,0,0
501,0,0,0,0,0,0,0,0,0
502,0,0,0,0,0,0,0,0,0
503,0,0,0,0,0,0,0,0,0
504,0,0,0,0,0,0,0,0,0
505,0,0,0,0,0,0,0,0,0
506,0,0,0,0,0,0,0,0,0
507,0,0,0,0,0,0,0,0,0
508,0,0,0,0,0,0,0,0,0
509,0,0,0,0,0,0,0,0,0
510,0,0,0,0,0,0,0,0,0
511,0,0,0,0,0,0,0,0,0
512,0,0,0,0,0,0,0,0,0
513,0,0,0,0,0,0,0,0,0
514,0,0,0,0,0,0,0,0,0
515,0,0,0,0,0,0,0,0,0
516,0,0,0,0,0,0,0,0,0
517,0,0,0,0,0,0,0,0,0
518,0,0,0,0,0,0,0,0,0
519,0,0,0,0,0,0,0,0,0
520,0,0,0,0,0,0,0,0,0
521,0,0,0,0,0,0,0,0,0
522,0,0,0,0,0,0,0,0,0
523,0,0,0,0,0,0,0,0,0
524,0,0,0,0,0,0,0,0,0
525,0,0,0,0,0,0,0,0,0
526,0,0,0,0,0,0,0,0,0
527,0,0,0,0,0,0,0,0,0
528,0,0,0,0,0,0,0,0,0
529,0,0,0,0,0,0,0,0,0
530,0,0,0,0,0,0,0,0,0
531,0,0,0,0,0,0,0,0,0
532,0,0,0,0,0,0,0,0,0
533,0,0,0,0,0,0,0,0,0
534,0,0,0,0,0,0,0,0,0
535,0,0,0,0,0,0,0,0,0
536,0,0,0,0,0,0,0,0,0
537,0,0,0,0,0,0,0,0,0
538,0,0,0,0,0,0,0,0,0
539,0,0,0,0,0,0,0,0,0
540,0,0,0,0,0,0,0,0,0
541,0,0,0,0,0,0,0,0,0
542,0,0,0,0,0,0,0,0,0
543,0,0,0,0,0,0,0,0,0
544,0,0,0,0,0,0,0,0,0
545,0,0,0,0,0,0,0,0,0
546,0,0,0,0,0,0,0,0,0
547,0,0,0,0,0,0,0,0,0
548,0,0,0,0,0,0,0,0,0
549,0,0,0,0,0,0,0,0,0
550,0,0,0,0,0,0,0,0,0
551,0,0,0,0,0,0,0,0,0
552,0,0,0,0,0,0,0,0,0
553,0,0,0,0,0,0,0,0,0
554,0,0,0,0,0,0,0,0,0
555,0,0,0,0,0,0,0,0,0
556,0,0,0,0,0,0,0,0,0
557,0,0,0,0,0,0,0,0,0
558,0,0,0,0,0,0,0,0,0
559,0,0,0,0,0,0,0,0,0
560,0,0,0,0,0,0,0,0,0
561,0,0,0,0,0,0,0,0,0
562,0,0,0,0,0,0,0,0,0
563,0,0,0,0,0,0,0,0,0
564,0,0,0,0,0,0,0,0,0
565,0,0,0,0,0,0,0,0,0
566,0,0,0,0,0,0,0,0,0
567,0,0,0,0,0,0,0,0,0
568,0,0,0,0,0,0,0,0,0
569,0,0,0,0,0,0,0,0,0
570,0,0,0,0,0,0,0,0,0
571,0,0,0,0,0,0,0,0,0
572,0,0,0,0,0,0,0,0,0
573,0,0,0,0,0,0,0,0,0
574,0,0,0,0,0,0,0,0,0
575,0,0,0,0,0,0,0,0,0
576,0,0,0,0,0,0,0,0,0
577,0,0,0,0,0,0,0,0,0
578,0,0,0,0,0,0,0,0,0
579,0,0,0,0,0,0,0,0,0
580,0,0,0,0,0,0,0,0,0
581,0,0,0,0,0,0,0,0,0
582,0,0,0,0,0,0,0,0,0
583,0,0,0,0,0,0,0,0,0
584,0,0,0,0,0,0,0,0,0
585,0,0,0,0,0,0,0,0,0
586,0,0,0,0,0,0,0,0,0
587,0,0,0,0,0,0,0,0,0
588,0,0,0,0,0,0,0,0,0
589,0,0,0,0,0,0,0,0,0
590,0,0,0,0,0,0,0,0,0
591,0,0,0,0,0,0,0,0,0
592,0,0,0,0,0,0,0,0,0
593,0,0,0,0,0,0,0,0,0
594,0,0,0,0,0,0,0,0,0
595,0,0,0,0,0,0,0,0,0
596,0,0,0,0,0,0,0,0,0
597,0,0,0,0,0,0,0,0,0
598,0,0,0,0,0,0,0,0,0
599,0,0,0,0,0,0,0,0,0
600,0,0,0,0,0,0,0,0,0
601,0,0,0,0,0,0,0,0,0
602,0,0,0,0,0,0,0,0,0
603,0,0,0,0,0,0,0,0,0
604,0,0,0,0,0,0,0,0,0
605,0,0,0,0,0,0,0,0,0
606,0,0,0,0,0,0,0,0,0
607,0,0,0,0,0,0,0,0,0
608,0,0,0,0,0,0,0,0,0
609,0,0,0,0,0,0,0,0,0
610,0,0,0,0,0,0,0,0,0
611,0,0,0,0,0,0,0,0,0
612,0,0,0,0,0,0,0,0,0
613,0,0,0,0,0,0,0,0,0
614,0,0,0,0,0,0,0,0,0
615,0,0,0,0,0,0,0,0,0
616,0,0,0,0,0,0,0,0,0
617,0,0,0,0,0,0,0,0,0
618,0,0,0,0,0,0,0,0,0
619,0,0,0,0,0,0,0,0,0
620,0,0,0,0,0,0,0,0,0
621,0,0,0,0,0,0,0,0,0
622,0,0,0,0,0,0,0,0,0
623,0,0,0,0,0,0,0,0,0
624,0,0,0,0,0,0,0,0,0
625,0,0,0,0,0,0,0,0,0
626,0,0,0,0,0,0,0,0,0
627,0,0,0,0,0,0,0,0,0
628,0,0,0,0,0,0,0,0,0
629,0,0,0,0,0,0,0,0,0
630,0,0,0,0,0,0,0,0,0
631,0,0,0,0,0,0,0,0,0
632,0,0,0,0,0,0,0,0,0
633,0,0,0,0,0,0,0,0,0
634,0,0,0,0,0,0,0,0,0
635,0,0,0,0,0,0,0,0,0
636,0,0,0,0,0,0,0,0,0
637,0,0,0,0,0,0,0,0,0
638,0,0,0,0,0,0,0,0,0
639,0,0,0,0,0,0,0,0,0
640,0,0,0,0,0,0,0,0,0
641,0,0,0,0,0,0,0,0,0
642,0,0,0,0,0,0,0,0,0
643,0,0,0,0,0,0,0,0,0
644,0,0,0,0,0,0,0,0,0
645,0,0,0,0,0,0,0,0,0
646,0,0,0,0,0,0,0,0,0
647,0,0,0,0,0,0,0,0,0
648,0,0,0,0,0,0,0,0,0
649,0,0,0,0,0,0,0,0,0
650,0,0,0,0,0,0,0,0,0
651,0,0,0,0,0,0,0,0,0
652,0,0,0,0,0,0,0,0,0
653,0,0,0,0,0,0,0,0,0
654,0,0,0,0,0,0,0,0,0
655,0,0,0,0,0,0,0,0,0
656,0,0,0,0,0,0,0,0,0
657,0,0,0,0,0,0,0,0,0
658,0,0,0,0,0,0,0,0,0
659,0,0,0,0,0,0,0,0,0
660,0,0,0,0,0,0,0,0,0
661,0,0,0,0,0,0,0,0,0
662,0,0,0,0,0,0,0,0,0
663,0,0,0,0,0,0,0,0,0
664,0,0,0,0,0,0,0,0,0
665,0,0,0,0,0,0,0,0,0
666,0,0,0,0,0,0,0,0,0
667,0,0,0,0,0,0,0,0,0
668,0,0,0,0,0,0,0,0,0
669,0,0,0,0,0,0,0,0,0
670,0,0,0,0,0,0,0,0,0
671,0,0,0,0,0,0,0,0,0
672,0,0,0,0,0,0,0,0,0
673,0,0,0,0,0,0,0,0,0
674,0,0,0,0,0,0,0,0,0
675,0,0,0,0,0,0,0,0,0
676,0,0,0,0,0,0,0,0,0
677,0,0,0,0,0,0,0,0,0
678,0,0,0,0,0,0,0,0,0
679,0,0,0,0,0,0,0,0,0
680,0,0,0,0,0,0,0,0,0
681,0,0,0,0,0,0,0,0,0
682,0,0,0,0,0,0,0,0,0
683,0,0,0,0,0,0,0,0,0
684,0,0,0,0,0,0,0,0,0
685,0,0,0,0,0,0,0,0,0
686,0,0,0,0,0,0,0,0,0
687,0,0,0,0,0,0,0,0,0
688,0,0,0,0,0,0,0,0,0
689,0,0,0,0,0,0,0,0,0
690,0,0,0,0,0,0,0,0,0
691,0,0,0,0,0,0,0,0,0
692,0,0,0,0,0,0,0,0,0
693,0,0,0,0,0,0,0,0,0
694,0,0,0,0,0,0,0,0,0
695,0,0,0,0,0,0,0,0,0
696,0,0,0,0,0,0,0,0,0
697,0,0,0,0,0,0,0,0,0
698,0,0,0,0,0,0,0,0,0
699,0,0,0,0,0,0,0,0,0
700,0,0,0,0,0,0,0,0,0
701,0,0,0,0,0,0,0,0,0
702,0,0,0,0,0,0,0,0,0
703,0,0,0,0,0,0,0,0,0
704,0,0,0,0,0,0,0,0,0
705,0,0,0,0,0,0,0,0,0
706,0,0,0,0,0,0,0,0,0
707,0,0,0,0,0,0,0,0,0
708,0,0,0,0,0,0,0,0,0
709,0,0,0,0,0,0,0,0,0
710,0,0,0,0,0,0,0,0,0
711,0,0,0,0,0,0,0,0,0
712,0,0,0,0,0,0,0,0,0
713,0,0,0,0,0,0,0,0,0
714,0,0,0,0,0,0,0,0,0
715,0,0,0,0,0,0,0,0,0
716,0,0,0,0,0,0,0,0,0
717,0,0,0,0,0,0,0,0,0
718,0,0,0,0,0,0,0,0,0
719,0,0,0,0,0,0,0,0,0
720,0,0,0,0,0,0,0,0,0
721,0,0,0,0,0,0,0,0,0
722,0,0,0,0,0,0,0,0,0
723,0,0,0,0,0,0,0,0,0
724,0,0,0,0,0,0,0,0,0
725,0,0,0,0,0,0,0,0,0
726,0,0,0,0,0,0,0,0,0
727,0,0,0,0,0,0,0,0,0
728,0,0,0,0,0,0,0,0,0
729,0,0,0,0,0,0,0,0,0
730,0,0,0,0,0,0,0,0,0
731,0,0,0,0,0,0,0,0,0
732,0,0,0,0,0,0,0,0,0
733,0,0,0,0,0,0,0,0,0
734,0,0,0,0,0,0,0,0,0
735,0,0,0,0,0,0,0,0,0
736,0,0,0,0,0,0,0,0,0
737,0,0,0,0,0,0,0,0,0
738,0,0,0,0,0,0,0,0,0
739,0,0,0,0,0,0,0,0,0
740,0,0,0,0,0,0,0,0,0
741,0,0,0,0,0,0,0,0,0
742,0,0,0,0,0,0,0,0,0
743,0,0,0,0,0,0,0,0,0
744,0,0,0,0,0,0,0,0,0
745,0,0,0,0,0,0,0,0,0
746,0,0,0,0,0,0,0,0,0
747,0,0,0,0,0,0,0,0,0
748,0,0,0,0,0,0,0,0,0
749,0,0,0,0,0,0,0,0,0
750,0,0,0,0,0,0,0,0,0
0,194,7257,201425,4077983,57373546,517292847,2626655236,5935079656,3356972874
1,115,3312,71254,1117284,12140115,84416060,330026557,573599695,249348509
2,59,1275,21040,254294,2129401,11405653,34339128,45938228,15342687
3,32,571,8481,93301,711617,3468698,9514718,11598108,3528095
4,24,443,5824,57442,392230,1707979,4197358,4586828,1249322
5,19,278,3213,27017,158980,602751,1290306,1233045,295082
6,14,185,1926,14175,72917,243265,460064,386111,81861
7,13,125,1187,7840,36743,110012,184988,138237,25954
8,7,83,690,4198,18693,52755,84477,60092,10697
9,7,61,525,3014,12682,34252,52263,35630,6037
10,7,57,479,2581,10219,26305,38087,24379,3903
11,6,47,352,1848,6960,17129,23699,14578,2232
12,4,42,272,1364,4957,12001,15999,9519,1422
13,4,33,194,1018,3614,8098,10268,5688,764
14,1,20,100,447,1433,2787,3315,1741,224
15,1,16,73,295,880,1594,1783,879,126
16,1,15,58,205,615,1046,1088,503,60
17,1,13,50,167,497,814,850,393,51
18,1,8,30,93,274,390,389,172,24
19,1,8,30,83,237,340,313,146,21
20,1,6,24,69,195,282,270,111,17
21,1,3,15,37,100,130,106,50,7
22,0,3,3,22,60,85,67,25,4
23,0,3,3,21,58,79,63,23,3
24,0,3,3,21,58,79,63,23,3
25,0,3,3,21,50,73,53,21,3
26,0,3,3,20,41,63,43,16,1
27,0,3,3,20,35,54,33,14,1
28,0,2,2,19,35,51,33,14,1
29,0,2,2,19,35,51,33,14,1
30,0,2,2,19,35,47,29,12,1
31,0,2,1,18,31,44,27,12,1
32,0,2,1,18,31,44,27,12,1
33,0,2,1,13,19,25,12,7,1
34,0,2,1,11,16,23,7,5,0
35,0,2,1,11,16,23,7,5,0
36,0,2,1,11,16,23,7,5,0
37,0,2,1,8,10,12,3,3,0
38,0,1,0,1,3,4,1,2,0
39,0,1,0,1,3,4,1,2,0
40,0,1,0,1,3,3,0,0,0
41,0,1,0,1,3,3,0,0,0
42,0,1,0,1,3,3,0,0,0
43,0,1,0,1,3,3,0,0,0
44,0,1,0,1,3,3,0,0,0
45,0,1,0,1,2,2,0,0,0
46,0,1,0,1,2,2,0,0,0
47,0,1,0,1,2,2,0,0,0
48,0,1,0,1,2,2,0,0,0
49,0,1,0,1,2,2,0,0,0
50,0,1,0,1,2,2,0,0,0
51,0,1,0,1,2,2,0,0,0
52,0,1,0,1,2,2,0,0,0
53,0,1,0,1,2,2,0,0,0
54,0,1,0,1,2,2,0,0,0
55,0,1,0,1,2,2,0,0,0
56,0,1,0,1,1,1,0,0,0
57,0,1,0,1,1,1,0,0,0
58,0,1,0,1,1,1,0,0,0
59,0,1,0,1,1,1,0,0,0
60,0,1,0,1,1,1,0,0,0
61,0,1,0,1,1,1,0,0,0
62,0,1,0,1,1,1,0,0,0
63,0,0,0,0,0,0,0,0,0
64,0,0,0,0,0,0,0,0,0
65,0,0,0,0,0,0,0,0,0
66,0,0,0,0,0,0,0,0,0
67,0,0,0,0,0,0,0,0,0
68,0,0,0,0,0,0,0,0,0
69,0,0,0,0,0,0,0,0,0
70,0,0,0,0,0,0,0,0,0
71,0,0,0,0,0,0,0,0,0
72,0,0,0,0,0,0,0,0,0
73,0,0,0,0,0,0,0,0,0
74,0,0,0,0,0,0,0,0,0
75,0,0,0,0,0,0,0,0,0
76,0,0,0,0,0,0,0,0,0
77,0,0,0,0,0,0,0,0,0
78,0,0,0,0,0,0,0,0,0
79,0,0,0,0,0,0,0,0,0
80,0,0,0,0,0,0,0,0,0
81,0,0,0,0,0,0,0,0,0
82,0,0,0,0,0,0,0,0,0
83,0,0,0,0,0,0,0,0,0
84,0,0,0,0,0,0,0,0,0
85,0,0,0,0,0,0,0,0,0
86,0,0,0,0,0,0,0,0,0
87,0,0,0,0,0,0,0,0,0
88,0,0,0,0,0,0,0,0,0
89,0,0,0,0,0,0,0,0,0
90,0,0,0,0,0,0,0,0,0
91,0,0,0,0,0,0,0,0,0
92,0,0,0,0,0,0,0,0,0
93,0,0,0,0,0,0,0,0,0
94,0,0,0,0,0,0,0,0,0
95,0,0,0,0,0,0,0,0,0
96,0,0,0,0,0,0,0,0,0
97,0,0,0,0,0,0,0,0,0
98,0,0,0,0,0,0,0,0,0
99,0,0,0,0,0,0,0,0,0
100,0,0,0,0,0,0,0,0,0
101,0,0,0,0,0,0,0,0,0
102,0,0,0,0,0,0,0,0,0
103,0,0,0,0,0,0,0,0,0
104,0,0,0,0,0,0,0,0,0
105,0,0,0,0,0,0,0,0,0
106,0,0,0,0,0,0,0,0,0
107,0,0,0,0,0,0,0,0,0
108,0,0,0,0,0,0,0,0,0
109,0,0,0,0,0,0,0,0,0
110,0,0,0,0,0,0,0,0,0
111,0,0,0,0,0,0,0,0,0
112,0,0,0,0,0,0,0,0,0
113,0,0,0,0,0,0,0,0,0
114,0,0,0,0,0,0,0,0,0
115,0,0,0,0,0,0,0,0,0
116,0,0,0,0,0,0,0,0,0
117,0,0,0,0,0,0,0,0,0
118,0,0,0,0,0,0,0,0,0
119,0,0,0,0,0,0,0,0,0
120,0,0,0,0,0,0,0,0,0
121,0,0,0,0,0,0,0,0,0
122,0,0,0,0,0,0,0,0,0
123,0,0,0,0,0,0,0,0,0
124,0,0,0,0,0,0,0,0,0
125,0,0,0,0,0,0,0,0,0
126,0,0,0,0,0,0,0,0,0
127,0,0,0,0,0,0,0,0,0
128,0,0,0,0,0,0,0,0,0
129,0,0,0,0,0,0,0,0,0
130,0,0,0,0,0,0,0,0,0
131,0,0,0,0,0,0,0,0,0
132,0,0,0,0,0,0,0,0,0
133,0,0,0,0,0,0,0,0,0
134,0,0,0,0,0,0,0,0,0
135,0,0,0,0,0,0,0,0,0
136,0,0,0,0,0,0,0,0,0
137,0,0,0,0,0,0,0,0,0
138,0,0,0,0,0,0,0,0,0
139,0,0,0,0,0,0,0,0,0
140,0,0,0,0,0,0,0,0,0
141,0,0,0,0,0,0,0,0,0
142,0,0,0,0,0,0,0,0,0
143,0,0,0,0,0,0,0,0,0
144,0,0,0,0,0,0,0,0,0
145,0,0,0,0,0,0,0,0,0
146,0,0,0,0,0,0,0,0,0
147,0,0,0,0,0,0,0,0,0
148,0,0,0,0,0,0,0,0,0
149,0,0,0,0,0,0,0,0,0
150,0,0,0,0,0,0,0,0,0
151,0,0,0,0,0,0,0,0,0
152,0,0,0,0,0,0,0,0,0
153,0,0,0,0,0,0,0,0,0
154,0,0,0,0,0,0,0,0,0
155,0,0,0,0,0,0,0,0,0
156,0,0,0,0,0,0,0,0,0
157,0,0,0,0,0,0,0,0,0
158,0,0,0,0,0,0,0,0,0
159,0,0,0,0,0,0,0,0,0
160,0,0,0,0,0,0,0,0,0
161,0,0,0,0,0,0,0,0,0
162,0,0,0,0,0,0,0,0,0
163,0,0,0,0,0,0,0,0,0
164,0,0,0,0,0,0,0,0,0
165,0,0,0,0,0,0,0,0,0
166,0,0,0,0,0,0,0,0,0
167,0,0,0,0,0,0,0,0,0
168,0,0,0,0,0,0,0,0,0
169,0,0,0,0,0,0,0,0,0
170,0,0,0,0,0,0,0,0,0
171,0,0,0,0,0,0,0,0,0
172,0,0,0,0,0,0,0,0,0
173,0,0,0,0,0,0,0,0,0
174,0,0,0,0,0,0,0,0,0
175,0,0,0,0,0,0,0,0,0
176,0,0,0,0,0,0,0,0,0
177,0,0,0,0,0,0,0,0,0
178,0,0,0,0,0,0,0,0,0
179,0,0,0,0,0,0,0,0,0
180,0,0,0,0,0,0,0,0,0
181,0,0,0,0,0,0,0,0,0
182,0,0,0,0,0,0,0,0,0
183,0,0,0,0,0,0,0,0,0
184,0,0,0,0,0,0,0,0,0
185,0,0,0,0,0,0,0,0,0
186,0,0,0,0,0,0,0,0,0
187,0,0,0,0,0,0,0,0,0
188,0,0,0,0,0,0,0,0,0
189,0,0,0,0,0,0,0,0,0
190,0,0,0,0,0,0,0,0,0
191,0,0,0,0,0,0,0,0,0
192,0,0,0,0,0,0,0,0,0
193,0,0,0,0,0,0,0,0,0
194,0,0,0,0,0,0,0,0,0
195,0,0,0,0,0,0,0,0,0
196,0,0,0,0,0,0,0,0,0
197,0,0,0,0,0,0,0,0,0
198,0,0,0,0,0,0,0,0,0
199,0,0,0,0,0,0,0,0,0
200,0,0,0,0,0,0,0,0,0
201,0,0,0,0,0,0,0,0,0
202,0,0,0,0,0,0,0,0,0
203,0,0,0,0,0,0,0,0,0
204,0,0,0,0,0,0,0,0,0
205,0,0,0,0,0,0,0,0,0
206,0,0,0,0,0,0,0,0,0
207,0,0,0,0,0,0,0,0,0
208,0,0,0,0,0,0,0,0,0
209,0,0,0,0,0,0,0,0,0
210,0,0,0,0,0,0,0,0,0
211,0,0,0,0,0,0,0,0,0
212,0,0,0,0,0,0,0,0,0
213,0,0,0,0,0,0,0,0,0
214,0,0,0,0,0,0,0,0,0
215,0,0,0,0,0,0,0,0,0
216,0,0,0,0,0,0,0,0,0
217,0,0,0,0,0,0,0,0,0
218,0,0,0,0,0,0,0,0,0
219,0,0,0,0,0,0,0,0,0
220,0,0,0,0,0,0,0,0,0
221,0,0,0,0,0,0,0,0,0
222,0,0,0,0,0,0,0,0,0
223,0,0,0,0,0,0,0,0,0
224,0,0,0,0,0,0,0,0,0
225,0,0,0,0,0,0,0,0,0
226,0,0,0,0,0,0,0,0,0
227,0,0,0,0,0,0,0,0,0
228,0,0,0,0,0,0,0,0,0
229,0,0,0,0,0,0,0,0,0
230,0,0,0,0,0,0,0,0,0
231,0,0,0,0,0,0,0,0,0
232,0,0,0,0,0,0,0,0,0
233,0,0,0,0,0,0,0,0,0
234,0,0,0,0,0,0,0,0,0
235,0,0,0,0,0,0,0,0,0
236,0,0,0,0,0,0,0,0,0
237,0,0,0,0,0,0,0,0,0
238,0,0,0,0,0,0,0,0,0
239,0,0,0,0,0,0,0,0,0
240,0,0,0,0,0,0,0,0,0
241,0,0,0,0,0,0,0,0,0
242,0,0,0,0,0,0,0,0,0
243,0,0,0,0,0,0,0,0,0
244,0,0,0,0,0,0,0,0,0
245,0,0,0,0,0,0,0,0,0
246,0,0,0,0,0,0,0,0,0
247,0,0,0,0,0,0,0,0,0
248,0,0,0,0,0,0,0,0,0
249,0,0,0,0,0,0,0,0,0
250,0,0,0,0,0,0,0,0,0
251,0,0,0,0,0,0,0,0,0
252,0,0,0,0,0,0,0,0,0
253,0,0,0,0,0,0,0,0,0
254,0,0,0,0,0,0,0,0,0
255,0,0,0,0,0,0,0,0,0
256,0,0,0,0,0,0,0,0,0
257,0,0,0,0,0,0,0,0,0
258,0,0,0,0,0,0,0,0,0
259,0,0,0,0,0,0,0,0,0
260,0,0,0,0,0,0,0,0,0
261,0,0,0,0,0,0,0,0,0
262,0,0,0,0,0,0,0,0,0
263,0,0,0,0,0,0,0,0,0
264,0,0,0,0,0,0,0,0,0
265,0,0,0,0,0,0,0,0,0
266,0,0,0,0,0,0,0,0,0
267,0,0,0,0,0,0,0,0,0
268,0,0,0,0,0,0,0,0,0
269,0,0,0,0,0,0,0,0,0
270,0,0,0,0,0,0,0,0,0
271,0,0,0,0,0,0,0,0,0
272,0,0,0,0,0,0,0,0,0
273,0,0,0,0,0,0,0,0,0
274,0,0,0,0,0,0,0,0,0
275,0,0,0,0,0,0,0,0,0
276,0,0,0,0,0,0,0,0,0
277,0,0,0,0,0,0,0,0,0
278,0,0,0,0,0,0,0,0,0
279,0,0,0,0,0,0,0,0,0
280,0,0,0,0,0,0,0,0,0
281,0,0,0,0,0,0,0,0,0
282,0,0,0,0,0,0,0,0,0
283,0,0,0,0,0,0,0,0,0
284,0,0,0,0,0,0,0,0,0
285,0,0,0,0,0,0,0,0,0
286,0,0,0,0,0,0,0,0,0
287,0,0,0,0,0,0,0,0,0
288,0,0,0,0,0,0,0,0,0
289,0,0,0,0,0,0,0,0,0
290,0,0,0,0,0,0,0,0,0
291,0,0,0,0,0,0,0,0,0
292,0,0,0,0,0,0,0,0,0
293,0,0,0,0,0,0,0,0,0
294,0,0,0,0,0,0,0,0,0
295,0,0,0,0,0,0,0,0,0
296,0,0,0,0,0,0,0,0,0
297,0,0,0,0,0,0,0,0,0
298,0,0,0,0,0,0,0,0,0
299,0,0,0,0,0,0,0,0,0
300,0,0,0,0,0,0,0,0,0
301,0,0,0,0,0,0,0,0,0
302,0,0,0,0,0,0,0,0,0
303,0,0,0,0,0,0,0,0,0
304,0,0,0,0,0,0,0,0,0
305,0,0,0,0,0,0,0,0,0
306,0,0,0,0,0,0,0,0,0
307,0,0,0,0,0,0,0,0,0
308,0,0,0,0,0,0,0,0,0
309,0,0,0,0,0,0,0,0,0
310,0,0,0,0,0,0,0,0,0
311,0,0,0,0,0,0,0,0,0
312,0,0,0,0,0,0,0,0,0
313,0,0,0,0,0,0,0,0,0
314,0,0,0,0,0,0,0,0,0
315,0,0,0,0,0,0,0,0,0
316,0,0,0,0,0,0,0,0,0
317,0,0,0,0,0,0,0,0,0
318,0,0,0,0,0,0,0,0,0
319,0,0,0,0,0,0,0,0,0
320,0,0,0,0,0,0,0,0,0
321,0,0,0,0,0,0,0,0,0
322,0,0,0,0,0,0,0,0,0
323,0,0,0,0,0,0,0,0,0
324,0,0,0,0,0,0,0,0,0
325,0,0,0,0,0,0,0,0,0
326,0,0,0,0,0,0,0,0,0
327,0,0,0,0,0,0,0,0,0
328,0,0,0,0,0,0,0,0,0
329,0,0,0,0,0,0,0,0,0
330,0,0,0,0,0,0,0,0,0
331,0,0,0,0,0,0,0,0,0
332,0,0,0,0,0,0,0,0,0
333,0,0,0,0,0,0,0,0,0
334,0,0,0,0,0,0,0,0,0
335,0,0,0,0,0,0,0,0,0
336,0,0,0,0,0,0,0,0,0
337,0,0,0,0,0,0,0,0,0
338,0,0,0,0,0,0,0,0,0
339,0,0,0,0,0,0,0,0,0
340,0,0,0,0,0,0,0,0,0
341,0,0,0,0,0,0,0,0,0
342,0,0,0,0,0,0,0,0,0
343,0,0,0,0,0,0,0,0,0
344,0,0,0,0,0,0,0,0,0
345,0,0,0,0,0,0,0,0,0
346,0,0,0,0,0,0,0,0,0
347,0,0,0,0,0,0,0,0,0
348,0,0,0,0,0,0,0,0,0
349,0,0,0,0,0,0,0,0,0
350,0,0,0,0,0,0,0,0,0
351,0,0,0,0,0,0,0,0,0
352,0,0,0,0,0,0,0,0,0
353,0,0,0,0,0,0,0,0,0
354,0,0,0,0,0,0,0,0,0
355,0,0,0,0,0,0,0,0,0
356,0,0,0,0,0,0,0,0,0
357,0,0,0,0,0,0,0,0,0
358,0,0,0,0,0,0,0,0,0
359,0,0,0,0,0,0,0,0,0
360,0,0,0,0,0,0,0,0,0
361,0,0,0,0,0,0,0,0,0
362,0,0,0,0,0,0,0,0,0
363,0,0,0,0,0,0,0,0,0
364,0,0,0,0,0,0,0,0,0
365,0,0,0,0,0,0,0,0,0
366,0,0,0,0,0,0,0,0,0
367,0,0,0,0,0,0,0,0,0
368,0,0,0,0,0,0,0,0,0
369,0,0,0,0,0,0,0,0,0
370,0,0,0,0,0,0,0,0,0
371,0,0,0,0,0,0,0,0,0
372,0,0,0,0,0,0,0,0,0
373,0,0,0,0,0,0,0,0,0
374,0,0,0,0,0,0,0,0,0
375,0,0,0,0,0,0,0,0,0
376,0,0,0,0,0,0,0,0,0
377,0,0,0,0,0,0,0,0,0
378,0,0,0,0,0,0,0,0,0
379,0,0,0,0,0,0,0,0,0
380,0,0,0,0,0,0,0,0,0
381,0,0,0,0,0,0,0,0,0
382,0,0,0,0,0,0,0,0,0
383,0,0,0,0,0,0,0,0,0
384,0,0,0,0,0,0,0,0,0
385,0,0,0,0,0,0,0,0,0
386,0,0,0,0,0,0,0,0,0
387,0,0,0,0,0,0,0,0,0
388,0,0,0,0,0,0,0,0,0
389,0,0,0,0,0,0,0,0,0
390,0,0,0,0,0,0,0,0,0
391,0,0,0,0,0,0,0,0,0
392,0,0,0,0,0,0,0,0,0
393,0,0,0,0,0,0,0,0,0
394,0,0,0,0,0,0,0,0,0
395,0,0,0,0,0,0,0,0,0
396,0,0,0,0,0,0,0,0,0
397,0,0,0,0,0,0,0,0,0
398,0,0,0,0,0,0,0,0,0
399,0,0,0,0,0,0,0,0,0
400,0,0,0,0,0,0,0,0,0
401,0,0,0,0,0,0,0,0,0
402,0,0,0,0,0,0,0,0,0
403,0,0,0,0,0,0,0,0,0
404,0,0,0,0,0,0,0,0,0
405,0,0,0,0,0,0,0,0,0
406,0,0,0,0,0,0,0,0,0
407,0,0,0,0,0,0,0,0,0
408,0,0,0,0,0,0,0,0,0
409,0,0,0,0,0,0,0,0,0
410,0,0,0,0,0,0,0,0,0
411,0,0,0,0,0,0,0,0,0
412,0,0,0,0,0,0,0,0,0
413,0,0,0,0,0,0,0,0,0
414,0,0,0,0,0,0,0,0,0
415,0,0,0,0,0,0,0,0,0
416,0,0,0,0,0,0,0,0,0
417,0,0,0,0,0,0,0,0,0
418,0,0,0,0,0,0,0,0,0
419,0,0,0,0,0,0,0,0,0
420,0,0,0,0,0,0,0,0,0
421,0,0,0,0,0,0,0,0,0
422,0,0,0,0,0,0,0,0,0
423,0,0,0,0,0,0,0,0,0
424,0,0,0,0,0,0,0,0,0
425,0,0,0,0,0,0,0,0,0
426,0,0,0,0,0,0,0,0,0
427,0,0,0,0,0,0,0,0,0
428,0,0,0,0,0,0,0,0,0
429,0,0,0,0,0,0,0,0,0
430,0,0,0,0,0,0,0,0,0
431,0,0,0,0,0,0,0,0,0
432,0,0,0,0,0,0,0,0,0
433,0,0,0,0,0,0,0,0,0
434,0,0,0,0,0,0,0,0,0
435,0,0,0,0,0,0,0,0,0
436,0,0,0,0,0,0,0,0,0
437,0,0,0,0,0,0,0,0,0
438,0,0,0,0,0,0,0,0,0
439,0,0,0,0,0,0,0,0,0
440,0,0,0,0,0,0,0,0,0
441,0,0,0,0,0,0,0,0,0
442,0,0,0,0,0,0,0,0,0
443,0,0,0,0,0,0,0,0,0
444,0,0,0,0,0,0,0,0,0
445,0,0,0,0,0,0,0,0,0
446,0,0,0,0,0,0,0,0,0
447,0,0,0,0,0,0,0,0,0
448,0,0,0,0,0,0,0,0,0
449,0,0,0,0,0,0,0,0,0
450,0,0,0,0,0,0,0,0,0
451,0,0,0,0,0,0,0,0,0
452,0,0,0,0,0,0,0,0,0
453,0,0,0,0,0,0,0,0,0
454,0,0,0,0,0,0,0,0,0
455,0,0,0,0,0,0,0,0,0
456,0,0,0,0,0,0,0,0,0
457,0,0,0,0,0,0,0,0,0
458,0,0,0,0,0,0,0,0,0
459,0,0,0,0,0,0,0,0,0
460,0,0,0,0,0,0,0,0,0
461,0,0,0,0,0,0,0,0,0
462,0,0,0,0,0,0,0,0,0
463,0,0,0,0,0,0,0,0,0
464,0,0,0,0,0,0,0,0,0
465,0,0,0,0,0,0,0,0,0
466,0,0,0,0,0,0,0,0,0
467,0,0,0,0,0,0,0,0,0
468,0,0,0,0,0,0,0,0,0
469,0,0,0,0,0,0,0,0,0
470,0,0,0,0,0,0,0,0,0
471,0,0,0,0,0,0,0,0,0
472,0,0,0,0,0,0,0,0,0
473,0,0,0,0,0,0,0,0,0
474,0,0,0,0,0,0,0,0,0
475,0,0,0,0,0,0,0,0,0
476,0,0,0,0,0,0,0,0,0
477,0,0,0,0,0,0,0,0,0
478,0,0,0,0,0,0,0,0,0
479,0,0,0,0,0,0,0,0,0
480,0,0,0,0,0,0,0,0,0
481,0,0,0,0,0,0,0,0,0
482,0,0,0,0,0,0,0,0,0
483,0,0,0,0,0,0,0,0,0
484,0,0,0,0,0,0,0,0,0
485,0,0,0,0,0,0,0,0,0
486,0,0,0,0,0,0,0,0,0
487,0,0,0,0,0,0,0,0,0
488,0,0,0,0,0,0,0,0,0
489,0,0,0,0,0,0,0,0,0
490,0,0,0,0,0,0,0,0,0
491,0,0,0,0,0,0,0,0,0
492,0,0,0,0,0,0,0,0,0
493,0,0,0,0,0,0,0,0,0
494,0,0,0,0,0,0,0,0,0
495,0,0,0,0,0,0,0,0,0
496,0,0,0,0,0,0,0,0,0
497,0,0,0,0,0,0,0,0,0
498,0,0,0,0,0,0,0,0,0
499,0,0,0,0,0,0,0,0,0
500,0,0,0,0,0,0,0,0,0
501,0,0,0,0,0,0,0,0,0
502,0,0,0,0,0,0,0,0,0
503,0,0,0,0,0,0,0,0,0
504,0,0,0,0,0,0,0,0,0
505,0,0,0,0,0,0,0,0,0
506,0,0,0,0,0,0,0,0,0
507,0,0,0,0,0,0,0,0,0
508,0,0,0,0,0,0,0,0,0
509,0,0,0,0,0,0,0,0,0
510,0,0,0,0,0,0,0,0,0
511,0,0,0,0,0,0,0,0,0
512,0,0,0,0,0,0,0,0,0
513,0,0,0,0,0,0,0,0,0
514,0,0,0,0,0,0,0,0,0
515,0,0,0,0,0,0,0,0,0
516,0,0,0,0,0,0,0,0,0
517,0,0,0,0,0,0,0,0,0
518,0,0,0,0,0,0,0,0,0
519,0,0,0,0,0,0,0,0,0
520,0,0,0,0,0,0,0,0,0
521,0,0,0,0,0,0,0,0,0
522,0,0,0,0,0,0,0,0,0
523,0,0,0,0,0,0,0,0,0
524,0,0,0,0,0,0,0,0,0
525,0,0,0,0,0,0,0,0,0
526,0,0,0,0,0,0,0,0,0
527,0,0,0,0,0,0,0,0,0
528,0,0,0,0,0,0,0,0,0
529,0,0,0,0,0,0,0,0,0
530,0,0,0,0,0,0,0,0,0
531,0,0,0,0,0,0,0,0,0
532,0,0,0,0,0,0,0,0,0
533,0,0,0,0,0,0,0,0,0
534,0,0,0,0,0,0,0,0,0
535,0,0,0,0,0,0,0,0,0
536,0,0,0,0,0,0,0,0,0
537,0,0,0,0,0,0,0,0,0
538,0,0,0,0,0,0,0,0,0
539,0,0,0,0,0,0,0,0,0
540,0,0,0,0,0,0,0,0,0
541,0,0,0,0,0,0,0,0,0
542,0,0,0,0,0,0,0,0,0
543,0,0,0,0,0,0,0,0,0
544,0,0,0,0,0,0,0,0,0
545,0,0,0,0,0,0,0,0,0
546,0,0,0,0,0,0,0,0,0
547,0,0,0,0,0,0,0,0,0
548,0,0,0,0,0,0,0,0,0
549,0,0,0,0,0,0,0,0,0
550,0,0,0,0,0,0,0,0,0
551,0,0,0,0,0,0,0,0,0
552,0,0,0,0,0,0,0,0,0
553,0,0,0,0,0,0,0,0,0
554,0,0,0,0,0,0,0,0,0
555,0,0,0,0,0,0,0,0,0
556,0,0,0,0,0,0,0,0,0
557,0,0,0,0,0,0,0,0,0
558,0,0,0,0,0,0,0,0,0
559,0,0,0,0,0,0,0,0,0
560,0,0,0,0,0,0,0,0,0
561,0,0,0,0,0,0,0,0,0
562,0,0,0,0,0,0,0,0,0
563,0,0,0,0,0,0,0,0,0
564,0,0,0,0,0,0,0,0,0
565,0,0,0,0,0,0,0,0,0
566,0,0,0,0,0,0,0,0,0
567,0,0,0,0,0,0,0,0,0
568,0,0,0,0,0,0,0,0,0
569,0,0,0,0,0,0,0,0,0
570,0,0,0,0,0,0,0,0,0
571,0,0,0,0,0,0,0,0,0
572,0,0,0,0,0,0,0,0,0
573,0,0,0,0,0,0,0,0,0
574,0,0,0,0,0,0,0,0,0
575,0,0,0,0,0,0,0,0,0
576,0,0,0,0,0,0,0,0,0
577,0,0,0,0,0,0,0,0,0
578,0,0,0,0,0,0,0,0,0
579,0,0,0,0,0,0,0,0,0
580,0,0,0,0,0,0,0,0,0
581,0,0,0,0,0,0,0,0,0
582,0,0,0,0,0,0,0,0,0
583,0,0,0,0,0,0,0,0,0
584,0,0,0,0,0,0,0,0,0
585,0,0,0,0,0,0,0,0,0
586,0,0,0,0,0,0,0,0,0
587,0,0,0,0,0,0,0,0,0
588,0,0,0,0,0,0,0,0,0
589,0,0,0,0,0,0,0,0,0
590,0,0,0,0,0,0,0,0,0
591,0,0,0,0,0,0,0,0,0
592,0,0,0,0,0,0,0,0,0
593,0,0,0,0,0,0,0,0,0
594,0,0,0,0,0,0,0,0,0
595,0,0,0,0,0,0,0,0,0
596,0,0,0,0,0,0,0,0,0
597,0,0,0,0,0,0,0,0,0
598,0,0,0,0,0,0,0,0,0
599,0,0,0,0,0,0,0,0,0
600,0,0,0,0,0,0,0,0,0
601,0,0,0,0,0,0,0,0,0
602,0,0,0,0,0,0,0,0,0
603,0,0,0,0,0,0,0,0,0
604,0,0,0,0,0,0,0,0,0
605,0,0,0,0,0,0,0,0,0
606,0,0,0,0,0,0,0,0,0
607,0,0,0,0,0,0,0,0,0
608,0,0,0,0,0,0,0,0,0
609,0,0,0,0,0,0,0,0,0
610,0,0,0,0,0,0,0,0,0
611,0,0,0,0,0,0,0,0,0
612,0,0,0,0,0,0,0,0,0
613,0,0,0,0,0,0,0,0,0
614,0,0,0,0,0,0,0,0,0
615,0,0,0,0,0,0,0,0,0
616,0,0,0,0,0,0,0,0,0
617,0,0,0,0,0,0,0,0,0
618,0,0,0,0,0,0,0,0,0
619,0,0,0,0,0,0,0,0,0
620,0,0,0,0,0,0,0,0,0
621,0,0,0,0,0,0,0,0,0
622,0,0,0,0,0,0,0,0,0
623,0,0,0,0,0,0,0,0,0
624,0,0,0,0,0,0,0,0,0
625,0,0,0,0,0,0,0,0,0
626,0,0,0,0,0,0,0,0,0
627,0,0,0,0,0,0,0,0,0
628,0,0,0,0,0,0,0,0,0
629,0,0,0,0,0,0,0,0,0
630,0,0,0,0,0,0,0,0,0
631,0,0,0,0,0,0,0,0,0
632,0,0,0,0,0,0,0,0,0
633,0,0,0,0,0,0,0,0,0
634,0,0,0,0,0,0,0,0,0
635,0,0,0,0,0,0,0,0,0
636,0,0,0,0,0,0,0,0,0
637,0,0,0,0,0,0,0,0,0
638,0,0,0,0,0,0,0,0,0
639,0,0,0,0,0,0,0,0,0
640,0,0,0,0,0,0,0,0,0
641,0,0,0,0,0,0,0,0,0
642,0,0,0,0,0,0,0,0,0
643,0,0,0,0,0,0,0,0,0
644,0,0,0,0,0,0,0,0,0
645,0,0,0,0,0,0,0,0,0
646,0,0,0,0,0,0,0,0,0
647,0,0,0,0,0,0,0,0,0
648,0,0,0,0,0,0,0,0,0
649,0,0,0,0,0,0,0,0,0
650,0,0,0,0,0,0,0,0,0
651,0,0,0,0,0,0,0,0,0
652,0,0,0,0,0,0,0,0,0
653,0,0,0,0,0,0,0,0,0
654,0,0,0,0,0,0,0,0,0
655,0,0,0,0,0,0,0,0,0
656,0,0,0,0,0,0,0,0,0
657,0,0,0,0,0,0,0,0,0
658,0,0,0,0,0,0,0,0,0
659,0,0,0,0,0,0,0,0,0
660,0,0,0,0,0,0,0,0,0
661,0,0,0,0,0,0,0,0,0
662,0,0,0,0,0,0,0,0,0
663,0,0,0,0,0,0,0,0,0
664,0,0,0,0,0,0,0,0,0
665,0,0,0,0,0,0,0,0,0
666,0,0,0,0,0,0,0,0,0
667,0,0,0,0,0,0,0,0,0
668,0,0,0,0,0,0,0,0,0
669,0,0,0,0,0,0,0,0,0
670,0,0,0,0,0,0,0,0,0
671,0,0,0,0,0,0,0,0,0
672,0,0,0,0,0,0,0,0,0
673,0,0,0,0,0,0,0,0,0
674,0,0,0,0,0,0,0,0,0
675,0,0,0,0,0,0,0,0,0
676,0,0,0,0,0,0,0,0,0
677,0,0,0,0,0,0,0,0,0
678,0,0,0,0,0,0,0,0,0
679,0,0,0,0,0,0,0,0,0
680,0,0,0,0,0,0,0,0,0
681,0,0,0,0,0,0,0,0,0
682,0,0,0,0,0,0,0,0,0
683,0,0,0,0,0,0,0,0,0
684,0,0,0,0,0,0,0,0,0
685,0,0,0,0,0,0,0,0,0
686,0,0,0,0,0,0,0,0,0
687,0,0,0,0,0,0,0,0,0
688,0,0,0,0,0,0,0,0,0
689,0,0,0,0,0,0,0,0,0
690,0,0,0,0,0,0,0,0,0
691,0,0,0,0,0,0,0,0,0
692,0,0,0,0,0,0,0,0,0
693,0,0,0,0,0,0,0,0,0
694,0,0,0,0,0,0,0,0,0
695,0,0,0,0,0,0,0,0,0
696,0,0,0,0,0,0,0,0,0
697,0,0,0,0,0,0,0,0,0
698,0,0,0,0,0,0,0,0,0
699,0,0,0,0,0,0,0,0,0
700,0,0,0,0,0,0,0,0,0
701,0,0,0,0,0,0,0,0,0
702,0,0,0,0,0,0,0,0,0
703,0,0,0,0,0,0,0,0,0
704,0,0,0,0,0,0,0,0,0
705,0,0,0,0,0,0,0,0,0
706,0,0,0,0,0,0,0,0,0
707,0,0,0,0,0,0,0,0,0
708,0,0,0,0,0,0,0,0,0
709,0,0,0,0,0,0,0,0,0
710,0,0,0,0,0,0,0,0,0
711,0,0,0,0,0,0,0,0,0
712,0,0,0,0,0,0,0,0,0
713,0,0,0,0,0,0,0,0,0
714,0,0,0,0,0,0,0,0,0
715,0,0,0,0,0,0,0,0,0
716,0,0,0,0,0,0,0,0,0
717,0,0,0,0,0,0,0,0,0
718,0,0,0,0,0,0,0,0,0
719,0,0,0,0,0,0,0,0,0
720,0,0,0,0,0,0,0,0,0
721,0,0,0,0,0,0,0,0,0
722,0,0,0,0,0,0,0,0,0
723,0,0,0,0,0,0,0,0,0
724,0,0,0,0,0,0,0,0,0
725,0,0,0,0,0,0,0,0,0
726,0,0,0,0,0,0,0,0,0
727,0,0,0,0,0,0,0,0,0
728,0,0,0,0,0,0,0,0,0
729,0,0,0,0,0,0,0,0,0
730,0,0,0,0,0,0,0,0,0
731,0,0,0,0,0,0,0,0,0
732,0,0,0,0,0,0,0,0,0
733,0,0,0,0,0,0,0,0,0
734,0,0,0,0,0,0,0,0,0
735,0,0,0,0,0,0,0,0,0
736,0,0,0,0,0,0,0,0,0
737,0,0,0,0,0,0,0,0,0
738,0,0,0,0,0,0,0,0,0
739,0,0,0,0,0,0,0,0,0
740,0,0,0,0,0,0,0,0,0
741,0,0,0,0,0,0,0,0,0
742,0,0,0,0,0,0,0,0,0
743,0,0,0,0,0,0,0,0,0
744,0,0,0,0,0,0,0,0,0
745,0,0,0,0,0,0,0,0,0
746,0,0,0,0,0,0,0,0,0
747,0,0,0,0,0,0,0,0,0
748,0,0,0,0,0,0,0,0,0
749,0,0,0,0,0,0,0,0,0
750,0,0,0,0,0,0,0,0,0
0,194,7257,201425,4077983,57373546,517292847,2626655236,5935079656,3356972874
1,111,3421,75973,1218056,13595833,97273449,391891156,702656550,315520101
2,46,1221,22165,296005,2727267,16075768,53302584,78581581,28970717
3,29,691,10470,115741,885884,4310702,11713933,14075353,4213807
4,17,442,5531,52818,344190,1431875,3328787,3420286,871675
5,11,238,2626,22563,128393,470213,961167,866148,192882
6,8,191,1806,13913,70247,229231,415174,328849,63788
7,3,104,803,5673,26867,82567,139805,103884,19073
8,3,77,528,3333,15096,43547,70179,49061,8396
9,2,65,346,1952,7503,18339,24760,14614,2201
10,2,64,300,1659,5833,13271,16194,8356,1024
11,1,52,187,1002,3538,7685,8952,4683,578
12,1,52,181,933,3242,6734,7519,3759,432
13,0,50,128,752,2316,4593,4893,2248,272
14,0,50,128,752,2316,4593,4893,2248,272
15,0,41,73,493,1563,3118,3281,1480,183
16,0,29,56,351,1064,2066,2167,927,119
17,0,28,47,295,874,1717,1697,744,87
18,0,25,31,162,455,861,646,237,26
19,0,25,27,119,350,606,490,193,25
20,0,8,12,59,182,307,255,88,13
21,0,6,12,52,144,188,145,46,7
22,0,6,12,52,144,188,145,46,7
23,0,5,11,51,140,177,131,44,6
24,0,5,11,48,130,165,115,26,3
25,0,4,8,27,83,114,73,16,1
26,0,4,8,27,83,114,73,16,1
27,0,4,8,27,83,114,73,16,1
28,0,1,4,11,43,53,22,2,1
29,0,0,2,8,30,34,11,2,0
30,0,0,2,8,30,34,11,2,0
31,0,0,2,8,30,34,11,2,0
32,0,0,0,8,24,18,3,2,0
33,0,0,0,8,24,18,3,2,0
34,0,0,0,8,24,18,3,2,0
35,0,0,0,0,0,0,0,0,0
36,0,0,0,0,0,0,0,0,0
37,0,0,0,0,0,0,0,0,0
38,0,0,0,0,0,0,0,0,0
39,0,0,0,0,0,0,0,0,0
40,0,0,0,0,0,0,0,0,0
41,0,0,0,0,0,0,0,0,0
42,0,0,0,0,0,0,0,0,0
43,0,0,0,0,0,0,0,0,0
44,0,0,0,0,0,0,0,0,0
45,0,0,0,0,0,0,0,0,0
46,0,0,0,0,0,0,0,0,0
47,0,0,0,0,0,0,0,0,0
48,0,0,0,0,0,0,0,0,0
49,0,0,0,0,0,0,0,0,0
50,0,0,0,0,0,0,0,0,0
51,0,0,0,0,0,0,0,0,0
52,0,0,0,0,0,0,0,0,0
53,0,0,0,0,0,0,0,0,0
54,0,0,0,0,0,0,0,0,0
55,0,0,0,0,0,0,0,0,0
56,0,0,0,0,0,0,0,0,0
57,0,0,0,0,0,0,0,0,0
58,0,0,0,0,0,0,0,0,0
59,0,0,0,0,0,0,0,0,0
60,0,0,0,0,0,0,0,0,0
61,0,0,0,0,0,0,0,0,0
62,0,0,0,0,0,0,0,0,0
63,0,0,0,0,0,0,0,0,0
64,0,0,0,0,0,0,0,0,0
65,0,0,0,0,0,0,0,0,0
66,0,0,0,0,0,0,0,0,0
67,0,0,0,0,0,0,0,0,0
68,0,0,0,0,0,0,0,0,0
69,0,0,0,0,0,0,0,0,0
70,0,0,0,0,0,0,0,0,0
71,0,0,0,0,0,0,0,0,0
72,0,0,0,0,0,0,0,0,0
73,0,0,0,0,0,0,0,0,0
74,0,0,0,0,0,0,0,0,0
75,0,0,0,0,0,0,0,0,0
76,0,0,0,0,0,0,0,0,0
77,0,0,0,0,0,0,0,0,0
78,0,0,0,0,0,0,0,0,0
79,0,0,0,0,0,0,0,0,0
80,0,0,0,0,0,0,0,0,0
81,0,0,0,0,0,0,0,0,0
82,0,0,0,0,0,0,0,0,0
83,0,0,0,0,0,0,0,0,0
84,0,0,0,0,0,0,0,0,0
85,0,0,0,0,0,0,0,0,0
86,0,0,0,0,0,0,0,0,0
87,0,0,0,0,0,0,0,0,0
88,0,0,0,0,0,0,0,0,0
89,0,0,0,0,0,0,0,0,0
90,0,0,0,0,0,0,0,0,0
91,0,0,0,0,0,0,0,0,0
92,0,0,0,0,0,0,0,0,0
93,0,0,0,0,0,0,0,0,0
94,0,0,0,0,0,0,0,0,0
95,0,0,0,0,0,0,0,0,0
96,0,0,0,0,0,0,0,0,0
97,0,0,0,0,0,0,0,0,0
98,0,0,0,0,0,0,0,0,0
99,0,0,0,0,0,0,0,0,0
100,0,0,0,0,0,0,0,0,0
101,0,0,0,0,0,0,0,0,0
102,0,0,0,0,0,0,0,0,0
103,0,0,0,0,0,0,0,0,0
104,0,0,0,0,0,0,0,0,0
105,0,0,0,0,0,0,0,0,0
106,0,0,0,0,0,0,0,0,0
107,0,0,0,0,0,0,0,0,0
108,0,0,0,0,0,0,0,0,0
109,0,0,0,0,0,0,0,0,0
110,0,0,0,0,0,0,0,0,0
111,0,0,0,0,0,0,0,0,0
112,0,0,0,0,0,0,0,0,0
113,0,0,0,0,0,0,0,0,0
114,0,0,0,0,0,0,0,0,0
115,0,0,0,0,0,0,0,0,0
116,0,0,0,0,0,0,0,0,0
117,0,0,0,0,0,0,0,0,0
118,0,0,0,0,0,0,0,0,0
119,0,0,0,0,0,0,0,0,0
120,0,0,0,0,0,0,0,0,0
121,0,0,0,0,0,0,0,0,0
122,0,0,0,0,0,0,0,0,0
123,0,0,0,0,0,0,0,0,0
124,0,0,0,0,0,0,0,0,0
125,0,0,0,0,0,0,0,0,0
126,0,0,0,0,0,0,0,0,0
127,0,0,0,0,0,0,0,0,0
128,0,0,0,0,0,0,0,0,0
129,0,0,0,0,0,0,0,0,0
130,0,0,0,0,0,0,0,0,0
131,0,0,0,0,0,0,0,0,0
132,0,0,0,0,0,0,0,0,0
133,0,0,0,0,0,0,0,0,0
134,0,0,0,0,0,0,0,0,0
135,0,0,0,0,0,0,0,0,0
136,0,0,0,0,0,0,0,0,0
137,0,0,0,0,0,0,0,0,0
138,0,0,0,0,0,0,0,0,0
139,0,0,0,0,0,0,0,0,0
140,0,0,0,0,0,0,0,0,0
141,0,0,0,0,0,0,0,0,0
142,0,0,0,0,0,0,0,0,0
143,0,0,0,0,0,0,0,0,0
144,0,0,0,0,0,0,0,0,0
145,0,0,0,0,0,0,0,0,0
146,0,0,0,0,0,0,0,0,0
147,0,0,0,0,0,0,0,0,0
148,0,0,0,0,0,0,0,0,0
149,0,0,0,0,0,0,0,0,0
150,0,0,0,0,0,0,0,0,0
151,0,0,0,0,0,0,0,0,0
152,0,0,0,0,0,0,0,0,0
153,0,0,0,0,0,0,0,0,0
154,0,0,0,0,0,0,0,0,0
155,0,0,0,0,0,0,0,0,0
156,0,0,0,0,0,0,0,0,0
157,0,0,0,0,0,0,0,0,0
158,0,0,0,0,0,0,0,0,0
159,0,0,0,0,0,0,0,0,0
160,0,0,0,0,0,0,0,0,0
161,0,0,0,0,0,0,0,0,0
162,0,0,0,0,0,0,0,0,0
163,0,0,0,0,0,0,0,0,0
164,0,0,0,0,0,0,0,0,0
165,0,0,0,0,0,0,0,0,0
166,0,0,0,0,0,0,0,0,0
167,0,0,0,0,0,0,0,0,0
168,0,0,0,0,0,0,0,0,0
169,0,0,0,0,0,0,0,0,0
170,0,0,0,0,0,0,0,0,0
171,0,0,0,0,0,0,0,0,0
172,0,0,0,0,0,0,0,0,0
173,0,0,0,0,0,0,0,0,0
174,0,0,0,0,0,0,0,0,0
175,0,0,0,0,0,0,0,0,0
176,0,0,0,0,0,0,0,0,0
177,0,0,0,0,0,0,0,0,0
178,0,0,0,0,0,0,0,0,0
179,0,0,0,0,0,0,0,0,0
180,0,0,0,0,0,0,0,0,0
181,0,0,0,0,0,0,0,0,0
182,0,0,0,0,0,0,0,0,0
183,0,0,0,0,0,0,0,0,0
184,0,0,0,0,0,0,0,0,0
185,0,0,0,0,0,0,0,0,0
186,0,0,0,0,0,0,0,0,0
187,0,0,0,0,0,0,0,0,0
188,0,0,0,0,0,0,0,0,0
189,0,0,0,0,0,0,0,0,0
190,0,0,0,0,0,0,0,0,0
191,0,0,0,0,0,0,0,0,0
192,0,0,0,0,0,0,0,0,0
193,0,0,0,0,0,0,0,0,0
194,0,0,0,0,0,0,0,0,0
195,0,0,0,0,0,0,0,0,0
196,0,0,0,0,0,0,0,0,0
197,0,0,0,0,0,0,0,0,0
198,0,0,0,0,0,0,0,0,0
199,0,0,0,0,0,0,0,0,0
200,0,0,0,0,0,0,0,0,0
201,0,0,0,0,0,0,0,0,0
202,0,0,0,0,0,0,0,0,0
203,0,0,0,0,0,0,0,0,0
204,0,0,0,0,0,0,0,0,0
205,0,0,0,0,0,0,0,0,0
206,0,0,0,0,0,0,0,0,0
207,0,0,0,0,0,0,0,0,0
208,0,0,0,0,0,0,0,0,0
209,0,0,0,0,0,0,0,0,0
210,0,0,0,0,0,0,0,0,0
211,0,0,0,0,0,0,0,0,0
212,0,0,0,0,0,0,0,0,0
213,0,0,0,0,0,0,0,0,0
214,0,0,0,0,0,0,0,0,0
215,0,0,0,0,0,0,0,0,0
216,0,0,0,0,0,0,0,0,0
217,0,0,0,0,0,0,0,0,0
218,0,0,0,0,0,0,0,0,0
219,0,0,0,0,0,0,0,0,0
220,0,0,0,0,0,0,0,0,0
221,0,0,0,0,0,0,0,0,0
222,0,0,0,0,0,0,0,0,0
223,0,0,0,0,0,0,0,0,0
224,0,0,0,0,0,0,0,0,0
225,0,0,0,0,0,0,0,0,0
226,0,0,0,0,0,0,0,0,0
227,0,0,0,0,0,0,0,0,0
228,0,0,0,0,0,0,0,0,0
229,0,0,0,0,0,0,0,0,0
230,0,0,0,0,0,0,0,0,0
231,0,0,0,0,0,0,0,0,0
232,0,0,0,0,0,0,0,0,0
233,0,0,0,0,0,0,0,0,0
234,0,0,0,0,0,0,0,0,0
235,0,0,0,0,0,0,0,0,0
236,0,0,0,0,0,0,0,0,0
237,0,0,0,0,0,0,0,0,0
238,0,0,0,0,0,0,0,0,0
239,0,0,0,0,0,0,0,0,0
240,0,0,0,0,0,0,0,0,0
241,0,0,0,0,0,0,0,0,0
242,0,0,0,0,0,0,0,0,0
243,0,0,0,0,0,0,0,0,0
244,0,0,0,0,0,0,0,0,0
245,0,0,0,0,0,0,0,0,0
246,0,0,0,0,0,0,0,0,0
247,0,0,0,0,0,0,0,0,0
248,0,0,0,0,0,0,0,0,0
249,0,0,0,0,0,0,0,0,0
250,0,0,0,0,0,0,0,0,0
251,0,0,0,0,0,0,0,0,0
252,0,0,0,0,0,0,0,0,0
253,0,0,0,0,0,0,0,0,0
254,0,0,0,0,0,0,0,0,0
255,0,0,0,0,0,0,0,0,0
256,0,0,0,0,0,0,0,0,0
257,0,0,0,0,0,0,0,0,0
258,0,0,0,0,0,0,0,0,0
259,0,0,0,0,0,0,0,0,0
260,0,0,0,0,0,0,0,0,0
261,0,0,0,0,0,0,0,0,0
262,0,0,0,0,0,0,0,0,0
263,0,0,0,0,0,0,0,0,0
264,0,0,0,0,0,0,0,0,0
265,0,0,0,0,0,0,0,0,0
266,0,0,0,0,0,0,0,0,0
267,0,0,0,0,0,0,0,0,0
268,0,0,0,0,0,0,0,0,0
269,0,0,0,0,0,0,0,0,0
270,0,0,0,0,0,0,0,0,0
271,0,0,0,0,0,0,0,0,0
272,0,0,0,0,0,0,0,0,0
273,0,0,0,0,0,0,0,0,0
274,0,0,0,0,0,0,0,0,0
275,0,0,0,0,0,0,0,0,0
276,0,0,0,0,0,0,0,0,0
277,0,0,0,0,0,0,0,0,0
278,0,0,0,0,0,0,0,0,0
279,0,0,0,0,0,0,0,0,0
280,0,0,0,0,0,0,0,0,0
281,0,0,0,0,0,0,0,0,0
282,0,0,0,0,0,0,0,0,0
283,0,0,0,0,0,0,0,0,0
284,0,0,0,0,0,0,0,0,0
285,0,0,0,0,0,0,0,0,0
286,0,0,0,0,0,0,0,0,0
287,0,0,0,0,0,0,0,0,0
288,0,0,0,0,0,0,0,0,0
289,0,0,0,0,0,0,0,0,0
290,0,0,0,0,0,0,0,0,0
291,0,0,0,0,0,0,0,0,0
292,0,0,0,0,0,0,0,0,0
293,0,0,0,0,0,0,0,0,0
294,0,0,0,0,0,0,0,0,0
295,0,0,0,0,0,0,0,0,0
296,0,0,0,0,0,0,0,0,0
297,0,0,0,0,0,0,0,0,0
298,0,0,0,0,0,0,0,0,0
299,0,0,0,0,0,0,0,0,0
300,0,0,0,0,0,0,0,0,0
301,0,0,0,0,0,0,0,0,0
302,0,0,0,0,0,0,0,0,0
303,0,0,0,0,0,0,0,0,0
304,0,0,0,0,0,0,0,0,0
305,0,0,0,0,0,0,0,0,0
306,0,0,0,0,0,0,0,0,0
307,0,0,0,0,0,0,0,0,0
308,0,0,0,0,0,0,0,0,0
309,0,0,0,0,0,0,0,0,0
310,0,0,0,0,0,0,0,0,0
311,0,0,0,0,0,0,0,0,0
312,0,0,0,0,0,0,0,0,0
313,0,0,0,0,0,0,0,0,0
314,0,0,0,0,0,0,0,0,0
315,0,0,0,0,0,0,0,0,0
316,0,0,0,0,0,0,0,0,0
317,0,0,0,0,0,0,0,0,0
318,0,0,0,0,0,0,0,0,0
319,0,0,0,0,0,0,0,0,0
320,0,0,0,0,0,0,0,0,0
321,0,0,0,0,0,0,0,0,0
322,0,0,0,0,0,0,0,0,0
323,0,0,0,0,0,0,0,0,0
324,0,0,0,0,0,0,0,0,0
325,0,0,0,0,0,0,0,0,0
326,0,0,0,0,0,0,0,0,0
327,0,0,0,0,0,0,0,0,0
328,0,0,0,0,0,0,0,0,0
329,0,0,0,0,0,0,0,0,0
330,0,0,0,0,0,0,0,0,0
331,0,0,0,0,0,0,0,0,0
332,0,0,0,0,0,0,0,0,0
333,0,0,0,0,0,0,0,0,0
334,0,0,0,0,0,0,0,0,0
335,0,0,0,0,0,0,0,0,0
336,0,0,0,0,0,0,0,0,0
337,0,0,0,0,0,0,0,0,0
338,0,0,0,0,0,0,0,0,0
339,0,0,0,0,0,0,0,0,0
340,0,0,0,0,0,0,0,0,0
341,0,0,0,0,0,0,0,0,0
342,0,0,0,0,0,0,0,0,0
343,0,0,0,0,0,0,0,0,0
344,0,0,0,0,0,0,0,0,0
345,0,0,0,0,0,0,0,0,0
346,0,0,0,0,0,0,0,0,0
347,0,0,0,0,0,0,0,0,0
348,0,0,0,0,0,0,0,0,0
349,0,0,0,0,0,0,0,0,0
350,0,0,0,0,0,0,0,0,0
351,0,0,0,0,0,0,0,0,0
352,0,0,0,0,0,0,0,0,0
353,0,0,0,0,0,0,0,0,0
354,0,0,0,0,0,0,0,0,0
355,0,0,0,0,0,0,0,0,0
356,0,0,0,0,0,0,0,0,0
357,0,0,0,0,0,0,0,0,0
358,0,0,0,0,0,0,0,0,0
359,0,0,0,0,0,0,0,0,0
360,0,0,0,0,0,0,0,0,0
361,0,0,0,0,0,0,0,0,0
362,0,0,0,0,0,0,0,0,0
363,0,0,0,0,0,0,0,0,0
364,0,0,0,0,0,0,0,0,0
365,0,0,0,0,0,0,0,0,0
366,0,0,0,0,0,0,0,0,0
367,0,0,0,0,0,0,0,0,0
368,0,0,0,0,0,0,0,0,0
369,0,0,0,0,0,0,0,0,0
370,0,0,0,0,0,0,0,0,0
371,0,0,0,0,0,0,0,0,0
372,0,0,0,0,0,0,0,0,0
373,0,0,0,0,0,0,0,0,0
374,0,0,0,0,0,0,0,0,0
375,0,0,0,0,0,0,0,0,0
376,0,0,0,0,0,0,0,0,0
377,0,0,0,0,0,0,0,0,0
378,0,0,0,0,0,0,0,0,0
379,0,0,0,0,0,0,0,0,0
380,0,0,0,0,0,0,0,0,0
381,0,0,0,0,0,0,0,0,0
382,0,0,0,0,0,0,0,0,0
383,0,0,0,0,0,0,0,0,0
384,0,0,0,0,0,0,0,0,0
385,0,0,0,0,0,0,0,0,0
386,0,0,0,0,0,0,0,0,0
387,0,0,0,0,0,0,0,0,0
388,0,0,0,0,0,0,0,0,0
389,0,0,0,0,0,0,0,0,0
390,0,0,0,0,0,0,0,0,0
391,0,0,0,0,0,0,0,0,0
392,0,0,0,0,0,0,0,0,0
393,0,0,0,0,0,0,0,0,0
394,0,0,0,0,0,0,0,0,0
395,0,0,0,0,0,0,0,0,0
396,0,0,0,0,0,0,0,0,0
397,0,0,0,0,0,0,0,0,0
398,0,0,0,0,0,0,0,0,0
399,0,0,0,0,0,0,0,0,0
400,0,0,0,0,0,0,0,0,0
401,0,0,0,0,0,0,0,0,0
402,0,0,0,0,0,0,0,0,0
403,0,0,0,0,0,0,0,0,0
404,0,0,0,0,0,0,0,0,0
405,0,0,0,0,0,0,0,0,0
406,0,0,0,0,0,0,0,0,0
407,0,0,0,0,0,0,0,0,0
408,0,0,0,0,0,0,0,0,0
409,0,0,0,0,0,0,0,0,0
410,0,0,0,0,0,0,0,0,0
411,0,0,0,0,0,0,0,0,0
412,0,0,0,0,0,0,0,0,0
413,0,0,0,0,0,0,0,0,0
414,0,0,0,0,0,0,0,0,0
415,0,0,0,0,0,0,0,0,0
416,0,0,0,0,0,0,0,0,0
417,0,0,0,0,0,0,0,0,0
418,0,0,0,0,0,0,0,0,0
419,0,0,0,0,0,0,0,0,0
420,0,0,0,0,0,0,0,0,0
421,0,0,0,0,0,0,0,0,0
422,0,0,0,0,0,0,0,0,0
423,0,0,0,0,0,0,0,0,0
424,0,0,0,0,0,0,0,0,0
425,0,0,0,0,0,0,0,0,0
426,0,0,0,0,0,0,0,0,0
427,0,0,0,0,0,0,0,0,0
428,0,0,0,0,0,0,0,0,0
429,0,0,0,0,0,0,0,0,0
430,0,0,0,0,0,0,0,0,0
431,0,0,0,0,0,0,0,0,0
432,0,0,0,0,0,0,0,0,0
433,0,0,0,0,0,0,0,0,0
434,0,0,0,0,0,0,0,0,0
435,0,0,0,0,0,0,0,0,0
436,0,0,0,0,0,0,0,0,0
437,0,0,0,0,0,0,0,0,0
438,0,0,0,0,0,0,0,0,0
439,0,0,0,0,0,0,0,0,0
440,0,0,0,0,0,0,0,0,0
441,0,0,0,0,0,0,0,0,0
442,0,0,0,0,0,0,0,0,0
443,0,0,0,0,0,0,0,0,0
444,0,0,0,0,0,0,0,0,0
445,0,0,0,0,0,0,0,0,0
446,0,0,0,0,0,0,0,0,0
447,0,0,0,0,0,0,0,0,0
448,0,0,0,0,0,0,0,0,0
449,0,0,0,0,0,0,0,0,0
450,0,0,0,0,0,0,0,0,0
451,0,0,0,0,0,0,0,0,0
452,0,0,0,0,0,0,0,0,0
453,0,0,0,0,0,0,0,0,0
454,0,0,0,0,0,0,0,0,0
455,0,0,0,0,0,0,0,0,0
456,0,0,0,0,0,0,0,0,0
457,0,0,0,0,0,0,0,0,0
458,0,0,0,0,0,0,0,0,0
459,0,0,0,0,0,0,0,0,0
460,0,0,0,0,0,0,0,0,0
461,0,0,0,0,0,0,0,0,0
462,0,0,0,0,0,0,0,0,0
463,0,0,0,0,0,0,0,0,0
464,0,0,0,0,0,0,0,0,0
465,0,0,0,0,0,0,0,0,0
466,0,0,0,0,0,0,0,0,0
467,0,0,0,0,0,0,0,0,0
468,0,0,0,0,0,0,0,0,0
469,0,0,0,0,0,0,0,0,0
470,0,0,0,0,0,0,0,0,0
471,0,0,0,0,0,0,0,0,0
472,0,0,0,0,0,0,0,0,0
473,0,0,0,0,0,0,0,0,0
474,0,0,0,0,0,0,0,0,0
475,0,0,0,0,0,0,0,0,0
476,0,0,0,0,0,0,0,0,0
477,0,0,0,0,0,0,0,0,0
478,0,0,0,0,0,0,0,0,0
479,0,0,0,0,0,0,0,0,0
480,0,0,0,0,0,0,0,0,0
481,0,0,0,0,0,0,0,0,0
482,0,0,0,0,0,0,0,0,0
483,0,0,0,0,0,0,0,0,0
484,0,0,0,0,0,0,0,0,0
485,0,0,0,0,0,0,0,0,0
486,0,0,0,0,0,0,0,0,0
487,0,0,0,0,0,0,0,0,0
488,0,0,0,0,0,0,0,0,0
489,0,0,0,0,0,0,0,0,0
490,0,0,0,0,0,0,0,0,0
491,0,0,0,0,0,0,0,0,0
492,0,0,0,0,0,0,0,0,0
493,0,0,0,0,0,0,0,0,0
494,0,0,0,0,0,0,0,0,0
495,0,0,0,0,0,0,0,0,0
496,0,0,0,0,0,0,0,0,0
497,0,0,0,0,0,0,0,0,0
498,0,0,0,0,0,0,0,0,0
499,0,0,0,0,0,0,0,0,0
500,0,0,0,0,0,0,0,0,0
501,0,0,0,0,0,0,0,0,0
502,0,0,0,0,0,0,0,0,0
503,0,0,0,0,0,0,0,0,0
504,0,0,0,0,0,0,0,0,0
505,0,0,0,0,0,0,0,0,0
506,0,0,0,0,0,0,0,0,0
507,0,0,0,0,0,0,0,0,0
508,0,0,0,0,0,0,0,0,0
509,0,0,0,0,0,0,0,0,0
510,0,0,0,0,0,0,0,0,0
511,0,0,0,0,0,0,0,0,0
512,0,0,0,0,0,0,0,0,0
513,0,0,0,0,0,0,0,0,0
514,0,0,0,0,0,0,0,0,0
515,0,0,0,0,0,0,0,0,0
516,0,0,0,0,0,0,0,0,0
517,0,0,0,0,0,0,0,0,0
518,0,0,0,0,0,0,0,0,0
519,0,0,0,0,0,0,0,0,0
520,0,0,0,0,0,0,0,0,0
521,0,0,0,0,0,0,0,0,0
522,0,0,0,0,0,0,0,0,0
523,0,0,0,0,0,0,0,0,0
524,0,0,0,0,0,0,0,0,0
525,0,0,0,0,0,0,0,0,0
526,0,0,0,0,0,0,0,0,0
527,0,0,0,0,0,0,0,0,0
528,0,0,0,0,0,0,0,0,0
529,0,0,0,0,0,0,0,0,0
530,0,0,0,0,0,0,0,0,0
531,0,0,0,0,0,0,0,0,0
532,0,0,0,0,0,0,0,0,0
533,0,0,0,0,0,0,0,0,0
534,0,0,0,0,0,0,0,0,0
535,0,0,0,0,0,0,0,0,0
536,0,0,0,0,0,0,0,0,0
537,0,0,0,0,0,0,0,0,0
538,0,0,0,0,0,0,0,0,0
539,0,0,0,0,0,0,0,0,0
540,0,0,0,0,0,0,0,0,0
541,0,0,0,0,0,0,0,0,0
542,0,0,0,0,0,0,0,0,0
543,0,0,0,0,0,0,0,0,0
544,0,0,0,0,0,0,0,0,0
545,0,0,0,0,0,0,0,0,0
546,0,0,0,0,0,0,0,0,0
547,0,0,0,0,0,0,0,0,0
548,0,0,0,0,0,0,0,0,0
549,0,0,0,0,0,0,0,0,0
550,0,0,0,0,0,0,0,0,0
551,0,0,0,0,0,0,0,0,0
552,0,0,0,0,0,0,0,0,0
553,0,0,0,0,0,0,0,0,0
554,0,0,0,0,0,0,0,0,0
555,0,0,0,0,0,0,0,0,0
556,0,0,0,0,0,0,0,0,0
557,0,0,0,0,0,0,0,0,0
558,0,0,0,0,0,0,0,0,0
559,0,0,0,0,0,0,0,0,0
560,0,0,0,0,0,0,0,0,0
561,0,0,0,0,0,0,0,0,0
562,0,0,0,0,0,0,0,0,0
563,0,0,0,0,0,0,0,0,0
564,0,0,0,0,0,0,0,0,0
565,0,0,0,0,0,0,0,0,0
566,0,0,0,0,0,0,0,0,0
567,0,0,0,0,0,0,0,0,0
568,0,0,0,0,0,0,0,0,0
569,0,0,0,0,0,0,0,0,0
570,0,0,0,0,0,0,0,0,0
571,0,0,0,0,0,0,0,0,0
572,0,0,0,0,0,0,0,0,0
573,0,0,0,0,0,0,0,0,0
574,0,0,0,0,0,0,0,0,0
575,0,0,0,0,0,0,0,0,0
576,0,0,0,0,0,0,0,0,0
577,0,0,0,0,0,0,0,0,0
578,0,0,0,0,0,0,0,0,0
579,0,0,0,0,0,0,0,0,0
580,0,0,0,0,0,0,0,0,0
581,0,0,0,0,0,0,0,0,0
582,0,0,0,0,0,0,0,0,0
583,0,0,0,0,0,0,0,0,0
584,0,0,0,0,0,0,0,0,0
585,0,0,0,0,0,0,0,0,0
586,0,0,0,0,0,0,0,0,0
587,0,0,0,0,0,0,0,0,0
588,0,0,0,0,0,0,0,0,0
589,0,0,0,0,0,0,0,0,0
590,0,0,0,0,0,0,0,0,0
591,0,0,0,0,0,0,0,0,0
592,0,0,0,0,0,0,0,0,0
593,0,0,0,0,0,0,0,0,0
594,0,0,0,0,0,0,0,0,0
595,0,0,0,0,0,0,0,0,0
596,0,0,0,0,0,0,0,0,0
597,0,0,0,0,0,0,0,0,0
598,0,0,0,0,0,0,0,0,0
599,0,0,0,0,0,0,0,0,0
600,0,0,0,0,0,0,0,0,0
601,0,0,0,0,0,0,0,0,0
602,0,0,0,0,0,0,0,0,0
603,0,0,0,0,0,0,0,0,0
604,0,0,0,0,0,0,0,0,0
605,0,0,0,0,0,0,0,0,0
606,0,0,0,0,0,0,0,0,0
607,0,0,0,0,0,0,0,0,0
608,0,0,0,0,0,0,0,0,0
609,0,0,0,0,0,0,0,0,0
610,0,0,0,0,0,0,0,0,0
611,0,0,0,0,0,0,0,0,0
612,0,0,0,0,0,0,0,0,0
613,0,0,0,0,0,0,0,0,0
614,0,0,0,0,0,0,0,0,0
615,0,0,0,0,0,0,0,0,0
616,0,0,0,0,0,0,0,0,0
617,0,0,0,0,0,0,0,0,0
618,0,0,0,0,0,0,0,0,0
619,0,0,0,0,0,0,0,0,0
620,0,0,0,0,0,0,0,0,0
621,0,0,0,0,0,0,0,0,0
622,0,0,0,0,0,0,0,0,0
623,0,0,0,0,0,0,0,0,0
624,0,0,0,0,0,0,0,0,0
625,0,0,0,0,0,0,0,0,0
626,0,0,0,0,0,0,0,0,0
627,0,0,0,0,0,0,0,0,0
628,0,0,0,0,0,0,0,0,0
629,0,0,0,0,0,0,0,0,0
630,0,0,0,0,0,0,0,0,0
631,0,0,0,0,0,0,0,0,0
632,0,0,0,0,0,0,0,0,0
633,0,0,0,0,0,0,0,0,0
634,0,0,0,0,0,0,0,0,0
635,0,0,0,0,0,0,0,0,0
636,0,0,0,0,0,0,0,0,0
637,0,0,0,0,0,0,0,0,0
638,0,0,0,0,0,0,0,0,0
639,0,0,0,0,0,0,0,0,0
640,0,0,0,0,0,0,0,0,0
641,0,0,0,0,0,0,0,0,0
642,0,0,0,0,0,0,0,0,0
643,0,0,0,0,0,0,0,0,0
644,0,0,0,0,0,0,0,0,0
645,0,0,0,0,0,0,0,0,0
646,0,0,0,0,0,0,0,0,0
647,0,0,0,0,0,0,0,0,0
648,0,0,0,0,0,0,0,0,0
649,0,0,0,0,0,0,0,0,0
650,0,0,0,0,0,0,0,0,0
651,0,0,0,0,0,0,0,0,0
652,0,0,0,0,0,0,0,0,0
653,0,0,0,0,0,0,0,0,0
654,0,0,0,0,0,0,0,0,0
655,0,0,0,0,0,0,0,0,0
656,0,0,0,0,0,0,0,0,0
657,0,0,0,0,0,0,0,0,0
658,0,0,0,0,0,0,0,0,0
659,0,0,0,0,0,0,0,0,0
660,0,0,0,0,0,0,0,0,0
661,0,0,0,0,0,0,0,0,0
662,0,0,0,0,0,0,0,0,0
663,0,0,0,0,0,0,0,0,0
664,0,0,0,0,0,0,0,0,0
665,0,0,0,0,0,0,0,0,0
666,0,0,0,0,0,0,0,0,0
667,0,0,0,0,0,0,0,0,0
668,0,0,0,0,0,0,0,0,0
669,0,0,0,0,0,0,0,0,0
670,0,0,0,0,0,0,0,0,0
671,0,0,0,0,0,0,0,0,0
672,0,0,0,0,0,0,0,0,0
673,0,0,0,0,0,0,0,0,0
674,0,0,0,0,0,0,0,0,0
675,0,0,0,0,0,0,0,0,0
676,0,0,0,0,0,0,0,0,0
677,0,0,0,0,0,0,0,0,0
678,0,0,0,0,0,0,0,0,0
679,0,0,0,0,0,0,0,0,0
680,0,0,0,0,0,0,0,0,0
681,0,0,0,0,0,0,0,0,0
682,0,0,0,0,0,0,0,0,0
683,0,0,0,0,0,0,0,0,0
684,0,0,0,0,0,0,0,0,0
685,0,0,0,0,0,0,0,0,0
686,0,0,0,0,0,0,0,0,0
687,0,0,0,0,0,0,0,0,0
688,0,0,0,0,0,0,0,0,0
689,0,0,0,0,0,0,0,0,0
690,0,0,0,0,0,0,0,0,0
691,0,0,0,0,0,0,0,0,0
692,0,0,0,0,0,0,0,0,0
693,0,0,0,0,0,0,0,0,0
694,0,0,0,0,0,0,0,0,0
695,0,0,0,0,0,0,0,0,0
696,0,0,0,0,0,0,0,0,0
697,0,0,0,0,0,0,0,0,0
698,0,0,0,0,0,0,0,0,0
699,0,0,0,0,0,0,0,0,0
700,0,0,0,0,0,0,0,0,0
701,0,0,0,0,0,0,0,0,0
702,0,0,0,0,0,0,0,0,0
703,0,0,0,0,0,0,0,0,0
704,0,0,0,0,0,0,0,0,0
705,0,0,0,0,0,0,0,0,0
706,0,0,0,0,0,0,0,0,0
707,0,0,0,0,0,0,0,0,0
708,0,0,0,0,0,0,0,0,0
709,0,0,0,0,0,0,0,0,0
710,0,0,0,0,0,0,0,0,0
711,0,0,0,0,0,0,0,0,0
712,0,0,0,0,0,0,0,0,0
713,0,0,0,0,0,0,0,0,0
714,0,0,0,0,0,0,0,0,0
715,0,0,0,0,0,0,0,0,0
716,0,0,0,0,0,0,0,0,0
717,0,0,0,0,0,0,0,0,0
718,0,0,0,0,0,0,0,0,0
719,0,0,0,0,0,0,0,0,0
720,0,0,0,0,0,0,0,0,0
721,0,0,0,0,0,0,0,0,0
722,0,0,0,0,0,0,0,0,0
723,0,0,0,0,0,0,0,0,0
724,0,0,0,0,0,0,0,0,0
725,0,0,0,0,0,0,0,0,0
726,0,0,0,0,0,0,0,0,0
727,0,0,0,0,0,0,0,0,0
728,0,0,0,0,0,0,0,0,0
729,0,0,0,0,0,0,0,0,0
730,0,0,0,0,0,0,0,0,0
731,0,0,0,0,0,0,0,0,0
732,0,0,0,0,0,0,0,0,0
733,0,0,0,0,0,0,0,0,0
734,0,0,0,0,0,0,0,0,0
735,0,0,0,0,0,0,0,0,0
736,0,0,0,0,0,0,0,0,0
737,0,0,0,0,0,0,0,0,0
738,0,0,0,0,0,0,0,0,0
739,0,0,0,0,0,0,0,0,0
740,0,0,0,0,0,0,0,0,0
741,0,0,0,0,0,0,0,0,0
742,0,0,0,0,0,0,0,0,0
743,0,0,0,0,0,0,0,0,0
744,0,0,0,0,0,0,0,0,0
745,0,0,0,0,0,0,0,0,0
746,0,0,0,0,0,0,0,0,0
747,0,0,0,0,0,0,0,0,0
748,0,0,0,0,0,0,0,0,0
749,0,0,0,0,0,0,0,0,0
750,0,0,0,0,0,0,0,0,0
0,194,7257,201425,4077983,57373546,517292847,2626655236,5935079656,3356972874
1,93,3025,64545,994673,10693752,73867052,288379806,503248618,220862520
2,50,1249,20583,248472,2089147,11262122,34226228,46402770,15795844
3,29,665,9681,101363,741506,3480936,9247616,10993713,3293339
4,18,351,4765,44752,296982,1263100,3038498,3262300,881324
5,11,182,2255,18960,112678,429641,931231,902285,221718
6,11,149,1616,12153,65443,224821,441195,388065,85930
7,10,100,988,6719,33349,105138,189902,153379,31038
8,10,89,811,5058,23013,66012,107988,78048,14066
9,7,49,467,2650,11163,29672,45096,30075,5025
10,6,33,314,1764,6931,17518,25846,16724,2765
11,5,27,233,1285,4924,12379,17776,11354,1856
12,5,27,227,1219,4579,11238,15794,9836,1545
13,5,26,205,1077,3802,8719,11553,6762,1022
14,4,17,139,713,2411,5407,6907,3918,564
15,3,11,69,369,1186,2546,2938,1398,153
16,2,3,27,133,461,1103,1289,689,67
17,2,3,16,67,210,453,461,217,20
18,1,3,16,66,198,394,377,154,13
19,1,2,9,39,112,213,140,51,3
20,1,2,9,38,98,167,114,43,1
21,1,2,9,28,59,102,75,29,1
22,1,1,9,22,47,81,54,24,1
23,1,1,8,19,45,74,51,20,1
24,1,1,6,9,26,39,22,8,0
25,1,1,6,9,24,38,21,6,0
26,1,1,6,7,20,34,15,5,0
27,1,1,6,7,20,34,15,5,0
28,1,1,5,6,17,33,11,5,0
29,1,1,5,6,16,31,11,4,0
30,1,1,5,6,15,30,11,3,0
31,1,1,5,6,15,30,10,1,0
32,1,1,4,3,14,23,6,0,0
33,1,1,3,3,13,18,6,0,0
34,1,1,3,3,13,18,6,0,0
35,1,1,3,3,13,18,6,0,0
36,1,1,3,3,13,18,6,0,0
37,1,1,3,3,10,4,5,0,0
38,0,0,0,0,0,0,0,0,0
39,0,0,0,0,0,0,0,0,0
40,0,0,0,0,0,0,0,0,0
41,0,0,0,0,0,0,0,0,0
42,0,0,0,0,0,0,0,0,0
43,0,0,0,0,0,0,0,0,0
44,0,0,0,0,0,0,0,0,0
45,0,0,0,0,0,0,0,0,0
46,0,0,0,0,0,0,0,0,0
47,0,0,0,0,0,0,0,0,0
48,0,0,0,0,0,0,0,0,0
49,0,0,0,0,0,0,0,0,0
50,0,0,0,0,0,0,0,0,0
51,0,0,0,0,0,0,0,0,0
52,0,0,0,0,0,0,0,0,0
53,0,0,0,0,0,0,0,0,0
54,0,0,0,0,0,0,0,0,0
55,0,0,0,0,0,0,0,0,0
56,0,0,0,0,0,0,0,0,0
57,0,0,0,0,0,0,0,0,0
58,0,0,0,0,0,0,0,0,0
59,0,0,0,0,0,0,0,0,0
60,0,0,0,0,0,0,0,0,0
61,0,0,0,0,0,0,0,0,0
62,0,0,0,0,0,0,0,0,0
63,0,0,0,0,0,0,0,0,0
64,0,0,0,0,0,0,0,0,0
65,0,0,0,0,0,0,0,0,0
66,0,0,0,0,0,0,0,0,0
67,0,0,0,0,0,0,0,0,0
68,0,0,0,0,0,0,0,0,0
69,0,0,0,0,0,0,0,0,0
70,0,0,0,0,0,0,0,0,0
71,0,0,0,0,0,0,0,0,0
72,0,0,0,0,0,0,0,0,0
73,0,0,0,0,0,0,0,0,0
74,0,0,0,0,0,0,0,0,0
75,0,0,0,0,0,0,0,0,0
76,0,0,0,0,0,0,0,0,0
77,0,0,0,0,0,0,0,0,0
78,0,0,0,0,0,0,0,0,0
79,0,0,0,0,0,0,0,0,0
80,0,0,0,0,0,0,0,0,0
81,0,0,0,0,0,0,0,0,0
82,0,0,0,0,0,0,0,0,0
83,0,0,0,0,0,0,0,0,0
84,0,0,0,0,0,0,0,0,0
85,0,0,0,0,0,0,0,0,0
86,0,0,0,0,0,0,0,0,0
87,0,0,0,0,0,0,0,0,0
88,0,0,0,0,0,0,0,0,0
89,0,0,0,0,0,0,0,0,0
90,0,0,0,0,0,0,0,0,0
91,0,0,0,0,0,0,0,0,0
92,0,0,0,0,0,0,0,0,0
93,0,0,0,0,0,0,0,0,0
94,0,0,0,0,0,0,0,0,0
95,0,0,0,0,0,0,0,0,0
96,0,0,0,0,0,0,0,0,0
97,0,0,0,0,0,0,0,0,0
98,0,0,0,0,0,0,0,0,0
99,0,0,0,0,0,0,0,0,0
100,0,0,0,0,0,0,0,0,0
101,0,0,0,0,0,0,0,0,0
102,0,0,0,0,0,0,0,0,0
103,0,0,0,0,0,0,0,0,0
104,0,0,0,0,0,0,0,0,0
105,0,0,0,0,0,0,0,0,0
106,0,0,0,0,0,0,0,0,0
107,0,0,0,0,0,0,0,0,0
108,0,0,0,0,0,0,0,0,0
109,0,0,0,0,0,0,0,0,0
110,0,0,0,0,0,0,0,0,0
111,0,0,0,0,0,0,0,0,0
112,0,0,0,0,0,0,0,0,0
113,0,0,0,0,0,0,0,0,0
114,0,0,0,0,0,0,0,0,0
115,0,0,0,0,0,0,0,0,0
116,0,0,0,0,0,0,0,0,0
117,0,0,0,0,0,0,0,0,0
118,0,0,0,0,0,0,0,0,0
119,0,0,0,0,0,0,0,0,0
120,0,0,0,0,0,0,0,0,0
121,0,0,0,0,0,0,0,0,0
122,0,0,0,0,0,0,0,0,0
123,0,0,0,0,0,0,0,0,0
124,0,0,0,0,0,0,0,0,0
125,0,0,0,0,0,0,0,0,0
126,0,0,0,0,0,0,0,0,0
127,0,0,0,0,0,0,0,0,0
128,0,0,0,0,0,0,0,0,0
129,0,0,0,0,0,0,0,0,0
130,0,0,0,0,0,0,0,0,0
131,0,0,0,0,0,0,0,0,0
132,0,0,0,0,0,0,0,0,0
133,0,0,0,0,0,0,0,0,0
134,0,0,0,0,0,0,0,0,0
135,0,0,0,0,0,0,0,0,0
136,0,0,0,0,0,0,0,0,0
137,0,0,0,0,0,0,0,0,0
138,0,0,0,0,0,0,0,0,0
139,0,0,0,0,0,0,0,0,0
140,0,0,0,0,0,0,0,0,0
141,0,0,0,0,0,0,0,0,0
142,0,0,0,0,0,0,0,0,0
143,0,0,0,0,0,0,0,0,0
144,0,0,0,0,0,0,0,0,0
145,0,0,0,0,0,0,0,0,0
146,0,0,0,0,0,0,0,0,0
147,0,0,0,0,0,0,0,0,0
148,0,0,0,0,0,0,0,0,0
149,0,0,0,0,0,0,0,0,0
150,0,0,0,0,0,0,0,0,0
151,0,0,0,0,0,0,0,0,0
152,0,0,0,0,0,0,0,0,0
153,0,0,0,0,0,0,0,0,0
154,0,0,0,0,0,0,0,0,0
155,0,0,0,0,0,0,0,0,0
156,0,0,0,0,0,0,0,0,0
157,0,0,0,0,0,0,0,0,0
158,0,0,0,0,0,0,0,0,0
159,0,0,0,0,0,0,0,0,0
160,0,0,0,0,0,0,0,0,0
161,0,0,0,0,0,0,0,0,0
162,0,0,0,0,0,0,0,0,0
163,0,0,0,0,0,0,0,0,0
164,0,0,0,0,0,0,0,0,0
165,0,0,0,0,0,0,0,0,0
166,0,0,0,0,0,0,0,0,0
167,0,0,0,0,0,0,0,0,0
168,0,0,0,0,0,0,0,0,0
169,0,0,0,0,0,0,0,0,0
170,0,0,0,0,0,0,0,0,0
171,0,0,0,0,0,0,0,0,0
172,0,0,0,0,0,0,0,0,0
173,0,0,0,0,0,0,0,0,0
174,0,0,0,0,0,0,0,0,0
175,0,0,0,0,0,0,0,0,0
176,0,0,0,0,0,0,0,0,0
177,0,0,0,0,0,0,0,0,0
178,0,0,0,0,0,0,0,0,0
179,0,0,0,0,0,0,0,0,0
180,0,0,0,0,0,0,0,0,0
181,0,0,0,0,0,0,0,0,0
182,0,0,0,0,0,0,0,0,0
183,0,0,0,0,0,0,0,0,0
184,0,0,0,0,0,0,0,0,0
185,0,0,0,0,0,0,0,0,0
186,0,0,0,0,0,0,0,0,0
187,0,0,0,0,0,0,0,0,0
188,0,0,0,0,0,0,0,0,0
189,0,0,0,0,0,0,0,0,0
190,0,0,0,0,0,0,0,0,0
191,0,0,0,0,0,0,0,0,0
192,0,0,0,0,0,0,0,0,0
193,0,0,0,0,0,0,0,0,0
194,0,0,0,0,0,0,0,0,0
195,0,0,0,0,0,0,0,0,0
196,0,0,0,0,0,0,0,0,0
197,0,0,0,0,0,0,0,0,0
198,0,0,0,0,0,0,0,0,0
199,0,0,0,0,0,0,0,0,0
200,0,0,0,0,0,0,0,0,0
201,0,0,0,0,0,0,0,0,0
202,0,0,0,0,0,0,0,0,0
203,0,0,0,0,0,0,0,0,0
204,0,0,0,0,0,0,0,0,0
205,0,0,0,0,0,0,0,0,0
206,0,0,0,0,0,0,0,0,0
207,0,0,0,0,0,0,0,0,0
208,0,0,0,0,0,0,0,0,0
209,0,0,0,0,0,0,0,0,0
210,0,0,0,0,0,0,0,0,0
211,0,0,0,0,0,0,0,0,0
212,0,0,0,0,0,0,0,0,0
213,0,0,0,0,0,0,0,0,0
214,0,0,0,0,0,0,0,0,0
215,0,0,0,0,0,0,0,0,0
216,0,0,0,0,0,0,0,0,0
217,0,0,0,0,0,0,0,0,0
218,0,0,0,0,0,0,0,0,0
219,0,0,0,0,0,0,0,0,0
220,0,0,0,0,0,0,0,0,0
221,0,0,0,0,0,0,0,0,0
222,0,0,0,0,0,0,0,0,0
223,0,0,0,0,0,0,0,0,0
224,0,0,0,0,0,0,0,0,0
225,0,0,0,0,0,0,0,0,0
226,0,0,0,0,0,0,0,0,0
227,0,0,0,0,0,0,0,0,0
228,0,0,0,0,0,0,0,0,0
229,0,0,0,0,0,0,0,0,0
230,0,0,0,0,0,0,0,0,0
231,0,0,0,0,0,0,0,0,0
232,0,0,0,0,0,0,0,0,0
233,0,0,0,0,0,0,0,0,0
234,0,0,0,0,0,0,0,0,0
235,0,0,0,0,0,0,0,0,0
236,0,0,0,0,0,0,0,0,0
237,0,0,0,0,0,0,0,0,0
238,0,0,0,0,0,0,0,0,0
239,0,0,0,0,0,0,0,0,0
240,0,0,0,0,0,0,0,0,0
241,0,0,0,0,0,0,0,0,0
242,0,0,0,0,0,0,0,0,0
243,0,0,0,0,0,0,0,0,0
244,0,0,0,0,0,0,0,0,0
245,0,0,0,0,0,0,0,0,0
246,0,0,0,0,0,0,0,0,0
247,0,0,0,0,0,0,0,0,0
248,0,0,0,0,0,0,0,0,0
249,0,0,0,0,0,0,0,0,0
250,0,0,0,0,0,0,0,0,0
251,0,0,0,0,0,0,0,0,0
252,0,0,0,0,0,0,0,0,0
253,0,0,0,0,0,0,0,0,0
254,0,0,0,0,0,0,0,0,0
255,0,0,0,0,0,0,0,0,0
256,0,0,0,0,0,0,0,0,0
257,0,0,0,0,0,0,0,0,0
258,0,0,0,0,0,0,0,0,0
259,0,0,0,0,0,0,0,0,0
260,0,0,0,0,0,0,0,0,0
261,0,0,0,0,0,0,0,0,0
262,0,0,0,0,0,0,0,0,0
263,0,0,0,0,0,0,0,0,0
264,0,0,0,0,0,0,0,0,0
265,0,0,0,0,0,0,0,0,0
266,0,0,0,0,0,0,0,0,0
267,0,0,0,0,0,0,0,0,0
268,0,0,0,0,0,0,0,0,0
269,0,0,0,0,0,0,0,0,0
270,0,0,0,0,0,0,0,0,0
271,0,0,0,0,0,0,0,0,0
272,0,0,0,0,0,0,0,0,0
273,0,0,0,0,0,0,0,0,0
274,0,0,0,0,0,0,0,0,0
275,0,0,0,0,0,0,0,0,0
276,0,0,0,0,0,0,0,0,0
277,0,0,0,0,0,0,0,0,0
278,0,0,0,0,0,0,0,0,0
279,0,0,0,0,0,0,0,0,0
280,0,0,0,0,0,0,0,0,0
281,0,0,0,0,0,0,0,0,0
282,0,0,0,0,0,0,0,0,0
283,0,0,0,0,0,0,0,0,0
284,0,0,0,0,0,0,0,0,0
285,0,0,0,0,0,0,0,0,0
286,0,0,0,0,0,0,0,0,0
287,0,0,0,0,0,0,0,0,0
288,0,0,0,0,0,0,0,0,0
289,0,0,0,0,0,0,0,0,0
290,0,0,0,0,0,0,0,0,0
291,0,0,0,0,0,0,0,0,0
292,0,0,0,0,0,0,0,0,0
293,0,0,0,0,0,0,0,0,0
294,0,0,0,0,0,0,0,0,0
295,0,0,0,0,0,0,0,0,0
296,0,0,0,0,0,0,0,0,0
297,0,0,0,0,0,0,0,0,0
298,0,0,0,0,0,0,0,0,0
299,0,0,0,0,0,0,0,0,0
300,0,0,0,0,0,0,0,0,0
301,0,0,0,0,0,0,0,0,0
302,0,0,0,0,0,0,0,0,0
303,0,0,0,0,0,0,0,0,0
304,0,0,0,0,0,0,0,0,0
305,0,0,0,0,0,0,0,0,0
306,0,0,0,0,0,0,0,0,0
307,0,0,0,0,0,0,0,0,0
308,0,0,0,0,0,0,0,0,0
309,0,0,0,0,0,0,0,0,0
310,0,0,0,0,0,0,0,0,0
311,0,0,0,0,0,0,0,0,0
312,0,0,0,0,0,0,0,0,0
313,0,0,0,0,0,0,0,0,0
314,0,0,0,0,0,0,0,0,0
315,0,0,0,0,0,0,0,0,0
316,0,0,0,0,0,0,0,0,0
317,0,0,0,0,0,0,0,0,0
318,0,0,0,0,0,0,0,0,0
319,0,0,0,0,0,0,0,0,0
320,0,0,0,0,0,0,0,0,0
321,0,0,0,0,0,0,0,0,0
322,0,0,0,0,0,0,0,0,0
323,0,0,0,0,0,0,0,0,0
324,0,0,0,0,0,0,0,0,0
325,0,0,0,0,0,0,0,0,0
326,0,0,0,0,0,0,0,0,0
327,0,0,0,0,0,0,0,0,0
328,0,0,0,0,0,0,0,0,0
329,0,0,0,0,0,0,0,0,0
330,0,0,0,0,0,0,0,0,0
331,0,0,0,0,0,0,0,0,0
332,0,0,0,0,0,0,0,0,0
333,0,0,0,0,0,0,0,0,0
334,0,0,0,0,0,0,0,0,0
335,0,0,0,0,0,0,0,0,0
336,0,0,0,0,0,0,0,0,0
337,0,0,0,0,0,0,0,0,0
338,0,0,0,0,0,0,0,0,0
339,0,0,0,0,0,0,0,0,0
340,0,0,0,0,0,0,0,0,0
341,0,0,0,0,0,0,0,0,0
342,0,0,0,0,0,0,0,0,0
343,0,0,0,0,0,0,0,0,0
344,0,0,0,0,0,0,0,0,0
345,0,0,0,0,0,0,0,0,0
346,0,0,0,0,0,0,0,0,0
347,0,0,0,0,0,0,0,0,0
348,0,0,0,0,0,0,0,0,0
349,0,0,0,0,0,0,0,0,0
350,0,0,0,0,0,0,0,0,0
351,0,0,0,0,0,0,0,0,0
352,0,0,0,0,0,0,0,0,0
353,0,0,0,0,0,0,0,0,0
354,0,0,0,0,0,0,0,0,0
355,0,0,0,0,0,0,0,0,0
356,0,0,0,0,0,0,0,0,0
357,0,0,0,0,0,0,0,0,0
358,0,0,0,0,0,0,0,0,0
359,0,0,0,0,0,0,0,0,0
360,0,0,0,0,0,0,0,0,0
361,0,0,0,0,0,0,0,0,0
362,0,0,0,0,0,0,0,0,0
363,0,0,0,0,0,0,0,0,0
364,0,0,0,0,0,0,0,0,0
365,0,0,0,0,0,0,0,0,0
366,0,0,0,0,0,0,0,0,0
367,0,0,0,0,0,0,0,0,0
368,0,0,0,0,0,0,0,0,0
369,0,0,0,0,0,0,0,0,0
370,0,0,0,0,0,0,0,0,0
371,0,0,0,0,0,0,0,0,0
372,0,0,0,0,0,0,0,0,0
373,0,0,0,0,0,0,0,0,0
374,0,0,0,0,0,0,0,0,0
375,0,0,0,0,0,0,0,0,0
376,0,0,0,0,0,0,0,0,0
377,0,0,0,0,0,0,0,0,0
378,0,0,0,0,0,0,0,0,0
379,0,0,0,0,0,0,0,0,0
380,0,0,0,0,0,0,0,0,0
381,0,0,0,0,0,0,0,0,0
382,0,0,0,0,0,0,0,0,0
383,0,0,0,0,0,0,0,0,0
384,0,0,0,0,0,0,0,0,0
385,0,0,0,0,0,0,0,0,0
386,0,0,0,0,0,0,0,0,0
387,0,0,0,0,0,0,0,0,0
388,0,0,0,0,0,0,0,0,0
389,0,0,0,0,0,0,0,0,0
390,0,0,0,0,0,0,0,0,0
391,0,0,0,0,0,0,0,0,0
392,0,0,0,0,0,0,0,0,0
393,0,0,0,0,0,0,0,0,0
394,0,0,0,0,0,0,0,0,0
395,0,0,0,0,0,0,0,0,0
396,0,0,0,0,0,0,0,0,0
397,0,0,0,0,0,0,0,0,0
398,0,0,0,0,0,0,0,0,0
399,0,0,0,0,0,0,0,0,0
400,0,0,0,0,0,0,0,0,0
401,0,0,0,0,0,0,0,0,0
402,0,0,0,0,0,0,0,0,0
403,0,0,0,0,0,0,0,0,0
404,0,0,0,0,0,0,0,0,0
405,0,0,0,0,0,0,0,0,0
406,0,0,0,0,0,0,0,0,0
407,0,0,0,0,0,0,0,0,0
408,0,0,0,0,0,0,0,0,0
409,0,0,0,0,0,0,0,0,0
410,0,0,0,0,0,0,0,0,0
411,0,0,0,0,0,0,0,0,0
412,0,0,0,0,0,0,0,0,0
413,0,0,0,0,0,0,0,0,0
414,0,0,0,0,0,0,0,0,0
415,0,0,0,0,0,0,0,0,0
416,0,0,0,0,0,0,0,0,0
417,0,0,0,0,0,0,0,0,0
418,0,0,0,0,0,0,0,0,0
419,0,0,0,0,0,0,0,0,0
420,0,0,0,0,0,0,0,0,0
421,0,0,0,0,0,0,0,0,0
422,0,0,0,0,0,0,0,0,0
423,0,0,0,0,0,0,0,0,0
424,0,0,0,0,0,0,0,0,0
425,0,0,0,0,0,0,0,0,0
426,0,0,0,0,0,0,0,0,0
427,0,0,0,0,0,0,0,0,0
428,0,0,0,0,0,0,0,0,0
429,0,0,0,0,0,0,0,0,0
430,0,0,0,0,0,0,0,0,0
431,0,0,0,0,0,0,0,0,0
432,0,0,0,0,0,0,0,0,0
433,0,0,0,0,0,0,0,0,0
434,0,0,0,0,0,0,0,0,0
435,0,0,0,0,0,0,0,0,0
436,0,0,0,0,0,0,0,0,0
437,0,0,0,0,0,0,0,0,0
438,0,0,0,0,0,0,0,0,0
439,0,0,0,0,0,0,0,0,0
440,0,0,0,0,0,0,0,0,0
441,0,0,0,0,0,0,0,0,0
442,0,0,0,0,0,0,0,0,0
443,0,0,0,0,0,0,0,0,0
444,0,0,0,0,0,0,0,0,0
445,0,0,0,0,0,0,0,0,0
446,0,0,0,0,0,0,0,0,0
447,0,0,0,0,0,0,0,0,0
448,0,0,0,0,0,0,0,0,0
449,0,0,0,0,0,0,0,0,0
450,0,0,0,0,0,0,0,0,0
451,0,0,0,0,0,0,0,0,0
452,0,0,0,0,0,0,0,0,0
453,0,0,0,0,0,0,0,0,0
454,0,0,0,0,0,0,0,0,0
455,0,0,0,0,0,0,0,0,0
456,0,0,0,0,0,0,0,0,0
457,0,0,0,0,0,0,0,0,0
458,0,0,0,0,0,0,0,0,0
459,0,0,0,0,0,0,0,0,0
460,0,0,0,0,0,0,0,0,0
461,0,0,0,0,0,0,0,0,0
462,0,0,0,0,0,0,0,0,0
463,0,0,0,0,0,0,0,0,0
464,0,0,0,0,0,0,0,0,0
465,0,0,0,0,0,0,0,0,0
466,0,0,0,0,0,0,0,0,0
467,0,0,0,0,0,0,0,0,0
468,0,0,0,0,0,0,0,0,0
469,0,0,0,0,0,0,0,0,0
470,0,0,0,0,0,0,0,0,0
471,0,0,0,0,0,0,0,0,0
472,0,0,0,0,0,0,0,0,0
473,0,0,0,0,0,0,0,0,0
474,0,0,0,0,0,0,0,0,0
475,0,0,0,0,0,0,0,0,0
476,0,0,0,0,0,0,0,0,0
477,0,0,0,0,0,0,0,0,0
478,0,0,0,0,0,0,0,0,0
479,0,0,0,0,0,0,0,0,0
480,0,0,0,0,0,0,0,0,0
481,0,0,0,0,0,0,0,0,0
482,0,0,0,0,0,0,0,0,0
483,0,0,0,0,0,0,0,0,0
484,0,0,0,0,0,0,0,0,0
485,0,0,0,0,0,0,0,0,0
486,0,0,0,0,0,0,0,0,0
487,0,0,0,0,0,0,0,0,0
488,0,0,0,0,0,0,0,0,0
489,0,0,0,0,0,0,0,0,0
490,0,0,0,0,0,0,0,0,0
491,0,0,0,0,0,0,0,0,0
492,0,0,0,0,0,0,0,0,0
493,0,0,0,0,0,0,0,0,0
494,0,0,0,0,0,0,0,0,0
495,0,0,0,0,0,0,0,0,0
496,0,0,0,0,0,0,0,0,0
497,0,0,0,0,0,0,0,0,0
498,0,0,0,0,0,0,0,0,0
499,0,0,0,0,0,0,0,0,0
500,0,0,0,0,0,0,0,0,0
501,0,0,0,0,0,0,0,0,0
502,0,0,0,0,0,0,0,0,0
503,0,0,0,0,0,0,0,0,0
504,0,0,0,0,0,0,0,0,0
505,0,0,0,0,0,0,0,0,0
506,0,0,0,0,0,0,0,0,0
507,0,0,0,0,0,0,0,0,0
508,0,0,0,0,0,0,0,0,0
509,0,0,0,0,0,0,0,0,0
510,0,0,0,0,0,0,0,0,0
511,0,0,0,0,0,0,0,0,0
512,0,0,0,0,0,0,0,0,0
513,0,0,0,0,0,0,0,0,0
514,0,0,0,0,0,0,0,0,0
515,0,0,0,0,0,0,0,0,0
516,0,0,0,0,0,0,0,0,0
517,0,0,0,0,0,0,0,0,0
518,0,0,0,0,0,0,0,0,0
519,0,0,0,0,0,0,0,0,0
520,0,0,0,0,0,0,0,0,0
521,0,0,0,0,0,0,0,0,0
522,0,0,0,0,0,0,0,0,0
523,0,0,0,0,0,0,0,0,0
524,0,0,0,0,0,0,0,0,0
525,0,0,0,0,0,0,0,0,0
526,0,0,0,0,0,0,0,0,0
527,0,0,0,0,0,0,0,0,0
528,0,0,0,0,0,0,0,0,0
529,0,0,0,0,0,0,0,0,0
530,0,0,0,0,0,0,0,0,0
531,0,0,0,0,0,0,0,0,0
532,0,0,0,0,0,0,0,0,0
533,0,0,0,0,0,0,0,0,0
534,0,0,0,0,0,0,0,0,0
535,0,0,0,0,0,0,0,0,0
536,0,0,0,0,0,0,0,0,0
537,0,0,0,0,0,0,0,0,0
538,0,0,0,0,0,0,0,0,0
539,0,0,0,0,0,0,0,0,0
540,0,0,0,0,0,0,0,0,0
541,0,0,0,0,0,0,0,0,0
542,0,0,0,0,0,0,0,0,0
543,0,0,0,0,0,0,0,0,0
544,0,0,0,0,0,0,0,0,0
545,0,0,0,0,0,0,0,0,0
546,0,0,0,0,0,0,0,0,0
547,0,0,0,0,0,0,0,0,0
548,0,0,0,0,0,0,0,0,0
549,0,0,0,0,0,0,0,0,0
550,0,0,0,0,0,0,0,0,0
551,0,0,0,0,0,0,0,0,0
552,0,0,0,0,0,0,0,0,0
553,0,0,0,0,0,0,0,0,0
554,0,0,0,0,0,0,0,0,0
555,0,0,0,0,0,0,0,0,0
556,0,0,0,0,0,0,0,0,0
557,0,0,0,0,0,0,0,0,0
558,0,0,0,0,0,0,0,0,0
559,0,0,0,0,0,0,0,0,0
560,0,0,0,0,0,0,0,0,0
561,0,0,0,0,0,0,0,0,0
562,0,0,0,0,0,0,0,0,0
563,0,0,0,0,0,0,0,0,0
564,0,0,0,0,0,0,0,0,0
565,0,0,0,0,0,0,0,0,0
566,0,0,0,0,0,0,0,0,0
567,0,0,0,0,0,0,0,0,0
568,0,0,0,0,0,0,0,0,0
569,0,0,0,0,0,0,0,0,0
570,0,0,0,0,0,0,0,0,0
571,0,0,0,0,0,0,0,0,0
572,0,0,0,0,0,0,0,0,0
573,0,0,0,0,0,0,0,0,0
574,0,0,0,0,0,0,0,0,0
575,0,0,0,0,0,0,0,0,0
576,0,0,0,0,0,0,0,0,0
577,0,0,0,0,0,0,0,0,0
578,0,0,0,0,0,0,0,0,0
579,0,0,0,0,0,0,0,0,0
580,0,0,0,0,0,0,0,0,0
581,0,0,0,0,0,0,0,0,0
582,0,0,0,0,0,0,0,0,0
583,0,0,0,0,0,0,0,0,0
584,0,0,0,0,0,0,0,0,0
585,0,0,0,0,0,0,0,0,0
586,0,0,0,0,0,0,0,0,0
587,0,0,0,0,0,0,0,0,0
588,0,0,0,0,0,0,0,0,0
589,0,0,0,0,0,0,0,0,0
590,0,0,0,0,0,0,0,0,0
591,0,0,0,0,0,0,0,0,0
592,0,0,0,0,0,0,0,0,0
593,0,0,0,0,0,0,0,0,0
594,0,0,0,0,0,0,0,0,0
595,0,0,0,0,0,0,0,0,0
596,0,0,0,0,0,0,0,0,0
597,0,0,0,0,0,0,0,0,0
598,0,0,0,0,0,0,0,0,0
599,0,0,0,0,0,0,0,0,0
600,0,0,0,0,0,0,0,0,0
601,0,0,0,0,0,0,0,0,0
602,0,0,0,0,0,0,0,0,0
603,0,0,0,0,0,0,0,0,0
604,0,0,0,0,0,0,0,0,0
605,0,0,0,0,0,0,0,0,0
606,0,0,0,0,0,0,0,0,0
607,0,0,0,0,0,0,0,0,0
608,0,0,0,0,0,0,0,0,0
609,0,0,0,0,0,0,0,0,0
610,0,0,0,0,0,0,0,0,0
611,0,0,0,0,0,0,0,0,0
612,0,0,0,0,0,0,0,0,0
613,0,0,0,0,0,0,0,0,0
614,0,0,0,0,0,0,0,0,0
615,0,0,0,0,0,0,0,0,0
616,0,0,0,0,0,0,0,0,0
617,0,0,0,0,0,0,0,0,0
618,0,0,0,0,0,0,0,0,0
619,0,0,0,0,0,0,0,0,0
620,0,0,0,0,0,0,0,0,0
621,0,0,0,0,0,0,0,0,0
622,0,0,0,0,0,0,0,0,0
623,0,0,0,0,0,0,0,0,0
624,0,0,0,0,0,0,0,0,0
625,0,0,0,0,0,0,0,0,0
626,0,0,0,0,0,0,0,0,0
627,0,0,0,0,0,0,0,0,0
628,0,0,0,0,0,0,0,0,0
629,0,0,0,0,0,0,0,0,0
630,0,0,0,0,0,0,0,0,0
631,0,0,0,0,0,0,0,0,0
632,0,0,0,0,0,0,0,0,0
633,0,0,0,0,0,0,0,0,0
634,0,0,0,0,0,0,0,0,0
635,0,0,0,0,0,0,0,0,0
636,0,0,0,0,0,0,0,0,0
637,0,0,0,0,0,0,0,0,0
638,0,0,0,0,0,0,0,0,0
639,0,0,0,0,0,0,0,0,0
640,0,0,0,0,0,0,0,0,0
641,0,0,0,0,0,0,0,0,0
642,0,0,0,0,0,0,0,0,0
643,0,0,0,0,0,0,0,0,0
644,0,0,0,0,0,0,0,0,0
645,0,0,0,0,0,0,0,0,0
646,0,0,0,0,0,0,0,0,0
647,0,0,0,0,0,0,0,0,0
648,0,0,0,0,0,0,0,0,0
649,0,0,0,0,0,0,0,0,0
650,0,0,0,0,0,0,0,0,0
651,0,0,0,0,0,0,0,0,0
652,0,0,0,0,0,0,0,0,0
653,0,0,0,0,0,0,0,0,0
654,0,0,0,0,0,0,0,0,0
655,0,0,0,0,0,0,0,0,0
656,0,0,0,0,0,0,0,0,0
657,0,0,0,0,0,0,0,0,0
658,0,0,0,0,0,0,0,0,0
659,0,0,0,0,0,0,0,0,0
660,0,0,0,0,0,0,0,0,0
661,0,0,0,0,0,0,0,0,0
662,0,0,0,0,0,0,0,0,0
663,0,0,0,0,0,0,0,0,0
664,0,0,0,0,0,0,0,0,0
665,0,0,0,0,0,0,0,0,0
666,0,0,0,0,0,0,0,0,0
667,0,0,0,0,0,0,0,0,0
668,0,0,0,0,0,0,0,0,0
669,0,0,0,0,0,0,0,0,0
670,0,0,0,0,0,0,0,0,0
671,0,0,0,0,0,0,0,0,0
672,0,0,0,0,0,0,0,0,0
673,0,0,0,0,0,0,0,0,0
674,0,0,0,0,0,0,0,0,0
675,0,0,0,0,0,0,0,0,0
676,0,0,0,0,0,0,0,0,0
677,0,0,0,0,0,0,0,0,0
678,0,0,0,0,0,0,0,0,0
679,0,0,0,0,0,0,0,0,0
680,0,0,0,0,0,0,0,0,0
681,0,0,0,0,0,0,0,0,0
682,0,0,0,0,0,0,0,0,0
683,0,0,0,0,0,0,0,0,0
684,0,0,0,0,0,0,0,0,0
685,0,0,0,0,0,0,0,0,0
686,0,0,0,0,0,0,0,0,0
687,0,0,0,0,0,0,0,0,0
688,0,0,0,0,0,0,0,0,0
689,0,0,0,0,0,0,0,0,0
690,0,0,0,0,0,0,0,0,0
691,0,0,0,0,0,0,0,0,0
692,0,0,0,0,0,0,0,0,0
693,0,0,0,0,0,0,0,0,0
694,0,0,0,0,0,0,0,0,0
695,0,0,0,0,0,0,0,0,0
696,0,0,0,0,0,0,0,0,0
697,0,0,0,0,0,0,0,0,0
698,0,0,0,0,0,0,0,0,0
699,0,0,0,0,0,0,0,0,0
700,0,0,0,0,0,0,0,0,0
701,0,0,0,0,0,0,0,0,0
702,0,0,0,0,0,0,0,0,0
703,0,0,0,0,0,0,0,0,0
704,0,0,0,0,0,0,0,0,0
705,0,0,0,0,0,0,0,0,0
706,0,0,0,0,0,0,0,0,0
707,0,0,0,0,0,0,0,0,0
708,0,0,0,0,0,0,0,0,0
709,0,0,0,0,0,0,0,0,0
710,0,0,0,0,0,0,0,0,0
711,0,0,0,0,0,0,0,0,0
712,0,0,0,0,0,0,0,0,0
713,0,0,0,0,0,0,0,0,0
714,0,0,0,0,0,0,0,0,0
715,0,0,0,0,0,0,0,0,0
716,0,0,0,0,0,0,0,0,0
717,0,0,0,0,0,0,0,0,0
718,0,0,0,0,0,0,0,0,0
719,0,0,0,0,0,0,0,0,0
720,0,0,0,0,0,0,0,0,0
721,0,0,0,0,0,0,0,0,0
722,0,0,0,0,0,0,0,0,0
723,0,0,0,0,0,0,0,0,0
724,0,0,0,0,0,0,0,0,0
725,0,0,0,0,0,0,0,0,0
726,0,0,0,0,0,0,0,0,0
727,0,0,0,0,0,0,0,0,0
728,0,0,0,0,0,0,0,0,0
729,0,0,0,0,0,0,0,0,0
730,0,0,0,0,0,0,0,0,0
731,0,0,0,0,0,0,0,0,0
732,0,0,0,0,0,0,0,0,0
733,0,0,0,0,0,0,0,0,0
734,0,0,0,0,0,0,0,0,0
735,0,0,0,0,0,0,0,0,0
736,0,0,0,0,0,0,0,0,0
737,0,0,0,0,0,0,0,0,0
738,0,0,0,0,0,0,0,0,0
739,0,0,0,0,0,0,0,0,0
740,0,0,0,0,0,0,0,0,0
741,0,0,0,0,0,0,0,0,0
742,0,0,0,0,0,0,0,0,0
743,0,0,0,0,0,0,0,0,0
744,0,0,0,0,0,0,0,0,0
745,0,0,0,0,0,0,0,0,0
746,0,0,0,0,0,0,0,0,0
747,0,0,0,0,0,0,0,0,0
748,0,0,0,0,0,0,0,0,0
749,0,0,0,0,0,0,0,0,0
750,0,0,0,0,0,0,0,0,0
0,194,7257,201425,4077983,57373546,517292847,2626655236,5935079656,3356972874
1,77,2459,55792,898046,10020157,71540904,287258343,512577129,228596734
2,50,1249,23703,318055,2963860,17738863,59852818,89990540,33925050
3,30,570,9149,96461,718009,3421581,9202172,11034612,3319394
4,13,304,4692,43281,281989,1182118,2788006,2943395,784351
5,8,213,2887,22695,129120,468734,949879,855176,193288
6,4,147,1910,13798,74310,251231,467863,383579,78108
7,1,129,1426,9895,49974,159464,281086,217131,41810
8,1,80,796,4911,22488,65428,104201,72660,12543
9,0,52,441,2746,11723,31990,46906,29761,4467
10,0,32,308,1624,6026,15261,20024,11551,1537
11,0,30,247,1239,4468,11200,14484,8452,1146
12,0,30,238,1156,4059,9628,12059,6637,837
13,0,29,212,929,2950,6125,6354,2703,214
14,0,24,161,657,1812,3292,3070,1165,78
15,0,15,78,254,661,1434,1455,600,50
16,0,6,36,112,208,621,627,278,25
17,0,6,36,89,164,454,301,131,3
18,0,6,36,83,156,427,286,131,3
19,0,6,36,83,146,353,224,66,2
20,0,6,36,83,142,351,196,66,2
21,0,6,36,83,142,351,196,66,2
22,0,2,17,35,73,136,93,39,0
23,0,2,17,35,70,132,91,38,0
24,0,2,17,34,64,110,82,34,0
25,0,2,17,34,64,110,82,34,0
26,0,1,11,28,62,79,55,20,0
27,0,1,11,28,48,70,43,15,0
28,0,1,6,6,2,9,0,0,0
29,0,1,6,6,2,9,0,0,0
30,0,1,6,6,2,9,0,0,0
31,0,1,6,6,2,9,0,0,0
32,0,1,6,6,2,5,0,0,0
33,0,1,6,6,2,5,0,0,0
34,0,1,6,6,2,5,0,0,0
35,0,1,6,6,2,5,0,0,0
36,0,0,0,0,0,0,0,0,0
37,0,0,0,0,0,0,0,0,0
38,0,0,0,0,0,0,0,0,0
39,0,0,0,0,0,0,0,0,0
40,0,0,0,0,0,0,0,0,0
41,0,0,0,0,0,0,0,0,0
42,0,0,0,0,0,0,0,0,0
43,0,0,0,0,0,0,0,0,0
44,0,0,0,0,0,0,0,0,0
45,0,0,0,0,0,0,0,0,0
46,0,0,0,0,0,0,0,0,0
47,0,0,0,0,0,0,0,0,0
48,0,0,0,0,0,0,0,0,0
49,0,0,0,0,0,0,0,0,0
50,0,0,0,0,0,0,0,0,0
51,0,0,0,0,0,0,0,0,0
52,0,0,0,0,0,0,0,0,0
53,0,0,0,0,0,0,0,0,0
54,0,0,0,0,0,0,0,0,0
55,0,0,0,0,0,0,0,0,0
56,0,0,0,0,0,0,0,0,0
57,0,0,0,0,0,0,0,0,0
58,0,0,0,0,0,0,0,0,0
59,0,0,0,0,0,0,0,0,0
60,0,0,0,0,0,0,0,0,0
61,0,0,0,0,0,0,0,0,0
62,0,0,0,0,0,0,0,0,0
63,0,0,0,0,0,0,0,0,0
64,0,0,0,0,0,0,0,0,0
65,0,0,0,0,0,0,0,0,0
66,0,0,0,0,0,0,0,0,0
67,0,0,0,0,0,0,0,0,0
68,0,0,0,0,0,0,0,0,0
69,0,0,0,0,0,0,0,0,0
70,0,0,0,0,0,0,0,0,0
71,0,0,0,0,0,0,0,0,0
72,0,0,0,0,0,0,0,0,0
73,0,0,0,0,0,0,0,0,0
74,0,0,0,0,0,0,0,0,0
75,0,0,0,0,0,0,0,0,0
76,0,0,0,0,0,0,0,0,0
77,0,0,0,0,0,0,0,0,0
78,0,0,0,0,0,0,0,0,0
79,0,0,0,0,0,0,0,0,0
80,0,0,0,0,0,0,0,0,0
81,0,0,0,0,0,0,0,0,0
82,0,0,0,0,0,0,0,0,0
83,0,0,0,0,0,0,0,0,0
84,0,0,0,0,0,0,0,0,0
85,0,0,0,0,0,0,0,0,0
86,0,0,0,0,0,0,0,0,0
87,0,0,0,0,0,0,0,0,0
88,0,0,0,0,0,0,0,0,0
89,0,0,0,0,0,0,0,0,0
90,0,0,0,0,0,0,0,0,0
91,0,0,0,0,0,0,0,0,0
92,0,0,0,0,0,0,0,0,0
93,0,0,0,0,0,0,0,0,0
94,0,0,0,0,0,0,0,0,0
95,0,0,0,0,0,0,0,0,0
96,0,0,0,0,0,0,0,0,0
97,0,0,0,0,0,0,0,0,0
98,0,0,0,0,0,0,0,0,0
99,0,0,0,0,0,0,0,0,0
100,0,0,0,0,0,0,0,0,0
101,0,0,0,0,0,0,0,0,0
102,0,0,0,0,0,0,0,0,0
103,0,0,0,0,0,0,0,0,0
104,0,0,0,0,0,0,0,0,0
105,0,0,0,0,0,0,0,0,0
106,0,0,0,0,0,0,0,0,0
107,0,0,0,0,0,0,0,0,0
108,0,0,0,0,0,0,0,0,0
109,0,0,0,0,0,0,0,0,0
110,0,0,0,0,0,0,0,0,0
111,0,0,0,0,0,0,0,0,0
112,0,0,0,0,0,0,0,0,0
113,0,0,0,0,0,0,0,0,0
114,0,0,0,0,0,0,0,0,0
115,0,0,0,0,0,0,0,0,0
116,0,0,0,0,0,0,0,0,0
117,0,0,0,0,0,0,0,0,0
118,0,0,0,0,0,0,0,0,0
119,0,0,0,0,0,0,0,0,0
120,0,0,0,0,0,0,0,0,0
121,0,0,0,0,0,0,0,0,0
122,0,0,0,0,0,0,0,0,0
123,0,0,0,0,0,0,0,0,0
124,0,0,0,0,0,0,0,0,0
125,0,0,0,0,0,0,0,0,0
126,0,0,0,0,0,0,0,0,0
127,0,0,0,0,0,0,0,0,0
128,0,0,0,0,0,0,0,0,0
129,0,0,0,0,0,0,0,0,0
130,0,0,0,0,0,0,0,0,0
131,0,0,0,0,0,0,0,0,0
132,0,0,0,0,0,0,0,0,0
133,0,0,0,0,0,0,0,0,0
134,0,0,0,0,0,0,0,0,0
135,0,0,0,0,0,0,0,0,0
136,0,0,0,0,0,0,0,0,0
137,0,0,0,0,0,0,0,0,0
138,0,0,0,0,0,0,0,0,0
139,0,0,0,0,0,0,0,0,0
140,0,0,0,0,0,0,0,0,0
141,0,0,0,0,0,0,0,0,0
142,0,0,0,0,0,0,0,0,0
143,0,0,0,0,0,0,0,0,0
144,0,0,0,0,0,0,0,0,0
145,0,0,0,0,0,0,0,0,0
146,0,0,0,0,0,0,0,0,0
147,0,0,0,0,0,0,0,0,0
148,0,0,0,0,0,0,0,0,0
149,0,0,0,0,0,0,0,0,0
150,0,0,0,0,0,0,0,0,0
151,0,0,0,0,0,0,0,0,0
152,0,0,0,0,0,0,0,0,0
153,0,0,0,0,0,0,0,0,0
154,0,0,0,0,0,0,0,0,0
155,0,0,0,0,0,0,0,0,0
156,0,0,0,0,0,0,0,0,0
157,0,0,0,0,0,0,0,0,0
158,0,0,0,0,0,0,0,0,0
159,0,0,0,0,0,0,0,0,0
160,0,0,0,0,0,0,0,0,0
161,0,0,0,0,0,0,0,0,0
162,0,0,0,0,0,0,0,0,0
163,0,0,0,0,0,0,0,0,0
164,0,0,0,0,0,0,0,0,0
165,0,0,0,0,0,0,0,0,0
166,0,0,0,0,0,0,0,0,0
167,0,0,0,0,0,0,0,0,0
168,0,0,0,0,0,0,0,0,0
169,0,0,0,0,0,0,0,0,0
170,0,0,0,0,0,0,0,0,0
171,0,0,0,0,0,0,0,0,0
172,0,0,0,0,0,0,0,0,0
173,0,0,0,0,0,0,0,0,0
174,0,0,0,0,0,0,0,0,0
175,0,0,0,0,0,0,0,0,0
176,0,0,0,0,0,0,0,0,0
177,0,0,0,0,0,0,0,0,0
178,0,0,0,0,0,0,0,0,0
179,0,0,0,0,0,0,0,0,0
180,0,0,0,0,0,0,0,0,0
181,0,0,0,0,0,0,0,0,0
182,0,0,0,0,0,0,0,0,0
183,0,0,0,0,0,0,0,0,0
184,0,0,0,0,0,0,0,0,0
185,0,0,0,0,0,0,0,0,0
186,0,0,0,0,0,0,0,0,0
187,0,0,0,0,0,0,0,0,0
188,0,0,0,0,0,0,0,0,0
189,0,0,0,0,0,0,0,0,0
190,0,0,0,0,0,0,0,0,0
191,0,0,0,0,0,0,0,0,0
192,0,0,0,0,0,0,0,0,0
193,0,0,0,0,0,0,0,0,0
194,0,0,0,0,0,0,0,0,0
195,0,0,0,0,0,0,0,0,0
196,0,0,0,0,0,0,0,0,0
197,0,0,0,0,0,0,0,0,0
198,0,0,0,0,0,0,0,0,0
199,0,0,0,0,0,0,0,0,0
200,0,0,0,0,0,0,0,0,0
201,0,0,0,0,0,0,0,0,0
202,0,0,0,0,0,0,0,0,0
203,0,0,0,0,0,0,0,0,0
204,0,0,0,0,0,0,0,0,0
205,0,0,0,0,0,0,0,0,0
206,0,0,0,0,0,0,0,0,0
207,0,0,0,0,0,0,0,0,0
208,0,0,0,0,0,0,0,0,0
209,0,0,0,0,0,0,0,0,0
210,0,0,0,0,0,0,0,0,0
211,0,0,0,0,0,0,0,0,0
212,0,0,0,0,0,0,0,0,0
213,0,0,0,0,0,0,0,0,0
214,0,0,0,0,0,0,0,0,0
215,0,0,0,0,0,0,0,0,0
216,0,0,0,0,0,0,0,0,0
217,0,0,0,0,0,0,0,0,0
218,0,0,0,0,0,0,0,0,0
219,0,0,0,0,0,0,0,0,0
220,0,0,0,0,0,0,0,0,0
221,0,0,0,0,0,0,0,0,0
222,0,0,0,0,0,0,0,0,0
223,0,0,0,0,0,0,0,0,0
224,0,0,0,0,0,0,0,0,0
225,0,0,0,0,0,0,0,0,0
226,0,0,0,0,0,0,0,0,0
227,0,0,0,0,0,0,0,0,0
228,0,0,0,0,0,0,0,0,0
229,0,0,0,0,0,0,0,0,0
230,0,0,0,0,0,0,0,0,0
231,0,0,0,0,0,0,0,0,0
232,0,0,0,0,0,0,0,0,0
233,0,0,0,0,0,0,0,0,0
234,0,0,0,0,0,0,0,0,0
235,0,0,0,0,0,0,0,0,0
236,0,0,0,0,0,0,0,0,0
237,0,0,0,0,0,0,0,0,0
238,0,0,0,0,0,0,0,0,0
239,0,0,0,0,0,0,0,0,0
240,0,0,0,0,0,0,0,0,0
241,0,0,0,0,0,0,0,0,0
242,0,0,0,0,0,0,0,0,0
243,0,0,0,0,0,0,0,0,0
244,0,0,0,0,0,0,0,0,0
245,0,0,0,0,0,0,0,0,0
246,0,0,0,0,0,0,0,0,0
247,0,0,0,0,0,0,0,0,0
248,0,0,0,0,0,0,0,0,0
249,0,0,0,0,0,0,0,0,0
250,0,0,0,0,0,0,0,0,0
251,0,0,0,0,0,0,0,0,0
252,0,0,0,0,0,0,0,0,0
253,0,0,0,0,0,0,0,0,0
254,0,0,0,0,0,0,0,0,0
255,0,0,0,0,0,0,0,0,0
256,0,0,0,0,0,0,0,0,0
257,0,0,0,0,0,0,0,0,0
258,0,0,0,0,0,0,0,0,0
259,0,0,0,0,0,0,0,0,0
260,0,0,0,0,0,0,0,0,0
261,0,0,0,0,0,0,0,0,0
262,0,0,0,0,0,0,0,0,0
263,0,0,0,0,0,0,0,0,0
264,0,0,0,0,0,0,0,0,0
265,0,0,0,0,0,0,0,0,0
266,0,0,0,0,0,0,0,0,0
267,0,0,0,0,0,0,0,0,0
268,0,0,0,0,0,0,0,0,0
269,0,0,0,0,0,0,0,0,0
270,0,0,0,0,0,0,0,0,0
271,0,0,0,0,0,0,0,0,0
272,0,0,0,0,0,0,0,0,0
273,0,0,0,0,0,0,0,0,0
274,0,0,0,0,0,0,0,0,0
275,0,0,0,0,0,0,0,0,0
276,0,0,0,0,0,0,0,0,0
277,0,0,0,0,0,0,0,0,0
278,0,0,0,0,0,0,0,0,0
279,0,0,0,0,0,0,0,0,0
280,0,0,0,0,0,0,0,0,0
281,0,0,0,0,0,0,0,0,0
282,0,0,0,0,0,0,0,0,0
283,0,0,0,0,0,0,0,0,0
284,0,0,0,0,0,0,0,0,0
285,0,0,0,0,0,0,0,0,0
286,0,0,0,0,0,0,0,0,0
287,0,0,0,0,0,0,0,0,0
288,0,0,0,0,0,0,0,0,0
289,0,0,0,0,0,0,0,0,0
290,0,0,0,0,0,0,0,0,0
291,0,0,0,0,0,0,0,0,0
292,0,0,0,0,0,0,0,0,0
293,0,0,0,0,0,0,0,0,0
294,0,0,0,0,0,0,0,0,0
295,0,0,0,0,0,0,0,0,0
296,0,0,0,0,0,0,0,0,0
297,0,0,0,0,0,0,0,0,0
298,0,0,0,0,0,0,0,0,0
299,0,0,0,0,0,0,0,0,0
300,0,0,0,0,0,0,0,0,0
301,0,0,0,0,0,0,0,0,0
302,0,0,0,0,0,0,0,0,0
303,0,0,0,0,0,0,0,0,0
304,0,0,0,0,0,0,0,0,0
305,0,0,0,0,0,0,0,0,0
306,0,0,0,0,0,0,0,0,0
307,0,0,0,0,0,0,0,0,0
308,0,0,0,0,0,0,0,0,0
309,0,0,0,0,0,0,0,0,0
310,0,0,0,0,0,0,0,0,0
311,0,0,0,0,0,0,0,0,0
312,0,0,0,0,0,0,0,0,0
313,0,0,0,0,0,0,0,0,0
314,0,0,0,0,0,0,0,0,0
315,0,0,0,0,0,0,0,0,0
316,0,0,0,0,0,0,0,0,0
317,0,0,0,0,0,0,0,0,0
318,0,0,0,0,0,0,0,0,0
319,0,0,0,0,0,0,0,0,0
320,0,0,0,0,0,0,0,0,0
321,0,0,0,0,0,0,0,0,0
322,0,0,0,0,0,0,0,0,0
323,0,0,0,0,0,0,0,0,0
324,0,0,0,0,0,0,0,0,0
325,0,0,0,0,0,0,0,0,0
326,0,0,0,0,0,0,0,0,0
327,0,0,0,0,0,0,0,0,0
328,0,0,0,0,0,0,0,0,0
329,0,0,0,0,0,0,0,0,0
330,0,0,0,0,0,0,0,0,0
331,0,0,0,0,0,0,0,0,0
332,0,0,0,0,0,0,0,0,0
333,0,0,0,0,0,0,0,0,0
334,0,0,0,0,0,0,0,0,0
335,0,0,0,0,0,0,0,0,0
336,0,0,0,0,0,0,0,0,0
337,0,0,0,0,0,0,0,0,0
338,0,0,0,0,0,0,0,0,0
339,0,0,0,0,0,0,0,0,0
340,0,0,0,0,0,0,0,0,0
341,0,0,0,0,0,0,0,0,0
342,0,0,0,0,0,0,0,0,0
343,0,0,0,0,0,0,0,0,0
344,0,0,0,0,0,0,0,0,0
345,0,0,0,0,0,0,0,0,0
346,0,0,0,0,0,0,0,0,0
347,0,0,0,0,0,0,0,0,0
348,0,0,0,0,0,0,0,0,0
349,0,0,0,0,0,0,0,0,0
350,0,0,0,0,0,0,0,0,0
351,0,0,0,0,0,0,0,0,0
352,0,0,0,0,0,0,0,0,0
353,0,0,0,0,0,0,0,0,0
354,0,0,0,0,0,0,0,0,0
355,0,0,0,0,0,0,0,0,0
356,0,0,0,0,0,0,0,0,0
357,0,0,0,0,0,0,0,0,0
358,0,0,0,0,0,0,0,0,0
359,0,0,0,0,0,0,0,0,0
360,0,0,0,0,0,0,0,0,0
361,0,0,0,0,0,0,0,0,0
362,0,0,0,0,0,0,0,0,0
363,0,0,0,0,0,0,0,0,0
364,0,0,0,0,0,0,0,0,0
365,0,0,0,0,0,0,0,0,0
366,0,0,0,0,0,0,0,0,0
367,0,0,0,0,0,0,0,0,0
368,0,0,0,0,0,0,0,0,0
369,0,0,0,0,0,0,0,0,0
370,0,0,0,0,0,0,0,0,0
371,0,0,0,0,0,0,0,0,0
372,0,0,0,0,0,0,0,0,0
373,0,0,0,0,0,0,0,0,0
374,0,0,0,0,0,0,0,0,0
375,0,0,0,0,0,0,0,0,0
376,0,0,0,0,0,0,0,0,0
377,0,0,0,0,0,0,0,0,0
378,0,0,0,0,0,0,0,0,0
379,0,0,0,0,0,0,0,0,0
380,0,0,0,0,0,0,0,0,0
381,0,0,0,0,0,0,0,0,0
382,0,0,0,0,0,0,0,0,0
383,0,0,0,0,0,0,0,0,0
384,0,0,0,0,0,0,0,0,0
385,0,0,0,0,0,0,0,0,0
386,0,0,0,0,0,0,0,0,0
387,0,0,0,0,0,0,0,0,0
388,0,0,0,0,0,0,0,0,0
389,0,0,0,0,0,0,0,0,0
390,0,0,0,0,0,0,0,0,0
391,0,0,0,0,0,0,0,0,0
392,0,0,0,0,0,0,0,0,0
393,0,0,0,0,0,0,0,0,0
394,0,0,0,0,0,0,0,0,0
395,0,0,0,0,0,0,0,0,0
396,0,0,0,0,0,0,0,0,0
397,0,0,0,0,0,0,0,0,0
398,0,0,0,0,0,0,0,0,0
399,0,0,0,0,0,0,0,0,0
400,0,0,0,0,0,0,0,0,0
401,0,0,0,0,0,0,0,0,0
402,0,0,0,0,0,0,0,0,0
403,0,0,0,0,0,0,0,0,0
404,0,0,0,0,0,0,0,0,0
405,0,0,0,0,0,0,0,0,0
406,0,0,0,0,0,0,0,0,0
407,0,0,0,0,0,0,0,0,0
408,0,0,0,0,0,0,0,0,0
409,0,0,0,0,0,0,0,0,0
410,0,0,0,0,0,0,0,0,0
411,0,0,0,0,0,0,0,0,0
412,0,0,0,0,0,0,0,0,0
413,0,0,0,0,0,0,0,0,0
414,0,0,0,0,0,0,0,0,0
415,0,0,0,0,0,0,0,0,0
416,0,0,0,0,0,0,0,0,0
417,0,0,0,0,0,0,0,0,0
418,0,0,0,0,0,0,0,0,0
419,0,0,0,0,0,0,0,0,0
420,0,0,0,0,0,0,0,0,0
421,0,0,0,0,0,0,0,0,0
422,0,0,0,0,0,0,0,0,0
423,0,0,0,0,0,0,0,0,0
424,0,0,0,0,0,0,0,0,0
425,0,0,0,0,0,0,0,0,0
426,0,0,0,0,0,0,0,0,0
427,0,0,0,0,0,0,0,0,0
428,0,0,0,0,0,0,0,0,0
429,0,0,0,0,0,0,0,0,0
430,0,0,0,0,0,0,0,0,0
431,0,0,0,0,0,0,0,0,0
432,0,0,0,0,0,0,0,0,0
433,0,0,0,0,0,0,0,0,0
434,0,0,0,0,0,0,0,0,0
435,0,0,0,0,0,0,0,0,0
436,0,0,0,0,0,0,0,0,0
437,0,0,0,0,0,0,0,0,0
438,0,0,0,0,0,0,0,0,0
439,0,0,0,0,0,0,0,0,0
440,0,0,0,0,0,0,0,0,0
441,0,0,0,0,0,0,0,0,0
442,0,0,0,0,0,0,0,0,0
443,0,0,0,0,0,0,0,0,0
444,0,0,0,0,0,0,0,0,0
445,0,0,0,0,0,0,0,0,0
446,0,0,0,0,0,0,0,0,0
447,0,0,0,0,0,0,0,0,0
448,0,0,0,0,0,0,0,0,0
449,0,0,0,0,0,0,0,0,0
450,0,0,0,0,0,0,0,0,0
451,0,0,0,0,0,0,0,0,0
452,0,0,0,0,0,0,0,0,0
453,0,0,0,0,0,0,0,0,0
454,0,0,0,0,0,0,0,0,0
455,0,0,0,0,0,0,0,0,0
456,0,0,0,0,0,0,0,0,0
457,0,0,0,0,0,0,0,0,0
458,0,0,0,0,0,0,0,0,0
459,0,0,0,0,0,0,0,0,0
460,0,0,0,0,0,0,0,0,0
461,0,0,0,0,0,0,0,0,0
462,0,0,0,0,0,0,0,0,0
463,0,0,0,0,0,0,0,0,0
464,0,0,0,0,0,0,0,0,0
465,0,0,0,0,0,0,0,0,0
466,0,0,0,0,0,0,0,0,0
467,0,0,0,0,0,0,0,0,0
468,0,0,0,0,0,0,0,0,0
469,0,0,0,0,0,0,0,0,0
470,0,0,0,0,0,0,0,0,0
471,0,0,0,0,0,0,0,0,0
472,0,0,0,0,0,0,0,0,0
473,0,0,0,0,0,0,0,0,0
474,0,0,0,0,0,0,0,0,0
475,0,0,0,0,0,0,0,0,0
476,0,0,0,0,0,0,0,0,0
477,0,0,0,0,0,0,0,0,0
478,0,0,0,0,0,0,0,0,0
479,0,0,0,0,0,0,0,0,0
480,0,0,0,0,0,0,0,0,0
481,0,0,0,0,0,0,0,0,0
482,0,0,0,0,0,0,0,0,0
483,0,0,0,0,0,0,0,0,0
484,0,0,0,0,0,0,0,0,0
485,0,0,0,0,0,0,0,0,0
486,0,0,0,0,0,0,0,0,0
487,0,0,0,0,0,0,0,0,0
488,0,0,0,0,0,0,0,0,0
489,0,0,0,0,0,0,0,0,0
490,0,0,0,0,0,0,0,0,0
491,0,0,0,0,0,0,0,0,0
492,0,0,0,0,0,0,0,0,0
493,0,0,0,0,0,0,0,0,0
494,0,0,0,0,0,0,0,0,0
495,0,0,0,0,0,0,0,0,0
496,0,0,0,0,0,0,0,0,0
497,0,0,0,0,0,0,0,0,0
498,0,0,0,0,0,0,0,0,0
499,0,0,0,0,0,0,0,0,0
500,0,0,0,0,0,0,0,0,0
501,0,0,0,0,0,0,0,0,0
502,0,0,0,0,0,0,0,0,0
503,0,0,0,0,0,0,0,0,0
504,0,0,0,0,0,0,0,0,0
505,0,0,0,0,0,0,0,0,0
506,0,0,0,0,0,0,0,0,0
507,0,0,0,0,0,0,0,0,0
508,0,0,0,0,0,0,0,0,0
509,0,0,0,0,0,0,0,0,0
510,0,0,0,0,0,0,0,0,0
511,0,0,0,0,0,0,0,0,0
512,0,0,0,0,0,0,0,0,0
513,0,0,0,0,0,0,0,0,0
514,0,0,0,0,0,0,0,0,0
515,0,0,0,0,0,0,0,0,0
516,0,0,0,0,0,0,0,0,0
517,0,0,0,0,0,0,0,0,0
518,0,0,0,0,0,0,0,0,0
519,0,0,0,0,0,0,0,0,0
520,0,0,0,0,0,0,0,0,0
521,0,0,0,0,0,0,0,0,0
522,0,0,0,0,0,0,0,0,0
523,0,0,0,0,0,0,0,0,0
524,0,0,0,0,0,0,0,0,0
525,0,0,0,0,0,0,0,0,0
526,0,0,0,0,0,0,0,0,0
527,0,0,0,0,0,0,0,0,0
528,0,0,0,0,0,0,0,0,0
529,0,0,0,0,0,0,0,0,0
530,0,0,0,0,0,0,0,0,0
531,0,0,0,0,0,0,0,0,0
532,0,0,0,0,0,0,0,0,0
533,0,0,0,0,0,0,0,0,0
534,0,0,0,0,0,0,0,0,0
535,0,0,0,0,0,0,0,0,0
536,0,0,0,0,0,0,0,0,0
537,0,0,0,0,0,0,0,0,0
538,0,0,0,0,0,0,0,0,0
539,0,0,0,0,0,0,0,0,0
540,0,0,0,0,0,0,0,0,0
541,0,0,0,0,0,0,0,0,0
542,0,0,0,0,0,0,0,0,0
543,0,0,0,0,0,0,0,0,0
544,0,0,0,0,0,0,0,0,0
545,0,0,0,0,0,0,0,0,0
546,0,0,0,0,0,0,0,0,0
547,0,0,0,0,0,0,0,0,0
548,0,0,0,0,0,0,0,0,0
549,0,0,0,0,0,0,0,0,0
550,0,0,0,0,0,0,0,0,0
551,0,0,0,0,0,0,0,0,0
552,0,0,0,0,0,0,0,0,0
553,0,0,0,0,0,0,0,0,0
554,0,0,0,0,0,0,0,0,0
555,0,0,0,0,0,0,0,0,0
556,0,0,0,0,0,0,0,0,0
557,0,0,0,0,0,0,0,0,0
558,0,0,0,0,0,0,0,0,0
559,0,0,0,0,0,0,0,0,0
560,0,0,0,0,0,0,0,0,0
561,0,0,0,0,0,0,0,0,0
562,0,0,0,0,0,0,0,0,0
563,0,0,0,0,0,0,0,0,0
564,0,0,0,0,0,0,0,0,0
565,0,0,0,0,0,0,0,0,0
566,0,0,0,0,0,0,0,0,0
567,0,0,0,0,0,0,0,0,0
568,0,0,0,0,0,0,0,0,0
569,0,0,0,0,0,0,0,0,0
570,0,0,0,0,0,0,0,0,0
571,0,0,0,0,0,0,0,0,0
572,0,0,0,0,0,0,0,0,0
573,0,0,0,0,0,0,0,0,0
574,0,0,0,0,0,0,0,0,0
575,0,0,0,0,0,0,0,0,0
576,0,0,0,0,0,0,0,0,0
577,0,0,0,0,0,0,0,0,0
578,0,0,0,0,0,0,0,0,0
579,0,0,0,0,0,0,0,0,0
580,0,0,0,0,0,0,0,0,0
581,0,0,0,0,0,0,0,0,0
582,0,0,0,0,0,0,0,0,0
583,0,0,0,0,0,0,0,0,0
584,0,0,0,0,0,0,0,0,0
585,0,0,0,0,0,0,0,0,0
586,0,0,0,0,0,0,0,0,0
587,0,0,0,0,0,0,0,0,0
588,0,0,0,0,0,0,0,0,0
589,0,0,0,0,0,0,0,0,0
590,0,0,0,0,0,0,0,0,0
591,0,0,0,0,0,0,0,0,0
592,0,0,0,0,0,0,0,0,0
593,0,0,0,0,0,0,0,0,0
594,0,0,0,0,0,0,0,0,0
595,0,0,0,0,0,0,0,0,0
596,0,0,0,0,0,0,0,0,0
597,0,0,0,0,0,0,0,0,0
598,0,0,0,0,0,0,0,0,0
599,0,0,0,0,0,0,0,0,0
600,0,0,0,0,0,0,0,0,0
601,0,0,0,0,0,0,0,0,0
602,0,0,0,0,0,0,0,0,0
603,0,0,0,0,0,0,0,0,0
604,0,0,0,0,0,0,0,0,0
605,0,0,0,0,0,0,0,0,0
606,0,0,0,0,0,0,0,0,0
607,0,0,0,0,0,0,0,0,0
608,0,0,0,0,0,0,0,0,0
609,0,0,0,0,0,0,0,0,0
610,0,0,0,0,0,0,0,0,0
611,0,0,0,0,0,0,0,0,0
612,0,0,0,0,0,0,0,0,0
613,0,0,0,0,0,0,0,0,0
614,0,0,0,0,0,0,0,0,0
615,0,0,0,0,0,0,0,0,0
616,0,0,0,0,0,0,0,0,0
617,0,0,0,0,0,0,0,0,0
618,0,0,0,0,0,0,0,0,0
619,0,0,0,0,0,0,0,0,0
620,0,0,0,0,0,0,0,0,0
621,0,0,0,0,0,0,0,0,0
622,0,0,0,0,0,0,0,0,0
623,0,0,0,0,0,0,0,0,0
624,0,0,0,0,0,0,0,0,0
625,0,0,0,0,0,0,0,0,0
626,0,0,0,0,0,0,0,0,0
627,0,0,0,0,0,0,0,0,0
628,0,0,0,0,0,0,0,0,0
629,0,0,0,0,0,0,0,0,0
630,0,0,0,0,0,0,0,0,0
631,0,0,0,0,0,0,0,0,0
632,0,0,0,0,0,0,0,0,0
633,0,0,0,0,0,0,0,0,0
634,0,0,0,0,0,0,0,0,0
635,0,0,0,0,0,0,0,0,0
636,0,0,0,0,0,0,0,0,0
637,0,0,0,0,0,0,0,0,0
638,0,0,0,0,0,0,0,0,0
639,0,0,0,0,0,0,0,0,0
640,0,0,0,0,0,0,0,0,0
641,0,0,0,0,0,0,0,0,0
642,0,0,0,0,0,0,0,0,0
643,0,0,0,0,0,0,0,0,0
644,0,0,0,0,0,0,0,0,0
645,0,0,0,0,0,0,0,0,0
646,0,0,0,0,0,0,0,0,0
647,0,0,0,0,0,0,0,0,0
648,0,0,0,0,0,0,0,0,0
649,0,0,0,0,0,0,0,0,0
650,0,0,0,0,0,0,0,0,0
651,0,0,0,0,0,0,0,0,0
652,0,0,0,0,0,0,0,0,0
653,0,0,0,0,0,0,0,0,0
654,0,0,0,0,0,0,0,0,0
655,0,0,0,0,0,0,0,0,0
656,0,0,0,0,0,0,0,0,0
657,0,0,0,0,0,0,0,0,0
658,0,0,0,0,0,0,0,0,0
659,0,0,0,0,0,0,0,0,0
660,0,0,0,0,0,0,0,0,0
661,0,0,0,0,0,0,0,0,0
662,0,0,0,0,0,0,0,0,0
663,0,0,0,0,0,0,0,0,0
664,0,0,0,0,0,0,0,0,0
665,0,0,0,0,0,0,0,0,0
666,0,0,0,0,0,0,0,0,0
667,0,0,0,0,0,0,0,0,0
668,0,0,0,0,0,0,0,0,0
669,0,0,0,0,0,0,0,0,0
670,0,0,0,0,0,0,0,0,0
671,0,0,0,0,0,0,0,0,0
672,0,0,0,0,0,0,0,0,0
673,0,0,0,0,0,0,0,0,0
674,0,0,0,0,0,0,0,0,0
675,0,0,0,0,0,0,0,0,0
676,0,0,0,0,0,0,0,0,0
677,0,0,0,0,0,0,0,0,0
678,0,0,0,0,0,0,0,0,0
679,0,0,0,0,0,0,0,0,0
680,0,0,0,0,0,0,0,0,0
681,0,0,0,0,0,0,0,0,0
682,0,0,0,0,0,0,0,0,0
683,0,0,0,0,0,0,0,0,0
684,0,0,0,0,0,0,0,0,0
685,0,0,0,0,0,0,0,0,0
686,0,0,0,0,0,0,0,0,0
687,0,0,0,0,0,0,0,0,0
688,0,0,0,0,0,0,0,0,0
689,0,0,0,0,0,0,0,0,0
690,0,0,0,0,0,0,0,0,0
691,0,0,0,0,0,0,0,0,0
692,0,0,0,0,0,0,0,0,0
693,0,0,0,0,0,0,0,0,0
694,0,0,0,0,0,0,0,0,0
695,0,0,0,0,0,0,0,0,0
696,0,0,0,0,0,0,0,0,0
697,0,0,0,0,0,0,0,0,0
698,0,0,0,0,0,0,0,0,0
699,0,0,0,0,0,0,0,0,0
700,0,0,0,0,0,0,0,0,0
701,0,0,0,0,0,0,0,0,0
702,0,0,0,0,0,0,0,0,0
703,0,0,0,0,0,0,0,0,0
704,0,0,0,0,0,0,0,0,0
705,0,0,0,0,0,0,0,0,0
706,0,0,0,0,0,0,0,0,0
707,0,0,0,0,0,0,0,0,0
708,0,0,0,0,0,0,0,0,0
709,0,0,0,0,0,0,0,0,0
710,0,0,0,0,0,0,0,0,0
711,0,0,0,0,0,0,0,0,0
712,0,0,0,0,0,0,0,0,0
713,0,0,0,0,0,0,0,0,0
714,0,0,0,0,0,0,0,0,0
715,0,0,0,0,0,0,0,0,0
716,0,0,0,0,0,0,0,0,0
717,0,0,0,0,0,0,0,0,0
718,0,0,0,0,0,0,0,0,0
719,0,0,0,0,0,0,0,0,0
720,0,0,0,0,0,0,0,0,0
721,0,0,0,0,0,0,0,0,0
722,0,0,0,0,0,0,0,0,0
723,0,0,0,0,0,0,0,0,0
724,0,0,0,0,0,0,0,0,0
725,0,0,0,0,0,0,0,0,0
726,0,0,0,0,0,0,0,0,0
727,0,0,0,0,0,0,0,0,0
728,0,0,0,0,0,0,0,0,0
729,0,0,0,0,0,0,0,0,0
730,0,0,0,0,0,0,0,0,0
731,0,0,0,0,0,0,0,0,0
732,0,0,0,0,0,0,0,0,0
733,0,0,0,0,0,0,0,0,0
734,0,0,0,0,0,0,0,0,0
735,0,0,0,0,0,0,0,0,0
736,0,0,0,0,0,0,0,0,0
737,0,0,0,0,0,0,0,0,0
738,0,0,0,0,0,0,0,0,0
739,0,0,0,0,0,0,0,0,0
740,0,0,0,0,0,0,0,0,0
741,0,0,0,0,0,0,0,0,0
742,0,0,0,0,0,0,0,0,0
743,0,0,0,0,0,0,0,0,0
744,0,0,0,0,0,0,0,0,0
745,0,0,0,0,0,0,0,0,0
746,0,0,0,0,0,0,0,0,0
747,0,0,0,0,0,0,0,0,0
748,0,0,0,0,0,0,0,0,0
749,0,0,0,0,0,0,0,0,0
750,0,0,0,0,0,0,0,0,0
0,194,7257,201425,4077983,57373546,517292847,2626655236,5935079656,3356972874
1,115,3465,76545,1250881,14233576,103814472,426481444,779892483,356952554
2,90,1868,34553,467802,4405833,26539459,89905098,135469400,50987100
3,56,1181,19909,244238,2070651,11202579,33955613,45714670,15347674
4,39,711,10471,111137,812066,3801345,10004730,11749722,3448153
5,31,404,5158,47050,298288,1209651,2767637,2818249,716736
6,24,266,2943,23642,131208,472380,955800,865838,196756
7,17,178,1821,12650,62462,200996,364970,295186,59823
8,7,115,1044,6996,32736,101293,177287,138813,26886
9,5,89,754,4681,20357,58239,94340,68245,12417
10,4,80,631,3498,14175,36650,53409,34711,5613
11,3,63,449,2368,9037,21458,28895,17340,2592
12,3,49,348,1773,6503,14859,19406,10909,1543
13,2,29,195,993,3396,7763,9723,5107,727
14,2,29,176,856,2770,5947,6901,3308,444
15,2,18,131,621,1888,3844,4097,1790,249
16,1,16,101,439,1212,2172,2025,740,85
17,1,14,68,318,912,1568,1481,535,57
18,1,13,66,264,788,1328,1251,401,42
19,0,4,10,36,134,227,176,76,12
20,0,1,6,34,130,226,173,76,12
21,0,1,5,21,105,177,96,52,6
22,0,1,4,5,44,76,45,20,0
23,0,1,4,5,34,47,30,8,0
24,0,1,4,5,21,28,14,2,0
25,0,1,4,5,21,26,14,2,0
26,0,1,4,5,21,26,14,2,0
27,0,0,2,5,18,14,4,0,0
28,0,0,2,5,18,13,3,0,0
29,0,0,2,5,18,13,3,0,0
30,0,0,2,5,18,13,3,0,0
31,0,0,2,5,18,13,3,0,0
32,0,0,2,5,18,13,3,0,0
33,0,0,2,5,18,11,3,0,0
34,0,0,2,5,14,7,0,0,0
35,0,0,2,5,14,7,0,0,0
36,0,0,1,5,11,5,0,0,0
37,0,0,1,5,11,5,0,0,0
38,0,0,1,5,11,5,0,0,0
39,0,0,0,0,0,0,0,0,0
40,0,0,0,0,0,0,0,0,0
41,0,0,0,0,0,0,0,0,0
42,0,0,0,0,0,0,0,0,0
43,0,0,0,0,0,0,0,0,0
44,0,0,0,0,0,0,0,0,0
45,0,0,0,0,0,0,0,0,0
46,0,0,0,0,0,0,0,0,0
47,0,0,0,0,0,0,0,0,0
48,0,0,0,0,0,0,0,0,0
49,0,0,0,0,0,0,0,0,0
50,0,0,0,0,0,0,0,0,0
51,0,0,0,0,0,0,0,0,0
52,0,0,0,0,0,0,0,0,0
53,0,0,0,0,0,0,0,0,0
54,0,0,0,0,0,0,0,0,0
55,0,0,0,0,0,0,0,0,0
56,0,0,0,0,0,0,0,0,0
57,0,0,0,0,0,0,0,0,0
58,0,0,0,0,0,0,0,0,0
59,0,0,0,0,0,0,0,0,0
60,0,0,0,0,0,0,0,0,0
61,0,0,0,0,0,0,0,0,0
62,0,0,0,0,0,0,0,0,0
63,0,0,0,0,0,0,0,0,0
64,0,0,0,0,0,0,0,0,0
65,0,0,0,0,0,0,0,0,0
66,0,0,0,0,0,0,0,0,0
67,0,0,0,0,0,0,0,0,0
68,0,0,0,0,0,0,0,0,0
69,0,0,0,0,0,0,0,0,0
70,0,0,0,0,0,0,0,0,0
71,0,0,0,0,0,0,0,0,0
72,0,0,0,0,0,0,0,0,0
73,0,0,0,0,0,0,0,0,0
74,0,0,0,0,0,0,0,0,0
75,0,0,0,0,0,0,0,0,0
76,0,0,0,0,0,0,0,0,0
77,0,0,0,0,0,0,0,0,0
78,0,0,0,0,0,0,0,0,0
79,0,0,0,0,0,0,0,0,0
80,0,0,0,0,0,0,0,0,0
81,0,0,0,0,0,0,0,0,0
82,0,0,0,0,0,0,0,0,0
83,0,0,0,0,0,0,0,0,0
84,0,0,0,0,0,0,0,0,0
85,0,0,0,0,0,0,0,0,0
86,0,0,0,0,0,0,0,0,0
87,0,0,0,0,0,0,0,0,0
88,0,0,0,0,0,0,0,0,0
89,0,0,0,0,0,0,0,0,0
90,0,0,0,0,0,0,0,0,0
91,0,0,0,0,0,0,0,0,0
92,0,0,0,0,0,0,0,0,0
93,0,0,0,0,0,0,0,0,0
94,0,0,0,0,0,0,0,0,0
95,0,0,0,0,0,0,0,0,0
96,0,0,0,0,0,0,0,0,0
97,0,0,0,0,0,0,0,0,0
98,0,0,0,0,0,0,0,0,0
99,0,0,0,0,0,0,0,0,0
100,0,0,0,0,0,0,0,0,0
101,0,0,0,0,0,0,0,0,0
102,0,0,0,0,0,0,0,0,0
103,0,0,0,0,0,0,0,0,0
104,0,0,0,0,0,0,0,0,0
105,0,0,0,0,0,0,0,0,0
106,0,0,0,0,0,0,0,0,0
107,0,0,0,0,0,0,0,0,0
108,0,0,0,0,0,0,0,0,0
109,0,0,0,0,0,0,0,0,0
110,0,0,0,0,0,0,0,0,0
111,0,0,0,0,0,0,0,0,0
112,0,0,0,0,0,0,0,0,0
113,0,0,0,0,0,0,0,0,0
114,0,0,0,0,0,0,0,0,0
115,0,0,0,0,0,0,0,0,0
116,0,0,0,0,0,0,0,0,0
117,0,0,0,0,0,0,0,0,0
118,0,0,0,0,0,0,0,0,0
119,0,0,0,0,0,0,0,0,0
120,0,0,0,0,0,0,0,0,0
121,0,0,0,0,0,0,0,0,0
122,0,0,0,0,0,0,0,0,0
123,0,0,0,0,0,0,0,0,0
124,0,0,0,0,0,0,0,0,0
125,0,0,0,0,0,0,0,0,0
126,0,0,0,0,0,0,0,0,0
127,0,0,0,0,0,0,0,0,0
128,0,0,0,0,0,0,0,0,0
129,0,0,0,0,0,0,0,0,0
130,0,0,0,0,0,0,0,0,0
131,0,0,0,0,0,0,0,0,0
132,0,0,0,0,0,0,0,0,0
133,0,0,0,0,0,0,0,0,0
134,0,0,0,0,0,0,0,0,0
135,0,0,0,0,0,0,0,0,0
136,0,0,0,0,0,0,0,0,0
137,0,0,0,0,0,0,0,0,0
138,0,0,0,0,0,0,0,0,0
139,0,0,0,0,0,0,0,0,0
140,0,0,0,0,0,0,0,0,0
141,0,0,0,0,0,0,0,0,0
142,0,0,0,0,0,0,0,0,0
143,0,0,0,0,0,0,0,0,0
144,0,0,0,0,0,0,0,0,0
145,0,0,0,0,0,0,0,0,0
146,0,0,0,0,0,0,0,0,0
147,0,0,0,0,0,0,0,0,0
148,0,0,0,0,0,0,0,0,0
149,0,0,0,0,0,0,0,0,0
150,0,0,0,0,0,0,0,0,0
151,0,0,0,0,0,0,0,0,0
152,0,0,0,0,0,0,0,0,0
153,0,0,0,0,0,0,0,0,0
154,0,0,0,0,0,0,0,0,0
155,0,0,0,0,0,0,0,0,0
156,0,0,0,0,0,0,0,0,0
157,0,0,0,0,0,0,0,0,0
158,0,0,0,0,0,0,0,0,0
159,0,0,0,0,0,0,0,0,0
160,0,0,0,0,0,0,0,0,0
161,0,0,0,0,0,0,0,0,0
162,0,0,0,0,0,0,0,0,0
163,0,0,0,0,0,0,0,0,0
164,0,0,0,0,0,0,0,0,0
165,0,0,0,0,0,0,0,0,0
166,0,0,0,0,0,0,0,0,0
167,0,0,0,0,0,0,0,0,0
168,0,0,0,0,0,0,0,0,0
169,0,0,0,0,0,0,0,0,0
170,0,0,0,0,0,0,0,0,0
171,0,0,0,0,0,0,0,0,0
172,0,0,0,0,0,0,0,0,0
173,0,0,0,0,0,0,0,0,0
174,0,0,0,0,0,0,0,0,0
175,0,0,0,0,0,0,0,0,0
176,0,0,0,0,0,0,0,0,0
177,0,0,0,0,0,0,0,0,0
178,0,0,0,0,0,0,0,0,0
179,0,0,0,0,0,0,0,0,0
180,0,0,0,0,0,0,0,0,0
181,0,0,0,0,0,0,0,0,0
182,0,0,0,0,0,0,0,0,0
183,0,0,0,0,0,0,0,0,0
184,0,0,0,0,0,0,0,0,0
185,0,0,0,0,0,0,0,0,0
186,0,0,0,0,0,0,0,0,0
187,0,0,0,0,0,0,0,0,0
188,0,0,0,0,0,0,0,0,0
189,0,0,0,0,0,0,0,0,0
190,0,0,0,0,0,0,0,0,0
191,0,0,0,0,0,0,0,0,0
192,0,0,0,0,0,0,0,0,0
193,0,0,0,0,0,0,0,0,0
194,0,0,0,0,0,0,0,0,0
195,0,0,0,0,0,0,0,0,0
196,0,0,0,0,0,0,0,0,0
197,0,0,0,0,0,0,0,0,0
198,0,0,0,0,0,0,0,0,0
199,0,0,0,0,0,0,0,0,0
200,0,0,0,0,0,0,0,0,0
201,0,0,0,0,0,0,0,0,0
202,0,0,0,0,0,0,0,0,0
203,0,0,0,0,0,0,0,0,0
204,0,0,0,0,0,0,0,0,0
205,0,0,0,0,0,0,0,0,0
206,0,0,0,0,0,0,0,0,0
207,0,0,0,0,0,0,0,0,0
208,0,0,0,0,0,0,0,0,0
209,0,0,0,0,0,0,0,0,0
210,0,0,0,0,0,0,0,0,0
211,0,0,0,0,0,0,0,0,0
212,0,0,0,0,0,0,0,0,0
213,0,0,0,0,0,0,0,0,0
214,0,0,0,0,0,0,0,0,0
215,0,0,0,0,0,0,0,0,0
216,0,0,0,0,0,0,0,0,0
217,0,0,0,0,0,0,0,0,0
218,0,0,0,0,0,0,0,0,0
219,0,0,0,0,0,0,0,0,0
220,0,0,0,0,0,0,0,0,0
221,0,0,0,0,0,0,0,0,0
222,0,0,0,0,0,0,0,0,0
223,0,0,0,0,0,0,0,0,0
224,0,0,0,0,0,0,0,0,0
225,0,0,0,0,0,0,0,0,0
226,0,0,0,0,0,0,0,0,0
227,0,0,0,0,0,0,0,0,0
228,0,0,0,0,0,0,0,0,0
229,0,0,0,0,0,0,0,0,0
230,0,0,0,0,0,0,0,0,0
231,0,0,0,0,0,0,0,0,0
232,0,0,0,0,0,0,0,0,0
233,0,0,0,0,0,0,0,0,0
234,0,0,0,0,0,0,0,0,0
235,0,0,0,0,0,0,0,0,0
236,0,0,0,0,0,0,0,0,0
237,0,0,0,0,0,0,0,0,0
238,0,0,0,0,0,0,0,0,0
239,0,0,0,0,0,0,0,0,0
240,0,0,0,0,0,0,0,0,0
241,0,0,0,0,0,0,0,0,0
242,0,0,0,0,0,0,0,0,0
243,0,0,0,0,0,0,0,0,0
244,0,0,0,0,0,0,0,0,0
245,0,0,0,0,0,0,0,0,0
246,0,0,0,0,0,0,0,0,0
247,0,0,0,0,0,0,0,0,0
248,0,0,0,0,0,0,0,0,0
249,0,0,0,0,0,0,0,0,0
250,0,0,0,0,0,0,0,0,0
251,0,0,0,0,0,0,0,0,0
252,0,0,0,0,0,0,0,0,0
253,0,0,0,0,0,0,0,0,0
254,0,0,0,0,0,0,0,0,0
255,0,0,0,0,0,0,0,0,0
256,0,0,0,0,0,0,0,0,0
257,0,0,0,0,0,0,0,0,0
258,0,0,0,0,0,0,0,0,0
259,0,0,0,0,0,0,0,0,0
260,0,0,0,0,0,0,0,0,0
261,0,0,0,0,0,0,0,0,0
262,0,0,0,0,0,0,0,0,0
263,0,0,0,0,0,0,0,0,0
264,0,0,0,0,0,0,0,0,0
265,0,0,0,0,0,0,0,0,0
266,0,0,0,0,0,0,0,0,0
267,0,0,0,0,0,0,0,0,0
268,0,0,0,0,0,0,0,0,0
269,0,0,0,0,0,0,0,0,0
270,0,0,0,0,0,0,0,0,0
271,0,0,0,0,0,0,0,0,0
272,0,0,0,0,0,0,0,0,0
273,0,0,0,0,0,0,0,0,0
274,0,0,0,0,0,0,0,0,0
275,0,0,0,0,0,0,0,0,0
276,0,0,0,0,0,0,0,0,0
277,0,0,0,0,0,0,0,0,0
278,0,0,0,0,0,0,0,0,0
279,0,0,0,0,0,0,0,0,0
280,0,0,0,0,0,0,0,0,0
281,0,0,0,0,0,0,0,0,0
282,0,0,0,0,0,0,0,0,0
283,0,0,0,0,0,0,0,0,0
284,0,0,0,0,0,0,0,0,0
285,0,0,0,0,0,0,0,0,0
286,0,0,0,0,0,0,0,0,0
287,0,0,0,0,0,0,0,0,0
288,0,0,0,0,0,0,0,0,0
289,0,0,0,0,0,0,0,0,0
290,0,0,0,0,0,0,0,0,0
291,0,0,0,0,0,0,0,0,0
292,0,0,0,0,0,0,0,0,0
293,0,0,0,0,0,0,0,0,0
294,0,0,0,0,0,0,0,0,0
295,0,0,0,0,0,0,0,0,0
296,0,0,0,0,0,0,0,0,0
297,0,0,0,0,0,0,0,0,0
298,0,0,0,0,0,0,0,0,0
299,0,0,0,0,0,0,0,0,0
300,0,0,0,0,0,0,0,0,0
301,0,0,0,0,0,0,0,0,0
302,0,0,0,0,0,0,0,0,0
303,0,0,0,0,0,0,0,0,0
304,0,0,0,0,0,0,0,0,0
305,0,0,0,0,0,0,0,0,0
306,0,0,0,0,0,0,0,0,0
307,0,0,0,0,0,0,0,0,0
308,0,0,0,0,0,0,0,0,0
309,0,0,0,0,0,0,0,0,0
310,0,0,0,0,0,0,0,0,0
311,0,0,0,0,0,0,0,0,0
312,0,0,0,0,0,0,0,0,0
313,0,0,0,0,0,0,0,0,0
314,0,0,0,0,0,0,0,0,0
315,0,0,0,0,0,0,0,0,0
316,0,0,0,0,0,0,0,0,0
317,0,0,0,0,0,0,0,0,0
318,0,0,0,0,0,0,0,0,0
319,0,0,0,0,0,0,0,0,0
320,0,0,0,0,0,0,0,0,0
321,0,0,0,0,0,0,0,0,0
322,0,0,0,0,0,0,0,0,0
323,0,0,0,0,0,0,0,0,0
324,0,0,0,0,0,0,0,0,0
325,0,0,0,0,0,0,0,0,0
326,0,0,0,0,0,0,0,0,0
327,0,0,0,0,0,0,0,0,0
328,0,0,0,0,0,0,0,0,0
329,0,0,0,0,0,0,0,0,0
330,0,0,0,0,0,0,0,0,0
331,0,0,0,0,0,0,0,0,0
332,0,0,0,0,0,0,0,0,0
333,0,0,0,0,0,0,0,0,0
334,0,0,0,0,0,0,0,0,0
335,0,0,0,0,0,0,0,0,0
336,0,0,0,0,0,0,0,0,0
337,0,0,0,0,0,0,0,0,0
338,0,0,0,0,0,0,0,0,0
339,0,0,0,0,0,0,0,0,0
340,0,0,0,0,0,0,0,0,0
341,0,0,0,0,0,0,0,0,0
342,0,0,0,0,0,0,0,0,0
343,0,0,0,0,0,0,0,0,0
344,0,0,0,0,0,0,0,0,0
345,0,0,0,0,0,0,0,0,0
346,0,0,0,0,0,0,0,0,0
347,0,0,0,0,0,0,0,0,0
348,0,0,0,0,0,0,0,0,0
349,0,0,0,0,0,0,0,0,0
350,0,0,0,0,0,0,0,0,0
351,0,0,0,0,0,0,0,0,0
352,0,0,0,0,0,0,0,0,0
353,0,0,0,0,0,0,0,0,0
354,0,0,0,0,0,0,0,0,0
355,0,0,0,0,0,0,0,0,0
356,0,0,0,0,0,0,0,0,0
357,0,0,0,0,0,0,0,0,0
358,0,0,0,0,0,0,0,0,0
359,0,0,0,0,0,0,0,0,0
360,0,0,0,0,0,0,0,0,0
361,0,0,0,0,0,0,0,0,0
362,0,0,0,0,0,0,0,0,0
363,0,0,0,0,0,0,0,0,0
364,0,0,0,0,0,0,0,0,0
365,0,0,0,0,0,0,0,0,0
366,0,0,0,0,0,0,0,0,0
367,0,0,0,0,0,0,0,0,0
368,0,0,0,0,0,0,0,0,0
369,0,0,0,0,0,0,0,0,0
370,0,0,0,0,0,0,0,0,0
371,0,0,0,0,0,0,0,0,0
372,0,0,0,0,0,0,0,0,0
373,0,0,0,0,0,0,0,0,0
374,0,0,0,0,0,0,0,0,0
375,0,0,0,0,0,0,0,0,0
376,0,0,0,0,0,0,0,0,0
377,0,0,0,0,0,0,0,0,0
378,0,0,0,0,0,0,0,0,0
379,0,0,0,0,0,0,0,0,0
380,0,0,0,0,0,0,0,0,0
381,0,0,0,0,0,0,0,0,0
382,0,0,0,0,0,0,0,0,0
383,0,0,0,0,0,0,0,0,0
384,0,0,0,0,0,0,0,0,0
385,0,0,0,0,0,0,0,0,0
386,0,0,0,0,0,0,0,0,0
387,0,0,0,0,0,0,0,0,0
388,0,0,0,0,0,0,0,0,0
389,0,0,0,0,0,0,0,0,0
390,0,0,0,0,0,0,0,0,0
391,0,0,0,0,0,0,0,0,0
392,0,0,0,0,0,0,0,0,0
393,0,0,0,0,0,0,0,0,0
394,0,0,0,0,0,0,0,0,0
395,0,0,0,0,0,0,0,0,0
396,0,0,0,0,0,0,0,0,0
397,0,0,0,0,0,0,0,0,0
398,0,0,0,0,0,0,0,0,0
399,0,0,0,0,0,0,0,0,0
400,0,0,0,0,0,0,0,0,0
401,0,0,0,0,0,0,0,0,0
402,0,0,0,0,0,0,0,0,0
403,0,0,0,0,0,0,0,0,0
404,0,0,0,0,0,0,0,0,0
405,0,0,0,0,0,0,0,0,0
406,0,0,0,0,0,0,0,0,0
407,0,0,0,0,0,0,0,0,0
408,0,0,0,0,0,0,0,0,0
409,0,0,0,0,0,0,0,0,0
410,0,0,0,0,0,0,0,0,0
411,0,0,0,0,0,0,0,0,0
412,0,0,0,0,0,0,0,0,0
413,0,0,0,0,0,0,0,0,0
414,0,0,0,0,0,0,0,0,0
415,0,0,0,0,0,0,0,0,0
416,0,0,0,0,0,0,0,0,0
417,0,0,0,0,0,0,0,0,0
418,0,0,0,0,0,0,0,0,0
419,0,0,0,0,0,0,0,0,0
420,0,0,0,0,0,0,0,0,0
421,0,0,0,0,0,0,0,0,0
422,0,0,0,0,0,0,0,0,0
423,0,0,0,0,0,0,0,0,0
424,0,0,0,0,0,0,0,0,0
425,0,0,0,0,0,0,0,0,0
426,0,0,0,0,0,0,0,0,0
427,0,0,0,0,0,0,0,0,0
428,0,0,0,0,0,0,0,0,0
429,0,0,0,0,0,0,0,0,0
430,0,0,0,0,0,0,0,0,0
431,0,0,0,0,0,0,0,0,0
432,0,0,0,0,0,0,0,0,0
433,0,0,0,0,0,0,0,0,0
434,0,0,0,0,0,0,0,0,0
435,0,0,0,0,0,0,0,0,0
436,0,0,0,0,0,0,0,0,0
437,0,0,0,0,0,0,0,0,0
438,0,0,0,0,0,0,0,0,0
439,0,0,0,0,0,0,0,0,0
440,0,0,0,0,0,0,0,0,0
441,0,0,0,0,0,0,0,0,0
442,0,0,0,0,0,0,0,0,0
443,0,0,0,0,0,0,0,0,0
444,0,0,0,0,0,0,0,0,0
445,0,0,0,0,0,0,0,0,0
446,0,0,0,0,0,0,0,0,0
447,0,0,0,0,0,0,0,0,0
448,0,0,0,0,0,0,0,0,0
449,0,0,0,0,0,0,0,0,0
450,0,0,0,0,0,0,0,0,0
451,0,0,0,0,0,0,0,0,0
452,0,0,0,0,0,0,0,0,0
453,0,0,0,0,0,0,0,0,0
454,0,0,0,0,0,0,0,0,0
455,0,0,0,0,0,0,0,0,0
456,0,0,0,0,0,0,0,0,0
457,0,0,0,0,0,0,0,0,0
458,0,0,0,0,0,0,0,0,0
459,0,0,0,0,0,0,0,0,0
460,0,0,0,0,0,0,0,0,0
461,0,0,0,0,0,0,0,0,0
462,0,0,0,0,0,0,0,0,0
463,0,0,0,0,0,0,0,0,0
464,0,0,0,0,0,0,0,0,0
465,0,0,0,0,0,0,0,0,0
466,0,0,0,0,0,0,0,0,0
467,0,0,0,0,0,0,0,0,0
468,0,0,0,0,0,0,0,0,0
469,0,0,0,0,0,0,0,0,0
470,0,0,0,0,0,0,0,0,0
471,0,0,0,0,0,0,0,0,0
472,0,0,0,0,0,0,0,0,0
473,0,0,0,0,0,0,0,0,0
474,0,0,0,0,0,0,0,0,0
475,0,0,0,0,0,0,0,0,0
476,0,0,0,0,0,0,0,0,0
477,0,0,0,0,0,0,0,0,0
478,0,0,0,0,0,0,0,0,0
479,0,0,0,0,0,0,0,0,0
480,0,0,0,0,0,0,0,0,0
481,0,0,0,0,0,0,0,0,0
482,0,0,0,0,0,0,0,0,0
483,0,0,0,0,0,0,0,0,0
484,0,0,0,0,0,0,0,0,0
485,0,0,0,0,0,0,0,0,0
486,0,0,0,0,0,0,0,0,0
487,0,0,0,0,0,0,0,0,0
488,0,0,0,0,0,0,0,0,0
489,0,0,0,0,0,0,0,0,0
490,0,0,0,0,0,0,0,0,0
491,0,0,0,0,0,0,0,0,0
492,0,0,0,0,0,0,0,0,0
493,0,0,0,0,0,0,0,0,0
494,0,0,0,0,0,0,0,0,0
495,0,0,0,0,0,0,0,0,0
496,0,0,0,0,0,0,0,0,0
497,0,0,0,0,0,0,0,0,0
498,0,0,0,0,0,0,0,0,0
499,0,0,0,0,0,0,0,0,0
500,0,0,0,0,0,0,0,0,0
501,0,0,0,0,0,0,0,0,0
502,0,0,0,0,0,0,0,0,0
503,0,0,0,0,0,0,0,0,0
504,0,0,0,0,0,0,0,0,0
505,0,0,0,0,0,0,0,0,0
506,0,0,0,0,0,0,0,0,0
507,0,0,0,0,0,0,0,0,0
508,0,0,0,0,0,0,0,0,0
509,0,0,0,0,0,0,0,0,0
510,0,0,0,0,0,0,0,0,0
511,0,0,0,0,0,0,0,0,0
512,0,0,0,0,0,0,0,0,0
513,0,0,0,0,0,0,0,0,0
514,0,0,0,0,0,0,0,0,0
515,0,0,0,0,0,0,0,0,0
516,0,0,0,0,0,0,0,0,0
517,0,0,0,0,0,0,0,0,0
518,0,0,0,0,0,0,0,0,0
519,0,0,0,0,0,0,0,0,0
520,0,0,0,0,0,0,0,0,0
521,0,0,0,0,0,0,0,0,0
522,0,0,0,0,0,0,0,0,0
523,0,0,0,0,0,0,0,0,0
524,0,0,0,0,0,0,0,0,0
525,0,0,0,0,0,0,0,0,0
526,0,0,0,0,0,0,0,0,0
527,0,0,0,0,0,0,0,0,0
528,0,0,0,0,0,0,0,0,0
529,0,0,0,0,0,0,0,0,0
530,0,0,0,0,0,0,0,0,0
531,0,0,0,0,0,0,0,0,0
532,0,0,0,0,0,0,0,0,0
533,0,0,0,0,0,0,0,0,0
534,0,0,0,0,0,0,0,0,0
535,0,0,0,0,0,0,0,0,0
536,0,0,0,0,0,0,0,0,0
537,0,0,0,0,0,0,0,0,0
538,0,0,0,0,0,0,0,0,0
539,0,0,0,0,0,0,0,0,0
540,0,0,0,0,0,0,0,0,0
541,0,0,0,0,0,0,0,0,0
542,0,0,0,0,0,0,0,0,0
543,0,0,0,0,0,0,0,0,0
544,0,0,0,0,0,0,0,0,0
545,0,0,0,0,0,0,0,0,0
546,0,0,0,0,0,0,0,0,0
547,0,0,0,0,0,0,0,0,0
548,0,0,0,0,0,0,0,0,0
549,0,0,0,0,0,0,0,0,0
550,0,0,0,0,0,0,0,0,0
551,0,0,0,0,0,0,0,0,0
552,0,0,0,0,0,0,0,0,0
553,0,0,0,0,0,0,0,0,0
554,0,0,0,0,0,0,0,0,0
555,0,0,0,0,0,0,0,0,0
556,0,0,0,0,0,0,0,0,0
557,0,0,0,0,0,0,0,0,0
558,0,0,0,0,0,0,0,0,0
559,0,0,0,0,0,0,0,0,0
560,0,0,0,0,0,0,0,0,0
561,0,0,0,0,0,0,0,0,0
562,0,0,0,0,0,0,0,0,0
563,0,0,0,0,0,0,0,0,0
564,0,0,0,0,0,0,0,0,0
565,0,0,0,0,0,0,0,0,0
566,0,0,0,0,0,0,0,0,0
567,0,0,0,0,0,0,0,0,0
568,0,0,0,0,0,0,0,0,0
569,0,0,0,0,0,0,0,0,0
570,0,0,0,0,0,0,0,0,0
571,0,0,0,0,0,0,0,0,0
572,0,0,0,0,0,0,0,0,0
573,0,0,0,0,0,0,0,0,0
574,0,0,0,0,0,0,0,0,0
575,0,0,0,0,0,0,0,0,0
576,0,0,0,0,0,0,0,0,0
577,0,0,0,0,0,0,0,0,0
578,0,0,0,0,0,0,0,0,0
579,0,0,0,0,0,0,0,0,0
580,0,0,0,0,0,0,0,0,0
581,0,0,0,0,0,0,0,0,0
582,0,0,0,0,0,0,0,0,0
583,0,0,0,0,0,0,0,0,0
584,0,0,0,0,0,0,0,0,0
585,0,0,0,0,0,0,0,0,0
586,0,0,0,0,0,0,0,0,0
587,0,0,0,0,0,0,0,0,0
588,0,0,0,0,0,0,0,0,0
589,0,0,0,0,0,0,0,0,0
590,0,0,0,0,0,0,0,0,0
591,0,0,0,0,0,0,0,0,0
592,0,0,0,0,0,0,0,0,0
593,0,0,0,0,0,0,0,0,0
594,0,0,0,0,0,0,0,0,0
595,0,0,0,0,0,0,0,0,0
596,0,0,0,0,0,0,0,0,0
597,0,0,0,0,0,0,0,0,0
598,0,0,0,0,0,0,0,0,0
599,0,0,0,0,0,0,0,0,0
600,0,0,0,0,0,0,0,0,0
601,0,0,0,0,0,0,0,0,0
602,0,0,0,0,0,0,0,0,0
603,0,0,0,0,0,0,0,0,0
604,0,0,0,0,0,0,0,0,0
605,0,0,0,0,0,0,0,0,0
606,0,0,0,0,0,0,0,0,0
607,0,0,0,0,0,0,0,0,0
608,0,0,0,0,0,0,0,0,0
609,0,0,0,0,0,0,0,0,0
610,0,0,0,0,0,0,0,0,0
611,0,0,0,0,0,0,0,0,0
612,0,0,0,0,0,0,0,0,0
613,0,0,0,0,0,0,0,0,0
614,0,0,0,0,0,0,0,0,0
615,0,0,0,0,0,0,0,0,0
616,0,0,0,0,0,0,0,0,0
617,0,0,0,0,0,0,0,0,0
618,0,0,0,0,0,0,0,0,0
619,0,0,0,0,0,0,0,0,0
620,0,0,0,0,0,0,0,0,0
621,0,0,0,0,0,0,0,0,0
622,0,0,0,0,0,0,0,0,0
623,0,0,0,0,0,0,0,0,0
624,0,0,0,0,0,0,0,0,0
625,0,0,0,0,0,0,0,0,0
626,0,0,0,0,0,0,0,0,0
627,0,0,0,0,0,0,0,0,0
628,0,0,0,0,0,0,0,0,0
629,0,0,0,0,0,0,0,0,0
630,0,0,0,0,0,0,0,0,0
631,0,0,0,0,0,0,0,0,0
632,0,0,0,0,0,0,0,0,0
633,0,0,0,0,0,0,0,0,0
634,0,0,0,0,0,0,0,0,0
635,0,0,0,0,0,0,0,0,0
636,0,0,0,0,0,0,0,0,0
637,0,0,0,0,0,0,0,0,0
638,0,0,0,0,0,0,0,0,0
639,0,0,0,0,0,0,0,0,0
640,0,0,0,0,0,0,0,0,0
641,0,0,0,0,0,0,0,0,0
642,0,0,0,0,0,0,0,0,0
643,0,0,0,0,0,0,0,0,0
644,0,0,0,0,0,0,0,0,0
645,0,0,0,0,0,0,0,0,0
646,0,0,0,0,0,0,0,0,0
647,0,0,0,0,0,0,0,0,0
648,0,0,0,0,0,0,0,0,0
649,0,0,0,0,0,0,0,0,0
650,0,0,0,0,0,0,0,0,0
651,0,0,0,0,0,0,0,0,0
652,0,0,0,0,0,0,0,0,0
653,0,0,0,0,0,0,0,0,0
654,0,0,0,0,0,0,0,0,0
655,0,0,0,0,0,0,0,0,0
656,0,0,0,0,0,0,0,0,0
657,0,0,0,0,0,0,0,0,0
658,0,0,0,0,0,0,0,0,0
659,0,0,0,0,0,0,0,0,0
660,0,0,0,0,0,0,0,0,0
661,0,0,0,0,0,0,0,0,0
662,0,0,0,0,0,0,0,0,0
663,0,0,0,0,0,0,0,0,0
664,0,0,0,0,0,0,0,0,0
665,0,0,0,0,0,0,0,0,0
666,0,0,0,0,0,0,0,0,0
667,0,0,0,0,0,0,0,0,0
668,0,0,0,0,0,0,0,0,0
669,0,0,0,0,0,0,0,0,0
670,0,0,0,0,0,0,0,0,0
671,0,0,0,0,0,0,0,0,0
672,0,0,0,0,0,0,0,0,0
673,0,0,0,0,0,0,0,0,0
674,0,0,0,0,0,0,0,0,0
675,0,0,0,0,0,0,0,0,0
676,0,0,0,0,0,0,0,0,0
677,0,0,0,0,0,0,0,0,0
678,0,0,0,0,0,0,0,0,0
679,0,0,0,0,0,0,0,0,0
680,0,0,0,0,0,0,0,0,0
681,0,0,0,0,0,0,0,0,0
682,0,0,0,0,0,0,0,0,0
683,0,0,0,0,0,0,0,0,0
684,0,0,0,0,0,0,0,0,0
685,0,0,0,0,0,0,0,0,0
686,0,0,0,0,0,0,0,0,0
687,0,0,0,0,0,0,0,0,0
688,0,0,0,0,0,0,0,0,0
689,0,0,0,0,0,0,0,0,0
690,0,0,0,0,0,0,0,0,0
691,0,0,0,0,0,0,0,0,0
692,0,0,0,0,0,0,0,0,0
693,0,0,0,0,0,0,0,0,0
694,0,0,0,0,0,0,0,0,0
695,0,0,0,0,0,0,0,0,0
696,0,0,0,0,0,0,0,0,0
697,0,0,0,0,0,0,0,0,0
698,0,0,0,0,0,0,0,0,0
699,0,0,0,0,0,0,0,0,0
700,0,0,0,0,0,0,0,0,0
701,0,0,0,0,0,0,0,0,0
702,0,0,0,0,0,0,0,0,0
703,0,0,0,0,0,0,0,0,0
704,0,0,0,0,0,0,0,0,0
705,0,0,0,0,0,0,0,0,0
706,0,0,0,0,0,0,0,0,0
707,0,0,0,0,0,0,0,0,0
708,0,0,0,0,0,0,0,0,0
709,0,0,0,0,0,0,0,0,0
710,0,0,0,0,0,0,0,0,0
711,0,0,0,0,0,0,0,0,0
712,0,0,0,0,0,0,0,0,0
713,0,0,0,0,0,0,0,0,0
714,0,0,0,0,0,0,0,0,0
715,0,0,0,0,0,0,0,0,0
716,0,0,0,0,0,0,0,0,0
717,0,0,0,0,0,0,0,0,0
718,0,0,0,0,0,0,0,0,0
719,0,0,0,0,0,0,0,0,0
720,0,0,0,0,0,0,0,0,0
721,0,0,0,0,0,0,0,0,0
722,0,0,0,0,0,0,0,0,0
723,0,0,0,0,0,0,0,0,0
724,0,0,0,0,0,0,0,0,0
725,0,0,0,0,0,0,0,0,0
726,0,0,0,0,0,0,0,0,0
727,0,0,0,0,0,0,0,0,0
728,0,0,0,0,0,0,0,0,0
729,0,0,0,0,0,0,0,0,0
730,0,0,0,0,0,0,0,0,0
731,0,0,0,0,0,0,0,0,0
732,0,0,0,0,0,0,0,0,0
733,0,0,0,0,0,0,0,0,0
734,0,0,0,0,0,0,0,0,0
735,0,0,0,0,0,0,0,0,0
736,0,0,0,0,0,0,0,0,0
737,0,0,0,0,0,0,0,0,0
738,0,0,0,0,0,0,0,0,0
739,0,0,0,0,0,0,0,0,0
740,0,0,0,0,0,0,0,0,0
741,0,0,0,0,0,0,0,0,0
742,0,0,0,0,0,0,0,0,0
743,0,0,0,0,0,0,0,0,0
744,0,0,0,0,0,0,0,0,0
745,0,0,0,0,0,0,0,0,0
746,0,0,0,0,0,0,0,0,0
747,0,0,0,0,0,0,0,0,0
748,0,0,0,0,0,0,0,0,0
749,0,0,0,0,0,0,0,0,0
750,0,0,0,0,0,0,0,0,0
0,194,7257,201425,4077983,57373546,517292847,2626655236,5935079656,3356972874
1,94,2678,57152,894356,9733853,67954274,267356229,468400673,205545845
2,68,1593,27262,342420,3009981,16972556,53969390,76522610,27200546
3,42,864,12507,134182,1008072,4844062,13103770,15787797,4761069
4,38,624,8051,76421,516007,2231145,5439551,5919013,1613217
5,22,368,4167,34965,206623,781068,1662526,1575061,374359
6,18,259,2770,21487,117980,416905,829969,733399,163074
7,18,204,2177,15801,80735,265646,493260,406755,84697
8,11,117,1296,8121,38010,111740,187453,137208,25199
9,8,97,967,5621,24820,68971,107977,73541,12527
10,7,68,647,3412,14364,37369,55244,36077,5817
11,7,53,486,2315,8705,20381,26385,14878,2063
12,5,44,292,1393,4632,9876,11441,5692,711
13,3,31,182,840,2522,4870,5028,2196,244
14,3,31,168,735,2071,3748,3628,1451,149
15,3,31,162,696,1868,3214,2918,1121,89
16,2,21,135,567,1476,2322,1989,694,48
17,1,21,121,531,1325,2111,1802,640,44
18,1,12,90,419,1126,1804,1537,557,41
19,1,12,90,419,1121,1778,1506,541,39
20,1,12,77,353,907,1354,1114,399,34
21,1,9,42,205,481,683,567,218,20
22,1,9,40,193,453,635,516,198,16
23,1,2,29,122,269,361,240,89,4
24,1,2,29,120,257,312,193,53,1
25,1,2,29,113,239,262,155,44,1
26,1,2,29,91,208,236,145,41,1
27,1,2,29,91,191,209,119,38,1
28,1,2,29,91,191,209,119,38,1
29,1,2,26,79,162,175,101,33,0
30,1,2,22,71,118,134,57,17,0
31,1,2,16,46,76,85,26,4,0
32,1,2,13,39,62,67,18,4,0
33,1,2,10,27,43,49,12,3,0
34,0,0,10,21,37,39,12,3,0
35,0,0,10,21,37,39,12,3,0
36,0,0,5,13,26,20,8,1,0
37,0,0,5,13,26,20,8,1,0
38,0,0,4,9,22,18,8,0,0
39,0,0,4,9,21,14,7,0,0
40,0,0,2,8,19,11,5,0,0
41,0,0,0,7,16,11,3,0,0
42,0,0,0,7,16,11,3,0,0
43,0,0,0,6,14,5,0,0,0
44,0,0,0,6,14,5,0,0,0
45,0,0,0,6,14,5,0,0,0
46,0,0,0,6,14,5,0,0,0
47,0,0,0,6,14,5,0,0,0
48,0,0,0,2,11,5,0,0,0
49,0,0,0,2,11,5,0,0,0
50,0,0,0,0,0,0,0,0,0
51,0,0,0,0,0,0,0,0,0
52,0,0,0,0,0,0,0,0,0
53,0,0,0,0,0,0,0,0,0
54,0,0,0,0,0,0,0,0,0
55,0,0,0,0,0,0,0,0,0
56,0,0,0,0,0,0,0,0,0
57,0,0,0,0,0,0,0,0,0
58,0,0,0,0,0,0,0,0,0
59,0,0,0,0,0,0,0,0,0
60,0,0,0,0,0,0,0,0,0
61,0,0,0,0,0,0,0,0,0
62,0,0,0,0,0,0,0,0,0
63,0,0,0,0,0,0,0,0,0
64,0,0,0,0,0,0,0,0,0
65,0,0,0,0,0,0,0,0,0
66,0,0,0,0,0,0,0,0,0
67,0,0,0,0,0,0,0,0,0
68,0,0,0,0,0,0,0,0,0
69,0,0,0,0,0,0,0,0,0
70,0,0,0,0,0,0,0,0,0
71,0,0,0,0,0,0,0,0,0
72,0,0,0,0,0,0,0,0,0
73,0,0,0,0,0,0,0,0,0
74,0,0,0,0,0,0,0,0,0
75,0,0,0,0,0,0,0,0,0
76,0,0,0,0,0,0,0,0,0
77,0,0,0,0,0,0,0,0,0
78,0,0,0,0,0,0,0,0,0
79,0,0,0,0,0,0,0,0,0
80,0,0,0,0,0,0,0,0,0
81,0,0,0,0,0,0,0,0,0
82,0,0,0,0,0,0,0,0,0
83,0,0,0,0,0,0,0,0,0
84,0,0,0,0,0,0,0,0,0
85,0,0,0,0,0,0,0,0,0
86,0,0,0,0,0,0,0,0,0
87,0,0,0,0,0,0,0,0,0
88,0,0,0,0,0,0,0,0,0
89,0,0,0,0,0,0,0,0,0
90,0,0,0,0,0,0,0,0,0
91,0,0,0,0,0,0,0,0,0
92,0,0,0,0,0,0,0,0,0
93,0,0,0,0,0,0,0,0,0
94,0,0,0,0,0,0,0,0,0
95,0,0,0,0,0,0,0,0,0
96,0,0,0,0,0,0,0,0,0
97,0,0,0,0,0,0,0,0,0
98,0,0,0,0,0,0,0,0,0
99,0,0,0,0,0,0,0,0,0
100,0,0,0,0,0,0,0,0,0
101,0,0,0,0,0,0,0,0,0
102,0,0,0,0,0,0,0,0,0
103,0,0,0,0,0,0,0,0,0
104,0,0,0,0,0,0,0,0,0
105,0,0,0,0,0,0,0,0,0
106,0,0,0,0,0,0,0,0,0
107,0,0,0,0,0,0,0,0,0
108,0,0,0,0,0,0,0,0,0
109,0,0,0,0,0,0,0,0,0
110,0,0,0,0,0,0,0,0,0
111,0,0,0,0,0,0,0,0,0
112,0,0,0,0,0,0,0,0,0
113,0,0,0,0,0,0,0,0,0
114,0,0,0,0,0,0,0,0,0
115,0,0,0,0,0,0,0,0,0
116,0,0,0,0,0,0,0,0,0
117,0,0,0,0,0,0,0,0,0
118,0,0,0,0,0,0,0,0,0
119,0,0,0,0,0,0,0,0,0
120,0,0,0,0,0,0,0,0,0
121,0,0,0,0,0,0,0,0,0
122,0,0,0,0,0,0,0,0,0
123,0,0,0,0,0,0,0,0,0
124,0,0,0,0,0,0,0,0,0
125,0,0,0,0,0,0,0,0,0
126,0,0,0,0,0,0,0,0,0
127,0,0,0,0,0,0,0,0,0
128,0,0,0,0,0,0,0,0,0
129,0,0,0,0,0,0,0,0,0
130,0,0,0,0,0,0,0,0,0
131,0,0,0,0,0,0,0,0,0
132,0,0,0,0,0,0,0,0,0
133,0,0,0,0,0,0,0,0,0
134,0,0,0,0,0,0,0,0,0
135,0,0,0,0,0,0,0,0,0
136,0,0,0,0,0,0,0,0,0
137,0,0,0,0,0,0,0,0,0
138,0,0,0,0,0,0,0,0,0
139,0,0,0,0,0,0,0,0,0
140,0,0,0,0,0,0,0,0,0
141,0,0,0,0,0,0,0,0,0
142,0,0,0,0,0,0,0,0,0
143,0,0,0,0,0,0,0,0,0
144,0,0,0,0,0,0,0,0,0
145,0,0,0,0,0,0,0,0,0
146,0,0,0,0,0,0,0,0,0
147,0,0,0,0,0,0,0,0,0
148,0,0,0,0,0,0,0,0,0
149,0,0,0,0,0,0,0,0,0
150,0,0,0,0,0,0,0,0,0
151,0,0,0,0,0,0,0,0,0
152,0,0,0,0,0,0,0,0,0
153,0,0,0,0,0,0,0,0,0
154,0,0,0,0,0,0,0,0,0
155,0,0,0,0,0,0,0,0,0
156,0,0,0,0,0,0,0,0,0
157,0,0,0,0,0,0,0,0,0
158,0,0,0,0,0,0,0,0,0
159,0,0,0,0,0,0,0,0,0
160,0,0,0,0,0,0,0,0,0
161,0,0,0,0,0,0,0,0,0
162,0,0,0,0,0,0,0,0,0
163,0,0,0,0,0,0,0,0,0
164,0,0,0,0,0,0,0,0,0
165,0,0,0,0,0,0,0,0,0
166,0,0,0,0,0,0,0,0,0
167,0,0,0,0,0,0,0,0,0
168,0,0,0,0,0,0,0,0,0
169,0,0,0,0,0,0,0,0,0
170,0,0,0,0,0,0,0,0,0
171,0,0,0,0,0,0,0,0,0
172,0,0,0,0,0,0,0,0,0
173,0,0,0,0,0,0,0,0,0
174,0,0,0,0,0,0,0,0,0
175,0,0,0,0,0,0,0,0,0
176,0,0,0,0,0,0,0,0,0
177,0,0,0,0,0,0,0,0,0
178,0,0,0,0,0,0,0,0,0
179,0,0,0,0,0,0,0,0,0
180,0,0,0,0,0,0,0,0,0
181,0,0,0,0,0,0,0,0,0
182,0,0,0,0,0,0,0,0,0
183,0,0,0,0,0,0,0,0,0
184,0,0,0,0,0,0,0,0,0
185,0,0,0,0,0,0,0,0,0
186,0,0,0,0,0,0,0,0,0
187,0,0,0,0,0,0,0,0,0
188,0,0,0,0,0,0,0,0,0
189,0,0,0,0,0,0,0,0,0
190,0,0,0,0,0,0,0,0,0
191,0,0,0,0,0,0,0,0,0
192,0,0,0,0,0,0,0,0,0
193,0,0,0,0,0,0,0,0,0
194,0,0,0,0,0,0,0,0,0
195,0,0,0,0,0,0,0,0,0
196,0,0,0,0,0,0,0,0,0
197,0,0,0,0,0,0,0,0,0
198,0,0,0,0,0,0,0,0,0
199,0,0,0,0,0,0,0,0,0
200,0,0,0,0,0,0,0,0,0
201,0,0,0,0,0,0,0,0,0
202,0,0,0,0,0,0,0,0,0
203,0,0,0,0,0,0,0,0,0
204,0,0,0,0,0,0,0,0,0
205,0,0,0,0,0,0,0,0,0
206,0,0,0,0,0,0,0,0,0
207,0,0,0,0,0,0,0,0,0
208,0,0,0,0,0,0,0,0,0
209,0,0,0,0,0,0,0,0,0
210,0,0,0,0,0,0,0,0,0
211,0,0,0,0,0,0,0,0,0
212,0,0,0,0,0,0,0,0,0
213,0,0,0,0,0,0,0,0,0
214,0,0,0,0,0,0,0,0,0
215,0,0,0,0,0,0,0,0,0
216,0,0,0,0,0,0,0,0,0
217,0,0,0,0,0,0,0,0,0
218,0,0,0,0,0,0,0,0,0
219,0,0,0,0,0,0,0,0,0
220,0,0,0,0,0,0,0,0,0
221,0,0,0,0,0,0,0,0,0
222,0,0,0,0,0,0,0,0,0
223,0,0,0,0,0,0,0,0,0
224,0,0,0,0,0,0,0,0,0
225,0,0,0,0,0,0,0,0,0
226,0,0,0,0,0,0,0,0,0
227,0,0,0,0,0,0,0,0,0
228,0,0,0,0,0,0,0,0,0
229,0,0,0,0,0,0,0,0,0
230,0,0,0,0,0,0,0,0,0
231,0,0,0,0,0,0,0,0,0
232,0,0,0,0,0,0,0,0,0
233,0,0,0,0,0,0,0,0,0
234,0,0,0,0,0,0,0,0,0
235,0,0,0,0,0,0,0,0,0
236,0,0,0,0,0,0,0,0,0
237,0,0,0,0,0,0,0,0,0
238,0,0,0,0,0,0,0,0,0
239,0,0,0,0,0,0,0,0,0
240,0,0,0,0,0,0,0,0,0
241,0,0,0,0,0,0,0,0,0
242,0,0,0,0,0,0,0,0,0
243,0,0,0,0,0,0,0,0,0
244,0,0,0,0,0,0,0,0,0
245,0,0,0,0,0,0,0,0,0
246,0,0,0,0,0,0,0,0,0
247,0,0,0,0,0,0,0,0,0
248,0,0,0,0,0,0,0,0,0
249,0,0,0,0,0,0,0,0,0
250,0,0,0,0,0,0,0,0,0
251,0,0,0,0,0,0,0,0,0
252,0,0,0,0,0,0,0,0,0
253,0,0,0,0,0,0,0,0,0
254,0,0,0,0,0,0,0,0,0
255,0,0,0,0,0,0,0,0,0
256,0,0,0,0,0,0,0,0,0
257,0,0,0,0,0,0,0,0,0
258,0,0,0,0,0,0,0,0,0
259,0,0,0,0,0,0,0,0,0
260,0,0,0,0,0,0,0,0,0
261,0,0,0,0,0,0,0,0,0
262,0,0,0,0,0,0,0,0,0
263,0,0,0,0,0,0,0,0,0
264,0,0,0,0,0,0,0,0,0
265,0,0,0,0,0,0,0,0,0
266,0,0,0,0,0,0,0,0,0
267,0,0,0,0,0,0,0,0,0
268,0,0,0,0,0,0,0,0,0
269,0,0,0,0,0,0,0,0,0
270,0,0,0,0,0,0,0,0,0
271,0,0,0,0,0,0,0,0,0
272,0,0,0,0,0,0,0,0,0
273,0,0,0,0,0,0,0,0,0
274,0,0,0,0,0,0,0,0,0
275,0,0,0,0,0,0,0,0,0
276,0,0,0,0,0,0,0,0,0
277,0,0,0,0,0,0,0,0,0
278,0,0,0,0,0,0,0,0,0
279,0,0,0,0,0,0,0,0,0
280,0,0,0,0,0,0,0,0,0
281,0,0,0,0,0,0,0,0,0
282,0,0,0,0,0,0,0,0,0
283,0,0,0,0,0,0,0,0,0
284,0,0,0,0,0,0,0,0,0
285,0,0,0,0,0,0,0,0,0
286,0,0,0,0,0,0,0,0,0
287,0,0,0,0,0,0,0,0,0
288,0,0,0,0,0,0,0,0,0
289,0,0,0,0,0,0,0,0,0
290,0,0,0,0,0,0,0,0,0
291,0,0,0,0,0,0,0,0,0
292,0,0,0,0,0,0,0,0,0
293,0,0,0,0,0,0,0,0,0
294,0,0,0,0,0,0,0,0,0
295,0,0,0,0,0,0,0,0,0
296,0,0,0,0,0,0,0,0,0
297,0,0,0,0,0,0,0,0,0
298,0,0,0,0,0,0,0,0,0
299,0,0,0,0,0,0,0,0,0
300,0,0,0,0,0,0,0,0,0
301,0,0,0,0,0,0,0,0,0
302,0,0,0,0,0,0,0,0,0
303,0,0,0,0,0,0,0,0,0
304,0,0,0,0,0,0,0,0,0
305,0,0,0,0,0,0,0,0,0
306,0,0,0,0,0,0,0,0,0
307,0,0,0,0,0,0,0,0,0
308,0,0,0,0,0,0,0,0,0
309,0,0,0,0,0,0,0,0,0
310,0,0,0,0,0,0,0,0,0
311,0,0,0,0,0,0,0,0,0
312,0,0,0,0,0,0,0,0,0
313,0,0,0,0,0,0,0,0,0
314,0,0,0,0,0,0,0,0,0
315,0,0,0,0,0,0,0,0,0
316,0,0,0,0,0,0,0,0,0
317,0,0,0,0,0,0,0,0,0
318,0,0,0,0,0,0,0,0,0
319,0,0,0,0,0,0,0,0,0
320,0,0,0,0,0,0,0,0,0
321,0,0,0,0,0,0,0,0,0
322,0,0,0,0,0,0,0,0,0
323,0,0,0,0,0,0,0,0,0
324,0,0,0,0,0,0,0,0,0
325,0,0,0,0,0,0,0,0,0
326,0,0,0,0,0,0,0,0,0
327,0,0,0,0,0,0,0,0,0
328,0,0,0,0,0,0,0,0,0
329,0,0,0,0,0,0,0,0,0
330,0,0,0,0,0,0,0,0,0
331,0,0,0,0,0,0,0,0,0
332,0,0,0,0,0,0,0,0,0
333,0,0,0,0,0,0,0,0,0
334,0,0,0,0,0,0,0,0,0
335,0,0,0,0,0,0,0,0,0
336,0,0,0,0,0,0,0,0,0
337,0,0,0,0,0,0,0,0,0
338,0,0,0,0,0,0,0,0,0
339,0,0,0,0,0,0,0,0,0
340,0,0,0,0,0,0,0,0,0
341,0,0,0,0,0,0,0,0,0
342,0,0,0,0,0,0,0,0,0
343,0,0,0,0,0,0,0,0,0
344,0,0,0,0,0,0,0,0,0
345,0,0,0,0,0,0,0,0,0
346,0,0,0,0,0,0,0,0,0
347,0,0,0,0,0,0,0,0,0
348,0,0,0,0,0,0,0,0,0
349,0,0,0,0,0,0,0,0,0
350,0,0,0,0,0,0,0,0,0
351,0,0,0,0,0,0,0,0,0
352,0,0,0,0,0,0,0,0,0
353,0,0,0,0,0,0,0,0,0
354,0,0,0,0,0,0,0,0,0
355,0,0,0,0,0,0,0,0,0
356,0,0,0,0,0,0,0,0,0
357,0,0,0,0,0,0,0,0,0
358,0,0,0,0,0,0,0,0,0
359,0,0,0,0,0,0,0,0,0
360,0,0,0,0,0,0,0,0,0
361,0,0,0,0,0,0,0,0,0
362,0,0,0,0,0,0,0,0,0
363,0,0,0,0,0,0,0,0,0
364,0,0,0,0,0,0,0,0,0
365,0,0,0,0,0,0,0,0,0
366,0,0,0,0,0,0,0,0,0
367,0,0,0,0,0,0,0,0,0
368,0,0,0,0,0,0,0,0,0
369,0,0,0,0,0,0,0,0,0
370,0,0,0,0,0,0,0,0,0
371,0,0,0,0,0,0,0,0,0
372,0,0,0,0,0,0,0,0,0
373,0,0,0,0,0,0,0,0,0
374,0,0,0,0,0,0,0,0,0
375,0,0,0,0,0,0,0,0,0
376,0,0,0,0,0,0,0,0,0
377,0,0,0,0,0,0,0,0,0
378,0,0,0,0,0,0,0,0,0
379,0,0,0,0,0,0,0,0,0
380,0,0,0,0,0,0,0,0,0
381,0,0,0,0,0,0,0,0,0
382,0,0,0,0,0,0,0,0,0
383,0,0,0,0,0,0,0,0,0
384,0,0,0,0,0,0,0,0,0
385,0,0,0,0,0,0,0,0,0
386,0,0,0,0,0,0,0,0,0
387,0,0,0,0,0,0,0,0,0
388,0,0,0,0,0,0,0,0,0
389,0,0,0,0,0,0,0,0,0
390,0,0,0,0,0,0,0,0,0
391,0,0,0,0,0,0,0,0,0
392,0,0,0,0,0,0,0,0,0
393,0,0,0,0,0,0,0,0,0
394,0,0,0,0,0,0,0,0,0
395,0,0,0,0,0,0,0,0,0
396,0,0,0,0,0,0,0,0,0
397,0,0,0,0,0,0,0,0,0
398,0,0,0,0,0,0,0,0,0
399,0,0,0,0,0,0,0,0,0
400,0,0,0,0,0,0,0,0,0
401,0,0,0,0,0,0,0,0,0
402,0,0,0,0,0,0,0,0,0
403,0,0,0,0,0,0,0,0,0
404,0,0,0,0,0,0,0,0,0
405,0,0,0,0,0,0,0,0,0
406,0,0,0,0,0,0,0,0,0
407,0,0,0,0,0,0,0,0,0
408,0,0,0,0,0,0,0,0,0
409,0,0,0,0,0,0,0,0,0
410,0,0,0,0,0,0,0,0,0
411,0,0,0,0,0,0,0,0,0
412,0,0,0,0,0,0,0,0,0
413,0,0,0,0,0,0,0,0,0
414,0,0,0,0,0,0,0,0,0
415,0,0,0,0,0,0,0,0,0
416,0,0,0,0,0,0,0,0,0
417,0,0,0,0,0,0,0,0,0
418,0,0,0,0,0,0,0,0,0
419,0,0,0,0,0,0,0,0,0
420,0,0,0,0,0,0,0,0,0
421,0,0,0,0,0,0,0,0,0
422,0,0,0,0,0,0,0,0,0
423,0,0,0,0,0,0,0,0,0
424,0,0,0,0,0,0,0,0,0
425,0,0,0,0,0,0,0,0,0
426,0,0,0,0,0,0,0,0,0
427,0,0,0,0,0,0,0,0,0
428,0,0,0,0,0,0,0,0,0
429,0,0,0,0,0,0,0,0,0
430,0,0,0,0,0,0,0,0,0
431,0,0,0,0,0,0,0,0,0
432,0,0,0,0,0,0,0,0,0
433,0,0,0,0,0,0,0,0,0
434,0,0,0,0,0,0,0,0,0
435,0,0,0,0,0,0,0,0,0
436,0,0,0,0,0,0,0,0,0
437,0,0,0,0,0,0,0,0,0
438,0,0,0,0,0,0,0,0,0
439,0,0,0,0,0,0,0,0,0
440,0,0,0,0,0,0,0,0,0
441,0,0,0,0,0,0,0,0,0
442,0,0,0,0,0,0,0,0,0
443,0,0,0,0,0,0,0,0,0
444,0,0,0,0,0,0,0,0,0
445,0,0,0,0,0,0,0,0,0
446,0,0,0,0,0,0,0,0,0
447,0,0,0,0,0,0,0,0,0
448,0,0,0,0,0,0,0,0,0
449,0,0,0,0,0,0,0,0,0
450,0,0,0,0,0,0,0,0,0
451,0,0,0,0,0,0,0,0,0
452,0,0,0,0,0,0,0,0,0
453,0,0,0,0,0,0,0,0,0
454,0,0,0,0,0,0,0,0,0
455,0,0,0,0,0,0,0,0,0
456,0,0,0,0,0,0,0,0,0
457,0,0,0,0,0,0,0,0,0
458,0,0,0,0,0,0,0,0,0
459,0,0,0,0,0,0,0,0,0
460,0,0,0,0,0,0,0,0,0
461,0,0,0,0,0,0,0,0,0
462,0,0,0,0,0,0,0,0,0
463,0,0,0,0,0,0,0,0,0
464,0,0,0,0,0,0,0,0,0
465,0,0,0,0,0,0,0,0,0
466,0,0,0,0,0,0,0,0,0
467,0,0,0,0,0,0,0,0,0
468,0,0,0,0,0,0,0,0,0
469,0,0,0,0,0,0,0,0,0
470,0,0,0,0,0,0,0,0,0
471,0,0,0,0,0,0,0,0,0
472,0,0,0,0,0,0,0,0,0
473,0,0,0,0,0,0,0,0,0
474,0,0,0,0,0,0,0,0,0
475,0,0,0,0,0,0,0,0,0
476,0,0,0,0,0,0,0,0,0
477,0,0,0,0,0,0,0,0,0
478,0,0,0,0,0,0,0,0,0
479,0,0,0,0,0,0,0,0,0
480,0,0,0,0,0,0,0,0,0
481,0,0,0,0,0,0,0,0,0
482,0,0,0,0,0,0,0,0,0
483,0,0,0,0,0,0,0,0,0
484,0,0,0,0,0,0,0,0,0
485,0,0,0,0,0,0,0,0,0
486,0,0,0,0,0,0,0,0,0
487,0,0,0,0,0,0,0,0,0
488,0,0,0,0,0,0,0,0,0
489,0,0,0,0,0,0,0,0,0
490,0,0,0,0,0,0,0,0,0
491,0,0,0,0,0,0,0,0,0
492,0,0,0,0,0,0,0,0,0
493,0,0,0,0,0,0,0,0,0
494,0,0,0,0,0,0,0,0,0
495,0,0,0,0,0,0,0,0,0
496,0,0,0,0,0,0,0,0,0
497,0,0,0,0,0,0,0,0,0
498,0,0,0,0,0,0,0,0,0
499,0,0,0,0,0,0,0,0,0
500,0,0,0,0,0,0,0,0,0
501,0,0,0,0,0,0,0,0,0
502,0,0,0,0,0,0,0,0,0
503,0,0,0,0,0,0,0,0,0
504,0,0,0,0,0,0,0,0,0
505,0,0,0,0,0,0,0,0,0
506,0,0,0,0,0,0,0,0,0
507,0,0,0,0,0,0,0,0,0
508,0,0,0,0,0,0,0,0,0
509,0,0,0,0,0,0,0,0,0
510,0,0,0,0,0,0,0,0,0
511,0,0,0,0,0,0,0,0,0
512,0,0,0,0,0,0,0,0,0
513,0,0,0,0,0,0,0,0,0
514,0,0,0,0,0,0,0,0,0
515,0,0,0,0,0,0,0,0,0
516,0,0,0,0,0,0,0,0,0
517,0,0,0,0,0,0,0,0,0
518,0,0,0,0,0,0,0,0,0
519,0,0,0,0,0,0,0,0,0
520,0,0,0,0,0,0,0,0,0
521,0,0,0,0,0,0,0,0,0
522,0,0,0,0,0,0,0,0,0
523,0,0,0,0,0,0,0,0,0
524,0,0,0,0,0,0,0,0,0
525,0,0,0,0,0,0,0,0,0
526,0,0,0,0,0,0,0,0,0
527,0,0,0,0,0,0,0,0,0
528,0,0,0,0,0,0,0,0,0
529,0,0,0,0,0,0,0,0,0
530,0,0,0,0,0,0,0,0,0
531,0,0,0,0,0,0,0,0,0
532,0,0,0,0,0,0,0,0,0
533,0,0,0,0,0,0,0,0,0
534,0,0,0,0,0,0,0,0,0
535,0,0,0,0,0,0,0,0,0
536,0,0,0,0,0,0,0,0,0
537,0,0,0,0,0,0,0,0,0
538,0,0,0,0,0,0,0,0,0
539,0,0,0,0,0,0,0,0,0
540,0,0,0,0,0,0,0,0,0
541,0,0,0,0,0,0,0,0,0
542,0,0,0,0,0,0,0,0,0
543,0,0,0,0,0,0,0,0,0
544,0,0,0,0,0,0,0,0,0
545,0,0,0,0,0,0,0,0,0
546,0,0,0,0,0,0,0,0,0
547,0,0,0,0,0,0,0,0,0
548,0,0,0,0,0,0,0,0,0
549,0,0,0,0,0,0,0,0,0
550,0,0,0,0,0,0,0,0,0
551,0,0,0,0,0,0,0,0,0
552,0,0,0,0,0,0,0,0,0
553,0,0,0,0,0,0,0,0,0
554,0,0,0,0,0,0,0,0,0
555,0,0,0,0,0,0,0,0,0
556,0,0,0,0,0,0,0,0,0
557,0,0,0,0,0,0,0,0,0
558,0,0,0,0,0,0,0,0,0
559,0,0,0,0,0,0,0,0,0
560,0,0,0,0,0,0,0,0,0
561,0,0,0,0,0,0,0,0,0
562,0,0,0,0,0,0,0,0,0
563,0,0,0,0,0,0,0,0,0
564,0,0,0,0,0,0,0,0,0
565,0,0,0,0,0,0,0,0,0
566,0,0,0,0,0,0,0,0,0
567,0,0,0,0,0,0,0,0,0
568,0,0,0,0,0,0,0,0,0
569,0,0,0,0,0,0,0,0,0
570,0,0,0,0,0,0,0,0,0
571,0,0,0,0,0,0,0,0,0
572,0,0,0,0,0,0,0,0,0
573,0,0,0,0,0,0,0,0,0
574,0,0,0,0,0,0,0,0,0
575,0,0,0,0,0,0,0,0,0
576,0,0,0,0,0,0,0,0,0
577,0,0,0,0,0,0,0,0,0
578,0,0,0,0,0,0,0,0,0
579,0,0,0,0,0,0,0,0,0
580,0,0,0,0,0,0,0,0,0
581,0,0,0,0,0,0,0,0,0
582,0,0,0,0,0,0,0,0,0
583,0,0,0,0,0,0,0,0,0
584,0,0,0,0,0,0,0,0,0
585,0,0,0,0,0,0,0,0,0
586,0,0,0,0,0,0,0,0,0
587,0,0,0,0,0,0,0,0,0
588,0,0,0,0,0,0,0,0,0
589,0,0,0,0,0,0,0,0,0
590,0,0,0,0,0,0,0,0,0
591,0,0,0,0,0,0,0,0,0
592,0,0,0,0,0,0,0,0,0
593,0,0,0,0,0,0,0,0,0
594,0,0,0,0,0,0,0,0,0
595,0,0,0,0,0,0,0,0,0
596,0,0,0,0,0,0,0,0,0
597,0,0,0,0,0,0,0,0,0
598,0,0,0,0,0,0,0,0,0
599,0,0,0,0,0,0,0,0,0
600,0,0,0,0,0,0,0,0,0
601,0,0,0,0,0,0,0,0,0
602,0,0,0,0,0,0,0,0,0
603,0,0,0,0,0,0,0,0,0
604,0,0,0,0,0,0,0,0,0
605,0,0,0,0,0,0,0,0,0
606,0,0,0,0,0,0,0,0,0
607,0,0,0,0,0,0,0,0,0
608,0,0,0,0,0,0,0,0,0
609,0,0,0,0,0,0,0,0,0
610,0,0,0,0,0,0,0,0,0
611,0,0,0,0,0,0,0,0,0
612,0,0,0,0,0,0,0,0,0
613,0,0,0,0,0,0,0,0,0
614,0,0,0,0,0,0,0,0,0
615,0,0,0,0,0,0,0,0,0
616,0,0,0,0,0,0,0,0,0
617,0,0,0,0,0,0,0,0,0
618,0,0,0,0,0,0,0,0,0
619,0,0,0,0,0,0,0,0,0
620,0,0,0,0,0,0,0,0,0
621,0,0,0,0,0,0,0,0,0
622,0,0,0,0,0,0,0,0,0
623,0,0,0,0,0,0,0,0,0
624,0,0,0,0,0,0,0,0,0
625,0,0,0,0,0,0,0,0,0
626,0,0,0,0,0,0,0,0,0
627,0,0,0,0,0,0,0,0,0
628,0,0,0,0,0,0,0,0,0
629,0,0,0,0,0,0,0,0,0
630,0,0,0,0,0,0,0,0,0
631,0,0,0,0,0,0,0,0,0
632,0,0,0,0,0,0,0,0,0
633,0,0,0,0,0,0,0,0,0
634,0,0,0,0,0,0,0,0,0
635,0,0,0,0,0,0,0,0,0
636,0,0,0,0,0,0,0,0,0
637,0,0,0,0,0,0,0,0,0
638,0,0,0,0,0,0,0,0,0
639,0,0,0,0,0,0,0,0,0
640,0,0,0,0,0,0,0,0,0
641,0,0,0,0,0,0,0,0,0
642,0,0,0,0,0,0,0,0,0
643,0,0,0,0,0,0,0,0,0
644,0,0,0,0,0,0,0,0,0
645,0,0,0,0,0,0,0,0,0
646,0,0,0,0,0,0,0,0,0
647,0,0,0,0,0,0,0,0,0
648,0,0,0,0,0,0,0,0,0
649,0,0,0,0,0,0,0,0,0
650,0,0,0,0,0,0,0,0,0
651,0,0,0,0,0,0,0,0,0
652,0,0,0,0,0,0,0,0,0
653,0,0,0,0,0,0,0,0,0
654,0,0,0,0,0,0,0,0,0
655,0,0,0,0,0,0,0,0,0
656,0,0,0,0,0,0,0,0,0
657,0,0,0,0,0,0,0,0,0
658,0,0,0,0,0,0,0,0,0
659,0,0,0,0,0,0,0,0,0
660,0,0,0,0,0,0,0,0,0
661,0,0,0,0,0,0,0,0,0
662,0,0,0,0,0,0,0,0,0
663,0,0,0,0,0,0,0,0,0
664,0,0,0,0,0,0,0,0,0
665,0,0,0,0,0,0,0,0,0
666,0,0,0,0,0,0,0,0,0
667,0,0,0,0,0,0,0,0,0
668,0,0,0,0,0,0,0,0,0
669,0,0,0,0,0,0,0,0,0
670,0,0,0,0,0,0,0,0,0
671,0,0,0,0,0,0,0,0,0
672,0,0,0,0,0,0,0,0,0
673,0,0,0,0,0,0,0,0,0
674,0,0,0,0,0,0,0,0,0
675,0,0,0,0,0,0,0,0,0
676,0,0,0,0,0,0,0,0,0
677,0,0,0,0,0,0,0,0,0
678,0,0,0,0,0,0,0,0,0
679,0,0,0,0,0,0,0,0,0
680,0,0,0,0,0,0,0,0,0
681,0,0,0,0,0,0,0,0,0
682,0,0,0,0,0,0,0,0,0
683,0,0,0,0,0,0,0,0,0
684,0,0,0,0,0,0,0,0,0
685,0,0,0,0,0,0,0,0,0
686,0,0,0,0,0,0,0,0,0
687,0,0,0,0,0,0,0,0,0
688,0,0,0,0,0,0,0,0,0
689,0,0,0,0,0,0,0,0,0
690,0,0,0,0,0,0,0,0,0
691,0,0,0,0,0,0,0,0,0
692,0,0,0,0,0,0,0,0,0
693,0,0,0,0,0,0,0,0,0
694,0,0,0,0,0,0,0,0,0
695,0,0,0,0,0,0,0,0,0
696,0,0,0,0,0,0,0,0,0
697,0,0,0,0,0,0,0,0,0
698,0,0,0,0,0,0,0,0,0
699,0,0,0,0,0,0,0,0,0
700,0,0,0,0,0,0,0,0,0
701,0,0,0,0,0,0,0,0,0
702,0,0,0,0,0,0,0,0,0
703,0,0,0,0,0,0,0,0,0
704,0,0,0,0,0,0,0,0,0
705,0,0,0,0,0,0,0,0,0
706,0,0,0,0,0,0,0,0,0
707,0,0,0,0,0,0,0,0,0
708,0,0,0,0,0,0,0,0,0
709,0,0,0,0,0,0,0,0,0
710,0,0,0,0,0,0,0,0,0
711,0,0,0,0,0,0,0,0,0
712,0,0,0,0,0,0,0,0,0
713,0,0,0,0,0,0,0,0,0
714,0,0,0,0,0,0,0,0,0
715,0,0,0,0,0,0,0,0,0
716,0,0,0,0,0,0,0,0,0
717,0,0,0,0,0,0,0,0,0
718,0,0,0,0,0,0,0,0,0
719,0,0,0,0,0,0,0,0,0
720,0,0,0,0,0,0,0,0,0
721,0,0,0,0,0,0,0,0,0
722,0,0,0,0,0,0,0,0,0
723,0,0,0,0,0,0,0,0,0
724,0,0,0,0,0,0,0,0,0
725,0,0,0,0,0,0,0,0,0
726,0,0,0,0,0,0,0,0,0
727,0,0,0,0,0,0,0,0,0
728,0,0,0,0,0,0,0,0,0
729,0,0,0,0,0,0,0,0,0
730,0,0,0,0,0,0,0,0,0
731,0,0,0,0,0,0,0,0,0
732,0,0,0,0,0,0,0,0,0
733,0,0,0,0,0,0,0,0,0
734,0,0,0,0,0,0,0,0,0
735,0,0,0,0,0,0,0,0,0
736,0,0,0,0,0,0,0,0,0
737,0,0,0,0,0,0,0,0,0
738,0,0,0,0,0,0,0,0,0
739,0,0,0,0,0,0,0,0,0
740,0,0,0,0,0,0,0,0,0
741,0,0,0,0,0,0,0,0,0
742,0,0,0,0,0,0,0,0,0
743,0,0,0,0,0,0,0,0,0
744,0,0,0,0,0,0,0,0,0
745,0,0,0,0,0,0,0,0,0
746,0,0,0,0,0,0,0,0,0
747,0,0,0,0,0,0,0,0,0
748,0,0,0,0,0,0,0,0,0
749,0,0,0,0,0,0,0,0,0
750,0,0,0,0,0,0,0,0,0
0,194,7257,201425,4077983,57373546,517292847,2626655236,5935079656,3356972874
1,88,2687,60316,992351,11333560,82909038,341283158,624722033,286089298
2,63,1592,29853,409068,3919040,24088780,83352244,128358372,49529461
3,34,809,13421,157240,1287785,6780443,20058713,26368141,8678473
4,23,515,7856,82186,605543,2861358,7591433,8929974,2618378
5,6,237,3243,28970,184196,754101,1742404,1793855,460966
6,3,178,2064,16239,92485,341042,711084,660249,153302
7,3,150,1667,12531,68287,240828,475489,417493,91420
8,1,98,957,6473,30179,90695,153184,115502,21648
9,1,91,824,5262,22889,64130,99893,68958,11751
10,1,89,718,4133,17001,44532,65136,42417,6815
11,1,65,532,2795,10555,24963,32961,19565,2745
12,0,43,420,2045,7249,16657,21286,12507,1759
13,0,20,214,954,3289,7416,8878,4928,686
14,0,11,96,383,1279,2825,2988,1533,186
15,0,11,84,339,1025,2070,2074,1025,126
16,0,11,83,333,1003,1988,1945,951,119
17,0,10,74,263,746,1434,1283,562,70
18,0,6,22,78,201,388,325,154,27
19,0,6,22,76,177,312,246,120,22
20,0,6,21,73,171,289,226,111,22
21,0,6,19,64,149,243,175,82,12
22,0,6,18,56,103,135,90,33,2
23,0,4,14,43,68,74,47,16,1
24,0,4,14,41,63,64,32,9,1
25,0,3,11,34,56,63,31,9,1
26,0,3,11,30,44,35,13,3,0
27,0,3,11,30,41,25,7,0,0
28,0,3,11,26,31,16,6,0,0
29,0,0,0,0,0,0,0,0,0
30,0,0,0,0,0,0,0,0,0
31,0,0,0,0,0,0,0,0,0
32,0,0,0,0,0,0,0,0,0
33,0,0,0,0,0,0,0,0,0
34,0,0,0,0,0,0,0,0,0
35,0,0,0,0,0,0,0,0,0
36,0,0,0,0,0,0,0,0,0
37,0,0,0,0,0,0,0,0,0
38,0,0,0,0,0,0,0,0,0
39,0,0,0,0,0,0,0,0,0
40,0,0,0,0,0,0,0,0,0
41,0,0,0,0,0,0,0,0,0
42,0,0,0,0,0,0,0,0,0
43,0,0,0,0,0,0,0,0,0
44,0,0,0,0,0,0,0,0,0
45,0,0,0,0,0,0,0,0,0
46,0,0,0,0,0,0,0,0,0
47,0,0,0,0,0,0,0,0,0
48,0,0,0,0,0,0,0,0,0
49,0,0,0,0,0,0,0,0,0
50,0,0,0,0,0,0,0,0,0
51,0,0,0,0,0,0,0,0,0
52,0,0,0,0,0,0,0,0,0
53,0,0,0,0,0,0,0,0,0
54,0,0,0,0,0,0,0,0,0
55,0,0,0,0,0,0,0,0,0
56,0,0,0,0,0,0,0,0,0
57,0,0,0,0,0,0,0,0,0
58,0,0,0,0,0,0,0,0,0
59,0,0,0,0,0,0,0,0,0
60,0,0,0,0,0,0,0,0,0
61,0,0,0,0,0,0,0,0,0
62,0,0,0,0,0,0,0,0,0
63,0,0,0,0,0,0,0,0,0
64,0,0,0,0,0,0,0,0,0
65,0,0,0,0,0,0,0,0,0
66,0,0,0,0,0,0,0,0,0
67,0,0,0,0,0,0,0,0,0
68,0,0,0,0,0,0,0,0,0
69,0,0,0,0,0,0,0,0,0
70,0,0,0,0,0,0,0,0,0
71,0,0,0,0,0,0,0,0,0
72,0,0,0,0,0,0,0,0,0
73,0,0,0,0,0,0,0,0,0
74,0,0,0,0,0,0,0,0,0
75,0,0,0,0,0,0,0,0,0
76,0,0,0,0,0,0,0,0,0
77,0,0,0,0,0,0,0,0,0
78,0,0,0,0,0,0,0,0,0
79,0,0,0,0,0,0,0,0,0
80,0,0,0,0,0,0,0,0,0
81,0,0,0,0,0,0,0,0,0
82,0,0,0,0,0,0,0,0,0
83,0,0,0,0,0,0,0,0,0
84,0,0,0,0,0,0,0,0,0
85,0,0,0,0,0,0,0,0,0
86,0,0,0,0,0,0,0,0,0
87,0,0,0,0,0,0,0,0,0
88,0,0,0,0,0,0,0,0,0
89,0,0,0,0,0,0,0,0,0
90,0,0,0,0,0,0,0,0,0
91,0,0,0,0,0,0,0,0,0
92,0,0,0,0,0,0,0,0,0
93,0,0,0,0,0,0,0,0,0
94,0,0,0,0,0,0,0,0,0
95,0,0,0,0,0,0,0,0,0
96,0,0,0,0,0,0,0,0,0
97,0,0,0,0,0,0,0,0,0
98,0,0,0,0,0,0,0,0,0
99,0,0,0,0,0,0,0,0,0
100,0,0,0,0,0,0,0,0,0
101,0,0,0,0,0,0,0,0,0
102,0,0,0,0,0,0,0,0,0
103,0,0,0,0,0,0,0,0,0
104,0,0,0,0,0,0,0,0,0
105,0,0,0,0,0,0,0,0,0
106,0,0,0,0,0,0,0,0,0
107,0,0,0,0,0,0,0,0,0
108,0,0,0,0,0,0,0,0,0
109,0,0,0,0,0,0,0,0,0
110,0,0,0,0,0,0,0,0,0
111,0,0,0,0,0,0,0,0,0
112,0,0,0,0,0,0,0,0,0
113,0,0,0,0,0,0,0,0,0
114,0,0,0,0,0,0,0,0,0
115,0,0,0,0,0,0,0,0,0
116,0,0,0,0,0,0,0,0,0
117,0,0,0,0,0,0,0,0,0
118,0,0,0,0,0,0,0,0,0
119,0,0,0,0,0,0,0,0,0
120,0,0,0,0,0,0,0,0,0
121,0,0,0,0,0,0,0,0,0
122,0,0,0,0,0,0,0,0,0
123,0,0,0,0,0,0,0,0,0
124,0,0,0,0,0,0,0,0,0
125,0,0,0,0,0,0,0,0,0
126,0,0,0,0,0,0,0,0,0
127,0,0,0,0,0,0,0,0,0
128,0,0,0,0,0,0,0,0,0
129,0,0,0,0,0,0,0,0,0
130,0,0,0,0,0,0,0,0,0
131,0,0,0,0,0,0,0,0,0
132,0,0,0,0,0,0,0,0,0
133,0,0,0,0,0,0,0,0,0
134,0,0,0,0,0,0,0,0,0
135,0,0,0,0,0,0,0,0,0
136,0,0,0,0,0,0,0,0,0
137,0,0,0,0,0,0,0,0,0
138,0,0,0,0,0,0,0,0,0
139,0,0,0,0,0,0,0,0,0
140,0,0,0,0,0,0,0,0,0
141,0,0,0,0,0,0,0,0,0
142,0,0,0,0,0,0,0,0,0
143,0,0,0,0,0,0,0,0,0
144,0,0,0,0,0,0,0,0,0
145,0,0,0,0,0,0,0,0,0
146,0,0,0,0,0,0,0,0,0
147,0,0,0,0,0,0,0,0,0
148,0,0,0,0,0,0,0,0,0
149,0,0,0,0,0,0,0,0,0
150,0,0,0,0,0,0,0,0,0
151,0,0,0,0,0,0,0,0,0
152,0,0,0,0,0,0,0,0,0
153,0,0,0,0,0,0,0,0,0
154,0,0,0,0,0,0,0,0,0
155,0,0,0,0,0,0,0,0,0
156,0,0,0,0,0,0,0,0,0
157,0,0,0,0,0,0,0,0,0
158,0,0,0,0,0,0,0,0,0
159,0,0,0,0,0,0,0,0,0
160,0,0,0,0,0,0,0,0,0
161,0,0,0,0,0,0,0,0,0
162,0,0,0,0,0,0,0,0,0
163,0,0,0,0,0,0,0,0,0
164,0,0,0,0,0,0,0,0,0
165,0,0,0,0,0,0,0,0,0
166,0,0,0,0,0,0,0,0,0
167,0,0,0,0,0,0,0,0,0
168,0,0,0,0,0,0,0,0,0
169,0,0,0,0,0,0,0,0,0
170,0,0,0,0,0,0,0,0,0
171,0,0,0,0,0,0,0,0,0
172,0,0,0,0,0,0,0,0,0
173,0,0,0,0,0,0,0,0,0
174,0,0,0,0,0,0,0,0,0
175,0,0,0,0,0,0,0,0,0
176,0,0,0,0,0,0,0,0,0
177,0,0,0,0,0,0,0,0,0
178,0,0,0,0,0,0,0,0,0
179,0,0,0,0,0,0,0,0,0
180,0,0,0,0,0,0,0,0,0
181,0,0,0,0,0,0,0,0,0
182,0,0,0,0,0,0,0,0,0
183,0,0,0,0,0,0,0,0,0
184,0,0,0,0,0,0,0,0,0
185,0,0,0,0,0,0,0,0,0
186,0,0,0,0,0,0,0,0,0
187,0,0,0,0,0,0,0,0,0
188,0,0,0,0,0,0,0,0,0
189,0,0,0,0,0,0,0,0,0
190,0,0,0,0,0,0,0,0,0
191,0,0,0,0,0,0,0,0,0
192,0,0,0,0,0,0,0,0,0
193,0,0,0,0,0,0,0,0,0
194,0,0,0,0,0,0,0,0,0
195,0,0,0,0,0,0,0,0,0
196,0,0,0,0,0,0,0,0,0
197,0,0,0,0,0,0,0,0,0
198,0,0,0,0,0,0,0,0,0
199,0,0,0,0,0,0,0,0,0
200,0,0,0,0,0,0,0,0,0
201,0,0,0,0,0,0,0,0,0
202,0,0,0,0,0,0,0,0,0
203,0,0,0,0,0,0,0,0,0
204,0,0,0,0,0,0,0,0,0
205,0,0,0,0,0,0,0,0,0
206,0,0,0,0,0,0,0,0,0
207,0,0,0,0,0,0,0,0,0
208,0,0,0,0,0,0,0,0,0
209,0,0,0,0,0,0,0,0,0
210,0,0,0,0,0,0,0,0,0
211,0,0,0,0,0,0,0,0,0
212,0,0,0,0,0,0,0,0,0
213,0,0,0,0,0,0,0,0,0
214,0,0,0,0,0,0,0,0,0
215,0,0,0,0,0,0,0,0,0
216,0,0,0,0,0,0,0,0,0
217,0,0,0,0,0,0,0,0,0
218,0,0,0,0,0,0,0,0,0
219,0,0,0,0,0,0,0,0,0
220,0,0,0,0,0,0,0,0,0
221,0,0,0,0,0,0,0,0,0
222,0,0,0,0,0,0,0,0,0
223,0,0,0,0,0,0,0,0,0
224,0,0,0,0,0,0,0,0,0
225,0,0,0,0,0,0,0,0,0
226,0,0,0,0,0,0,0,0,0
227,0,0,0,0,0,0,0,0,0
228,0,0,0,0,0,0,0,0,0
229,0,0,0,0,0,0,0,0,0
230,0,0,0,0,0,0,0,0,0
231,0,0,0,0,0,0,0,0,0
232,0,0,0,0,0,0,0,0,0
233,0,0,0,0,0,0,0,0,0
234,0,0,0,0,0,0,0,0,0
235,0,0,0,0,0,0,0,0,0
236,0,0,0,0,0,0,0,0,0
237,0,0,0,0,0,0,0,0,0
238,0,0,0,0,0,0,0,0,0
239,0,0,0,0,0,0,0,0,0
240,0,0,0,0,0,0,0,0,0
241,0,0,0,0,0,0,0,0,0
242,0,0,0,0,0,0,0,0,0
243,0,0,0,0,0,0,0,0,0
244,0,0,0,0,0,0,0,0,0
245,0,0,0,0,0,0,0,0,0
246,0,0,0,0,0,0,0,0,0
247,0,0,0,0,0,0,0,0,0
248,0,0,0,0,0,0,0,0,0
249,0,0,0,0,0,0,0,0,0
250,0,0,0,0,0,0,0,0,0
251,0,0,0,0,0,0,0,0,0
252,0,0,0,0,0,0,0,0,0
253,0,0,0,0,0,0,0,0,0
254,0,0,0,0,0,0,0,0,0
255,0,0,0,0,0,0,0,0,0
256,0,0,0,0,0,0,0,0,0
257,0,0,0,0,0,0,0,0,0
258,0,0,0,0,0,0,0,0,0
259,0,0,0,0,0,0,0,0,0
260,0,0,0,0,0,0,0,0,0
261,0,0,0,0,0,0,0,0,0
262,0,0,0,0,0,0,0,0,0
263,0,0,0,0,0,0,0,0,0
264,0,0,0,0,0,0,0,0,0
265,0,0,0,0,0,0,0,0,0
266,0,0,0,0,0,0,0,0,0
267,0,0,0,0,0,0,0,0,0
268,0,0,0,0,0,0,0,0,0
269,0,0,0,0,0,0,0,0,0
270,0,0,0,0,0,0,0,0,0
271,0,0,0,0,0,0,0,0,0
272,0,0,0,0,0,0,0,0,0
273,0,0,0,0,0,0,0,0,0
274,0,0,0,0,0,0,0,0,0
275,0,0,0,0,0,0,0,0,0
276,0,0,0,0,0,0,0,0,0
277,0,0,0,0,0,0,0,0,0
278,0,0,0,0,0,0,0,0,0
279,0,0,0,0,0,0,0,0,0
280,0,0,0,0,0,0,0,0,0
281,0,0,0,0,0,0,0,0,0
282,0,0,0,0,0,0,0,0,0
283,0,0,0,0,0,0,0,0,0
284,0,0,0,0,0,0,0,0,0
285,0,0,0,0,0,0,0,0,0
286,0,0,0,0,0,0,0,0,0
287,0,0,0,0,0,0,0,0,0
288,0,0,0,0,0,0,0,0,0
289,0,0,0,0,0,0,0,0,0
290,0,0,0,0,0,0,0,0,0
291,0,0,0,0,0,0,0,0,0
292,0,0,0,0,0,0,0,0,0
293,0,0,0,0,0,0,0,0,0
294,0,0,0,0,0,0,0,0,0
295,0,0,0,0,0,0,0,0,0
296,0,0,0,0,0,0,0,0,0
297,0,0,0,0,0,0,0,0,0
298,0,0,0,0,0,0,0,0,0
299,0,0,0,0,0,0,0,0,0
300,0,0,0,0,0,0,0,0,0
301,0,0,0,0,0,0,0,0,0
302,0,0,0,0,0,0,0,0,0
303,0,0,0,0,0,0,0,0,0
304,0,0,0,0,0,0,0,0,0
305,0,0,0,0,0,0,0,0,0
306,0,0,0,0,0,0,0,0,0
307,0,0,0,0,0,0,0,0,0
308,0,0,0,0,0,0,0,0,0
309,0,0,0,0,0,0,0,0,0
310,0,0,0,0,0,0,0,0,0
311,0,0,0,0,0,0,0,0,0
312,0,0,0,0,0,0,0,0,0
313,0,0,0,0,0,0,0,0,0
314,0,0,0,0,0,0,0,0,0
315,0,0,0,0,0,0,0,0,0
316,0,0,0,0,0,0,0,0,0
317,0,0,0,0,0,0,0,0,0
318,0,0,0,0,0,0,0,0,0
319,0,0,0,0,0,0,0,0,0
320,0,0,0,0,0,0,0,0,0
321,0,0,0,0,0,0,0,0,0
322,0,0,0,0,0,0,0,0,0
323,0,0,0,0,0,0,0,0,0
324,0,0,0,0,0,0,0,0,0
325,0,0,0,0,0,0,0,0,0
326,0,0,0,0,0,0,0,0,0
327,0,0,0,0,0,0,0,0,0
328,0,0,0,0,0,0,0,0,0
329,0,0,0,0,0,0,0,0,0
330,0,0,0,0,0,0,0,0,0
331,0,0,0,0,0,0,0,0,0
332,0,0,0,0,0,0,0,0,0
333,0,0,0,0,0,0,0,0,0
334,0,0,0,0,0,0,0,0,0
335,0,0,0,0,0,0,0,0,0
336,0,0,0,0,0,0,0,0,0
337,0,0,0,0,0,0,0,0,0
338,0,0,0,0,0,0,0,0,0
339,0,0,0,0,0,0,0,0,0
340,0,0,0,0,0,0,0,0,0
341,0,0,0,0,0,0,0,0,0
342,0,0,0,0,0,0,0,0,0
343,0,0,0,0,0,0,0,0,0
344,0,0,0,0,0,0,0,0,0
345,0,0,0,0,0,0,0,0,0
346,0,0,0,0,0,0,0,0,0
347,0,0,0,0,0,0,0,0,0
348,0,0,0,0,0,0,0,0,0
349,0,0,0,0,0,0,0,0,0
350,0,0,0,0,0,0,0,0,0
351,0,0,0,0,0,0,0,0,0
352,0,0,0,0,0,0,0,0,0
353,0,0,0,0,0,0,0,0,0
354,0,0,0,0,0,0,0,0,0
355,0,0,0,0,0,0,0,0,0
356,0,0,0,0,0,0,0,0,0
357,0,0,0,0,0,0,0,0,0
358,0,0,0,0,0,0,0,0,0
359,0,0,0,0,0,0,0,0,0
360,0,0,0,0,0,0,0,0,0
361,0,0,0,0,0,0,0,0,0
362,0,0,0,0,0,0,0,0,0
363,0,0,0,0,0,0,0,0,0
364,0,0,0,0,0,0,0,0,0
365,0,0,0,0,0,0,0,0,0
366,0,0,0,0,0,0,0,0,0
367,0,0,0,0,0,0,0,0,0
368,0,0,0,0,0,0,0,0,0
369,0,0,0,0,0,0,0,0,0
370,0,0,0,0,0,0,0,0,0
371,0,0,0,0,0,0,0,0,0
372,0,0,0,0,0,0,0,0,0
373,0,0,0,0,0,0,0,0,0
374,0,0,0,0,0,0,0,0,0
375,0,0,0,0,0,0,0,0,0
376,0,0,0,0,0,0,0,0,0
377,0,0,0,0,0,0,0,0,0
378,0,0,0,0,0,0,0,0,0
379,0,0,0,0,0,0,0,0,0
380,0,0,0,0,0,0,0,0,0
381,0,0,0,0,0,0,0,0,0
382,0,0,0,0,0,0,0,0,0
383,0,0,0,0,0,0,0,0,0
384,0,0,0,0,0,0,0,0,0
385,0,0,0,0,0,0,0,0,0
386,0,0,0,0,0,0,0,0,0
387,0,0,0,0,0,0,0,0,0
388,0,0,0,0,0,0,0,0,0
389,0,0,0,0,0,0,0,0,0
390,0,0,0,0,0,0,0,0,0
391,0,0,0,0,0,0,0,0,0
392,0,0,0,0,0,0,0,0,0
393,0,0,0,0,0,0,0,0,0
394,0,0,0,0,0,0,0,0,0
395,0,0,0,0,0,0,0,0,0
396,0,0,0,0,0,0,0,0,0
397,0,0,0,0,0,0,0,0,0
398,0,0,0,0,0,0,0,0,0
399,0,0,0,0,0,0,0,0,0
400,0,0,0,0,0,0,0,0,0
401,0,0,0,0,0,0,0,0,0
402,0,0,0,0,0,0,0,0,0
403,0,0,0,0,0,0,0,0,0
404,0,0,0,0,0,0,0,0,0
405,0,0,0,0,0,0,0,0,0
406,0,0,0,0,0,0,0,0,0
407,0,0,0,0,0,0,0,0,0
408,0,0,0,0,0,0,0,0,0
409,0,0,0,0,0,0,0,0,0
410,0,0,0,0,0,0,0,0,0
411,0,0,0,0,0,0,0,0,0
412,0,0,0,0,0,0,0,0,0
413,0,0,0,0,0,0,0,0,0
414,0,0,0,0,0,0,0,0,0
415,0,0,0,0,0,0,0,0,0
416,0,0,0,0,0,0,0,0,0
417,0,0,0,0,0,0,0,0,0
418,0,0,0,0,0,0,0,0,0
419,0,0,0,0,0,0,0,0,0
420,0,0,0,0,0,0,0,0,0
421,0,0,0,0,0,0,0,0,0
422,0,0,0,0,0,0,0,0,0
423,0,0,0,0,0,0,0,0,0
424,0,0,0,0,0,0,0,0,0
425,0,0,0,0,0,0,0,0,0
426,0,0,0,0,0,0,0,0,0
427,0,0,0,0,0,0,0,0,0
428,0,0,0,0,0,0,0,0,0
429,0,0,0,0,0,0,0,0,0
430,0,0,0,0,0,0,0,0,0
431,0,0,0,0,0,0,0,0,0
432,0,0,0,0,0,0,0,0,0
433,0,0,0,0,0,0,0,0,0
434,0,0,0,0,0,0,0,0,0
435,0,0,0,0,0,0,0,0,0
436,0,0,0,0,0,0,0,0,0
437,0,0,0,0,0,0,0,0,0
438,0,0,0,0,0,0,0,0,0
439,0,0,0,0,0,0,0,0,0
440,0,0,0,0,0,0,0,0,0
441,0,0,0,0,0,0,0,0,0
442,0,0,0,0,0,0,0,0,0
443,0,0,0,0,0,0,0,0,0
444,0,0,0,0,0,0,0,0,0
445,0,0,0,0,0,0,0,0,0
446,0,0,0,0,0,0,0,0,0
447,0,0,0,0,0,0,0,0,0
448,0,0,0,0,0,0,0,0,0
449,0,0,0,0,0,0,0,0,0
450,0,0,0,0,0,0,0,0,0
451,0,0,0,0,0,0,0,0,0
452,0,0,0,0,0,0,0,0,0
453,0,0,0,0,0,0,0,0,0
454,0,0,0,0,0,0,0,0,0
455,0,0,0,0,0,0,0,0,0
456,0,0,0,0,0,0,0,0,0
457,0,0,0,0,0,0,0,0,0
458,0,0,0,0,0,0,0,0,0
459,0,0,0,0,0,0,0,0,0
460,0,0,0,0,0,0,0,0,0
461,0,0,0,0,0,0,0,0,0
462,0,0,0,0,0,0,0,0,0
463,0,0,0,0,0,0,0,0,0
464,0,0,0,0,0,0,0,0,0
465,0,0,0,0,0,0,0,0,0
466,0,0,0,0,0,0,0,0,0
467,0,0,0,0,0,0,0,0,0
468,0,0,0,0,0,0,0,0,0
469,0,0,0,0,0,0,0,0,0
470,0,0,0,0,0,0,0,0,0
471,0,0,0,0,0,0,0,0,0
472,0,0,0,0,0,0,0,0,0
473,0,0,0,0,0,0,0,0,0
474,0,0,0,0,0,0,0,0,0
475,0,0,0,0,0,0,0,0,0
476,0,0,0,0,0,0,0,0,0
477,0,0,0,0,0,0,0,0,0
478,0,0,0,0,0,0,0,0,0
479,0,0,0,0,0,0,0,0,0
480,0,0,0,0,0,0,0,0,0
481,0,0,0,0,0,0,0,0,0
482,0,0,0,0,0,0,0,0,0
483,0,0,0,0,0,0,0,0,0
484,0,0,0,0,0,0,0,0,0
485,0,0,0,0,0,0,0,0,0
486,0,0,0,0,0,0,0,0,0
487,0,0,0,0,0,0,0,0,0
488,0,0,0,0,0,0,0,0,0
489,0,0,0,0,0,0,0,0,0
490,0,0,0,0,0,0,0,0,0
491,0,0,0,0,0,0,0,0,0
492,0,0,0,0,0,0,0,0,0
493,0,0,0,0,0,0,0,0,0
494,0,0,0,0,0,0,0,0,0
495,0,0,0,0,0,0,0,0,0
496,0,0,0,0,0,0,0,0,0
497,0,0,0,0,0,0,0,0,0
498,0,0,0,0,0,0,0,0,0
499,0,0,0,0,0,0,0,0,0
500,0,0,0,0,0,0,0,0,0
501,0,0,0,0,0,0,0,0,0
502,0,0,0,0,0,0,0,0,0
503,0,0,0,0,0,0,0,0,0
504,0,0,0,0,0,0,0,0,0
505,0,0,0,0,0,0,0,0,0
506,0,0,0,0,0,0,0,0,0
507,0,0,0,0,0,0,0,0,0
508,0,0,0,0,0,0,0,0,0
509,0,0,0,0,0,0,0,0,0
510,0,0,0,0,0,0,0,0,0
511,0,0,0,0,0,0,0,0,0
512,0,0,0,0,0,0,0,0,0
513,0,0,0,0,0,0,0,0,0
514,0,0,0,0,0,0,0,0,0
515,0,0,0,0,0,0,0,0,0
516,0,0,0,0,0,0,0,0,0
517,0,0,0,0,0,0,0,0,0
518,0,0,0,0,0,0,0,0,0
519,0,0,0,0,0,0,0,0,0
520,0,0,0,0,0,0,0,0,0
521,0,0,0,0,0,0,0,0,0
522,0,0,0,0,0,0,0,0,0
523,0,0,0,0,0,0,0,0,0
524,0,0,0,0,0,0,0,0,0
525,0,0,0,0,0,0,0,0,0
526,0,0,0,0,0,0,0,0,0
527,0,0,0,0,0,0,0,0,0
528,0,0,0,0,0,0,0,0,0
529,0,0,0,0,0,0,0,0,0
530,0,0,0,0,0,0,0,0,0
531,0,0,0,0,0,0,0,0,0
532,0,0,0,0,0,0,0,0,0
533,0,0,0,0,0,0,0,0,0
534,0,0,0,0,0,0,0,0,0
535,0,0,0,0,0,0,0,0,0
536,0,0,0,0,0,0,0,0,0
537,0,0,0,0,0,0,0,0,0
538,0,0,0,0,0,0,0,0,0
539,0,0,0,0,0,0,0,0,0
540,0,0,0,0,0,0,0,0,0
541,0,0,0,0,0,0,0,0,0
542,0,0,0,0,0,0,0,0,0
543,0,0,0,0,0,0,0,0,0
544,0,0,0,0,0,0,0,0,0
545,0,0,0,0,0,0,0,0,0
546,0,0,0,0,0,0,0,0,0
547,0,0,0,0,0,0,0,0,0
548,0,0,0,0,0,0,0,0,0
549,0,0,0,0,0,0,0,0,0
550,0,0,0,0,0,0,0,0,0
551,0,0,0,0,0,0,0,0,0
552,0,0,0,0,0,0,0,0,0
553,0,0,0,0,0,0,0,0,0
554,0,0,0,0,0,0,0,0,0
555,0,0,0,0,0,0,0,0,0
556,0,0,0,0,0,0,0,0,0
557,0,0,0,0,0,0,0,0,0
558,0,0,0,0,0,0,0,0,0
559,0,0,0,0,0,0,0,0,0
560,0,0,0,0,0,0,0,0,0
561,0,0,0,0,0,0,0,0,0
562,0,0,0,0,0,0,0,0,0
563,0,0,0,0,0,0,0,0,0
564,0,0,0,0,0,0,0,0,0
565,0,0,0,0,0,0,0,0,0
566,0,0,0,0,0,0,0,0,0
567,0,0,0,0,0,0,0,0,0
568,0,0,0,0,0,0,0,0,0
569,0,0,0,0,0,0,0,0,0
570,0,0,0,0,0,0,0,0,0
571,0,0,0,0,0,0,0,0,0
572,0,0,0,0,0,0,0,0,0
573,0,0,0,0,0,0,0,0,0
574,0,0,0,0,0,0,0,0,0
575,0,0,0,0,0,0,0,0,0
576,0,0,0,0,0,0,0,0,0
577,0,0,0,0,0,0,0,0,0
578,0,0,0,0,0,0,0,0,0
579,0,0,0,0,0,0,0,0,0
580,0,0,0,0,0,0,0,0,0
581,0,0,0,0,0,0,0,0,0
582,0,0,0,0,0,0,0,0,0
583,0,0,0,0,0,0,0,0,0
584,0,0,0,0,0,0,0,0,0
585,0,0,0,0,0,0,0,0,0
586,0,0,0,0,0,0,0,0,0
587,0,0,0,0,0,0,0,0,0
588,0,0,0,0,0,0,0,0,0
589,0,0,0,0,0,0,0,0,0
590,0,0,0,0,0,0,0,0,0
591,0,0,0,0,0,0,0,0,0
592,0,0,0,0,0,0,0,0,0
593,0,0,0,0,0,0,0,0,0
594,0,0,0,0,0,0,0,0,0
595,0,0,0,0,0,0,0,0,0
596,0,0,0,0,0,0,0,0,0
597,0,0,0,0,0,0,0,0,0
598,0,0,0,0,0,0,0,0,0
599,0,0,0,0,0,0,0,0,0
600,0,0,0,0,0,0,0,0,0
601,0,0,0,0,0,0,0,0,0
602,0,0,0,0,0,0,0,0,0
603,0,0,0,0,0,0,0,0,0
604,0,0,0,0,0,0,0,0,0
605,0,0,0,0,0,0,0,0,0
606,0,0,0,0,0,0,0,0,0
607,0,0,0,0,0,0,0,0,0
608,0,0,0,0,0,0,0,0,0
609,0,0,0,0,0,0,0,0,0
610,0,0,0,0,0,0,0,0,0
611,0,0,0,0,0,0,0,0,0
612,0,0,0,0,0,0,0,0,0
613,0,0,0,0,0,0,0,0,0
614,0,0,0,0,0,0,0,0,0
615,0,0,0,0,0,0,0,0,0
616,0,0,0,0,0,0,0,0,0
617,0,0,0,0,0,0,0,0,0
618,0,0,0,0,0,0,0,0,0
619,0,0,0,0,0,0,0,0,0
620,0,0,0,0,0,0,0,0,0
621,0,0,0,0,0,0,0,0,0
622,0,0,0,0,0,0,0,0,0
623,0,0,0,0,0,0,0,0,0
624,0,0,0,0,0,0,0,0,0
625,0,0,0,0,0,0,0,0,0
626,0,0,0,0,0,0,0,0,0
627,0,0,0,0,0,0,0,0,0
628,0,0,0,0,0,0,0,0,0
629,0,0,0,0,0,0,0,0,0
630,0,0,0,0,0,0,0,0,0
631,0,0,0,0,0,0,0,0,0
632,0,0,0,0,0,0,0,0,0
633,0,0,0,0,0,0,0,0,0
634,0,0,0,0,0,0,0,0,0
635,0,0,0,0,0,0,0,0,0
636,0,0,0,0,0,0,0,0,0
637,0,0,0,0,0,0,0,0,0
638,0,0,0,0,0,0,0,0,0
639,0,0,0,0,0,0,0,0,0
640,0,0,0,0,0,0,0,0,0
641,0,0,0,0,0,0,0,0,0
642,0,0,0,0,0,0,0,0,0
643,0,0,0,0,0,0,0,0,0
644,0,0,0,0,0,0,0,0,0
645,0,0,0,0,0,0,0,0,0
646,0,0,0,0,0,0,0,0,0
647,0,0,0,0,0,0,0,0,0
648,0,0,0,0,0,0,0,0,0
649,0,0,0,0,0,0,0,0,0
650,0,0,0,0,0,0,0,0,0
651,0,0,0,0,0,0,0,0,0
652,0,0,0,0,0,0,0,0,0
653,0,0,0,0,0,0,0,0,0
654,0,0,0,0,0,0,0,0,0
655,0,0,0,0,0,0,0,0,0
656,0,0,0,0,0,0,0,0,0
657,0,0,0,0,0,0,0,0,0
658,0,0,0,0,0,0,0,0,0
659,0,0,0,0,0,0,0,0,0
660,0,0,0,0,0,0,0,0,0
661,0,0,0,0,0,0,0,0,0
662,0,0,0,0,0,0,0,0,0
663,0,0,0,0,0,0,0,0,0
664,0,0,0,0,0,0,0,0,0
665,0,0,0,0,0,0,0,0,0
666,0,0,0,0,0,0,0,0,0
667,0,0,0,0,0,0,0,0,0
668,0,0,0,0,0,0,0,0,0
669,0,0,0,0,0,0,0,0,0
670,0,0,0,0,0,0,0,0,0
671,0,0,0,0,0,0,0,0,0
672,0,0,0,0,0,0,0,0,0
673,0,0,0,0,0,0,0,0,0
674,0,0,0,0,0,0,0,0,0
675,0,0,0,0,0,0,0,0,0
676,0,0,0,0,0,0,0,0,0
677,0,0,0,0,0,0,0,0,0
678,0,0,0,0,0,0,0,0,0
679,0,0,0,0,0,0,0,0,0
680,0,0,0,0,0,0,0,0,0
681,0,0,0,0,0,0,0,0,0
682,0,0,0,0,0,0,0,0,0
683,0,0,0,0,0,0,0,0,0
684,0,0,0,0,0,0,0,0,0
685,0,0,0,0,0,0,0,0,0
686,0,0,0,0,0,0,0,0,0
687,0,0,0,0,0,0,0,0,0
688,0,0,0,0,0,0,0,0,0
689,0,0,0,0,0,0,0,0,0
690,0,0,0,0,0,0,0,0,0
691,0,0,0,0,0,0,0,0,0
692,0,0,0,0,0,0,0,0,0
693,0,0,0,0,0,0,0,0,0
694,0,0,0,0,0,0,0,0,0
695,0,0,0,0,0,0,0,0,0
696,0,0,0,0,0,0,0,0,0
697,0,0,0,0,0,0,0,0,0
698,0,0,0,0,0,0,0,0,0
699,0,0,0,0,0,0,0,0,0
700,0,0,0,0,0,0,0,0,0
701,0,0,0,0,0,0,0,0,0
702,0,0,0,0,0,0,0,0,0
703,0,0,0,0,0,0,0,0,0
704,0,0,0,0,0,0,0,0,0
705,0,0,0,0,0,0,0,0,0
706,0,0,0,0,0,0,0,0,0
707,0,0,0,0,0,0,0,0,0
708,0,0,0,0,0,0,0,0,0
709,0,0,0,0,0,0,0,0,0
710,0,0,0,0,0,0,0,0,0
711,0,0,0,0,0,0,0,0,0
712,0,0,0,0,0,0,0,0,0
713,0,0,0,0,0,0,0,0,0
714,0,0,0,0,0,0,0,0,0
715,0,0,0,0,0,0,0,0,0
716,0,0,0,0,0,0,0,0,0
717,0,0,0,0,0,0,0,0,0
718,0,0,0,0,0,0,0,0,0
719,0,0,0,0,0,0,0,0,0
720,0,0,0,0,0,0,0,0,0
721,0,0,0,0,0,0,0,0,0
722,0,0,0,0,0,0,0,0,0
723,0,0,0,0,0,0,0,0,0
724,0,0,0,0,0,0,0,0,0
725,0,0,0,0,0,0,0,0,0
726,0,0,0,0,0,0,0,0,0
727,0,0,0,0,0,0,0,0,0
728,0,0,0,0,0,0,0,0,0
729,0,0,0,0,0,0,0,0,0
730,0,0,0,0,0,0,0,0,0
731,0,0,0,0,0,0,0,0,0
732,0,0,0,0,0,0,0,0,0
733,0,0,0,0,0,0,0,0,0
734,0,0,0,0,0,0,0,0,0
735,0,0,0,0,0,0,0,0,0
736,0,0,0,0,0,0,0,0,0
737,0,0,0,0,0,0,0,0,0
738,0,0,0,0,0,0,0,0,0
739,0,0,0,0,0,0,0,0,0
740,0,0,0,0,0,0,0,0,0
741,0,0,0,0,0,0,0,0,0
742,0,0,0,0,0,0,0,0,0
743,0,0,0,0,0,0,0,0,0
744,0,0,0,0,0,0,0,0,0
745,0,0,0,0,0,0,0,0,0
746,0,0,0,0,0,0,0,0,0
747,0,0,0,0,0,0,0,0,0
748,0,0,0,0,0,0,0,0,0
749,0,0,0,0,0,0,0,0,0
750,0,0,0,0,0,0,0,0,0
0,194,7257,201425,4077983,57373546,517292847,2626655236,5935079656,3356972874
1,99,3342,74421,1212027,13760868,100249752,411650227,753032976,345191343
2,57,1434,26058,344970,3187646,18907490,63185959,93977357,34985962
3,36,855,13420,155247,1256243,6535746,19191387,25072182,8196841
4,31,652,8877,90077,635306,2878802,7332514,8280972,2326455
5,22,339,4085,34946,211547,828325,1828543,1787642,434041
6,16,195,1982,14973,81322,287622,573368,505383,111131
7,13,151,1308,8304,39366,122888,218190,169664,32873
8,13,141,1142,6836,29791,86494,141711,101289,17961
9,10,97,770,4673,19571,54518,86133,58907,10020
10,10,97,736,4180,16458,42933,62780,39045,5885
11,9,81,565,2892,10612,25789,35247,20662,2848
12,9,70,445,2237,7989,18482,23952,13272,1643
13,7,40,215,1091,3590,7927,9484,5086,585
14,7,36,198,943,3035,6287,7115,3538,358
15,6,29,154,723,2197,4280,4628,2146,223
16,5,17,110,468,1300,2258,2353,1052,113
17,5,17,104,432,1190,1990,2077,928,100
18,5,15,91,360,935,1489,1426,581,50
19,3,9,58,221,573,763,687,245,24
20,1,9,43,153,385,513,426,141,11
21,1,8,37,139,334,404,324,104,11
22,1,8,36,126,294,333,214,66,10
23,1,8,35,115,252,268,165,44,4
24,1,5,18,49,123,134,78,24,4
25,1,5,18,49,123,133,74,23,4
26,1,5,18,49,123,133,74,23,4
27,1,5,14,38,93,108,54,11,2
28,0,4,12,35,60,81,42,8,2
29,0,4,12,35,59,73,35,6,0
30,0,4,11,34,59,67,34,6,0
31,0,4,11,34,59,67,34,6,0
32,0,4,11,34,59,67,34,6,0
33,0,1,6,25,25,43,18,2,0
34,0,1,6,25,25,43,18,2,0
35,0,0,0,0,0,0,0,0,0
36,0,0,0,0,0,0,0,0,0
37,0,0,0,0,0,0,0,0,0
38,0,0,0,0,0,0,0,0,0
39,0,0,0,0,0,0,0,0,0
40,0,0,0,0,0,0,0,0,0
41,0,0,0,0,0,0,0,0,0
42,0,0,0,0,0,0,0,0,0
43,0,0,0,0,0,0,0,0,0
44,0,0,0,0,0,0,0,0,0
45,0,0,0,0,0,0,0,0,0
46,0,0,0,0,0,0,0,0,0
47,0,0,0,0,0,0,0,0,0
48,0,0,0,0,0,0,0,0,0
49,0,0,0,0,0,0,0,0,0
50,0,0,0,0,0,0,0,0,0
51,0,0,0,0,0,0,0,0,0
52,0,0,0,0,0,0,0,0,0
53,0,0,0,0,0,0,0,0,0
54,0,0,0,0,0,0,0,0,0
55,0,0,0,0,0,0,0,0,0
56,0,0,0,0,0,0,0,0,0
57,0,0,0,0,0,0,0,0,0
58,0,0,0,0,0,0,0,0,0
59,0,0,0,0,0,0,0,0,0
60,0,0,0,0,0,0,0,0,0
61,0,0,0,0,0,0,0,0,0
62,0,0,0,0,0,0,0,0,0
63,0,0,0,0,0,0,0,0,0
64,0,0,0,0,0,0,0,0,0
65,0,0,0,0,0,0,0,0,0
66,0,0,0,0,0,0,0,0,0
67,0,0,0,0,0,0,0,0,0
68,0,0,0,0,0,0,0,0,0
69,0,0,0,0,0,0,0,0,0
70,0,0,0,0,0,0,0,0,0
71,0,0,0,0,0,0,0,0,0
72,0,0,0,0,0,0,0,0,0
73,0,0,0,0,0,0,0,0,0
74,0,0,0,0,0,0,0,0,0
75,0,0,0,0,0,0,0,0,0
76,0,0,0,0,0,0,0,0,0
77,0,0,0,0,0,0,0,0,0
78,0,0,0,0,0,0,0,0,0
79,0,0,0,0,0,0,0,0,0
80,0,0,0,0,0,0,0,0,0
81,0,0,0,0,0,0,0,0,0
82,0,0,0,0,0,0,0,0,0
83,0,0,0,0,0,0,0,0,0
84,0,0,0,0,0,0,0,0,0
85,0,0,0,0,0,0,0,0,0
86,0,0,0,0,0,0,0,0,0
87,0,0,0,0,0,0,0,0,0
88,0,0,0,0,0,0,0,0,0
89,0,0,0,0,0,0,0,0,0
90,0,0,0,0,0,0,0,0,0
91,0,0,0,0,0,0,0,0,0
92,0,0,0,0,0,0,0,0,0
93,0,0,0,0,0,0,0,0,0
94,0,0,0,0,0,0,0,0,0
95,0,0,0,0,0,0,0,0,0
96,0,0,0,0,0,0,0,0,0
97,0,0,0,0,0,0,0,0,0
98,0,0,0,0,0,0,0,0,0
99,0,0,0,0,0,0,0,0,0
100,0,0,0,0,0,0,0,0,0
101,0,0,0,0,0,0,0,0,0
102,0,0,0,0,0,0,0,0,0
103,0,0,0,0,0,0,0,0,0
104,0,0,0,0,0,0,0,0,0
105,0,0,0,0,0,0,0,0,0
106,0,0,0,0,0,0,0,0,0
107,0,0,0,0,0,0,0,0,0
108,0,0,0,0,0,0,0,0,0
109,0,0,0,0,0,0,0,0,0
110,0,0,0,0,0,0,0,0,0
111,0,0,0,0,0,0,0,0,0
112,0,0,0,0,0,0,0,0,0
113,0,0,0,0,0,0,0,0,0
114,0,0,0,0,0,0,0,0,0
115,0,0,0,0,0,0,0,0,0
116,0,0,0,0,0,0,0,0,0
117,0,0,0,0,0,0,0,0,0
118,0,0,0,0,0,0,0,0,0
119,0,0,0,0,0,0,0,0,0
120,0,0,0,0,0,0,0,0,0
121,0,0,0,0,0,0,0,0,0
122,0,0,0,0,0,0,0,0,0
123,0,0,0,0,0,0,0,0,0
124,0,0,0,0,0,0,0,0,0
125,0,0,0,0,0,0,0,0,0
126,0,0,0,0,0,0,0,0,0
127,0,0,0,0,0,0,0,0,0
128,0,0,0,0,0,0,0,0,0
129,0,0,0,0,0,0,0,0,0
130,0,0,0,0,0,0,0,0,0
131,0,0,0,0,0,0,0,0,0
132,0,0,0,0,0,0,0,0,0
133,0,0,0,0,0,0,0,0,0
134,0,0,0,0,0,0,0,0,0
135,0,0,0,0,0,0,0,0,0
136,0,0,0,0,0,0,0,0,0
137,0,0,0,0,0,0,0,0,0
138,0,0,0,0,0,0,0,0,0
139,0,0,0,0,0,0,0,0,0
140,0,0,0,0,0,0,0,0,0
141,0,0,0,0,0,0,0,0,0
142,0,0,0,0,0,0,0,0,0
143,0,0,0,0,0,0,0,0,0
144,0,0,0,0,0,0,0,0,0
145,0,0,0,0,0,0,0,0,0
146,0,0,0,0,0,0,0,0,0
147,0,0,0,0,0,0,0,0,0
148,0,0,0,0,0,0,0,0,0
149,0,0,0,0,0,0,0,0,0
150,0,0,0,0,0,0,0,0,0
151,0,0,0,0,0,0,0,0,0
152,0,0,0,0,0,0,0,0,0
153,0,0,0,0,0,0,0,0,0
154,0,0,0,0,0,0,0,0,0
155,0,0,0,0,0,0,0,0,0
156,0,0,0,0,0,0,0,0,0
157,0,0,0,0,0,0,0,0,0
158,0,0,0,0,0,0,0,0,0
159,0,0,0,0,0,0,0,0,0
160,0,0,0,0,0,0,0,0,0
161,0,0,0,0,0,0,0,0,0
162,0,0,0,0,0,0,0,0,0
163,0,0,0,0,0,0,0,0,0
164,0,0,0,0,0,0,0,0,0
165,0,0,0,0,0,0,0,0,0
166,0,0,0,0,0,0,0,0,0
167,0,0,0,0,0,0,0,0,0
168,0,0,0,0,0,0,0,0,0
169,0,0,0,0,0,0,0,0,0
170,0,0,0,0,0,0,0,0,0
171,0,0,0,0,0,0,0,0,0
172,0,0,0,0,0,0,0,0,0
173,0,0,0,0,0,0,0,0,0
174,0,0,0,0,0,0,0,0,0
175,0,0,0,0,0,0,0,0,0
176,0,0,0,0,0,0,0,0,0
177,0,0,0,0,0,0,0,0,0
178,0,0,0,0,0,0,0,0,0
179,0,0,0,0,0,0,0,0,0
180,0,0,0,0,0,0,0,0,0
181,0,0,0,0,0,0,0,0,0
182,0,0,0,0,0,0,0,0,0
183,0,0,0,0,0,0,0,0,0
184,0,0,0,0,0,0,0,0,0
185,0,0,0,0,0,0,0,0,0
186,0,0,0,0,0,0,0,0,0
187,0,0,0,0,0,0,0,0,0
188,0,0,0,0,0,0,0,0,0
189,0,0,0,0,0,0,0,0,0
190,0,0,0,0,0,0,0,0,0
191,0,0,0,0,0,0,0,0,0
192,0,0,0,0,0,0,0,0,0
193,0,0,0,0,0,0,0,0,0
194,0,0,0,0,0,0,0,0,0
195,0,0,0,0,0,0,0,0,0
196,0,0,0,0,0,0,0,0,0
197,0,0,0,0,0,0,0,0,0
198,0,0,0,0,0,0,0,0,0
199,0,0,0,0,0,0,0,0,0
200,0,0,0,0,0,0,0,0,0
201,0,0,0,0,0,0,0,0,0
202,0,0,0,0,0,0,0,0,0
203,0,0,0,0,0,0,0,0,0
204,0,0,0,0,0,0,0,0,0
205,0,0,0,0,0,0,0,0,0
206,0,0,0,0,0,0,0,0,0
207,0,0,0,0,0,0,0,0,0
208,0,0,0,0,0,0,0,0,0
209,0,0,0,0,0,0,0,0,0
210,0,0,0,0,0,0,0,0,0
211,0,0,0,0,0,0,0,0,0
212,0,0,0,0,0,0,0,0,0
213,0,0,0,0,0,0,0,0,0
214,0,0,0,0,0,0,0,0,0
215,0,0,0,0,0,0,0,0,0
216,0,0,0,0,0,0,0,0,0
217,0,0,0,0,0,0,0,0,0
218,0,0,0,0,0,0,0,0,0
219,0,0,0,0,0,0,0,0,0
220,0,0,0,0,0,0,0,0,0
221,0,0,0,0,0,0,0,0,0
222,0,0,0,0,0,0,0,0,0
223,0,0,0,0,0,0,0,0,0
224,0,0,0,0,0,0,0,0,0
225,0,0,0,0,0,0,0,0,0
226,0,0,0,0,0,0,0,0,0
227,0,0,0,0,0,0,0,0,0
228,0,0,0,0,0,0,0,0,0
229,0,0,0,0,0,0,0,0,0
230,0,0,0,0,0,0,0,0,0
231,0,0,0,0,0,0,0,0,0
232,0,0,0,0,0,0,0,0,0
233,0,0,0,0,0,0,0,0,0
234,0,0,0,0,0,0,0,0,0
235,0,0,0,0,0,0,0,0,0
236,0,0,0,0,0,0,0,0,0
237,0,0,0,0,0,0,0,0,0
238,0,0,0,0,0,0,0,0,0
239,0,0,0,0,0,0,0,0,0
240,0,0,0,0,0,0,0,0,0
241,0,0,0,0,0,0,0,0,0
242,0,0,0,0,0,0,0,0,0
243,0,0,0,0,0,0,0,0,0
244,0,0,0,0,0,0,0,0,0
245,0,0,0,0,0,0,0,0,0
246,0,0,0,0,0,0,0,0,0
247,0,0,0,0,0,0,0,0,0
248,0,0,0,0,0,0,0,0,0
249,0,0,0,0,0,0,0,0,0
250,0,0,0,0,0,0,0,0,0
251,0,0,0,0,0,0,0,0,0
252,0,0,0,0,0,0,0,0,0
253,0,0,0,0,0,0,0,0,0
254,0,0,0,0,0,0,0,0,0
255,0,0,0,0,0,0,0,0,0
256,0,0,0,0,0,0,0,0,0
257,0,0,0,0,0,0,0,0,0
258,0,0,0,0,0,0,0,0,0
259,0,0,0,0,0,0,0,0,0
260,0,0,0,0,0,0,0,0,0
261,0,0,0,0,0,0,0,0,0
262,0,0,0,0,0,0,0,0,0
263,0,0,0,0,0,0,0,0,0
264,0,0,0,0,0,0,0,0,0
265,0,0,0,0,0,0,0,0,0
266,0,0,0,0,0,0,0,0,0
267,0,0,0,0,0,0,0,0,0
268,0,0,0,0,0,0,0,0,0
269,0,0,0,0,0,0,0,0,0
270,0,0,0,0,0,0,0,0,0
271,0,0,0,0,0,0,0,0,0
272,0,0,0,0,0,0,0,0,0
273,0,0,0,0,0,0,0,0,0
274,0,0,0,0,0,0,0,0,0
275,0,0,0,0,0,0,0,0,0
276,0,0,0,0,0,0,0,0,0
277,0,0,0,0,0,0,0,0,0
278,0,0,0,0,0,0,0,0,0
279,0,0,0,0,0,0,0,0,0
280,0,0,0,0,0,0,0,0,0
281,0,0,0,0,0,0,0,0,0
282,0,0,0,0,0,0,0,0,0
283,0,0,0,0,0,0,0,0,0
284,0,0,0,0,0,0,0,0,0
285,0,0,0,0,0,0,0,0,0
286,0,0,0,0,0,0,0,0,0
287,0,0,0,0,0,0,0,0,0
288,0,0,0,0,0,0,0,0,0
289,0,0,0,0,0,0,0,0,0
290,0,0,0,0,0,0,0,0,0
291,0,0,0,0,0,0,0,0,0
292,0,0,0,0,0,0,0,0,0
293,0,0,0,0,0,0,0,0,0
294,0,0,0,0,0,0,0,0,0
295,0,0,0,0,0,0,0,0,0
296,0,0,0,0,0,0,0,0,0
297,0,0,0,0,0,0,0,0,0
298,0,0,0,0,0,0,0,0,0
299,0,0,0,0,0,0,0,0,0
300,0,0,0,0,0,0,0,0,0
301,0,0,0,0,0,0,0,0,0
302,0,0,0,0,0,0,0,0,0
303,0,0,0,0,0,0,0,0,0
304,0,0,0,0,0,0,0,0,0
305,0,0,0,0,0,0,0,0,0
306,0,0,0,0,0,0,0,0,0
307,0,0,0,0,0,0,0,0,0
308,0,0,0,0,0,0,0,0,0
309,0,0,0,0,0,0,0,0,0
310,0,0,0,0,0,0,0,0,0
311,0,0,0,0,0,0,0,0,0
312,0,0,0,0,0,0,0,0,0
313,0,0,0,0,0,0,0,0,0
314,0,0,0,0,0,0,0,0,0
315,0,0,0,0,0,0,0,0,0
316,0,0,0,0,0,0,0,0,0
317,0,0,0,0,0,0,0,0,0
318,0,0,0,0,0,0,0,0,0
319,0,0,0,0,0,0,0,0,0
320,0,0,0,0,0,0,0,0,0
321,0,0,0,0,0,0,0,0,0
322,0,0,0,0,0,0,0,0,0
323,0,0,0,0,0,0,0,0,0
324,0,0,0,0,0,0,0,0,0
325,0,0,0,0,0,0,0,0,0
326,0,0,0,0,0,0,0,0,0
327,0,0,0,0,0,0,0,0,0
328,0,0,0,0,0,0,0,0,0
329,0,0,0,0,0,0,0,0,0
330,0,0,0,0,0,0,0,0,0
331,0,0,0,0,0,0,0,0,0
332,0,0,0,0,0,0,0,0,0
333,0,0,0,0,0,0,0,0,0
334,0,0,0,0,0,0,0,0,0
335,0,0,0,0,0,0,0,0,0
336,0,0,0,0,0,0,0,0,0
337,0,0,0,0,0,0,0,0,0
338,0,0,0,0,0,0,0,0,0
339,0,0,0,0,0,0,0,0,0
340,0,0,0,0,0,0,0,0,0
341,0,0,0,0,0,0,0,0,0
342,0,0,0,0,0,0,0,0,0
343,0,0,0,0,0,0,0,0,0
344,0,0,0,0,0,0,0,0,0
345,0,0,0,0,0,0,0,0,0
346,0,0,0,0,0,0,0,0,0
347,0,0,0,0,0,0,0,0,0
348,0,0,0,0,0,0,0,0,0
349,0,0,0,0,0,0,0,0,0
350,0,0,0,0,0,0,0,0,0
351,0,0,0,0,0,0,0,0,0
352,0,0,0,0,0,0,0,0,0
353,0,0,0,0,0,0,0,0,0
354,0,0,0,0,0,0,0,0,0
355,0,0,0,0,0,0,0,0,0
356,0,0,0,0,0,0,0,0,0
357,0,0,0,0,0,0,0,0,0
358,0,0,0,0,0,0,0,0,0
359,0,0,0,0,0,0,0,0,0
360,0,0,0,0,0,0,0,0,0
361,0,0,0,0,0,0,0,0,0
362,0,0,0,0,0,0,0,0,0
363,0,0,0,0,0,0,0,0,0
364,0,0,0,0,0,0,0,0,0
365,0,0,0,0,0,0,0,0,0
366,0,0,0,0,0,0,0,0,0
367,0,0,0,0,0,0,0,0,0
368,0,0,0,0,0,0,0,0,0
369,0,0,0,0,0,0,0,0,0
370,0,0,0,0,0,0,0,0,0
371,0,0,0,0,0,0,0,0,0
372,0,0,0,0,0,0,0,0,0
373,0,0,0,0,0,0,0,0,0
374,0,0,0,0,0,0,0,0,0
375,0,0,0,0,0,0,0,0,0
376,0,0,0,0,0,0,0,0,0
377,0,0,0,0,0,0,0,0,0
378,0,0,0,0,0,0,0,0,0
379,0,0,0,0,0,0,0,0,0
380,0,0,0,0,0,0,0,0,0
381,0,0,0,0,0,0,0,0,0
382,0,0,0,0,0,0,0,0,0
383,0,0,0,0,0,0,0,0,0
384,0,0,0,0,0,0,0,0,0
385,0,0,0,0,0,0,0,0,0
386,0,0,0,0,0,0,0,0,0
387,0,0,0,0,0,0,0,0,0
388,0,0,0,0,0,0,0,0,0
389,0,0,0,0,0,0,0,0,0
390,0,0,0,0,0,0,0,0,0
391,0,0,0,0,0,0,0,0,0
392,0,0,0,0,0,0,0,0,0
393,0,0,0,0,0,0,0,0,0
394,0,0,0,0,0,0,0,0,0
395,0,0,0,0,0,0,0,0,0
396,0,0,0,0,0,0,0,0,0
397,0,0,0,0,0,0,0,0,0
398,0,0,0,0,0,0,0,0,0
399,0,0,0,0,0,0,0,0,0
400,0,0,0,0,0,0,0,0,0
401,0,0,0,0,0,0,0,0,0
402,0,0,0,0,0,0,0,0,0
403,0,0,0,0,0,0,0,0,0
404,0,0,0,0,0,0,0,0,0
405,0,0,0,0,0,0,0,0,0
406,0,0,0,0,0,0,0,0,0
407,0,0,0,0,0,0,0,0,0
408,0,0,0,0,0,0,0,0,0
409,0,0,0,0,0,0,0,0,0
410,0,0,0,0,0,0,0,0,0
411,0,0,0,0,0,0,0,0,0
412,0,0,0,0,0,0,0,0,0
413,0,0,0,0,0,0,0,0,0
414,0,0,0,0,0,0,0,0,0
415,0,0,0,0,0,0,0,0,0
416,0,0,0,0,0,0,0,0,0
417,0,0,0,0,0,0,0,0,0
418,0,0,0,0,0,0,0,0,0
419,0,0,0,0,0,0,0,0,0
420,0,0,0,0,0,0,0,0,0
421,0,0,0,0,0,0,0,0,0
422,0,0,0,0,0,0,0,0,0
423,0,0,0,0,0,0,0,0,0
424,0,0,0,0,0,0,0,0,0
425,0,0,0,0,0,0,0,0,0
426,0,0,0,0,0,0,0,0,0
427,0,0,0,0,0,0,0,0,0
428,0,0,0,0,0,0,0,0,0
429,0,0,0,0,0,0,0,0,0
430,0,0,0,0,0,0,0,0,0
431,0,0,0,0,0,0,0,0,0
432,0,0,0,0,0,0,0,0,0
433,0,0,0,0,0,0,0,0,0
434,0,0,0,0,0,0,0,0,0
435,0,0,0,0,0,0,0,0,0
436,0,0,0,0,0,0,0,0,0
437,0,0,0,0,0,0,0,0,0
438,0,0,0,0,0,0,0,0,0
439,0,0,0,0,0,0,0,0,0
440,0,0,0,0,0,0,0,0,0
441,0,0,0,0,0,0,0,0,0
442,0,0,0,0,0,0,0,0,0
443,0,0,0,0,0,0,0,0,0
444,0,0,0,0,0,0,0,0,0
445,0,0,0,0,0,0,0,0,0
446,0,0,0,0,0,0,0,0,0
447,0,0,0,0,0,0,0,0,0
448,0,0,0,0,0,0,0,0,0
449,0,0,0,0,0,0,0,0,0
450,0,0,0,0,0,0,0,0,0
451,0,0,0,0,0,0,0,0,0
452,0,0,0,0,0,0,0,0,0
453,0,0,0,0,0,0,0,0,0
454,0,0,0,0,0,0,0,0,0
455,0,0,0,0,0,0,0,0,0
456,0,0,0,0,0,0,0,0,0
457,0,0,0,0,0,0,0,0,0
458,0,0,0,0,0,0,0,0,0
459,0,0,0,0,0,0,0,0,0
460,0,0,0,0,0,0,0,0,0
461,0,0,0,0,0,0,0,0,0
462,0,0,0,0,0,0,0,0,0
463,0,0,0,0,0,0,0,0,0
464,0,0,0,0,0,0,0,0,0
465,0,0,0,0,0,0,0,0,0
466,0,0,0,0,0,0,0,0,0
467,0,0,0,0,0,0,0,0,0
468,0,0,0,0,0,0,0,0,0
469,0,0,0,0,0,0,0,0,0
470,0,0,0,0,0,0,0,0,0
471,0,0,0,0,0,0,0,0,0
472,0,0,0,0,0,0,0,0,0
473,0,0,0,0,0,0,0,0,0
474,0,0,0,0,0,0,0,0,0
475,0,0,0,0,0,0,0,0,0
476,0,0,0,0,0,0,0,0,0
477,0,0,0,0,0,0,0,0,0
478,0,0,0,0,0,0,0,0,0
479,0,0,0,0,0,0,0,0,0
480,0,0,0,0,0,0,0,0,0
481,0,0,0,0,0,0,0,0,0
482,0,0,0,0,0,0,0,0,0
483,0,0,0,0,0,0,0,0,0
484,0,0,0,0,0,0,0,0,0
485,0,0,0,0,0,0,0,0,0
486,0,0,0,0,0,0,0,0,0
487,0,0,0,0,0,0,0,0,0
488,0,0,0,0,0,0,0,0,0
489,0,0,0,0,0,0,0,0,0
490,0,0,0,0,0,0,0,0,0
491,0,0,0,0,0,0,0,0,0
492,0,0,0,0,0,0,0,0,0
493,0,0,0,0,0,0,0,0,0
494,0,0,0,0,0,0,0,0,0
495,0,0,0,0,0,0,0,0,0
496,0,0,0,0,0,0,0,0,0
497,0,0,0,0,0,0,0,0,0
498,0,0,0,0,0,0,0,0,0
499,0,0,0,0,0,0,0,0,0
500,0,0,0,0,0,0,0,0,0
501,0,0,0,0,0,0,0,0,0
502,0,0,0,0,0,0,0,0,0
503,0,0,0,0,0,0,0,0,0
504,0,0,0,0,0,0,0,0,0
505,0,0,0,0,0,0,0,0,0
506,0,0,0,0,0,0,0,0,0
507,0,0,0,0,0,0,0,0,0
508,0,0,0,0,0,0,0,0,0
509,0,0,0,0,0,0,0,0,0
510,0,0,0,0,0,0,0,0,0
511,0,0,0,0,0,0,0,0,0
512,0,0,0,0,0,0,0,0,0
513,0,0,0,0,0,0,0,0,0
514,0,0,0,0,0,0,0,0,0
515,0,0,0,0,0,0,0,0,0
516,0,0,0,0,0,0,0,0,0
517,0,0,0,0,0,0,0,0,0
518,0,0,0,0,0,0,0,0,0
519,0,0,0,0,0,0,0,0,0
520,0,0,0,0,0,0,0,0,0
521,0,0,0,0,0,0,0,0,0
522,0,0,0,0,0,0,0,0,0
523,0,0,0,0,0,0,0,0,0
524,0,0,0,0,0,0,0,0,0
525,0,0,0,0,0,0,0,0,0
526,0,0,0,0,0,0,0,0,0
527,0,0,0,0,0,0,0,0,0
528,0,0,0,0,0,0,0,0,0
529,0,0,0,0,0,0,0,0,0
530,0,0,0,0,0,0,0,0,0
531,0,0,0,0,0,0,0,0,0
532,0,0,0,0,0,0,0,0,0
533,0,0,0,0,0,0,0,0,0
534,0,0,0,0,0,0,0,0,0
535,0,0,0,0,0,0,0,0,0
536,0,0,0,0,0,0,0,0,0
537,0,0,0,0,0,0,0,0,0
538,0,0,0,0,0,0,0,0,0
539,0,0,0,0,0,0,0,0,0
540,0,0,0,0,0,0,0,0,0
541,0,0,0,0,0,0,0,0,0
542,0,0,0,0,0,0,0,0,0
543,0,0,0,0,0,0,0,0,0
544,0,0,0,0,0,0,0,0,0
545,0,0,0,0,0,0,0,0,0
546,0,0,0,0,0,0,0,0,0
547,0,0,0,0,0,0,0,0,0
548,0,0,0,0,0,0,0,0,0
549,0,0,0,0,0,0,0,0,0
550,0,0,0,0,0,0,0,0,0
551,0,0,0,0,0,0,0,0,0
552,0,0,0,0,0,0,0,0,0
553,0,0,0,0,0,0,0,0,0
554,0,0,0,0,0,0,0,0,0
555,0,0,0,0,0,0,0,0,0
556,0,0,0,0,0,0,0,0,0
557,0,0,0,0,0,0,0,0,0
558,0,0,0,0,0,0,0,0,0
559,0,0,0,0,0,0,0,0,0
560,0,0,0,0,0,0,0,0,0
561,0,0,0,0,0,0,0,0,0
562,0,0,0,0,0,0,0,0,0
563,0,0,0,0,0,0,0,0,0
564,0,0,0,0,0,0,0,0,0
565,0,0,0,0,0,0,0,0,0
566,0,0,0,0,0,0,0,0,0
567,0,0,0,0,0,0,0,0,0
568,0,0,0,0,0,0,0,0,0
569,0,0,0,0,0,0,0,0,0
570,0,0,0,0,0,0,0,0,0
571,0,0,0,0,0,0,0,0,0
572,0,0,0,0,0,0,0,0,0
573,0,0,0,0,0,0,0,0,0
574,0,0,0,0,0,0,0,0,0
575,0,0,0,0,0,0,0,0,0
576,0,0,0,0,0,0,0,0,0
577,0,0,0,0,0,0,0,0,0
578,0,0,0,0,0,0,0,0,0
579,0,0,0,0,0,0,0,0,0
580,0,0,0,0,0,0,0,0,0
581,0,0,0,0,0,0,0,0,0
582,0,0,0,0,0,0,0,0,0
583,0,0,0,0,0,0,0,0,0
584,0,0,0,0,0,0,0,0,0
585,0,0,0,0,0,0,0,0,0
586,0,0,0,0,0,0,0,0,0
587,0,0,0,0,0,0,0,0,0
588,0,0,0,0,0,0,0,0,0
589,0,0,0,0,0,0,0,0,0
590,0,0,0,0,0,0,0,0,0
591,0,0,0,0,0,0,0,0,0
592,0,0,0,0,0,0,0,0,0
593,0,0,0,0,0,0,0,0,0
594,0,0,0,0,0,0,0,0,0
595,0,0,0,0,0,0,0,0,0
596,0,0,0,0,0,0,0,0,0
597,0,0,0,0,0,0,0,0,0
598,0,0,0,0,0,0,0,0,0
599,0,0,0,0,0,0,0,0,0
600,0,0,0,0,0,0,0,0,0
601,0,0,0,0,0,0,0,0,0
602,0,0,0,0,0,0,0,0,0
603,0,0,0,0,0,0,0,0,0
604,0,0,0,0,0,0,0,0,0
605,0,0,0,0,0,0,0,0,0
606,0,0,0,0,0,0,0,0,0
607,0,0,0,0,0,0,0,0,0
608,0,0,0,0,0,0,0,0,0
609,0,0,0,0,0,0,0,0,0
610,0,0,0,0,0,0,0,0,0
611,0,0,0,0,0,0,0,0,0
612,0,0,0,0,0,0,0,0,0
613,0,0,0,0,0,0,0,0,0
614,0,0,0,0,0,0,0,0,0
615,0,0,0,0,0,0,0,0,0
616,0,0,0,0,0,0,0,0,0
617,0,0,0,0,0,0,0,0,0
618,0,0,0,0,0,0,0,0,0
619,0,0,0,0,0,0,0,0,0
620,0,0,0,0,0,0,0,0,0
621,0,0,0,0,0,0,0,0,0
622,0,0,0,0,0,0,0,0,0
623,0,0,0,0,0,0,0,0,0
624,0,0,0,0,0,0,0,0,0
625,0,0,0,0,0,0,0,0,0
626,0,0,0,0,0,0,0,0,0
627,0,0,0,0,0,0,0,0,0
628,0,0,0,0,0,0,0,0,0
629,0,0,0,0,0,0,0,0,0
630,0,0,0,0,0,0,0,0,0
631,0,0,0,0,0,0,0,0,0
632,0,0,0,0,0,0,0,0,0
633,0,0,0,0,0,0,0,0,0
634,0,0,0,0,0,0,0,0,0
635,0,0,0,0,0,0,0,0,0
636,0,0,0,0,0,0,0,0,0
637,0,0,0,0,0,0,0,0,0
638,0,0,0,0,0,0,0,0,0
639,0,0,0,0,0,0,0,0,0
640,0,0,0,0,0,0,0,0,0
641,0,0,0,0,0,0,0,0,0
642,0,0,0,0,0,0,0,0,0
643,0,0,0,0,0,0,0,0,0
644,0,0,0,0,0,0,0,0,0
645,0,0,0,0,0,0,0,0,0
646,0,0,0,0,0,0,0,0,0
647,0,0,0,0,0,0,0,0,0
648,0,0,0,0,0,0,0,0,0
649,0,0,0,0,0,0,0,0,0
650,0,0,0,0,0,0,0,0,0
651,0,0,0,0,0,0,0,0,0
652,0,0,0,0,0,0,0,0,0
653,0,0,0,0,0,0,0,0,0
654,0,0,0,0,0,0,0,0,0
655,0,0,0,0,0,0,0,0,0
656,0,0,0,0,0,0,0,0,0
657,0,0,0,0,0,0,0,0,0
658,0,0,0,0,0,0,0,0,0
659,0,0,0,0,0,0,0,0,0
660,0,0,0,0,0,0,0,0,0
661,0,0,0,0,0,0,0,0,0
662,0,0,0,0,0,0,0,0,0
663,0,0,0,0,0,0,0,0,0
664,0,0,0,0,0,0,0,0,0
665,0,0,0,0,0,0,0,0,0
666,0,0,0,0,0,0,0,0,0
667,0,0,0,0,0,0,0,0,0
668,0,0,0,0,0,0,0,0,0
669,0,0,0,0,0,0,0,0,0
670,0,0,0,0,0,0,0,0,0
671,0,0,0,0,0,0,0,0,0
672,0,0,0,0,0,0,0,0,0
673,0,0,0,0,0,0,0,0,0
674,0,0,0,0,0,0,0,0,0
675,0,0,0,0,0,0,0,0,0
676,0,0,0,0,0,0,0,0,0
677,0,0,0,0,0,0,0,0,0
678,0,0,0,0,0,0,0,0,0
679,0,0,0,0,0,0,0,0,0
680,0,0,0,0,0,0,0,0,0
681,0,0,0,0,0,0,0,0,0
682,0,0,0,0,0,0,0,0,0
683,0,0,0,0,0,0,0,0,0
684,0,0,0,0,0,0,0,0,0
685,0,0,0,0,0,0,0,0,0
686,0,0,0,0,0,0,0,0,0
687,0,0,0,0,0,0,0,0,0
688,0,0,0,0,0,0,0,0,0
689,0,0,0,0,0,0,0,0,0
690,0,0,0,0,0,0,0,0,0
691,0,0,0,0,0,0,0,0,0
692,0,0,0,0,0,0,0,0,0
693,0,0,0,0,0,0,0,0,0
694,0,0,0,0,0,0,0,0,0
695,0,0,0,0,0,0,0,0,0
696,0,0,0,0,0,0,0,0,0
697,0,0,0,0,0,0,0,0,0
698,0,0,0,0,0,0,0,0,0
699,0,0,0,0,0,0,0,0,0
700,0,0,0,0,0,0,0,0,0
701,0,0,0,0,0,0,0,0,0
702,0,0,0,0,0,0,0,0,0
703,0,0,0,0,0,0,0,0,0
704,0,0,0,0,0,0,0,0,0
705,0,0,0,0,0,0,0,0,0
706,0,0,0,0,0,0,0,0,0
707,0,0,0,0,0,0,0,0,0
708,0,0,0,0,0,0,0,0,0
709,0,0,0,0,0,0,0,0,0
710,0,0,0,0,0,0,0,0,0
711,0,0,0,0,0,0,0,0,0
712,0,0,0,0,0,0,0,0,0
713,0,0,0,0,0,0,0,0,0
714,0,0,0,0,0,0,0,0,0
715,0,0,0,0,0,0,0,0,0
716,0,0,0,0,0,0,0,0,0
717,0,0,0,0,0,0,0,0,0
718,0,0,0,0,0,0,0,0,0
719,0,0,0,0,0,0,0,0,0
720,0,0,0,0,0,0,0,0,0
721,0,0,0,0,0,0,0,0,0
722,0,0,0,0,0,0,0,0,0
723,0,0,0,0,0,0,0,0,0
724,0,0,0,0,0,0,0,0,0
725,0,0,0,0,0,0,0,0,0
726,0,0,0,0,0,0,0,0,0
727,0,0,0,0,0,0,0,0,0
728,0,0,0,0,0,0,0,0,0
729,0,0,0,0,0,0,0,0,0
730,0,0,0,0,0,0,0,0,0
731,0,0,0,0,0,0,0,0,0
732,0,0,0,0,0,0,0,0,0
733,0,0,0,0,0,0,0,0,0
734,0,0,0,0,0,0,0,0,0
735,0,0,0,0,0,0,0,0,0
736,0,0,0,0,0,0,0,0,0
737,0,0,0,0,0,0,0,0,0
738,0,0,0,0,0,0,0,0,0
739,0,0,0,0,0,0,0,0,0
740,0,0,0,0,0,0,0,0,0
741,0,0,0,0,0,0,0,0,0
742,0,0,0,0,0,0,0,0,0
743,0,0,0,0,0,0,0,0,0
744,0,0,0,0,0,0,0,0,0
745,0,0,0,0,0,0,0,0,0
746,0,0,0,0,0,0,0,0,0
747,0,0,0,0,0,0,0,0,0
748,0,0,0,0,0,0,0,0,0
749,0,0,0,0,0,0,0,0,0
750,0,0,0,0,0,0,0,0,0
0,194,7257,201425,4077983,57373546,517292847,2626655236,5935079656,3356972874
1,91,2568,56577,907442,10138994,72581364,292473752,524184703,235113315
2,45,1217,21584,274110,2428293,13809514,44310796,63411223,22783647
3,31,751,11569,126405,963134,4711202,12982624,15952907,4930768
4,25,493,6378,59727,391237,1650739,3921113,4171261,1121843
5,12,251,2950,25046,150586,581392,1266209,1231385,301479
6,10,172,1889,14889,83879,301223,608522,548793,124817
7,9,105,1143,8612,43928,141541,255928,204897,41222
8,8,81,819,5786,28041,85332,146871,112664,21709
9,7,67,605,3853,16833,46849,74152,52325,9401
10,7,61,512,2922,11439,28565,40255,24789,3828
11,4,40,305,1495,4864,10344,12401,6120,704
12,4,33,218,1021,2928,5508,5754,2300,182
13,3,29,169,714,1847,3201,3187,1175,75
14,3,29,161,664,1587,2636,2507,901,60
15,3,27,151,594,1366,2246,2126,745,45
16,3,24,138,496,1116,1717,1559,499,25
17,3,24,133,451,956,1384,1157,350,17
18,2,15,75,203,391,542,421,116,4
19,2,8,31,74,131,171,110,34,1
20,2,8,31,74,131,171,110,34,1
21,2,4,17,38,69,75,45,16,0
22,2,4,17,38,67,68,44,12,0
23,2,4,17,38,67,68,44,12,0
24,2,4,17,38,67,68,44,12,0
25,2,4,17,37,64,67,42,12,0
26,1,4,12,27,47,49,34,6,0
27,1,3,8,26,41,35,26,3,0
28,1,3,8,26,41,35,26,3,0
29,1,3,4,23,33,27,20,3,0
30,1,3,4,23,33,26,20,3,0
31,0,0,0,0,0,0,0,0,0
32,0,0,0,0,0,0,0,0,0
33,0,0,0,0,0,0,0,0,0
34,0,0,0,0,0,0,0,0,0
35,0,0,0,0,0,0,0,0,0
36,0,0,0,0,0,0,0,0,0
37,0,0,0,0,0,0,0,0,0
38,0,0,0,0,0,0,0,0,0
39,0,0,0,0,0,0,0,0,0
40,0,0,0,0,0,0,0,0,0
41,0,0,0,0,0,0,0,0,0
42,0,0,0,0,0,0,0,0,0
43,0,0,0,0,0,0,0,0,0
44,0,0,0,0,0,0,0,0,0
45,0,0,0,0,0,0,0,0,0
46,0,0,0,0,0,0,0,0,0
47,0,0,0,0,0,0,0,0,0
48,0,0,0,0,0,0,0,0,0
49,0,0,0,0,0,0,0,0,0
50,0,0,0,0,0,0,0,0,0
51,0,0,0,0,0,0,0,0,0
52,0,0,0,0,0,0,0,0,0
53,0,0,0,0,0,0,0,0,0
54,0,0,0,0,0,0,0,0,0
55,0,0,0,0,0,0,0,0,0
56,0,0,0,0,0,0,0,0,0
57,0,0,0,0,0,0,0,0,0
58,0,0,0,0,0,0,0,0,0
59,0,0,0,0,0,0,0,0,0
60,0,0,0,0,0,0,0,0,0
61,0,0,0,0,0,0,0,0,0
62,0,0,0,0,0,0,0,0,0
63,0,0,0,0,0,0,0,0,0
64,0,0,0,0,0,0,0,0,0
65,0,0,0,0,0,0,0,0,0
66,0,0,0,0,0,0,0,0,0
67,0,0,0,0,0,0,0,0,0
68,0,0,0,0,0,0,0,0,0
69,0,0,0,0,0,0,0,0,0
70,0,0,0,0,0,0,0,0,0
71,0,0,0,0,0,0,0,0,0
72,0,0,0,0,0,0,0,0,0
73,0,0,0,0,0,0,0,0,0
74,0,0,0,0,0,0,0,0,0
75,0,0,0,0,0,0,0,0,0
76,0,0,0,0,0,0,0,0,0
77,0,0,0,0,0,0,0,0,0
78,0,0,0,0,0,0,0,0,0
79,0,0,0,0,0,0,0,0,0
80,0,0,0,0,0,0,0,0,0
81,0,0,0,0,0,0,0,0,0
82,0,0,0,0,0,0,0,0,0
83,0,0,0,0,0,0,0,0,0
84,0,0,0,0,0,0,0,0,0
85,0,0,0,0,0,0,0,0,0
86,0,0,0,0,0,0,0,0,0
87,0,0,0,0,0,0,0,0,0
88,0,0,0,0,0,0,0,0,0
89,0,0,0,0,0,0,0,0,0
90,0,0,0,0,0,0,0,0,0
91,0,0,0,0,0,0,0,0,0
92,0,0,0,0,0,0,0,0,0
93,0,0,0,0,0,0,0,0,0
94,0,0,0,0,0,0,0,0,0
95,0,0,0,0,0,0,0,0,0
96,0,0,0,0,0,0,0,0,0
97,0,0,0,0,0,0,0,0,0
98,0,0,0,0,0,0,0,0,0
99,0,0,0,0,0,0,0,0,0
100,0,0,0,0,0,0,0,0,0
101,0,0,0,0,0,0,0,0,0
102,0,0,0,0,0,0,0,0,0
103,0,0,0,0,0,0,0,0,0
104,0,0,0,0,0,0,0,0,0
105,0,0,0,0,0,0,0,0,0
106,0,0,0,0,0,0,0,0,0
107,0,0,0,0,0,0,0,0,0
108,0,0,0,0,0,0,0,0,0
109,0,0,0,0,0,0,0,0,0
110,0,0,0,0,0,0,0,0,0
111,0,0,0,0,0,0,0,0,0
112,0,0,0,0,0,0,0,0,0
113,0,0,0,0,0,0,0,0,0
114,0,0,0,0,0,0,0,0,0
115,0,0,0,0,0,0,0,0,0
116,0,0,0,0,0,0,0,0,0
117,0,0,0,0,0,0,0,0,0
118,0,0,0,0,0,0,0,0,0
119,0,0,0,0,0,0,0,0,0
120,0,0,0,0,0,0,0,0,0
121,0,0,0,0,0,0,0,0,0
122,0,0,0,0,0,0,0,0,0
123,0,0,0,0,0,0,0,0,0
124,0,0,0,0,0,0,0,0,0
125,0,0,0,0,0,0,0,0,0
126,0,0,0,0,0,0,0,0,0
127,0,0,0,0,0,0,0,0,0
128,0,0,0,0,0,0,0,0,0
129,0,0,0,0,0,0,0,0,0
130,0,0,0,0,0,0,0,0,0
131,0,0,0,0,0,0,0,0,0
132,0,0,0,0,0,0,0,0,0
133,0,0,0,0,0,0,0,0,0
134,0,0,0,0,0,0,0,0,0
135,0,0,0,0,0,0,0,0,0
136,0,0,0,0,0,0,0,0,0
137,0,0,0,0,0,0,0,0,0
138,0,0,0,0,0,0,0,0,0
139,0,0,0,0,0,0,0,0,0
140,0,0,0,0,0,0,0,0,0
141,0,0,0,0,0,0,0,0,0
142,0,0,0,0,0,0,0,0,0
143,0,0,0,0,0,0,0,0,0
144,0,0,0,0,0,0,0,0,0
145,0,0,0,0,0,0,0,0,0
146,0,0,0,0,0,0,0,0,0
147,0,0,0,0,0,0,0,0,0
148,0,0,0,0,0,0,0,0,0
149,0,0,0,0,0,0,0,0,0
150,0,0,0,0,0,0,0,0,0
151,0,0,0,0,0,0,0,0,0
152,0,0,0,0,0,0,0,0,0
153,0,0,0,0,0,0,0,0,0
154,0,0,0,0,0,0,0,0,0
155,0,0,0,0,0,0,0,0,0
156,0,0,0,0,0,0,0,0,0
157,0,0,0,0,0,0,0,0,0
158,0,0,0,0,0,0,0,0,0
159,0,0,0,0,0,0,0,0,0
160,0,0,0,0,0,0,0,0,0
161,0,0,0,0,0,0,0,0,0
162,0,0,0,0,0,0,0,0,0
163,0,0,0,0,0,0,0,0,0
164,0,0,0,0,0,0,0,0,0
165,0,0,0,0,0,0,0,0,0
166,0,0,0,0,0,0,0,0,0
167,0,0,0,0,0,0,0,0,0
168,0,0,0,0,0,0,0,0,0
169,0,0,0,0,0,0,0,0,0
170,0,0,0,0,0,0,0,0,0
171,0,0,0,0,0,0,0,0,0
172,0,0,0,0,0,0,0,0,0
173,0,0,0,0,0,0,0,0,0
174,0,0,0,0,0,0,0,0,0
175,0,0,0,0,0,0,0,0,0
176,0,0,0,0,0,0,0,0,0
177,0,0,0,0,0,0,0,0,0
178,0,0,0,0,0,0,0,0,0
179,0,0,0,0,0,0,0,0,0
180,0,0,0,0,0,0,0,0,0
181,0,0,0,0,0,0,0,0,0
182,0,0,0,0,0,0,0,0,0
183,0,0,0,0,0,0,0,0,0
184,0,0,0,0,0,0,0,0,0
185,0,0,0,0,0,0,0,0,0
186,0,0,0,0,0,0,0,0,0
187,0,0,0,0,0,0,0,0,0
188,0,0,0,0,0,0,0,0,0
189,0,0,0,0,0,0,0,0,0
190,0,0,0,0,0,0,0,0,0
191,0,0,0,0,0,0,0,0,0
192,0,0,0,0,0,0,0,0,0
193,0,0,0,0,0,0,0,0,0
194,0,0,0,0,0,0,0,0,0
195,0,0,0,0,0,0,0,0,0
196,0,0,0,0,0,0,0,0,0
197,0,0,0,0,0,0,0,0,0
198,0,0,0,0,0,0,0,0,0
199,0,0,0,0,0,0,0,0,0
200,0,0,0,0,0,0,0,0,0
201,0,0,0,0,0,0,0,0,0
202,0,0,0,0,0,0,0,0,0
203,0,0,0,0,0,0,0,0,0
204,0,0,0,0,0,0,0,0,0
205,0,0,0,0,0,0,0,0,0
206,0,0,0,0,0,0,0,0,0
207,0,0,0,0,0,0,0,0,0
208,0,0,0,0,0,0,0,0,0
209,0,0,0,0,0,0,0,0,0
210,0,0,0,0,0,0,0,0,0
211,0,0,0,0,0,0,0,0,0
212,0,0,0,0,0,0,0,0,0
213,0,0,0,0,0,0,0,0,0
214,0,0,0,0,0,0,0,0,0
215,0,0,0,0,0,0,0,0,0
216,0,0,0,0,0,0,0,0,0
217,0,0,0,0,0,0,0,0,0
218,0,0,0,0,0,0,0,0,0
219,0,0,0,0,0,0,0,0,0
220,0,0,0,0,0,0,0,0,0
221,0,0,0,0,0,0,0,0,0
222,0,0,0,0,0,0,0,0,0
223,0,0,0,0,0,0,0,0,0
224,0,0,0,0,0,0,0,0,0
225,0,0,0,0,0,0,0,0,0
226,0,0,0,0,0,0,0,0,0
227,0,0,0,0,0,0,0,0,0
228,0,0,0,0,0,0,0,0,0
229,0,0,0,0,0,0,0,0,0
230,0,0,0,0,0,0,0,0,0
231,0,0,0,0,0,0,0,0,0
232,0,0,0,0,0,0,0,0,0
233,0,0,0,0,0,0,0,0,0
234,0,0,0,0,0,0,0,0,0
235,0,0,0,0,0,0,0,0,0
236,0,0,0,0,0,0,0,0,0
237,0,0,0,0,0,0,0,0,0
238,0,0,0,0,0,0,0,0,0
239,0,0,0,0,0,0,0,0,0
240,0,0,0,0,0,0,0,0,0
241,0,0,0,0,0,0,0,0,0
242,0,0,0,0,0,0,0,0,0
243,0,0,0,0,0,0,0,0,0
244,0,0,0,0,0,0,0,0,0
245,0,0,0,0,0,0,0,0,0
246,0,0,0,0,0,0,0,0,0
247,0,0,0,0,0,0,0,0,0
248,0,0,0,0,0,0,0,0,0
249,0,0,0,0,0,0,0,0,0
250,0,0,0,0,0,0,0,0,0
251,0,0,0,0,0,0,0,0,0
252,0,0,0,0,0,0,0,0,0
253,0,0,0,0,0,0,0,0,0
254,0,0,0,0,0,0,0,0,0
255,0,0,0,0,0,0,0,0,0
256,0,0,0,0,0,0,0,0,0
257,0,0,0,0,0,0,0,0,0
258,0,0,0,0,0,0,0,0,0
259,0,0,0,0,0,0,0,0,0
260,0,0,0,0,0,0,0,0,0
261,0,0,0,0,0,0,0,0,0
262,0,0,0,0,0,0,0,0,0
263,0,0,0,0,0,0,0,0,0
264,0,0,0,0,0,0,0,0,0
265,0,0,0,0,0,0,0,0,0
266,0,0,0,0,0,0,0,0,0
267,0,0,0,0,0,0,0,0,0
268,0,0,0,0,0,0,0,0,0
269,0,0,0,0,0,0,0,0,0
270,0,0,0,0,0,0,0,0,0
271,0,0,0,0,0,0,0,0,0
272,0,0,0,0,0,0,0,0,0
273,0,0,0,0,0,0,0,0,0
274,0,0,0,0,0,0,0,0,0
275,0,0,0,0,0,0,0,0,0
276,0,0,0,0,0,0,0,0,0
277,0,0,0,0,0,0,0,0,0
278,0,0,0,0,0,0,0,0,0
279,0,0,0,0,0,0,0,0,0
280,0,0,0,0,0,0,0,0,0
281,0,0,0,0,0,0,0,0,0
282,0,0,0,0,0,0,0,0,0
283,0,0,0,0,0,0,0,0,0
284,0,0,0,0,0,0,0,0,0
285,0,0,0,0,0,0,0,0,0
286,0,0,0,0,0,0,0,0,0
287,0,0,0,0,0,0,0,0,0
288,0,0,0,0,0,0,0,0,0
289,0,0,0,0,0,0,0,0,0
290,0,0,0,0,0,0,0,0,0
291,0,0,0,0,0,0,0,0,0
292,0,0,0,0,0,0,0,0,0
293,0,0,0,0,0,0,0,0,0
294,0,0,0,0,0,0,0,0,0
295,0,0,0,0,0,0,0,0,0
296,0,0,0,0,0,0,0,0,0
297,0,0,0,0,0,0,0,0,0
298,0,0,0,0,0,0,0,0,0
299,0,0,0,0,0,0,0,0,0
300,0,0,0,0,0,0,0,0,0
301,0,0,0,0,0,0,0,0,0
302,0,0,0,0,0,0,0,0,0
303,0,0,0,0,0,0,0,0,0
304,0,0,0,0,0,0,0,0,0
305,0,0,0,0,0,0,0,0,0
306,0,0,0,0,0,0,0,0,0
307,0,0,0,0,0,0,0,0,0
308,0,0,0,0,0,0,0,0,0
309,0,0,0,0,0,0,0,0,0
310,0,0,0,0,0,0,0,0,0
311,0,0,0,0,0,0,0,0,0
312,0,0,0,0,0,0,0,0,0
313,0,0,0,0,0,0,0,0,0
314,0,0,0,0,0,0,0,0,0
315,0,0,0,0,0,0,0,0,0
316,0,0,0,0,0,0,0,0,0
317,0,0,0,0,0,0,0,0,0
318,0,0,0,0,0,0,0,0,0
319,0,0,0,0,0,0,0,0,0
320,0,0,0,0,0,0,0,0,0
321,0,0,0,0,0,0,0,0,0
322,0,0,0,0,0,0,0,0,0
323,0,0,0,0,0,0,0,0,0
324,0,0,0,0,0,0,0,0,0
325,0,0,0,0,0,0,0,0,0
326,0,0,0,0,0,0,0,0,0
327,0,0,0,0,0,0,0,0,0
328,0,0,0,0,0,0,0,0,0
329,0,0,0,0,0,0,0,0,0
330,0,0,0,0,0,0,0,0,0
331,0,0,0,0,0,0,0,0,0
332,0,0,0,0,0,0,0,0,0
333,0,0,0,0,0,0,0,0,0
334,0,0,0,0,0,0,0,0,0
335,0,0,0,0,0,0,0,0,0
336,0,0,0,0,0,0,0,0,0
337,0,0,0,0,0,0,0,0,0
338,0,0,0,0,0,0,0,0,0
339,0,0,0,0,0,0,0,0,0
340,0,0,0,0,0,0,0,0,0
341,0,0,0,0,0,0,0,0,0
342,0,0,0,0,0,0,0,0,0
343,0,0,0,0,0,0,0,0,0
344,0,0,0,0,0,0,0,0,0
345,0,0,0,0,0,0,0,0,0
346,0,0,0,0,0,0,0,0,0
347,0,0,0,0,0,0,0,0,0
348,0,0,0,0,0,0,0,0,0
349,0,0,0,0,0,0,0,0,0
350,0,0,0,0,0,0,0,0,0
351,0,0,0,0,0,0,0,0,0
352,0,0,0,0,0,0,0,0,0
353,0,0,0,0,0,0,0,0,0
354,0,0,0,0,0,0,0,0,0
355,0,0,0,0,0,0,0,0,0
356,0,0,0,0,0,0,0,0,0
357,0,0,0,0,0,0,0,0,0
358,0,0,0,0,0,0,0,0,0
359,0,0,0,0,0,0,0,0,0
360,0,0,0,0,0,0,0,0,0
361,0,0,0,0,0,0,0,0,0
362,0,0,0,0,0,0,0,0,0
363,0,0,0,0,0,0,0,0,0
364,0,0,0,0,0,0,0,0,0
365,0,0,0,0,0,0,0,0,0
366,0,0,0,0,0,0,0,0,0
367,0,0,0,0,0,0,0,0,0
368,0,0,0,0,0,0,0,0,0
369,0,0,0,0,0,0,0,0,0
370,0,0,0,0,0,0,0,0,0
371,0,0,0,0,0,0,0,0,0
372,0,0,0,0,0,0,0,0,0
373,0,0,0,0,0,0,0,0,0
374,0,0,0,0,0,0,0,0,0
375,0,0,0,0,0,0,0,0,0
376,0,0,0,0,0,0,0,0,0
377,0,0,0,0,0,0,0,0,0
378,0,0,0,0,0,0,0,0,0
379,0,0,0,0,0,0,0,0,0
380,0,0,0,0,0,0,0,0,0
381,0,0,0,0,0,0,0,0,0
382,0,0,0,0,0,0,0,0,0
383,0,0,0,0,0,0,0,0,0
384,0,0,0,0,0,0,0,0,0
385,0,0,0,0,0,0,0,0,0
386,0,0,0,0,0,0,0,0,0
387,0,0,0,0,0,0,0,0,0
388,0,0,0,0,0,0,0,0,0
389,0,0,0,0,0,0,0,0,0
390,0,0,0,0,0,0,0,0,0
391,0,0,0,0,0,0,0,0,0
392,0,0,0,0,0,0,0,0,0
393,0,0,0,0,0,0,0,0,0
394,0,0,0,0,0,0,0,0,0
395,0,0,0,0,0,0,0,0,0
396,0,0,0,0,0,0,0,0,0
397,0,0,0,0,0,0,0,0,0
398,0,0,0,0,0,0,0,0,0
399,0,0,0,0,0,0,0,0,0
400,0,0,0,0,0,0,0,0,0
401,0,0,0,0,0,0,0,0,0
402,0,0,0,0,0,0,0,0,0
403,0,0,0,0,0,0,0,0,0
404,0,0,0,0,0,0,0,0,0
405,0,0,0,0,0,0,0,0,0
406,0,0,0,0,0,0,0,0,0
407,0,0,0,0,0,0,0,0,0
408,0,0,0,0,0,0,0,0,0
409,0,0,0,0,0,0,0,0,0
410,0,0,0,0,0,0,0,0,0
411,0,0,0,0,0,0,0,0,0
412,0,0,0,0,0,0,0,0,0
413,0,0,0,0,0,0,0,0,0
414,0,0,0,0,0,0,0,0,0
415,0,0,0,0,0,0,0,0,0
416,0,0,0,0,0,0,0,0,0
417,0,0,0,0,0,0,0,0,0
418,0,0,0,0,0,0,0,0,0
419,0,0,0,0,0,0,0,0,0
420,0,0,0,0,0,0,0,0,0
421,0,0,0,0,0,0,0,0,0
422,0,0,0,0,0,0,0,0,0
423,0,0,0,0,0,0,0,0,0
424,0,0,0,0,0,0,0,0,0
425,0,0,0,0,0,0,0,0,0
426,0,0,0,0,0,0,0,0,0
427,0,0,0,0,0,0,0,0,0
428,0,0,0,0,0,0,0,0,0
429,0,0,0,0,0,0,0,0,0
430,0,0,0,0,0,0,0,0,0
431,0,0,0,0,0,0,0,0,0
432,0,0,0,0,0,0,0,0,0
433,0,0,0,0,0,0,0,0,0
434,0,0,0,0,0,0,0,0,0
435,0,0,0,0,0,0,0,0,0
436,0,0,0,0,0,0,0,0,0
437,0,0,0,0,0,0,0,0,0
438,0,0,0,0,0,0,0,0,0
439,0,0,0,0,0,0,0,0,0
440,0,0,0,0,0,0,0,0,0
441,0,0,0,0,0,0,0,0,0
442,0,0,0,0,0,0,0,0,0
443,0,0,0,0,0,0,0,0,0
444,0,0,0,0,0,0,0,0,0
445,0,0,0,0,0,0,0,0,0
446,0,0,0,0,0,0,0,0,0
447,0,0,0,0,0,0,0,0,0
448,0,0,0,0,0,0,0,0,0
449,0,0,0,0,0,0,0,0,0
450,0,0,0,0,0,0,0,0,0
451,0,0,0,0,0,0,0,0,0
452,0,0,0,0,0,0,0,0,0
453,0,0,0,0,0,0,0,0,0
454,0,0,0,0,0,0,0,0,0
455,0,0,0,0,0,0,0,0,0
456,0,0,0,0,0,0,0,0,0
457,0,0,0,0,0,0,0,0,0
458,0,0,0,0,0,0,0,0,0
459,0,0,0,0,0,0,0,0,0
460,0,0,0,0,0,0,0,0,0
461,0,0,0,0,0,0,0,0,0
462,0,0,0,0,0,0,0,0,0
463,0,0,0,0,0,0,0,0,0
464,0,0,0,0,0,0,0,0,0
465,0,0,0,0,0,0,0,0,0
466,0,0,0,0,0,0,0,0,0
467,0,0,0,0,0,0,0,0,0
468,0,0,0,0,0,0,0,0,0
469,0,0,0,0,0,0,0,0,0
470,0,0,0,0,0,0,0,0,0
471,0,0,0,0,0,0,0,0,0
472,0,0,0,0,0,0,0,0,0
473,0,0,0,0,0,0,0,0,0
474,0,0,0,0,0,0,0,0,0
475,0,0,0,0,0,0,0,0,0
476,0,0,0,0,0,0,0,0,0
477,0,0,0,0,0,0,0,0,0
478,0,0,0,0,0,0,0,0,0
479,0,0,0,0,0,0,0,0,0
480,0,0,0,0,0,0,0,0,0
481,0,0,0,0,0,0,0,0,0
482,0,0,0,0,0,0,0,0,0
483,0,0,0,0,0,0,0,0,0
484,0,0,0,0,0,0,0,0,0
485,0,0,0,0,0,0,0,0,0
486,0,0,0,0,0,0,0,0,0
487,0,0,0,0,0,0,0,0,0
488,0,0,0,0,0,0,0,0,0
489,0,0,0,0,0,0,0,0,0
490,0,0,0,0,0,0,0,0,0
491,0,0,0,0,0,0,0,0,0
492,0,0,0,0,0,0,0,0,0
493,0,0,0,0,0,0,0,0,0
494,0,0,0,0,0,0,0,0,0
495,0,0,0,0,0,0,0,0,0
496,0,0,0,0,0,0,0,0,0
497,0,0,0,0,0,0,0,0,0
498,0,0,0,0,0,0,0,0,0
499,0,0,0,0,0,0,0,0,0
500,0,0,0,0,0,0,0,0,0
501,0,0,0,0,0,0,0,0,0
502,0,0,0,0,0,0,0,0,0
503,0,0,0,0,0,0,0,0,0
504,0,0,0,0,0,0,0,0,0
505,0,0,0,0,0,0,0,0,0
506,0,0,0,0,0,0,0,0,0
507,0,0,0,0,0,0,0,0,0
508,0,0,0,0,0,0,0,0,0
509,0,0,0,0,0,0,0,0,0
510,0,0,0,0,0,0,0,0,0
511,0,0,0,0,0,0,0,0,0
512,0,0,0,0,0,0,0,0,0
513,0,0,0,0,0,0,0,0,0
514,0,0,0,0,0,0,0,0,0
515,0,0,0,0,0,0,0,0,0
516,0,0,0,0,0,0,0,0,0
517,0,0,0,0,0,0,0,0,0
518,0,0,0,0,0,0,0,0,0
519,0,0,0,0,0,0,0,0,0
520,0,0,0,0,0,0,0,0,0
521,0,0,0,0,0,0,0,0,0
522,0,0,0,0,0,0,0,0,0
523,0,0,0,0,0,0,0,0,0
524,0,0,0,0,0,0,0,0,0
525,0,0,0,0,0,0,0,0,0
526,0,0,0,0,0,0,0,0,0
527,0,0,0,0,0,0,0,0,0
528,0,0,0,0,0,0,0,0,0
529,0,0,0,0,0,0,0,0,0
530,0,0,0,0,0,0,0,0,0
531,0,0,0,0,0,0,0,0,0
532,0,0,0,0,0,0,0,0,0
533,0,0,0,0,0,0,0,0,0
534,0,0,0,0,0,0,0,0,0
535,0,0,0,0,0,0,0,0,0
536,0,0,0,0,0,0,0,0,0
537,0,0,0,0,0,0,0,0,0
538,0,0,0,0,0,0,0,0,0
539,0,0,0,0,0,0,0,0,0
540,0,0,0,0,0,0,0,0,0
541,0,0,0,0,0,0,0,0,0
542,0,0,0,0,0,0,0,0,0
543,0,0,0,0,0,0,0,0,0
544,0,0,0,0,0,0,0,0,0
545,0,0,0,0,0,0,0,0,0
546,0,0,0,0,0,0,0,0,0
547,0,0,0,0,0,0,0,0,0
548,0,0,0,0,0,0,0,0,0
549,0,0,0,0,0,0,0,0,0
550,0,0,0,0,0,0,0,0,0
551,0,0,0,0,0,0,0,0,0
552,0,0,0,0,0,0,0,0,0
553,0,0,0,0,0,0,0,0,0
554,0,0,0,0,0,0,0,0,0
555,0,0,0,0,0,0,0,0,0
556,0,0,0,0,0,0,0,0,0
557,0,0,0,0,0,0,0,0,0
558,0,0,0,0,0,0,0,0,0
559,0,0,0,0,0,0,0,0,0
560,0,0,0,0,0,0,0,0,0
561,0,0,0,0,0,0,0,0,0
562,0,0,0,0,0,0,0,0,0
563,0,0,0,0,0,0,0,0,0
564,0,0,0,0,0,0,0,0,0
565,0,0,0,0,0,0,0,0,0
566,0,0,0,0,0,0,0,0,0
567,0,0,0,0,0,0,0,0,0
568,0,0,0,0,0,0,0,0,0
569,0,0,0,0,0,0,0,0,0
570,0,0,0,0,0,0,0,0,0
571,0,0,0,0,0,0,0,0,0
572,0,0,0,0,0,0,0,0,0
573,0,0,0,0,0,0,0,0,0
574,0,0,0,0,0,0,0,0,0
575,0,0,0,0,0,0,0,0,0
576,0,0,0,0,0,0,0,0,0
577,0,0,0,0,0,0,0,0,0
578,0,0,0,0,0,0,0,0,0
579,0,0,0,0,0,0,0,0,0
580,0,0,0,0,0,0,0,0,0
581,0,0,0,0,0,0,0,0,0
582,0,0,0,0,0,0,0,0,0
583,0,0,0,0,0,0,0,0,0
584,0,0,0,0,0,0,0,0,0
585,0,0,0,0,0,0,0,0,0
586,0,0,0,0,0,0,0,0,0
587,0,0,0,0,0,0,0,0,0
588,0,0,0,0,0,0,0,0,0
589,0,0,0,0,0,0,0,0,0
590,0,0,0,0,0,0,0,0,0
591,0,0,0,0,0,0,0,0,0
592,0,0,0,0,0,0,0,0,0
593,0,0,0,0,0,0,0,0,0
594,0,0,0,0,0,0,0,0,0
595,0,0,0,0,0,0,0,0,0
596,0,0,0,0,0,0,0,0,0
597,0,0,0,0,0,0,0,0,0
598,0,0,0,0,0,0,0,0,0
599,0,0,0,0,0,0,0,0,0
600,0,0,0,0,0,0,0,0,0
601,0,0,0,0,0,0,0,0,0
602,0,0,0,0,0,0,0,0,0
603,0,0,0,0,0,0,0,0,0
604,0,0,0,0,0,0,0,0,0
605,0,0,0,0,0,0,0,0,0
606,0,0,0,0,0,0,0,0,0
607,0,0,0,0,0,0,0,0,0
608,0,0,0,0,0,0,0,0,0
609,0,0,0,0,0,0,0,0,0
610,0,0,0,0,0,0,0,0,0
611,0,0,0,0,0,0,0,0,0
612,0,0,0,0,0,0,0,0,0
613,0,0,0,0,0,0,0,0,0
614,0,0,0,0,0,0,0,0,0
615,0,0,0,0,0,0,0,0,0
616,0,0,0,0,0,0,0,0,0
617,0,0,0,0,0,0,0,0,0
618,0,0,0,0,0,0,0,0,0
619,0,0,0,0,0,0,0,0,0
620,0,0,0,0,0,0,0,0,0
621,0,0,0,0,0,0,0,0,0
622,0,0,0,0,0,0,0,0,0
623,0,0,0,0,0,0,0,0,0
624,0,0,0,0,0,0,0,0,0
625,0,0,0,0,0,0,0,0,0
626,0,0,0,0,0,0,0,0,0
627,0,0,0,0,0,0,0,0,0
628,0,0,0,0,0,0,0,0,0
629,0,0,0,0,0,0,0,0,0
630,0,0,0,0,0,0,0,0,0
631,0,0,0,0,0,0,0,0,0
632,0,0,0,0,0,0,0,0,0
633,0,0,0,0,0,0,0,0,0
634,0,0,0,0,0,0,0,0,0
635,0,0,0,0,0,0,0,0,0
636,0,0,0,0,0,0,0,0,0
637,0,0,0,0,0,0,0,0,0
638,0,0,0,0,0,0,0,0,0
639,0,0,0,0,0,0,0,0,0
640,0,0,0,0,0,0,0,0,0
641,0,0,0,0,0,0,0,0,0
642,0,0,0,0,0,0,0,0,0
643,0,0,0,0,0,0,0,0,0
644,0,0,0,0,0,0,0,0,0
645,0,0,0,0,0,0,0,0,0
646,0,0,0,0,0,0,0,0,0
647,0,0,0,0,0,0,0,0,0
648,0,0,0,0,0,0,0,0,0
649,0,0,0,0,0,0,0,0,0
650,0,0,0,0,0,0,0,0,0
651,0,0,0,0,0,0,0,0,0
652,0,0,0,0,0,0,0,0,0
653,0,0,0,0,0,0,0,0,0
654,0,0,0,0,0,0,0,0,0
655,0,0,0,0,0,0,0,0,0
656,0,0,0,0,0,0,0,0,0
657,0,0,0,0,0,0,0,0,0
658,0,0,0,0,0,0,0,0,0
659,0,0,0,0,0,0,0,0,0
660,0,0,0,0,0,0,0,0,0
661,0,0,0,0,0,0,0,0,0
662,0,0,0,0,0,0,0,0,0
663,0,0,0,0,0,0,0,0,0
664,0,0,0,0,0,0,0,0,0
665,0,0,0,0,0,0,0,0,0
666,0,0,0,0,0,0,0,0,0
667,0,0,0,0,0,0,0,0,0
668,0,0,0,0,0,0,0,0,0
669,0,0,0,0,0,0,0,0,0
670,0,0,0,0,0,0,0,0,0
671,0,0,0,0,0,0,0,0,0
672,0,0,0,0,0,0,0,0,0
673,0,0,0,0,0,0,0,0,0
674,0,0,0,0,0,0,0,0,0
675,0,0,0,0,0,0,0,0,0
676,0,0,0,0,0,0,0,0,0
677,0,0,0,0,0,0,0,0,0
678,0,0,0,0,0,0,0,0,0
679,0,0,0,0,0,0,0,0,0
680,0,0,0,0,0,0,0,0,0
681,0,0,0,0,0,0,0,0,0
682,0,0,0,0,0,0,0,0,0
683,0,0,0,0,0,0,0,0,0
684,0,0,0,0,0,0,0,0,0
685,0,0,0,0,0,0,0,0,0
686,0,0,0,0,0,0,0,0,0
687,0,0,0,0,0,0,0,0,0
688,0,0,0,0,0,0,0,0,0
689,0,0,0,0,0,0,0,0,0
690,0,0,0,0,0,0,0,0,0
691,0,0,0,0,0,0,0,0,0
692,0,0,0,0,0,0,0,0,0
693,0,0,0,0,0,0,0,0,0
694,0,0,0,0,0,0,0,0,0
695,0,0,0,0,0,0,0,0,0
696,0,0,0,0,0,0,0,0,0
697,0,0,0,0,0,0,0,0,0
698,0,0,0,0,0,0,0,0,0
699,0,0,0,0,0,0,0,0,0
700,0,0,0,0,0,0,0,0,0
701,0,0,0,0,0,0,0,0,0
702,0,0,0,0,0,0,0,0,0
703,0,0,0,0,0,0,0,0,0
704,0,0,0,0,0,0,0,0,0
705,0,0,0,0,0,0,0,0,0
706,0,0,0,0,0,0,0,0,0
707,0,0,0,0,0,0,0,0,0
708,0,0,0,0,0,0,0,0,0
709,0,0,0,0,0,0,0,0,0
710,0,0,0,0,0,0,0,0,0
711,0,0,0,0,0,0,0,0,0
712,0,0,0,0,0,0,0,0,0
713,0,0,0,0,0,0,0,0,0
714,0,0,0,0,0,0,0,0,0
715,0,0,0,0,0,0,0,0,0
716,0,0,0,0,0,0,0,0,0
717,0,0,0,0,0,0,0,0,0
718,0,0,0,0,0,0,0,0,0
719,0,0,0,0,0,0,0,0,0
720,0,0,0,0,0,0,0,0,0
721,0,0,0,0,0,0,0,0,0
722,0,0,0,0,0,0,0,0,0
723,0,0,0,0,0,0,0,0,0
724,0,0,0,0,0,0,0,0,0
725,0,0,0,0,0,0,0,0,0
726,0,0,0,0,0,0,0,0,0
727,0,0,0,0,0,0,0,0,0
728,0,0,0,0,0,0,0,0,0
729,0,0,0,0,0,0,0,0,0
730,0,0,0,0,0,0,0,0,0
731,0,0,0,0,0,0,0,0,0
732,0,0,0,0,0,0,0,0,0
733,0,0,0,0,0,0,0,0,0
734,0,0,0,0,0,0,0,0,0
735,0,0,0,0,0,0,0,0,0
736,0,0,0,0,0,0,0,0,0
737,0,0,0,0,0,0,0,0,0
738,0,0,0,0,0,0,0,0,0
739,0,0,0,0,0,0,0,0,0
740,0,0,0,0,0,0,0,0,0
741,0,0,0,0,0,0,0,0,0
742,0,0,0,0,0,0,0,0,0
743,0,0,0,0,0,0,0,0,0
744,0,0,0,0,0,0,0,0,0
745,0,0,0,0,0,0,0,0,0
746,0,0,0,0,0,0,0,0,0
747,0,0,0,0,0,0,0,0,0
748,0,0,0,0,0,0,0,0,0
749,0,0,0,0,0,0,0,0,0
750,0,0,0,0,0,0,0,0,0
0,194,7257,201425,4077983,57373546,517292847,2626655236,5935079656,3356972874
1,84,2681,56804,868840,9244297,63008785,241782017,412712981,176217102
2,47,1321,22870,285592,2486127,13886324,43661993,61092693,21397292
3,18,629,8916,91824,658100,3016952,7760902,8833553,2506423
4,13,377,4556,41432,257797,1030240,2306085,2291225,567722
5,12,267,2856,23861,134517,489761,1001918,909277,206378
6,9,198,1691,12682,63533,205064,368919,295643,59720
7,8,162,1246,8488,39318,116867,196707,147843,27681
8,6,122,892,5418,21438,55295,80204,51488,8299
9,5,86,587,3320,12478,30635,41983,25478,3813
10,4,62,382,1983,7038,16373,20958,12231,1784
11,4,59,319,1543,5129,11273,13560,7448,1001
12,4,48,220,949,2975,6110,6961,3585,441
13,3,40,196,760,2329,4455,4899,2477,303
14,3,30,144,517,1455,2552,2665,1267,116
15,3,30,140,496,1376,2395,2446,1123,103
16,2,22,103,342,967,1645,1617,715,71
17,2,21,98,299,781,1195,1109,428,45
18,2,21,98,299,781,1195,1109,428,45
19,2,20,82,239,616,883,812,309,32
20,2,16,56,174,447,585,520,193,25
21,2,13,50,130,318,376,283,87,16
22,2,10,35,87,179,182,134,30,6
23,2,10,31,72,152,142,109,22,5
24,2,10,31,72,152,142,109,22,5
25,2,7,21,48,102,91,66,19,3
26,2,6,20,43,86,76,54,13,1
27,2,6,20,42,84,74,54,13,1
28,2,6,16,36,69,61,40,8,1
29,2,6,16,36,69,61,40,8,1
30,1,5,12,31,51,44,20,2,1
31,1,3,6,9,23,11,5,1,0
32,1,3,6,9,23,9,3,1,0
33,1,3,6,9,23,9,3,1,0
34,1,3,6,9,18,9,2,1,0
35,1,3,6,9,18,9,2,1,0
36,1,3,6,9,18,9,2,1,0
37,1,3,6,9,18,6,1,1,0
38,1,2,6,6,15,5,1,0,0
39,1,2,6,6,15,5,1,0,0
40,1,2,6,6,15,5,1,0,0
41,1,2,6,6,15,5,1,0,0
42,1,2,6,6,15,5,1,0,0
43,1,2,6,6,15,5,1,0,0
44,0,1,4,3,11,5,1,0,0
45,0,1,4,3,7,3,0,0,0
46,0,1,3,1,5,2,0,0,0
47,0,1,3,1,5,2,0,0,0
48,0,1,3,1,5,0,0,0,0
49,0,1,3,1,5,0,0,0,0
50,0,1,3,1,5,0,0,0,0
51,0,1,3,1,5,0,0,0,0
52,0,1,3,1,5,0,0,0,0
53,0,1,3,1,5,0,0,0,0
54,0,1,1,1,2,0,0,0,0
55,0,1,1,1,2,0,0,0,0
56,0,1,1,1,2,0,0,0,0
57,0,0,1,1,2,0,0,0,0
58,0,0,1,1,2,0,0,0,0
59,0,0,1,1,2,0,0,0,0
60,0,0,1,1,2,0,0,0,0
61,0,0,1,0,0,0,0,0,0
62,0,0,1,0,0,0,0,0,0
63,0,0,1,0,0,0,0,0,0
64,0,0,1,0,0,0,0,0,0
65,0,0,1,0,0,0,0,0,0
66,0,0,1,0,0,0,0,0,0
67,0,0,1,0,0,0,0,0,0
68,0,0,1,0,0,0,0,0,0
69,0,0,1,0,0,0,0,0,0
70,0,0,0,0,0,0,0,0,0
71,0,0,0,0,0,0,0,0,0
72,0,0,0,0,0,0,0,0,0
73,0,0,0,0,0,0,0,0,0
74,0,0,0,0,0,0,0,0,0
75,0,0,0,0,0,0,0,0,0
76,0,0,0,0,0,0,0,0,0
77,0,0,0,0,0,0,0,0,0
78,0,0,0,0,0,0,0,0,0
79,0,0,0,0,0,0,0,0,0
80,0,0,0,0,0,0,0,0,0
81,0,0,0,0,0,0,0,0,0
82,0,0,0,0,0,0,0,0,0
83,0,0,0,0,0,0,0,0,0
84,0,0,0,0,0,0,0,0,0
85,0,0,0,0,0,0,0,0,0
86,0,0,0,0,0,0,0,0,0
87,0,0,0,0,0,0,0,0,0
88,0,0,0,0,0,0,0,0,0
89,0,0,0,0,0,0,0,0,0
90,0,0,0,0,0,0,0,0,0
91,0,0,0,0,0,0,0,0,0
92,0,0,0,0,0,0,0,0,0
93,0,0,0,0,0,0,0,0,0
94,0,0,0,0,0,0,0,0,0
95,0,0,0,0,0,0,0,0,0
96,0,0,0,0,0,0,0,0,0
97,0,0,0,0,0,0,0,0,0
98,0,0,0,0,0,0,0,0,0
99,0,0,0,0,0,0,0,0,0
100,0,0,0,0,0,0,0,0,0
101,0,0,0,0,0,0,0,0,0
102,0,0,0,0,0,0,0,0,0
103,0,0,0,0,0,0,0,0,0
104,0,0,0,0,0,0,0,0,0
105,0,0,0,0,0,0,0,0,0
106,0,0,0,0,0,0,0,0,0
107,0,0,0,0,0,0,0,0,0
108,0,0,0,0,0,0,0,0,0
109,0,0,0,0,0,0,0,0,0
110,0,0,0,0,0,0,0,0,0
111,0,0,0,0,0,0,0,0,0
112,0,0,0,0,0,0,0,0,0
113,0,0,0,0,0,0,0,0,0
114,0,0,0,0,0,0,0,0,0
115,0,0,0,0,0,0,0,0,0
116,0,0,0,0,0,0,0,0,0
117,0,0,0,0,0,0,0,0,0
118,0,0,0,0,0,0,0,0,0
119,0,0,0,0,0,0,0,0,0
120,0,0,0,0,0,0,0,0,0
121,0,0,0,0,0,0,0,0,0
122,0,0,0,0,0,0,0,0,0
123,0,0,0,0,0,0,0,0,0
124,0,0,0,0,0,0,0,0,0
125,0,0,0,0,0,0,0,0,0
126,0,0,0,0,0,0,0,0,0
127,0,0,0,0,0,0,0,0,0
128,0,0,0,0,0,0,0,0,0
129,0,0,0,0,0,0,0,0,0
130,0,0,0,0,0,0,0,0,0
131,0,0,0,0,0,0,0,0,0
132,0,0,0,0,0,0,0,0,0
133,0,0,0,0,0,0,0,0,0
134,0,0,0,0,0,0,0,0,0
135,0,0,0,0,0,0,0,0,0
136,0,0,0,0,0,0,0,0,0
137,0,0,0,0,0,0,0,0,0
138,0,0,0,0,0,0,0,0,0
139,0,0,0,0,0,0,0,0,0
140,0,0,0,0,0,0,0,0,0
141,0,0,0,0,0,0,0,0,0
142,0,0,0,0,0,0,0,0,0
143,0,0,0,0,0,0,0,0,0
144,0,0,0,0,0,0,0,0,0
145,0,0,0,0,0,0,0,0,0
146,0,0,0,0,0,0,0,0,0
147,0,0,0,0,0,0,0,0,0
148,0,0,0,0,0,0,0,0,0
149,0,0,0,0,0,0,0,0,0
150,0,0,0,0,0,0,0,0,0
151,0,0,0,0,0,0,0,0,0
152,0,0,0,0,0,0,0,0,0
153,0,0,0,0,0,0,0,0,0
154,0,0,0,0,0,0,0,0,0
155,0,0,0,0,0,0,0,0,0
156,0,0,0,0,0,0,0,0,0
157,0,0,0,0,0,0,0,0,0
158,0,0,0,0,0,0,0,0,0
159,0,0,0,0,0,0,0,0,0
160,0,0,0,0,0,0,0,0,0
161,0,0,0,0,0,0,0,0,0
162,0,0,0,0,0,0,0,0,0
163,0,0,0,0,0,0,0,0,0
164,0,0,0,0,0,0,0,0,0
165,0,0,0,0,0,0,0,0,0
166,0,0,0,0,0,0,0,0,0
167,0,0,0,0,0,0,0,0,0
168,0,0,0,0,0,0,0,0,0
169,0,0,0,0,0,0,0,0,0
170,0,0,0,0,0,0,0,0,0
171,0,0,0,0,0,0,0,0,0
172,0,0,0,0,0,0,0,0,0
173,0,0,0,0,0,0,0,0,0
174,0,0,0,0,0,0,0,0,0
175,0,0,0,0,0,0,0,0,0
176,0,0,0,0,0,0,0,0,0
177,0,0,0,0,0,0,0,0,0
178,0,0,0,0,0,0,0,0,0
179,0,0,0,0,0,0,0,0,0
180,0,0,0,0,0,0,0,0,0
181,0,0,0,0,0,0,0,0,0
182,0,0,0,0,0,0,0,0,0
183,0,0,0,0,0,0,0,0,0
184,0,0,0,0,0,0,0,0,0
185,0,0,0,0,0,0,0,0,0
186,0,0,0,0,0,0,0,0,0
187,0,0,0,0,0,0,0,0,0
188,0,0,0,0,0,0,0,0,0
189,0,0,0,0,0,0,0,0,0
190,0,0,0,0,0,0,0,0,0
191,0,0,0,0,0,0,0,0,0
192,0,0,0,0,0,0,0,0,0
193,0,0,0,0,0,0,0,0,0
194,0,0,0,0,0,0,0,0,0
195,0,0,0,0,0,0,0,0,0
196,0,0,0,0,0,0,0,0,0
197,0,0,0,0,0,0,0,0,0
198,0,0,0,0,0,0,0,0,0
199,0,0,0,0,0,0,0,0,0
200,0,0,0,0,0,0,0,0,0
201,0,0,0,0,0,0,0,0,0
202,0,0,0,0,0,0,0,0,0
203,0,0,0,0,0,0,0,0,0
204,0,0,0,0,0,0,0,0,0
205,0,0,0,0,0,0,0,0,0
206,0,0,0,0,0,0,0,0,0
207,0,0,0,0,0,0,0,0,0
208,0,0,0,0,0,0,0,0,0
209,0,0,0,0,0,0,0,0,0
210,0,0,0,0,0,0,0,0,0
211,0,0,0,0,0,0,0,0,0
212,0,0,0,0,0,0,0,0,0
213,0,0,0,0,0,0,0,0,0
214,0,0,0,0,0,0,0,0,0
215,0,0,0,0,0,0,0,0,0
216,0,0,0,0,0,0,0,0,0
217,0,0,0,0,0,0,0,0,0
218,0,0,0,0,0,0,0,0,0
219,0,0,0,0,0,0,0,0,0
220,0,0,0,0,0,0,0,0,0
221,0,0,0,0,0,0,0,0,0
222,0,0,0,0,0,0,0,0,0
223,0,0,0,0,0,0,0,0,0
224,0,0,0,0,0,0,0,0,0
225,0,0,0,0,0,0,0,0,0
226,0,0,0,0,0,0,0,0,0
227,0,0,0,0,0,0,0,0,0
228,0,0,0,0,0,0,0,0,0
229,0,0,0,0,0,0,0,0,0
230,0,0,0,0,0,0,0,0,0
231,0,0,0,0,0,0,0,0,0
232,0,0,0,0,0,0,0,0,0
233,0,0,0,0,0,0,0,0,0
234,0,0,0,0,0,0,0,0,0
235,0,0,0,0,0,0,0,0,0
236,0,0,0,0,0,0,0,0,0
237,0,0,0,0,0,0,0,0,0
238,0,0,0,0,0,0,0,0,0
239,0,0,0,0,0,0,0,0,0
240,0,0,0,0,0,0,0,0,0
241,0,0,0,0,0,0,0,0,0
242,0,0,0,0,0,0,0,0,0
243,0,0,0,0,0,0,0,0,0
244,0,0,0,0,0,0,0,0,0
245,0,0,0,0,0,0,0,0,0
246,0,0,0,0,0,0,0,0,0
247,0,0,0,0,0,0,0,0,0
248,0,0,0,0,0,0,0,0,0
249,0,0,0,0,0,0,0,0,0
250,0,0,0,0,0,0,0,0,0
251,0,0,0,0,0,0,0,0,0
252,0,0,0,0,0,0,0,0,0
253,0,0,0,0,0,0,0,0,0
254,0,0,0,0,0,0,0,0,0
255,0,0,0,0,0,0,0,0,0
256,0,0,0,0,0,0,0,0,0
257,0,0,0,0,0,0,0,0,0
258,0,0,0,0,0,0,0,0,0
259,0,0,0,0,0,0,0,0,0
260,0,0,0,0,0,0,0,0,0
261,0,0,0,0,0,0,0,0,0
262,0,0,0,0,0,0,0,0,0
263,0,0,0,0,0,0,0,0,0
264,0,0,0,0,0,0,0,0,0
265,0,0,0,0,0,0,0,0,0
266,0,0,0,0,0,0,0,0,0
267,0,0,0,0,0,0,0,0,0
268,0,0,0,0,0,0,0,0,0
269,0,0,0,0,0,0,0,0,0
270,0,0,0,0,0,0,0,0,0
271,0,0,0,0,0,0,0,0,0
272,0,0,0,0,0,0,0,0,0
273,0,0,0,0,0,0,0,0,0
274,0,0,0,0,0,0,0,0,0
275,0,0,0,0,0,0,0,0,0
276,0,0,0,0,0,0,0,0,0
277,0,0,0,0,0,0,0,0,0
278,0,0,0,0,0,0,0,0,0
279,0,0,0,0,0,0,0,0,0
280,0,0,0,0,0,0,0,0,0
281,0,0,0,0,0,0,0,0,0
282,0,0,0,0,0,0,0,0,0
283,0,0,0,0,0,0,0,0,0
284,0,0,0,0,0,0,0,0,0
285,0,0,0,0,0,0,0,0,0
286,0,0,0,0,0,0,0,0,0
287,0,0,0,0,0,0,0,0,0
288,0,0,0,0,0,0,0,0,0
289,0,0,0,0,0,0,0,0,0
290,0,0,0,0,0,0,0,0,0
291,0,0,0,0,0,0,0,0,0
292,0,0,0,0,0,0,0,0,0
293,0,0,0,0,0,0,0,0,0
294,0,0,0,0,0,0,0,0,0
295,0,0,0,0,0,0,0,0,0
296,0,0,0,0,0,0,0,0,0
297,0,0,0,0,0,0,0,0,0
298,0,0,0,0,0,0,0,0,0
299,0,0,0,0,0,0,0,0,0
300,0,0,0,0,0,0,0,0,0
301,0,0,0,0,0,0,0,0,0
302,0,0,0,0,0,0,0,0,0
303,0,0,0,0,0,0,0,0,0
304,0,0,0,0,0,0,0,0,0
305,0,0,0,0,0,0,0,0,0
306,0,0,0,0,0,0,0,0,0
307,0,0,0,0,0,0,0,0,0
308,0,0,0,0,0,0,0,0,0
309,0,0,0,0,0,0,0,0,0
310,0,0,0,0,0,0,0,0,0
311,0,0,0,0,0,0,0,0,0
312,0,0,0,0,0,0,0,0,0
313,0,0,0,0,0,0,0,0,0
314,0,0,0,0,0,0,0,0,0
315,0,0,0,0,0,0,0,0,0
316,0,0,0,0,0,0,0,0,0
317,0,0,0,0,0,0,0,0,0
318,0,0,0,0,0,0,0,0,0
319,0,0,0,0,0,0,0,0,0
320,0,0,0,0,0,0,0,0,0
321,0,0,0,0,0,0,0,0,0
322,0,0,0,0,0,0,0,0,0
323,0,0,0,0,0,0,0,0,0
324,0,0,0,0,0,0,0,0,0
325,0,0,0,0,0,0,0,0,0
326,0,0,0,0,0,0,0,0,0
327,0,0,0,0,0,0,0,0,0
328,0,0,0,0,0,0,0,0,0
329,0,0,0,0,0,0,0,0,0
330,0,0,0,0,0,0,0,0,0
331,0,0,0,0,0,0,0,0,0
332,0,0,0,0,0,0,0,0,0
333,0,0,0,0,0,0,0,0,0
334,0,0,0,0,0,0,0,0,0
335,0,0,0,0,0,0,0,0,0
336,0,0,0,0,0,0,0,0,0
337,0,0,0,0,0,0,0,0,0
338,0,0,0,0,0,0,0,0,0
339,0,0,0,0,0,0,0,0,0
340,0,0,0,0,0,0,0,0,0
341,0,0,0,0,0,0,0,0,0
342,0,0,0,0,0,0,0,0,0
343,0,0,0,0,0,0,0,0,0
344,0,0,0,0,0,0,0,0,0
345,0,0,0,0,0,0,0,0,0
346,0,0,0,0,0,0,0,0,0
347,0,0,0,0,0,0,0,0,0
348,0,0,0,0,0,0,0,0,0
349,0,0,0,0,0,0,0,0,0
350,0,0,0,0,0,0,0,0,0
351,0,0,0,0,0,0,0,0,0
352,0,0,0,0,0,0,0,0,0
353,0,0,0,0,0,0,0,0,0
354,0,0,0,0,0,0,0,0,0
355,0,0,0,0,0,0,0,0,0
356,0,0,0,0,0,0,0,0,0
357,0,0,0,0,0,0,0,0,0
358,0,0,0,0,0,0,0,0,0
359,0,0,0,0,0,0,0,0,0
360,0,0,0,0,0,0,0,0,0
361,0,0,0,0,0,0,0,0,0
362,0,0,0,0,0,0,0,0,0
363,0,0,0,0,0,0,0,0,0
364,0,0,0,0,0,0,0,0,0
365,0,0,0,0,0,0,0,0,0
366,0,0,0,0,0,0,0,0,0
367,0,0,0,0,0,0,0,0,0
368,0,0,0,0,0,0,0,0,0
369,0,0,0,0,0,0,0,0,0
370,0,0,0,0,0,0,0,0,0
371,0,0,0,0,0,0,0,0,0
372,0,0,0,0,0,0,0,0,0
373,0,0,0,0,0,0,0,0,0
374,0,0,0,0,0,0,0,0,0
375,0,0,0,0,0,0,0,0,0
376,0,0,0,0,0,0,0,0,0
377,0,0,0,0,0,0,0,0,0
378,0,0,0,0,0,0,0,0,0
379,0,0,0,0,0,0,0,0,0
380,0,0,0,0,0,0,0,0,0
381,0,0,0,0,0,0,0,0,0
382,0,0,0,0,0,0,0,0,0
383,0,0,0,0,0,0,0,0,0
384,0,0,0,0,0,0,0,0,0
385,0,0,0,0,0,0,0,0,0
386,0,0,0,0,0,0,0,0,0
387,0,0,0,0,0,0,0,0,0
388,0,0,0,0,0,0,0,0,0
389,0,0,0,0,0,0,0,0,0
390,0,0,0,0,0,0,0,0,0
391,0,0,0,0,0,0,0,0,0
392,0,0,0,0,0,0,0,0,0
393,0,0,0,0,0,0,0,0,0
394,0,0,0,0,0,0,0,0,0
395,0,0,0,0,0,0,0,0,0
396,0,0,0,0,0,0,0,0,0
397,0,0,0,0,0,0,0,0,0
398,0,0,0,0,0,0,0,0,0
399,0,0,0,0,0,0,0,0,0
400,0,0,0,0,0,0,0,0,0
401,0,0,0,0,0,0,0,0,0
402,0,0,0,0,0,0,0,0,0
403,0,0,0,0,0,0,0,0,0
404,0,0,0,0,0,0,0,0,0
405,0,0,0,0,0,0,0,0,0
406,0,0,0,0,0,0,0,0,0
407,0,0,0,0,0,0,0,0,0
408,0,0,0,0,0,0,0,0,0
409,0,0,0,0,0,0,0,0,0
410,0,0,0,0,0,0,0,0,0
411,0,0,0,0,0,0,0,0,0
412,0,0,0,0,0,0,0,0,0
413,0,0,0,0,0,0,0,0,0
414,0,0,0,0,0,0,0,0,0
415,0,0,0,0,0,0,0,0,0
416,0,0,0,0,0,0,0,0,0
417,0,0,0,0,0,0,0,0,0
418,0,0,0,0,0,0,0,0,0
419,0,0,0,0,0,0,0,0,0
420,0,0,0,0,0,0,0,0,0
421,0,0,0,0,0,0,0,0,0
422,0,0,0,0,0,0,0,0,0
423,0,0,0,0,0,0,0,0,0
424,0,0,0,0,0,0,0,0,0
425,0,0,0,0,0,0,0,0,0
426,0,0,0,0,0,0,0,0,0
427,0,0,0,0,0,0,0,0,0
428,0,0,0,0,0,0,0,0,0
429,0,0,0,0,0,0,0,0,0
430,0,0,0,0,0,0,0,0,0
431,0,0,0,0,0,0,0,0,0
432,0,0,0,0,0,0,0,0,0
433,0,0,0,0,0,0,0,0,0
434,0,0,0,0,0,0,0,0,0
435,0,0,0,0,0,0,0,0,0
436,0,0,0,0,0,0,0,0,0
437,0,0,0,0,0,0,0,0,0
438,0,0,0,0,0,0,0,0,0
439,0,0,0,0,0,0,0,0,0
440,0,0,0,0,0,0,0,0,0
441,0,0,0,0,0,0,0,0,0
442,0,0,0,0,0,0,0,0,0
443,0,0,0,0,0,0,0,0,0
444,0,0,0,0,0,0,0,0,0
445,0,0,0,0,0,0,0,0,0
446,0,0,0,0,0,0,0,0,0
447,0,0,0,0,0,0,0,0,0
448,0,0,0,0,0,0,0,0,0
449,0,0,0,0,0,0,0,0,0
450,0,0,0,0,0,0,0,0,0
451,0,0,0,0,0,0,0,0,0
452,0,0,0,0,0,0,0,0,0
453,0,0,0,0,0,0,0,0,0
454,0,0,0,0,0,0,0,0,0
455,0,0,0,0,0,0,0,0,0
456,0,0,0,0,0,0,0,0,0
457,0,0,0,0,0,0,0,0,0
458,0,0,0,0,0,0,0,0,0
459,0,0,0,0,0,0,0,0,0
460,0,0,0,0,0,0,0,0,0
461,0,0,0,0,0,0,0,0,0
462,0,0,0,0,0,0,0,0,0
463,0,0,0,0,0,0,0,0,0
464,0,0,0,0,0,0,0,0,0
465,0,0,0,0,0,0,0,0,0
466,0,0,0,0,0,0,0,0,0
467,0,0,0,0,0,0,0,0,0
468,0,0,0,0,0,0,0,0,0
469,0,0,0,0,0,0,0,0,0
470,0,0,0,0,0,0,0,0,0
471,0,0,0,0,0,0,0,0,0
472,0,0,0,0,0,0,0,0,0
473,0,0,0,0,0,0,0,0,0
474,0,0,0,0,0,0,0,0,0
475,0,0,0,0,0,0,0,0,0
476,0,0,0,0,0,0,0,0,0
477,0,0,0,0,0,0,0,0,0
478,0,0,0,0,0,0,0,0,0
479,0,0,0,0,0,0,0,0,0
480,0,0,0,0,0,0,0,0,0
481,0,0,0,0,0,0,0,0,0
482,0,0,0,0,0,0,0,0,0
483,0,0,0,0,0,0,0,0,0
484,0,0,0,0,0,0,0,0,0
485,0,0,0,0,0,0,0,0,0
486,0,0,0,0,0,0,0,0,0
487,0,0,0,0,0,0,0,0,0
488,0,0,0,0,0,0,0,0,0
489,0,0,0,0,0,0,0,0,0
490,0,0,0,0,0,0,0,0,0
491,0,0,0,0,0,0,0,0,0
492,0,0,0,0,0,0,0,0,0
493,0,0,0,0,0,0,0,0,0
494,0,0,0,0,0,0,0,0,0
495,0,0,0,0,0,0,0,0,0
496,0,0,0,0,0,0,0,0,0
497,0,0,0,0,0,0,0,0,0
498,0,0,0,0,0,0,0,0,0
499,0,0,0,0,0,0,0,0,0
500,0,0,0,0,0,0,0,0,0
501,0,0,0,0,0,0,0,0,0
502,0,0,0,0,0,0,0,0,0
503,0,0,0,0,0,0,0,0,0
504,0,0,0,0,0,0,0,0,0
505,0,0,0,0,0,0,0,0,0
506,0,0,0,0,0,0,0,0,0
507,0,0,0,0,0,0,0,0,0
508,0,0,0,0,0,0,0,0,0
509,0,0,0,0,0,0,0,0,0
510,0,0,0,0,0,0,0,0,0
511,0,0,0,0,0,0,0,0,0
512,0,0,0,0,0,0,0,0,0
513,0,0,0,0,0,0,0,0,0
514,0,0,0,0,0,0,0,0,0
515,0,0,0,0,0,0,0,0,0
516,0,0,0,0,0,0,0,0,0
517,0,0,0,0,0,0,0,0,0
518,0,0,0,0,0,0,0,0,0
519,0,0,0,0,0,0,0,0,0
520,0,0,0,0,0,0,0,0,0
521,0,0,0,0,0,0,0,0,0
522,0,0,0,0,0,0,0,0,0
523,0,0,0,0,0,0,0,0,0
524,0,0,0,0,0,0,0,0,0
525,0,0,0,0,0,0,0,0,0
526,0,0,0,0,0,0,0,0,0
527,0,0,0,0,0,0,0,0,0
528,0,0,0,0,0,0,0,0,0
529,0,0,0,0,0,0,0,0,0
530,0,0,0,0,0,0,0,0,0
531,0,0,0,0,0,0,0,0,0
532,0,0,0,0,0,0,0,0,0
533,0,0,0,0,0,0,0,0,0
534,0,0,0,0,0,0,0,0,0
535,0,0,0,0,0,0,0,0,0
536,0,0,0,0,0,0,0,0,0
537,0,0,0,0,0,0,0,0,0
538,0,0,0,0,0,0,0,0,0
539,0,0,0,0,0,0,0,0,0
540,0,0,0,0,0,0,0,0,0
541,0,0,0,0,0,0,0,0,0
542,0,0,0,0,0,0,0,0,0
543,0,0,0,0,0,0,0,0,0
544,0,0,0,0,0,0,0,0,0
545,0,0,0,0,0,0,0,0,0
546,0,0,0,0,0,0,0,0,0
547,0,0,0,0,0,0,0,0,0
548,0,0,0,0,0,0,0,0,0
549,0,0,0,0,0,0,0,0,0
550,0,0,0,0,0,0,0,0,0
551,0,0,0,0,0,0,0,0,0
552,0,0,0,0,0,0,0,0,0
553,0,0,0,0,0,0,0,0,0
554,0,0,0,0,0,0,0,0,0
555,0,0,0,0,0,0,0,0,0
556,0,0,0,0,0,0,0,0,0
557,0,0,0,0,0,0,0,0,0
558,0,0,0,0,0,0,0,0,0
559,0,0,0,0,0,0,0,0,0
560,0,0,0,0,0,0,0,0,0
561,0,0,0,0,0,0,0,0,0
562,0,0,0,0,0,0,0,0,0
563,0,0,0,0,0,0,0,0,0
564,0,0,0,0,0,0,0,0,0
565,0,0,0,0,0,0,0,0,0
566,0,0,0,0,0,0,0,0,0
567,0,0,0,0,0,0,0,0,0
568,0,0,0,0,0,0,0,0,0
569,0,0,0,0,0,0,0,0,0
570,0,0,0,0,0,0,0,0,0
571,0,0,0,0,0,0,0,0,0
572,0,0,0,0,0,0,0,0,0
573,0,0,0,0,0,0,0,0,0
574,0,0,0,0,0,0,0,0,0
575,0,0,0,0,0,0,0,0,0
576,0,0,0,0,0,0,0,0,0
577,0,0,0,0,0,0,0,0,0
578,0,0,0,0,0,0,0,0,0
579,0,0,0,0,0,0,0,0,0
580,0,0,0,0,0,0,0,0,0
581,0,0,0,0,0,0,0,0,0
582,0,0,0,0,0,0,0,0,0
583,0,0,0,0,0,0,0,0,0
584,0,0,0,0,0,0,0,0,0
585,0,0,0,0,0,0,0,0,0
586,0,0,0,0,0,0,0,0,0
587,0,0,0,0,0,0,0,0,0
588,0,0,0,0,0,0,0,0,0
589,0,0,0,0,0,0,0,0,0
590,0,0,0,0,0,0,0,0,0
591,0,0,0,0,0,0,0,0,0
592,0,0,0,0,0,0,0,0,0
593,0,0,0,0,0,0,0,0,0
594,0,0,0,0,0,0,0,0,0
595,0,0,0,0,0,0,0,0,0
596,0,0,0,0,0,0,0,0,0
597,0,0,0,0,0,0,0,0,0
598,0,0,0,0,0,0,0,0,0
599,0,0,0,0,0,0,0,0,0
600,0,0,0,0,0,0,0,0,0
601,0,0,0,0,0,0,0,0,0
602,0,0,0,0,0,0,0,0,0
603,0,0,0,0,0,0,0,0,0
604,0,0,0,0,0,0,0,0,0
605,0,0,0,0,0,0,0,0,0
606,0,0,0,0,0,0,0,0,0
607,0,0,0,0,0,0,0,0,0
608,0,0,0,0,0,0,0,0,0
609,0,0,0,0,0,0,0,0,0
610,0,0,0,0,0,0,0,0,0
611,0,0,0,0,0,0,0,0,0
612,0,0,0,0,0,0,0,0,0
613,0,0,0,0,0,0,0,0,0
614,0,0,0,0,0,0,0,0,0
615,0,0,0,0,0,0,0,0,0
616,0,0,0,0,0,0,0,0,0
617,0,0,0,0,0,0,0,0,0
618,0,0,0,0,0,0,0,0,0
619,0,0,0,0,0,0,0,0,0
620,0,0,0,0,0,0,0,0,0
621,0,0,0,0,0,0,0,0,0
622,0,0,0,0,0,0,0,0,0
623,0,0,0,0,0,0,0,0,0
624,0,0,0,0,0,0,0,0,0
625,0,0,0,0,0,0,0,0,0
626,0,0,0,0,0,0,0,0,0
627,0,0,0,0,0,0,0,0,0
628,0,0,0,0,0,0,0,0,0
629,0,0,0,0,0,0,0,0,0
630,0,0,0,0,0,0,0,0,0
631,0,0,0,0,0,0,0,0,0
632,0,0,0,0,0,0,0,0,0
633,0,0,0,0,0,0,0,0,0
634,0,0,0,0,0,0,0,0,0
635,0,0,0,0,0,0,0,0,0
636,0,0,0,0,0,0,0,0,0
637,0,0,0,0,0,0,0,0,0
638,0,0,0,0,0,0,0,0,0
639,0,0,0,0,0,0,0,0,0
640,0,0,0,0,0,0,0,0,0
641,0,0,0,0,0,0,0,0,0
642,0,0,0,0,0,0,0,0,0
643,0,0,0,0,0,0,0,0,0
644,0,0,0,0,0,0,0,0,0
645,0,0,0,0,0,0,0,0,0
646,0,0,0,0,0,0,0,0,0
647,0,0,0,0,0,0,0,0,0
648,0,0,0,0,0,0,0,0,0
649,0,0,0,0,0,0,0,0,0
650,0,0,0,0,0,0,0,0,0
651,0,0,0,0,0,0,0,0,0
652,0,0,0,0,0,0,0,0,0
653,0,0,0,0,0,0,0,0,0
654,0,0,0,0,0,0,0,0,0
655,0,0,0,0,0,0,0,0,0
656,0,0,0,0,0,0,0,0,0
657,0,0,0,0,0,0,0,0,0
658,0,0,0,0,0,0,0,0,0
659,0,0,0,0,0,0,0,0,0
660,0,0,0,0,0,0,0,0,0
661,0,0,0,0,0,0,0,0,0
662,0,0,0,0,0,0,0,0,0
663,0,0,0,0,0,0,0,0,0
664,0,0,0,0,0,0,0,0,0
665,0,0,0,0,0,0,0,0,0
666,0,0,0,0,0,0,0,0,0
667,0,0,0,0,0,0,0,0,0
668,0,0,0,0,0,0,0,0,0
669,0,0,0,0,0,0,0,0,0
670,0,0,0,0,0,0,0,0,0
671,0,0,0,0,0,0,0,0,0
672,0,0,0,0,0,0,0,0,0
673,0,0,0,0,0,0,0,0,0
674,0,0,0,0,0,0,0,0,0
675,0,0,0,0,0,0,0,0,0
676,0,0,0,0,0,0,0,0,0
677,0,0,0,0,0,0,0,0,0
678,0,0,0,0,0,0,0,0,0
679,0,0,0,0,0,0,0,0,0
680,0,0,0,0,0,0,0,0,0
681,0,0,0,0,0,0,0,0,0
682,0,0,0,0,0,0,0,0,0
683,0,0,0,0,0,0,0,0,0
684,0,0,0,0,0,0,0,0,0
685,0,0,0,0,0,0,0,0,0
686,0,0,0,0,0,0,0,0,0
687,0,0,0,0,0,0,0,0,0
688,0,0,0,0,0,0,0,0,0
689,0,0,0,0,0,0,0,0,0
690,0,0,0,0,0,0,0,0,0
691,0,0,0,0,0,0,0,0,0
692,0,0,0,0,0,0,0,0,0
693,0,0,0,0,0,0,0,0,0
694,0,0,0,0,0,0,0,0,0
695,0,0,0,0,0,0,0,0,0
696,0,0,0,0,0,0,0,0,0
697,0,0,0,0,0,0,0,0,0
698,0,0,0,0,0,0,0,0,0
699,0,0,0,0,0,0,0,0,0
700,0,0,0,0,0,0,0,0,0
701,0,0,0,0,0,0,0,0,0
702,0,0,0,0,0,0,0,0,0
703,0,0,0,0,0,0,0,0,0
704,0,0,0,0,0,0,0,0,0
705,0,0,0,0,0,0,0,0,0
706,0,0,0,0,0,0,0,0,0
707,0,0,0,0,0,0,0,0,0
708,0,0,0,0,0,0,0,0,0
709,0,0,0,0,0,0,0,0,0
710,0,0,0,0,0,0,0,0,0
711,0,0,0,0,0,0,0,0,0
712,0,0,0,0,0,0,0,0,0
713,0,0,0,0,0,0,0,0,0
714,0,0,0,0,0,0,0,0,0
715,0,0,0,0,0,0,0,0,0
716,0,0,0,0,0,0,0,0,0
717,0,0,0,0,0,0,0,0,0
718,0,0,0,0,0,0,0,0,0
719,0,0,0,0,0,0,0,0,0
720,0,0,0,0,0,0,0,0,0
721,0,0,0,0,0,0,0,0,0
722,0,0,0,0,0,0,0,0,0
723,0,0,0,0,0,0,0,0,0
724,0,0,0,0,0,0,0,0,0
725,0,0,0,0,0,0,0,0,0
726,0,0,0,0,0,0,0,0,0
727,0,0,0,0,0,0,0,0,0
728,0,0,0,0,0,0,0,0,0
729,0,0,0,0,0,0,0,0,0
730,0,0,0,0,0,0,0,0,0
731,0,0,0,0,0,0,0,0,0
732,0,0,0,0,0,0,0,0,0
733,0,0,0,0,0,0,0,0,0
734,0,0,0,0,0,0,0,0,0
735,0,0,0,0,0,0,0,0,0
736,0,0,0,0,0,0,0,0,0
737,0,0,0,0,0,0,0,0,0
738,0,0,0,0,0,0,0,0,0
739,0,0,0,0,0,0,0,0,0
740,0,0,0,0,0,0,0,0,0
741,0,0,0,0,0,0,0,0,0
742,0,0,0,0,0,0,0,0,0
743,0,0,0,0,0,0,0,0,0
744,0,0,0,0,0,0,0,0,0
745,0,0,0,0,0,0,0,0,0
746,0,0,0,0,0,0,0,0,0
747,0,0,0,0,0,0,0,0,0
748,0,0,0,0,0,0,0,0,0
749,0,0,0,0,0,0,0,0,0
750,0,0,0,0,0,0,0,0,0
0,194,7257,201425,4077983,57373546,517292847,2626655236,5935079656,3356972874
1,111,3416,69882,1039610,10754141,71373423,267137064,445660688,186375398
2,65,1652,28709,360566,3174140,17858364,56477764,79357332,27884055
3,40,1006,14560,161881,1256413,6240665,17451376,21705671,6763557
4,23,643,8264,80743,548127,2372982,5783557,6252940,1693998
5,9,322,3692,31235,184806,696542,1476382,1382684,322103
6,8,252,2696,21192,116665,407920,805053,706511,154612
7,6,206,1879,13074,64700,200049,347182,263037,48088
8,4,141,1337,8788,40253,114882,185910,130832,21795
9,2,102,836,5223,21888,57279,83626,52735,7582
10,1,63,512,2855,11015,26358,34684,19768,2530
11,1,57,402,2033,7237,16136,19421,9876,1173
12,1,51,338,1619,5574,12007,13476,6441,658
13,1,43,301,1325,4515,9374,9723,4195,366
14,0,29,176,822,2749,5701,5789,2371,204
15,0,27,150,696,2406,5033,5284,2225,195
16,0,19,119,498,1519,2804,2768,1124,71
17,0,13,83,284,828,1632,1750,728,54
18,0,11,58,194,500,918,956,402,26
19,0,11,55,171,418,821,859,356,23
20,0,11,55,155,356,644,593,214,14
21,0,11,55,151,322,569,532,180,11
22,0,11,51,137,309,534,487,165,10
23,0,11,50,125,278,424,350,97,0
24,0,7,22,63,144,211,194,72,0
25,0,7,22,63,144,211,194,72,0
26,0,7,21,55,124,188,176,62,0
27,0,7,20,52,112,177,139,43,0
28,0,7,20,42,98,150,113,34,0
29,0,0,0,0,0,0,0,0,0
30,0,0,0,0,0,0,0,0,0
31,0,0,0,0,0,0,0,0,0
32,0,0,0,0,0,0,0,0,0
33,0,0,0,0,0,0,0,0,0
34,0,0,0,0,0,0,0,0,0
35,0,0,0,0,0,0,0,0,0
36,0,0,0,0,0,0,0,0,0
37,0,0,0,0,0,0,0,0,0
38,0,0,0,0,0,0,0,0,0
39,0,0,0,0,0,0,0,0,0
40,0,0,0,0,0,0,0,0,0
41,0,0,0,0,0,0,0,0,0
42,0,0,0,0,0,0,0,0,0
43,0,0,0,0,0,0,0,0,0
44,0,0,0,0,0,0,0,0,0
45,0,0,0,0,0,0,0,0,0
46,0,0,0,0,0,0,0,0,0
47,0,0,0,0,0,0,0,0,0
48,0,0,0,0,0,0,0,0,0
49,0,0,0,0,0,0,0,0,0
50,0,0,0,0,0,0,0,0,0
51,0,0,0,0,0,0,0,0,0
52,0,0,0,0,0,0,0,0,0
53,0,0,0,0,0,0,0,0,0
54,0,0,0,0,0,0,0,0,0
55,0,0,0,0,0,0,0,0,0
56,0,0,0,0,0,0,0,0,0
57,0,0,0,0,0,0,0,0,0
58,0,0,0,0,0,0,0,0,0
59,0,0,0,0,0,0,0,0,0
60,0,0,0,0,0,0,0,0,0
61,0,0,0,0,0,0,0,0,0
62,0,0,0,0,0,0,0,0,0
63,0,0,0,0,0,0,0,0,0
64,0,0,0,0,0,0,0,0,0
65,0,0,0,0,0,0,0,0,0
66,0,0,0,0,0,0,0,0,0
67,0,0,0,0,0,0,0,0,0
68,0,0,0,0,0,0,0,0,0
69,0,0,0,0,0,0,0,0,0
70,0,0,0,0,0,0,0,0,0
71,0,0,0,0,0,0,0,0,0
72,0,0,0,0,0,0,0,0,0
73,0,0,0,0,0,0,0,0,0
74,0,0,0,0,0,0,0,0,0
75,0,0,0,0,0,0,0,0,0
76,0,0,0,0,0,0,0,0,0
77,0,0,0,0,0,0,0,0,0
78,0,0,0,0,0,0,0,0,0
79,0,0,0,0,0,0,0,0,0
80,0,0,0,0,0,0,0,0,0
81,0,0,0,0,0,0,0,0,0
82,0,0,0,0,0,0,0,0,0
83,0,0,0,0,0,0,0,0,0
84,0,0,0,0,0,0,0,0,0
85,0,0,0,0,0,0,0,0,0
86,0,0,0,0,0,0,0,0,0
87,0,0,0,0,0,0,0,0,0
88,0,0,0,0,0,0,0,0,0
89,0,0,0,0,0,0,0,0,0
90,0,0,0,0,0,0,0,0,0
91,0,0,0,0,0,0,0,0,0
92,0,0,0,0,0,0,0,0,0
93,0,0,0,0,0,0,0,0,0
94,0,0,0,0,0,0,0,0,0
95,0,0,0,0,0,0,0,0,0
96,0,0,0,0,0,0,0,0,0
97,0,0,0,0,0,0,0,0,0
98,0,0,0,0,0,0,0,0,0
99,0,0,0,0,0,0,0,0,0
100,0,0,0,0,0,0,0,0,0
101,0,0,0,0,0,0,0,0,0
102,0,0,0,0,0,0,0,0,0
103,0,0,0,0,0,0,0,0,0
104,0,0,0,0,0,0,0,0,0
105,0,0,0,0,0,0,0,0,0
106,0,0,0,0,0,0,0,0,0
107,0,0,0,0,0,0,0,0,0
108,0,0,0,0,0,0,0,0,0
109,0,0,0,0,0,0,0,0,0
110,0,0,0,0,0,0,0,0,0
111,0,0,0,0,0,0,0,0,0
112,0,0,0,0,0,0,0,0,0
113,0,0,0,0,0,0,0,0,0
114,0,0,0,0,0,0,0,0,0
115,0,0,0,0,0,0,0,0,0
116,0,0,0,0,0,0,0,0,0
117,0,0,0,0,0,0,0,0,0
118,0,0,0,0,0,0,0,0,0
119,0,0,0,0,0,0,0,0,0
120,0,0,0,0,0,0,0,0,0
121,0,0,0,0,0,0,0,0,0
122,0,0,0,0,0,0,0,0,0
123,0,0,0,0,0,0,0,0,0
124,0,0,0,0,0,0,0,0,0
125,0,0,0,0,0,0,0,0,0
126,0,0,0,0,0,0,0,0,0
127,0,0,0,0,0,0,0,0,0
128,0,0,0,0,0,0,0,0,0
129,0,0,0,0,0,0,0,0,0
130,0,0,0,0,0,0,0,0,0
131,0,0,0,0,0,0,0,0,0
132,0,0,0,0,0,0,0,0,0
133,0,0,0,0,0,0,0,0,0
134,0,0,0,0,0,0,0,0,0
135,0,0,0,0,0,0,0,0,0
136,0,0,0,0,0,0,0,0,0
137,0,0,0,0,0,0,0,0,0
138,0,0,0,0,0,0,0,0,0
139,0,0,0,0,0,0,0,0,0
140,0,0,0,0,0,0,0,0,0
141,0,0,0,0,0,0,0,0,0
142,0,0,0,0,0,0,0,0,0
143,0,0,0,0,0,0,0,0,0
144,0,0,0,0,0,0,0,0,0
145,0,0,0,0,0,0,0,0,0
146,0,0,0,0,0,0,0,0,0
147,0,0,0,0,0,0,0,0,0
148,0,0,0,0,0,0,0,0,0
149,0,0,0,0,0,0,0,0,0
150,0,0,0,0,0,0,0,0,0
151,0,0,0,0,0,0,0,0,0
152,0,0,0,0,0,0,0,0,0
153,0,0,0,0,0,0,0,0,0
154,0,0,0,0,0,0,0,0,0
155,0,0,0,0,0,0,0,0,0
156,0,0,0,0,0,0,0,0,0
157,0,0,0,0,0,0,0,0,0
158,0,0,0,0,0,0,0,0,0
159,0,0,0,0,0,0,0,0,0
160,0,0,0,0,0,0,0,0,0
161,0,0,0,0,0,0,0,0,0
162,0,0,0,0,0,0,0,0,0
163,0,0,0,0,0,0,0,0,0
164,0,0,0,0,0,0,0,0,0
165,0,0,0,0,0,0,0,0,0
166,0,0,0,0,0,0,0,0,0
167,0,0,0,0,0,0,0,0,0
168,0,0,0,0,0,0,0,0,0
169,0,0,0,0,0,0,0,0,0
170,0,0,0,0,0,0,0,0,0
171,0,0,0,0,0,0,0,0,0
172,0,0,0,0,0,0,0,0,0
173,0,0,0,0,0,0,0,0,0
174,0,0,0,0,0,0,0,0,0
175,0,0,0,0,0,0,0,0,0
176,0,0,0,0,0,0,0,0,0
177,0,0,0,0,0,0,0,0,0
178,0,0,0,0,0,0,0,0,0
179,0,0,0,0,0,0,0,0,0
180,0,0,0,0,0,0,0,0,0
181,0,0,0,0,0,0,0,0,0
182,0,0,0,0,0,0,0,0,0
183,0,0,0,0,0,0,0,0,0
184,0,0,0,0,0,0,0,0,0
185,0,0,0,0,0,0,0,0,0
186,0,0,0,0,0,0,0,0,0
187,0,0,0,0,0,0,0,0,0
188,0,0,0,0,0,0,0,0,0
189,0,0,0,0,0,0,0,0,0
190,0,0,0,0,0,0,0,0,0
191,0,0,0,0,0,0,0,0,0
192,0,0,0,0,0,0,0,0,0
193,0,0,0,0,0,0,0,0,0
194,0,0,0,0,0,0,0,0,0
195,0,0,0,0,0,0,0,0,0
196,0,0,0,0,0,0,0,0,0
197,0,0,0,0,0,0,0,0,0
198,0,0,0,0,0,0,0,0,0
199,0,0,0,0,0,0,0,0,0
200,0,0,0,0,0,0,0,0,0
201,0,0,0,0,0,0,0,0,0
202,0,0,0,0,0,0,0,0,0
203,0,0,0,0,0,0,0,0,0
204,0,0,0,0,0,0,0,0,0
205,0,0,0,0,0,0,0,0,0
206,0,0,0,0,0,0,0,0,0
207,0,0,0,0,0,0,0,0,0
208,0,0,0,0,0,0,0,0,0
209,0,0,0,0,0,0,0,0,0
210,0,0,0,0,0,0,0,0,0
211,0,0,0,0,0,0,0,0,0
212,0,0,0,0,0,0,0,0,0
213,0,0,0,0,0,0,0,0,0
214,0,0,0,0,0,0,0,0,0
215,0,0,0,0,0,0,0,0,0
216,0,0,0,0,0,0,0,0,0
217,0,0,0,0,0,0,0,0,0
218,0,0,0,0,0,0,0,0,0
219,0,0,0,0,0,0,0,0,0
220,0,0,0,0,0,0,0,0,0
221,0,0,0,0,0,0,0,0,0
222,0,0,0,0,0,0,0,0,0
223,0,0,0,0,0,0,0,0,0
224,0,0,0,0,0,0,0,0,0
225,0,0,0,0,0,0,0,0,0
226,0,0,0,0,0,0,0,0,0
227,0,0,0,0,0,0,0,0,0
228,0,0,0,0,0,0,0,0,0
229,0,0,0,0,0,0,0,0,0
230,0,0,0,0,0,0,0,0,0
231,0,0,0,0,0,0,0,0,0
232,0,0,0,0,0,0,0,0,0
233,0,0,0,0,0,0,0,0,0
234,0,0,0,0,0,0,0,0,0
235,0,0,0,0,0,0,0,0,0
236,0,0,0,0,0,0,0,0,0
237,0,0,0,0,0,0,0,0,0
238,0,0,0,0,0,0,0,0,0
239,0,0,0,0,0,0,0,0,0
240,0,0,0,0,0,0,0,0,0
241,0,0,0,0,0,0,0,0,0
242,0,0,0,0,0,0,0,0,0
243,0,0,0,0,0,0,0,0,0
244,0,0,0,0,0,0,0,0,0
245,0,0,0,0,0,0,0,0,0
246,0,0,0,0,0,0,0,0,0
247,0,0,0,0,0,0,0,0,0
248,0,0,0,0,0,0,0,0,0
249,0,0,0,0,0,0,0,0,0
250,0,0,0,0,0,0,0,0,0
251,0,0,0,0,0,0,0,0,0
252,0,0,0,0,0,0,0,0,0
253,0,0,0,0,0,0,0,0,0
254,0,0,0,0,0,0,0,0,0
255,0,0,0,0,0,0,0,0,0
256,0,0,0,0,0,0,0,0,0
257,0,0,0,0,0,0,0,0,0
258,0,0,0,0,0,0,0,0,0
259,0,0,0,0,0,0,0,0,0
260,0,0,0,0,0,0,0,0,0
261,0,0,0,0,0,0,0,0,0
262,0,0,0,0,0,0,0,0,0
263,0,0,0,0,0,0,0,0,0
264,0,0,0,0,0,0,0,0,0
265,0,0,0,0,0,0,0,0,0
266,0,0,0,0,0,0,0,0,0
267,0,0,0,0,0,0,0,0,0
268,0,0,0,0,0,0,0,0,0
269,0,0,0,0,0,0,0,0,0
270,0,0,0,0,0,0,0,0,0
271,0,0,0,0,0,0,0,0,0
272,0,0,0,0,0,0,0,0,0
273,0,0,0,0,0,0,0,0,0
274,0,0,0,0,0,0,0,0,0
275,0,0,0,0,0,0,0,0,0
276,0,0,0,0,0,0,0,0,0
277,0,0,0,0,0,0,0,0,0
278,0,0,0,0,0,0,0,0,0
279,0,0,0,0,0,0,0,0,0
280,0,0,0,0,0,0,0,0,0
281,0,0,0,0,0,0,0,0,0
282,0,0,0,0,0,0,0,0,0
283,0,0,0,0,0,0,0,0,0
284,0,0,0,0,0,0,0,0,0
285,0,0,0,0,0,0,0,0,0
286,0,0,0,0,0,0,0,0,0
287,0,0,0,0,0,0,0,0,0
288,0,0,0,0,0,0,0,0,0
289,0,0,0,0,0,0,0,0,0
290,0,0,0,0,0,0,0,0,0
291,0,0,0,0,0,0,0,0,0
292,0,0,0,0,0,0,0,0,0
293,0,0,0,0,0,0,0,0,0
294,0,0,0,0,0,0,0,0,0
295,0,0,0,0,0,0,0,0,0
296,0,0,0,0,0,0,0,0,0
297,0,0,0,0,0,0,0,0,0
298,0,0,0,0,0,0,0,0,0
299,0,0,0,0,0,0,0,0,0
300,0,0,0,0,0,0,0,0,0
301,0,0,0,0,0,0,0,0,0
302,0,0,0,0,0,0,0,0,0
303,0,0,0,0,0,0,0,0,0
304,0,0,0,0,0,0,0,0,0
305,0,0,0,0,0,0,0,0,0
306,0,0,0,0,0,0,0,0,0
307,0,0,0,0,0,0,0,0,0
308,0,0,0,0,0,0,0,0,0
309,0,0,0,0,0,0,0,0,0
310,0,0,0,0,0,0,0,0,0
311,0,0,0,0,0,0,0,0,0
312,0,0,0,0,0,0,0,0,0
313,0,0,0,0,0,0,0,0,0
314,0,0,0,0,0,0,0,0,0
315,0,0,0,0,0,0,0,0,0
316,0,0,0,0,0,0,0,0,0
317,0,0,0,0,0,0,0,0,0
318,0,0,0,0,0,0,0,0,0
319,0,0,0,0,0,0,0,0,0
320,0,0,0,0,0,0,0,0,0
321,0,0,0,0,0,0,0,0,0
322,0,0,0,0,0,0,0,0,0
323,0,0,0,0,0,0,0,0,0
324,0,0,0,0,0,0,0,0,0
325,0,0,0,0,0,0,0,0,0
326,0,0,0,0,0,0,0,0,0
327,0,0,0,0,0,0,0,0,0
328,0,0,0,0,0,0,0,0,0
329,0,0,0,0,0,0,0,0,0
330,0,0,0,0,0,0,0,0,0
331,0,0,0,0,0,0,0,0,0
332,0,0,0,0,0,0,0,0,0
333,0,0,0,0,0,0,0,0,0
334,0,0,0,0,0,0,0,0,0
335,0,0,0,0,0,0,0,0,0
336,0,0,0,0,0,0,0,0,0
337,0,0,0,0,0,0,0,0,0
338,0,0,0,0,0,0,0,0,0
339,0,0,0,0,0,0,0,0,0
340,0,0,0,0,0,0,0,0,0
341,0,0,0,0,0,0,0,0,0
342,0,0,0,0,0,0,0,0,0
343,0,0,0,0,0,0,0,0,0
344,0,0,0,0,0,0,0,0,0
345,0,0,0,0,0,0,0,0,0
346,0,0,0,0,0,0,0,0,0
347,0,0,0,0,0,0,0,0,0
348,0,0,0,0,0,0,0,0,0
349,0,0,0,0,0,0,0,0,0
350,0,0,0,0,0,0,0,0,0
351,0,0,0,0,0,0,0,0,0
352,0,0,0,0,0,0,0,0,0
353,0,0,0,0,0,0,0,0,0
354,0,0,0,0,0,0,0,0,0
355,0,0,0,0,0,0,0,0,0
356,0,0,0,0,0,0,0,0,0
357,0,0,0,0,0,0,0,0,0
358,0,0,0,0,0,0,0,0,0
359,0,0,0,0,0,0,0,0,0
360,0,0,0,0,0,0,0,0,0
361,0,0,0,0,0,0,0,0,0
362,0,0,0,0,0,0,0,0,0
363,0,0,0,0,0,0,0,0,0
364,0,0,0,0,0,0,0,0,0
365,0,0,0,0,0,0,0,0,0
366,0,0,0,0,0,0,0,0,0
367,0,0,0,0,0,0,0,0,0
368,0,0,0,0,0,0,0,0,0
369,0,0,0,0,0,0,0,0,0
370,0,0,0,0,0,0,0,0,0
371,0,0,0,0,0,0,0,0,0
372,0,0,0,0,0,0,0,0,0
373,0,0,0,0,0,0,0,0,0
374,0,0,0,0,0,0,0,0,0
375,0,0,0,0,0,0,0,0,0
376,0,0,0,0,0,0,0,0,0
377,0,0,0,0,0,0,0,0,0
378,0,0,0,0,0,0,0,0,0
379,0,0,0,0,0,0,0,0,0
380,0,0,0,0,0,0,0,0,0
381,0,0,0,0,0,0,0,0,0
382,0,0,0,0,0,0,0,0,0
383,0,0,0,0,0,0,0,0,0
384,0,0,0,0,0,0,0,0,0
385,0,0,0,0,0,0,0,0,0
386,0,0,0,0,0,0,0,0,0
387,0,0,0,0,0,0,0,0,0
388,0,0,0,0,0,0,0,0,0
389,0,0,0,0,0,0,0,0,0
390,0,0,0,0,0,0,0,0,0
391,0,0,0,0,0,0,0,0,0
392,0,0,0,0,0,0,0,0,0
393,0,0,0,0,0,0,0,0,0
394,0,0,0,0,0,0,0,0,0
395,0,0,0,0,0,0,0,0,0
396,0,0,0,0,0,0,0,0,0
397,0,0,0,0,0,0,0,0,0
398,0,0,0,0,0,0,0,0,0
399,0,0,0,0,0,0,0,0,0
400,0,0,0,0,0,0,0,0,0
401,0,0,0,0,0,0,0,0,0
402,0,0,0,0,0,0,0,0,0
403,0,0,0,0,0,0,0,0,0
404,0,0,0,0,0,0,0,0,0
405,0,0,0,0,0,0,0,0,0
406,0,0,0,0,0,0,0,0,0
407,0,0,0,0,0,0,0,0,0
408,0,0,0,0,0,0,0,0,0
409,0,0,0,0,0,0,0,0,0
410,0,0,0,0,0,0,0,0,0
411,0,0,0,0,0,0,0,0,0
412,0,0,0,0,0,0,0,0,0
413,0,0,0,0,0,0,0,0,0
414,0,0,0,0,0,0,0,0,0
415,0,0,0,0,0,0,0,0,0
416,0,0,0,0,0,0,0,0,0
417,0,0,0,0,0,0,0,0,0
418,0,0,0,0,0,0,0,0,0
419,0,0,0,0,0,0,0,0,0
420,0,0,0,0,0,0,0,0,0
421,0,0,0,0,0,0,0,0,0
422,0,0,0,0,0,0,0,0,0
423,0,0,0,0,0,0,0,0,0
424,0,0,0,0,0,0,0,0,0
425,0,0,0,0,0,0,0,0,0
426,0,0,0,0,0,0,0,0,0
427,0,0,0,0,0,0,0,0,0
428,0,0,0,0,0,0,0,0,0
429,0,0,0,0,0,0,0,0,0
430,0,0,0,0,0,0,0,0,0
431,0,0,0,0,0,0,0,0,0
432,0,0,0,0,0,0,0,0,0
433,0,0,0,0,0,0,0,0,0
434,0,0,0,0,0,0,0,0,0
435,0,0,0,0,0,0,0,0,0
436,0,0,0,0,0,0,0,0,0
437,0,0,0,0,0,0,0,0,0
438,0,0,0,0,0,0,0,0,0
439,0,0,0,0,0,0,0,0,0
440,0,0,0,0,0,0,0,0,0
441,0,0,0,0,0,0,0,0,0
442,0,0,0,0,0,0,0,0,0
443,0,0,0,0,0,0,0,0,0
444,0,0,0,0,0,0,0,0,0
445,0,0,0,0,0,0,0,0,0
446,0,0,0,0,0,0,0,0,0
447,0,0,0,0,0,0,0,0,0
448,0,0,0,0,0,0,0,0,0
449,0,0,0,0,0,0,0,0,0
450,0,0,0,0,0,0,0,0,0
451,0,0,0,0,0,0,0,0,0
452,0,0,0,0,0,0,0,0,0
453,0,0,0,0,0,0,0,0,0
454,0,0,0,0,0,0,0,0,0
455,0,0,0,0,0,0,0,0,0
456,0,0,0,0,0,0,0,0,0
457,0,0,0,0,0,0,0,0,0
458,0,0,0,0,0,0,0,0,0
459,0,0,0,0,0,0,0,0,0
460,0,0,0,0,0,0,0,0,0
461,0,0,0,0,0,0,0,0,0
462,0,0,0,0,0,0,0,0,0
463,0,0,0,0,0,0,0,0,0
464,0,0,0,0,0,0,0,0,0
465,0,0,0,0,0,0,0,0,0
466,0,0,0,0,0,0,0,0,0
467,0,0,0,0,0,0,0,0,0
468,0,0,0,0,0,0,0,0,0
469,0,0,0,0,0,0,0,0,0
470,0,0,0,0,0,0,0,0,0
471,0,0,0,0,0,0,0,0,0
472,0,0,0,0,0,0,0,0,0
473,0,0,0,0,0,0,0,0,0
474,0,0,0,0,0,0,0,0,0
475,0,0,0,0,0,0,0,0,0
476,0,0,0,0,0,0,0,0,0
477,0,0,0,0,0,0,0,0,0
478,0,0,0,0,0,0,0,0,0
479,0,0,0,0,0,0,0,0,0
480,0,0,0,0,0,0,0,0,0
481,0,0,0,0,0,0,0,0,0
482,0,0,0,0,0,0,0,0,0
483,0,0,0,0,0,0,0,0,0
484,0,0,0,0,0,0,0,0,0
485,0,0,0,0,0,0,0,0,0
486,0,0,0,0,0,0,0,0,0
487,0,0,0,0,0,0,0,0,0
488,0,0,0,0,0,0,0,0,0
489,0,0,0,0,0,0,0,0,0
490,0,0,0,0,0,0,0,0,0
491,0,0,0,0,0,0,0,0,0
492,0,0,0,0,0,0,0,0,0
493,0,0,0,0,0,0,0,0,0
494,0,0,0,0,0,0,0,0,0
495,0,0,0,0,0,0,0,0,0
496,0,0,0,0,0,0,0,0,0
497,0,0,0,0,0,0,0,0,0
498,0,0,0,0,0,0,0,0,0
499,0,0,0,0,0,0,0,0,0
500,0,0,0,0,0,0,0,0,0
501,0,0,0,0,0,0,0,0,0
502,0,0,0,0,0,0,0,0,0
503,0,0,0,0,0,0,0,0,0
504,0,0,0,0,0,0,0,0,0
505,0,0,0,0,0,0,0,0,0
506,0,0,0,0,0,0,0,0,0
507,0,0,0,0,0,0,0,0,0
508,0,0,0,0,0,0,0,0,0
509,0,0,0,0,0,0,0,0,0
510,0,0,0,0,0,0,0,0,0
511,0,0,0,0,0,0,0,0,0
512,0,0,0,0,0,0,0,0,0
513,0,0,0,0,0,0,0,0,0
514,0,0,0,0,0,0,0,0,0
515,0,0,0,0,0,0,0,0,0
516,0,0,0,0,0,0,0,0,0
517,0,0,0,0,0,0,0,0,0
518,0,0,0,0,0,0,0,0,0
519,0,0,0,0,0,0,0,0,0
520,0,0,0,0,0,0,0,0,0
521,0,0,0,0,0,0,0,0,0
522,0,0,0,0,0,0,0,0,0
523,0,0,0,0,0,0,0,0,0
524,0,0,0,0,0,0,0,0,0
525,0,0,0,0,0,0,0,0,0
526,0,0,0,0,0,0,0,0,0
527,0,0,0,0,0,0,0,0,0
528,0,0,0,0,0,0,0,0,0
529,0,0,0,0,0,0,0,0,0
530,0,0,0,0,0,0,0,0,0
531,0,0,0,0,0,0,0,0,0
532,0,0,0,0,0,0,0,0,0
533,0,0,0,0,0,0,0,0,0
534,0,0,0,0,0,0,0,0,0
535,0,0,0,0,0,0,0,0,0
536,0,0,0,0,0,0,0,0,0
537,0,0,0,0,0,0,0,0,0
538,0,0,0,0,0,0,0,0,0
539,0,0,0,0,0,0,0,0,0
540,0,0,0,0,0,0,0,0,0
541,0,0,0,0,0,0,0,0,0
542,0,0,0,0,0,0,0,0,0
543,0,0,0,0,0,0,0,0,0
544,0,0,0,0,0,0,0,0,0
545,0,0,0,0,0,0,0,0,0
546,0,0,0,0,0,0,0,0,0
547,0,0,0,0,0,0,0,0,0
548,0,0,0,0,0,0,0,0,0
549,0,0,0,0,0,0,0,0,0
550,0,0,0,0,0,0,0,0,0
551,0,0,0,0,0,0,0,0,0
552,0,0,0,0,0,0,0,0,0
553,0,0,0,0,0,0,0,0,0
554,0,0,0,0,0,0,0,0,0
555,0,0,0,0,0,0,0,0,0
556,0,0,0,0,0,0,0,0,0
557,0,0,0,0,0,0,0,0,0
558,0,0,0,0,0,0,0,0,0
559,0,0,0,0,0,0,0,0,0
560,0,0,0,0,0,0,0,0,0
561,0,0,0,0,0,0,0,0,0
562,0,0,0,0,0,0,0,0,0
563,0,0,0,0,0,0,0,0,0
564,0,0,0,0,0,0,0,0,0
565,0,0,0,0,0,0,0,0,0
566,0,0,0,0,0,0,0,0,0
567,0,0,0,0,0,0,0,0,0
568,0,0,0,0,0,0,0,0,0
569,0,0,0,0,0,0,0,0,0
570,0,0,0,0,0,0,0,0,0
571,0,0,0,0,0,0,0,0,0
572,0,0,0,0,0,0,0,0,0
573,0,0,0,0,0,0,0,0,0
574,0,0,0,0,0,0,0,0,0
575,0,0,0,0,0,0,0,0,0
576,0,0,0,0,0,0,0,0,0
577,0,0,0,0,0,0,0,0,0
578,0,0,0,0,0,0,0,0,0
579,0,0,0,0,0,0,0,0,0
580,0,0,0,0,0,0,0,0,0
581,0,0,0,0,0,0,0,0,0
582,0,0,0,0,0,0,0,0,0
583,0,0,0,0,0,0,0,0,0
584,0,0,0,0,0,0,0,0,0
585,0,0,0,0,0,0,0,0,0
586,0,0,0,0,0,0,0,0,0
587,0,0,0,0,0,0,0,0,0
588,0,0,0,0,0,0,0,0,0
589,0,0,0,0,0,0,0,0,0
590,0,0,0,0,0,0,0,0,0
591,0,0,0,0,0,0,0,0,0
592,0,0,0,0,0,0,0,0,0
593,0,0,0,0,0,0,0,0,0
594,0,0,0,0,0,0,0,0,0
595,0,0,0,0,0,0,0,0,0
596,0,0,0,0,0,0,0,0,0
597,0,0,0,0,0,0,0,0,0
598,0,0,0,0,0,0,0,0,0
599,0,0,0,0,0,0,0,0,0
600,0,0,0,0,0,0,0,0,0
601,0,0,0,0,0,0,0,0,0
602,0,0,0,0,0,0,0,0,0
603,0,0,0,0,0,0,0,0,0
604,0,0,0,0,0,0,0,0,0
605,0,0,0,0,0,0,0,0,0
606,0,0,0,0,0,0,0,0,0
607,0,0,0,0,0,0,0,0,0
608,0,0,0,0,0,0,0,0,0
609,0,0,0,0,0,0,0,0,0
610,0,0,0,0,0,0,0,0,0
611,0,0,0,0,0,0,0,0,0
612,0,0,0,0,0,0,0,0,0
613,0,0,0,0,0,0,0,0,0
614,0,0,0,0,0,0,0,0,0
615,0,0,0,0,0,0,0,0,0
616,0,0,0,0,0,0,0,0,0
617,0,0,0,0,0,0,0,0,0
618,0,0,0,0,0,0,0,0,0
619,0,0,0,0,0,0,0,0,0
620,0,0,0,0,0,0,0,0,0
621,0,0,0,0,0,0,0,0,0
622,0,0,0,0,0,0,0,0,0
623,0,0,0,0,0,0,0,0,0
624,0,0,0,0,0,0,0,0,0
625,0,0,0,0,0,0,0,0,0
626,0,0,0,0,0,0,0,0,0
627,0,0,0,0,0,0,0,0,0
628,0,0,0,0,0,0,0,0,0
629,0,0,0,0,0,0,0,0,0
630,0,0,0,0,0,0,0,0,0
631,0,0,0,0,0,0,0,0,0
632,0,0,0,0,0,0,0,0,0
633,0,0,0,0,0,0,0,0,0
634,0,0,0,0,0,0,0,0,0
635,0,0,0,0,0,0,0,0,0
636,0,0,0,0,0,0,0,0,0
637,0,0,0,0,0,0,0,0,0
638,0,0,0,0,0,0,0,0,0
639,0,0,0,0,0,0,0,0,0
640,0,0,0,0,0,0,0,0,0
641,0,0,0,0,0,0,0,0,0
642,0,0,0,0,0,0,0,0,0
643,0,0,0,0,0,0,0,0,0
644,0,0,0,0,0,0,0,0,0
645,0,0,0,0,0,0,0,0,0
646,0,0,0,0,0,0,0,0,0
647,0,0,0,0,0,0,0,0,0
648,0,0,0,0,0,0,0,0,0
649,0,0,0,0,0,0,0,0,0
650,0,0,0,0,0,0,0,0,0
651,0,0,0,0,0,0,0,0,0
652,0,0,0,0,0,0,0,0,0
653,0,0,0,0,0,0,0,0,0
654,0,0,0,0,0,0,0,0,0
655,0,0,0,0,0,0,0,0,0
656,0,0,0,0,0,0,0,0,0
657,0,0,0,0,0,0,0,0,0
658,0,0,0,0,0,0,0,0,0
659,0,0,0,0,0,0,0,0,0
660,0,0,0,0,0,0,0,0,0
661,0,0,0,0,0,0,0,0,0
662,0,0,0,0,0,0,0,0,0
663,0,0,0,0,0,0,0,0,0
664,0,0,0,0,0,0,0,0,0
665,0,0,0,0,0,0,0,0,0
666,0,0,0,0,0,0,0,0,0
667,0,0,0,0,0,0,0,0,0
668,0,0,0,0,0,0,0,0,0
669,0,0,0,0,0,0,0,0,0
670,0,0,0,0,0,0,0,0,0
671,0,0,0,0,0,0,0,0,0
672,0,0,0,0,0,0,0,0,0
673,0,0,0,0,0,0,0,0,0
674,0,0,0,0,0,0,0,0,0
675,0,0,0,0,0,0,0,0,0
676,0,0,0,0,0,0,0,0,0
677,0,0,0,0,0,0,0,0,0
678,0,0,0,0,0,0,0,0,0
679,0,0,0,0,0,0,0,0,0
680,0,0,0,0,0,0,0,0,0
681,0,0,0,0,0,0,0,0,0
682,0,0,0,0,0,0,0,0,0
683,0,0,0,0,0,0,0,0,0
684,0,0,0,0,0,0,0,0,0
685,0,0,0,0,0,0,0,0,0
686,0,0,0,0,0,0,0,0,0
687,0,0,0,0,0,0,0,0,0
688,0,0,0,0,0,0,0,0,0
689,0,0,0,0,0,0,0,0,0
690,0,0,0,0,0,0,0,0,0
691,0,0,0,0,0,0,0,0,0
692,0,0,0,0,0,0,0,0,0
693,0,0,0,0,0,0,0,0,0
694,0,0,0,0,0,0,0,0,0
695,0,0,0,0,0,0,0,0,0
696,0,0,0,0,0,0,0,0,0
697,0,0,0,0,0,0,0,0,0
698,0,0,0,0,0,0,0,0,0
699,0,0,0,0,0,0,0,0,0
700,0,0,0,0,0,0,0,0,0
701,0,0,0,0,0,0,0,0,0
702,0,0,0,0,0,0,0,0,0
703,0,0,0,0,0,0,0,0,0
704,0,0,0,0,0,0,0,0,0
705,0,0,0,0,0,0,0,0,0
706,0,0,0,0,0,0,0,0,0
707,0,0,0,0,0,0,0,0,0
708,0,0,0,0,0,0,0,0,0
709,0,0,0,0,0,0,0,0,0
710,0,0,0,0,0,0,0,0,0
711,0,0,0,0,0,0,0,0,0
712,0,0,0,0,0,0,0,0,0
713,0,0,0,0,0,0,0,0,0
714,0,0,0,0,0,0,0,0,0
715,0,0,0,0,0,0,0,0,0
716,0,0,0,0,0,0,0,0,0
717,0,0,0,0,0,0,0,0,0
718,0,0,0,0,0,0,0,0,0
719,0,0,0,0,0,0,0,0,0
720,0,0,0,0,0,0,0,0,0
721,0,0,0,0,0,0,0,0,0
722,0,0,0,0,0,0,0,0,0
723,0,0,0,0,0,0,0,0,0
724,0,0,0,0,0,0,0,0,0
725,0,0,0,0,0,0,0,0,0
726,0,0,0,0,0,0,0,0,0
727,0,0,0,0,0,0,0,0,0
728,0,0,0,0,0,0,0,0,0
729,0,0,0,0,0,0,0,0,0
730,0,0,0,0,0,0,0,0,0
731,0,0,0,0,0,0,0,0,0
732,0,0,0,0,0,0,0,0,0
733,0,0,0,0,0,0,0,0,0
734,0,0,0,0,0,0,0,0,0
735,0,0,0,0,0,0,0,0,0
736,0,0,0,0,0,0,0,0,0
737,0,0,0,0,0,0,0,0,0
738,0,0,0,0,0,0,0,0,0
739,0,0,0,0,0,0,0,0,0
740,0,0,0,0,0,0,0,0,0
741,0,0,0,0,0,0,0,0,0
742,0,0,0,0,0,0,0,0,0
743,0,0,0,0,0,0,0,0,0
744,0,0,0,0,0,0,0,0,0
745,0,0,0,0,0,0,0,0,0
746,0,0,0,0,0,0,0,0,0
747,0,0,0,0,0,0,0,0,0
748,0,0,0,0,0,0,0,0,0
749,0,0,0,0,0,0,0,0,0
750,0,0,0,0,0,0,0,0,0
0,194,7257,201425,4077983,57373546,517292847,2626655236,5935079656,3356972874
1,105,3121,70190,1148823,13114337,95997753,395930507,726745994,333787303
2,51,1282,24118,319880,2963872,17616363,59084586,88384692,33222521
3,25,633,10054,109713,838483,4112940,11389118,14083678,4375908
4,16,331,4481,39339,245310,984886,2234930,2275963,583438
5,6,206,2322,18560,107310,397790,833208,784369,186328
6,6,156,1719,12491,65437,221361,416789,351341,74960
7,5,119,1189,7792,36022,106144,174954,128692,23858
8,3,90,831,5192,22673,63473,99335,70307,12772
9,3,84,766,4480,18694,49861,74195,49652,8500
10,2,71,627,3485,13631,33846,47164,30031,4855
11,2,49,444,2328,8377,18703,24259,14322,2152
12,2,37,301,1622,5461,11485,13430,6923,878
13,2,37,292,1565,5171,10673,12229,6193,759
14,2,30,245,1271,3988,7771,8395,4005,468
15,1,27,217,971,2982,5678,5902,2623,280
16,0,24,169,644,1766,3147,2987,1187,107
17,0,13,106,389,993,1803,1723,685,65
18,0,13,106,369,930,1616,1493,575,54
19,0,9,68,225,510,828,718,231,15
20,0,8,35,106,199,283,185,41,1
21,0,8,21,61,115,170,136,26,1
22,0,8,21,61,112,161,122,23,1
23,0,7,13,38,69,105,68,14,0
24,0,7,13,38,65,98,62,12,0
25,0,7,13,38,65,98,62,12,0
26,0,7,13,38,65,98,62,12,0
27,0,4,9,26,49,70,52,10,0
28,0,1,6,21,42,50,33,7,0
29,0,1,4,14,25,39,27,6,0
30,0,1,3,11,23,34,23,6,0
31,0,1,3,11,22,29,19,1,0
32,0,0,2,6,13,18,15,0,0
33,0,0,1,4,8,14,10,0,0
34,0,0,1,4,6,13,8,0,0
35,0,0,1,4,6,12,8,0,0
36,0,0,1,4,6,12,8,0,0
37,0,0,1,3,6,12,8,0,0
38,0,0,1,3,6,12,8,0,0
39,0,0,1,3,6,12,8,0,0
40,0,0,1,3,6,11,8,0,0
41,0,0,1,3,6,11,8,0,0
42,0,0,1,3,6,11,8,0,0
43,0,0,1,3,5,9,5,0,0
44,0,0,1,3,5,9,5,0,0
45,0,0,0,1,1,1,0,0,0
46,0,0,0,1,1,1,0,0,0
47,0,0,0,1,1,1,0,0,0
48,0,0,0,1,1,1,0,0,0
49,0,0,0,1,1,1,0,0,0
50,0,0,0,1,1,1,0,0,0
51,0,0,0,1,1,1,0,0,0
52,0,0,0,1,1,1,0,0,0
53,0,0,0,1,1,1,0,0,0
54,0,0,0,1,1,1,0,0,0
55,0,0,0,1,1,1,0,0,0
56,0,0,0,1,1,1,0,0,0
57,0,0,0,1,1,1,0,0,0
58,0,0,0,1,1,1,0,0,0
59,0,0,0,1,1,1,0,0,0
60,0,0,0,1,1,1,0,0,0
61,0,0,0,1,1,1,0,0,0
62,0,0,0,1,1,1,0,0,0
63,0,0,0,1,1,1,0,0,0
64,0,0,0,1,1,1,0,0,0
65,0,0,0,1,1,1,0,0,0
66,0,0,0,1,1,1,0,0,0
67,0,0,0,1,1,1,0,0,0
68,0,0,0,0,1,1,0,0,0
69,0,0,0,0,1,1,0,0,0
70,0,0,0,0,1,1,0,0,0
71,0,0,0,0,1,1,0,0,0
72,0,0,0,0,1,1,0,0,0
73,0,0,0,0,1,1,0,0,0
74,0,0,0,0,1,1,0,0,0
75,0,0,0,0,1,1,0,0,0
76,0,0,0,0,1,1,0,0,0
77,0,0,0,0,1,1,0,0,0
78,0,0,0,0,1,1,0,0,0
79,0,0,0,0,1,1,0,0,0
80,0,0,0,0,1,0,0,0,0
81,0,0,0,0,1,0,0,0,0
82,0,0,0,0,1,0,0,0,0
83,0,0,0,0,1,0,0,0,0
84,0,0,0,0,1,0,0,0,0
85,0,0,0,0,0,0,0,0,0
86,0,0,0,0,0,0,0,0,0
87,0,0,0,0,0,0,0,0,0
88,0,0,0,0,0,0,0,0,0
89,0,0,0,0,0,0,0,0,0
90,0,0,0,0,0,0,0,0,0
91,0,0,0,0,0,0,0,0,0
92,0,0,0,0,0,0,0,0,0
93,0,0,0,0,0,0,0,0,0
94,0,0,0,0,0,0,0,0,0
95,0,0,0,0,0,0,0,0,0
96,0,0,0,0,0,0,0,0,0
97,0,0,0,0,0,0,0,0,0
98,0,0,0,0,0,0,0,0,0
99,0,0,0,0,0,0,0,0,0
100,0,0,0,0,0,0,0,0,0
101,0,0,0,0,0,0,0,0,0
102,0,0,0,0,0,0,0,0,0
103,0,0,0,0,0,0,0,0,0
104,0,0,0,0,0,0,0,0,0
105,0,0,0,0,0,0,0,0,0
106,0,0,0,0,0,0,0,0,0
107,0,0,0,0,0,0,0,0,0
108,0,0,0,0,0,0,0,0,0
109,0,0,0,0,0,0,0,0,0
110,0,0,0,0,0,0,0,0,0
111,0,0,0,0,0,0,0,0,0
112,0,0,0,0,0,0,0,0,0
113,0,0,0,0,0,0,0,0,0
114,0,0,0,0,0,0,0,0,0
115,0,0,0,0,0,0,0,0,0
116,0,0,0,0,0,0,0,0,0
117,0,0,0,0,0,0,0,0,0
118,0,0,0,0,0,0,0,0,0
119,0,0,0,0,0,0,0,0,0
120,0,0,0,0,0,0,0,0,0
121,0,0,0,0,0,0,0,0,0
122,0,0,0,0,0,0,0,0,0
123,0,0,0,0,0,0,0,0,0
124,0,0,0,0,0,0,0,0,0
125,0,0,0,0,0,0,0,0,0
126,0,0,0,0,0,0,0,0,0
127,0,0,0,0,0,0,0,0,0
128,0,0,0,0,0,0,0,0,0
129,0,0,0,0,0,0,0,0,0
130,0,0,0,0,0,0,0,0,0
131,0,0,0,0,0,0,0,0,0
132,0,0,0,0,0,0,0,0,0
133,0,0,0,0,0,0,0,0,0
134,0,0,0,0,0,0,0,0,0
135,0,0,0,0,0,0,0,0,0
136,0,0,0,0,0,0,0,0,0
137,0,0,0,0,0,0,0,0,0
138,0,0,0,0,0,0,0,0,0
139,0,0,0,0,0,0,0,0,0
140,0,0,0,0,0,0,0,0,0
141,0,0,0,0,0,0,0,0,0
142,0,0,0,0,0,0,0,0,0
143,0,0,0,0,0,0,0,0,0
144,0,0,0,0,0,0,0,0,0
145,0,0,0,0,0,0,0,0,0
146,0,0,0,0,0,0,0,0,0
147,0,0,0,0,0,0,0,0,0
148,0,0,0,0,0,0,0,0,0
149,0,0,0,0,0,0,0,0,0
150,0,0,0,0,0,0,0,0,0
151,0,0,0,0,0,0,0,0,0
152,0,0,0,0,0,0,0,0,0
153,0,0,0,0,0,0,0,0,0
154,0,0,0,0,0,0,0,0,0
155,0,0,0,0,0,0,0,0,0
156,0,0,0,0,0,0,0,0,0
157,0,0,0,0,0,0,0,0,0
158,0,0,0,0,0,0,0,0,0
159,0,0,0,0,0,0,0,0,0
160,0,0,0,0,0,0,0,0,0
161,0,0,0,0,0,0,0,0,0
162,0,0,0,0,0,0,0,0,0
163,0,0,0,0,0,0,0,0,0
164,0,0,0,0,0,0,0,0,0
165,0,0,0,0,0,0,0,0,0
166,0,0,0,0,0,0,0,0,0
167,0,0,0,0,0,0,0,0,0
168,0,0,0,0,0,0,0,0,0
169,0,0,0,0,0,0,0,0,0
170,0,0,0,0,0,0,0,0,0
171,0,0,0,0,0,0,0,0,0
172,0,0,0,0,0,0,0,0,0
173,0,0,0,0,0,0,0,0,0
174,0,0,0,0,0,0,0,0,0
175,0,0,0,0,0,0,0,0,0
176,0,0,0,0,0,0,0,0,0
177,0,0,0,0,0,0,0,0,0
178,0,0,0,0,0,0,0,0,0
179,0,0,0,0,0,0,0,0,0
180,0,0,0,0,0,0,0,0,0
181,0,0,0,0,0,0,0,0,0
182,0,0,0,0,0,0,0,0,0
183,0,0,0,0,0,0,0,0,0
184,0,0,0,0,0,0,0,0,0
185,0,0,0,0,0,0,0,0,0
186,0,0,0,0,0,0,0,0,0
187,0,0,0,0,0,0,0,0,0
188,0,0,0,0,0,0,0,0,0
189,0,0,0,0,0,0,0,0,0
190,0,0,0,0,0,0,0,0,0
191,0,0,0,0,0,0,0,0,0
192,0,0,0,0,0,0,0,0,0
193,0,0,0,0,0,0,0,0,0
194,0,0,0,0,0,0,0,0,0
195,0,0,0,0,0,0,0,0,0
196,0,0,0,0,0,0,0,0,0
197,0,0,0,0,0,0,0,0,0
198,0,0,0,0,0,0,0,0,0
199,0,0,0,0,0,0,0,0,0
200,0,0,0,0,0,0,0,0,0
201,0,0,0,0,0,0,0,0,0
202,0,0,0,0,0,0,0,0,0
203,0,0,0,0,0,0,0,0,0
204,0,0,0,0,0,0,0,0,0
205,0,0,0,0,0,0,0,0,0
206,0,0,0,0,0,0,0,0,0
207,0,0,0,0,0,0,0,0,0
208,0,0,0,0,0,0,0,0,0
209,0,0,0,0,0,0,0,0,0
210,0,0,0,0,0,0,0,0,0
211,0,0,0,0,0,0,0,0,0
212,0,0,0,0,0,0,0,0,0
213,0,0,0,0,0,0,0,0,0
214,0,0,0,0,0,0,0,0,0
215,0,0,0,0,0,0,0,0,0
216,0,0,0,0,0,0,0,0,0
217,0,0,0,0,0,0,0,0,0
218,0,0,0,0,0,0,0,0,0
219,0,0,0,0,0,0,0,0,0
220,0,0,0,0,0,0,0,0,0
221,0,0,0,0,0,0,0,0,0
222,0,0,0,0,0,0,0,0,0
223,0,0,0,0,0,0,0,0,0
224,0,0,0,0,0,0,0,0,0
225,0,0,0,0,0,0,0,0,0
226,0,0,0,0,0,0,0,0,0
227,0,0,0,0,0,0,0,0,0
228,0,0,0,0,0,0,0,0,0
229,0,0,0,0,0,0,0,0,0
230,0,0,0,0,0,0,0,0,0
231,0,0,0,0,0,0,0,0,0
232,0,0,0,0,0,0,0,0,0
233,0,0,0,0,0,0,0,0,0
234,0,0,0,0,0,0,0,0,0
235,0,0,0,0,0,0,0,0,0
236,0,0,0,0,0,0,0,0,0
237,0,0,0,0,0,0,0,0,0
238,0,0,0,0,0,0,0,0,0
239,0,0,0,0,0,0,0,0,0
240,0,0,0,0,0,0,0,0,0
241,0,0,0,0,0,0,0,0,0
242,0,0,0,0,0,0,0,0,0
243,0,0,0,0,0,0,0,0,0
244,0,0,0,0,0,0,0,0,0
245,0,0,0,0,0,0,0,0,0
246,0,0,0,0,0,0,0,0,0
247,0,0,0,0,0,0,0,0,0
248,0,0,0,0,0,0,0,0,0
249,0,0,0,0,0,0,0,0,0
250,0,0,0,0,0,0,0,0,0
251,0,0,0,0,0,0,0,0,0
252,0,0,0,0,0,0,0,0,0
253,0,0,0,0,0,0,0,0,0
254,0,0,0,0,0,0,0,0,0
255,0,0,0,0,0,0,0,0,0
256,0,0,0,0,0,0,0,0,0
257,0,0,0,0,0,0,0,0,0
258,0,0,0,0,0,0,0,0,0
259,0,0,0,0,0,0,0,0,0
260,0,0,0,0,0,0,0,0,0
261,0,0,0,0,0,0,0,0,0
262,0,0,0,0,0,0,0,0,0
263,0,0,0,0,0,0,0,0,0
264,0,0,0,0,0,0,0,0,0
265,0,0,0,0,0,0,0,0,0
266,0,0,0,0,0,0,0,0,0
267,0,0,0,0,0,0,0,0,0
268,0,0,0,0,0,0,0,0,0
269,0,0,0,0,0,0,0,0,0
270,0,0,0,0,0,0,0,0,0
271,0,0,0,0,0,0,0,0,0
272,0,0,0,0,0,0,0,0,0
273,0,0,0,0,0,0,0,0,0
274,0,0,0,0,0,0,0,0,0
275,0,0,0,0,0,0,0,0,0
276,0,0,0,0,0,0,0,0,0
277,0,0,0,0,0,0,0,0,0
278,0,0,0,0,0,0,0,0,0
279,0,0,0,0,0,0,0,0,0
280,0,0,0,0,0,0,0,0,0
281,0,0,0,0,0,0,0,0,0
282,0,0,0,0,0,0,0,0,0
283,0,0,0,0,0,0,0,0,0
284,0,0,0,0,0,0,0,0,0
285,0,0,0,0,0,0,0,0,0
286,0,0,0,0,0,0,0,0,0
287,0,0,0,0,0,0,0,0,0
288,0,0,0,0,0,0,0,0,0
289,0,0,0,0,0,0,0,0,0
290,0,0,0,0,0,0,0,0,0
291,0,0,0,0,0,0,0,0,0
292,0,0,0,0,0,0,0,0,0
293,0,0,0,0,0,0,0,0,0
294,0,0,0,0,0,0,0,0,0
295,0,0,0,0,0,0,0,0,0
296,0,0,0,0,0,0,0,0,0
297,0,0,0,0,0,0,0,0,0
298,0,0,0,0,0,0,0,0,0
299,0,0,0,0,0,0,0,0,0
300,0,0,0,0,0,0,0,0,0
301,0,0,0,0,0,0,0,0,0
302,0,0,0,0,0,0,0,0,0
303,0,0,0,0,0,0,0,0,0
304,0,0,0,0,0,0,0,0,0
305,0,0,0,0,0,0,0,0,0
306,0,0,0,0,0,0,0,0,0
307,0,0,0,0,0,0,0,0,0
308,0,0,0,0,0,0,0,0,0
309,0,0,0,0,0,0,0,0,0
310,0,0,0,0,0,0,0,0,0
311,0,0,0,0,0,0,0,0,0
312,0,0,0,0,0,0,0,0,0
313,0,0,0,0,0,0,0,0,0
314,0,0,0,0,0,0,0,0,0
315,0,0,0,0,0,0,0,0,0
316,0,0,0,0,0,0,0,0,0
317,0,0,0,0,0,0,0,0,0
318,0,0,0,0,0,0,0,0,0
319,0,0,0,0,0,0,0,0,0
320,0,0,0,0,0,0,0,0,0
321,0,0,0,0,0,0,0,0,0
322,0,0,0,0,0,0,0,0,0
323,0,0,0,0,0,0,0,0,0
324,0,0,0,0,0,0,0,0,0
325,0,0,0,0,0,0,0,0,0
326,0,0,0,0,0,0,0,0,0
327,0,0,0,0,0,0,0,0,0
328,0,0,0,0,0,0,0,0,0
329,0,0,0,0,0,0,0,0,0
330,0,0,0,0,0,0,0,0,0
331,0,0,0,0,0,0,0,0,0
332,0,0,0,0,0,0,0,0,0
333,0,0,0,0,0,0,0,0,0
334,0,0,0,0,0,0,0,0,0
335,0,0,0,0,0,0,0,0,0
336,0,0,0,0,0,0,0,0,0
337,0,0,0,0,0,0,0,0,0
338,0,0,0,0,0,0,0,0,0
339,0,0,0,0,0,0,0,0,0
340,0,0,0,0,0,0,0,0,0
341,0,0,0,0,0,0,0,0,0
342,0,0,0,0,0,0,0,0,0
343,0,0,0,0,0,0,0,0,0
344,0,0,0,0,0,0,0,0,0
345,0,0,0,0,0,0,0,0,0
346,0,0,0,0,0,0,0,0,0
347,0,0,0,0,0,0,0,0,0
348,0,0,0,0,0,0,0,0,0
349,0,0,0,0,0,0,0,0,0
350,0,0,0,0,0,0,0,0,0
351,0,0,0,0,0,0,0,0,0
352,0,0,0,0,0,0,0,0,0
353,0,0,0,0,0,0,0,0,0
354,0,0,0,0,0,0,0,0,0
355,0,0,0,0,0,0,0,0,0
356,0,0,0,0,0,0,0,0,0
357,0,0,0,0,0,0,0,0,0
358,0,0,0,0,0,0,0,0,0
359,0,0,0,0,0,0,0,0,0
360,0,0,0,0,0,0,0,0,0
361,0,0,0,0,0,0,0,0,0
362,0,0,0,0,0,0,0,0,0
363,0,0,0,0,0,0,0,0,0
364,0,0,0,0,0,0,0,0,0
365,0,0,0,0,0,0,0,0,0
366,0,0,0,0,0,0,0,0,0
367,0,0,0,0,0,0,0,0,0
368,0,0,0,0,0,0,0,0,0
369,0,0,0,0,0,0,0,0,0
370,0,0,0,0,0,0,0,0,0
371,0,0,0,0,0,0,0,0,0
372,0,0,0,0,0,0,0,0,0
373,0,0,0,0,0,0,0,0,0
374,0,0,0,0,0,0,0,0,0
375,0,0,0,0,0,0,0,0,0
376,0,0,0,0,0,0,0,0,0
377,0,0,0,0,0,0,0,0,0
378,0,0,0,0,0,0,0,0,0
379,0,0,0,0,0,0,0,0,0
380,0,0,0,0,0,0,0,0,0
381,0,0,0,0,0,0,0,0,0
382,0,0,0,0,0,0,0,0,0
383,0,0,0,0,0,0,0,0,0
384,0,0,0,0,0,0,0,0,0
385,0,0,0,0,0,0,0,0,0
386,0,0,0,0,0,0,0,0,0
387,0,0,0,0,0,0,0,0,0
388,0,0,0,0,0,0,0,0,0
389,0,0,0,0,0,0,0,0,0
390,0,0,0,0,0,0,0,0,0
391,0,0,0,0,0,0,0,0,0
392,0,0,0,0,0,0,0,0,0
393,0,0,0,0,0,0,0,0,0
394,0,0,0,0,0,0,0,0,0
395,0,0,0,0,0,0,0,0,0
396,0,0,0,0,0,0,0,0,0
397,0,0,0,0,0,0,0,0,0
398,0,0,0,0,0,0,0,0,0
399,0,0,0,0,0,0,0,0,0
400,0,0,0,0,0,0,0,0,0
401,0,0,0,0,0,0,0,0,0
402,0,0,0,0,0,0,0,0,0
403,0,0,0,0,0,0,0,0,0
404,0,0,0,0,0,0,0,0,0
405,0,0,0,0,0,0,0,0,0
406,0,0,0,0,0,0,0,0,0
407,0,0,0,0,0,0,0,0,0
408,0,0,0,0,0,0,0,0,0
409,0,0,0,0,0,0,0,0,0
410,0,0,0,0,0,0,0,0,0
411,0,0,0,0,0,0,0,0,0
412,0,0,0,0,0,0,0,0,0
413,0,0,0,0,0,0,0,0,0
414,0,0,0,0,0,0,0,0,0
415,0,0,0,0,0,0,0,0,0
416,0,0,0,0,0,0,0,0,0
417,0,0,0,0,0,0,0,0,0
418,0,0,0,0,0,0,0,0,0
419,0,0,0,0,0,0,0,0,0
420,0,0,0,0,0,0,0,0,0
421,0,0,0,0,0,0,0,0,0
422,0,0,0,0,0,0,0,0,0
423,0,0,0,0,0,0,0,0,0
424,0,0,0,0,0,0,0,0,0
425,0,0,0,0,0,0,0,0,0
426,0,0,0,0,0,0,0,0,0
427,0,0,0,0,0,0,0,0,0
428,0,0,0,0,0,0,0,0,0
429,0,0,0,0,0,0,0,0,0
430,0,0,0,0,0,0,0,0,0
431,0,0,0,0,0,0,0,0,0
432,0,0,0,0,0,0,0,0,0
433,0,0,0,0,0,0,0,0,0
434,0,0,0,0,0,0,0,0,0
435,0,0,0,0,0,0,0,0,0
436,0,0,0,0,0,0,0,0,0
437,0,0,0,0,0,0,0,0,0
438,0,0,0,0,0,0,0,0,0
439,0,0,0,0,0,0,0,0,0
440,0,0,0,0,0,0,0,0,0
441,0,0,0,0,0,0,0,0,0
442,0,0,0,0,0,0,0,0,0
443,0,0,0,0,0,0,0,0,0
444,0,0,0,0,0,0,0,0,0
445,0,0,0,0,0,0,0,0,0
446,0,0,0,0,0,0,0,0,0
447,0,0,0,0,0,0,0,0,0
448,0,0,0,0,0,0,0,0,0
449,0,0,0,0,0,0,0,0,0
450,0,0,0,0,0,0,0,0,0
451,0,0,0,0,0,0,0,0,0
452,0,0,0,0,0,0,0,0,0
453,0,0,0,0,0,0,0,0,0
454,0,0,0,0,0,0,0,0,0
455,0,0,0,0,0,0,0,0,0
456,0,0,0,0,0,0,0,0,0
457,0,0,0,0,0,0,0,0,0
458,0,0,0,0,0,0,0,0,0
459,0,0,0,0,0,0,0,0,0
460,0,0,0,0,0,0,0,0,0
461,0,0,0,0,0,0,0,0,0
462,0,0,0,0,0,0,0,0,0
463,0,0,0,0,0,0,0,0,0
464,0,0,0,0,0,0,0,0,0
465,0,0,0,0,0,0,0,0,0
466,0,0,0,0,0,0,0,0,0
467,0,0,0,0,0,0,0,0,0
468,0,0,0,0,0,0,0,0,0
469,0,0,0,0,0,0,0,0,0
470,0,0,0,0,0,0,0,0,0
471,0,0,0,0,0,0,0,0,0
472,0,0,0,0,0,0,0,0,0
473,0,0,0,0,0,0,0,0,0
474,0,0,0,0,0,0,0,0,0
475,0,0,0,0,0,0,0,0,0
476,0,0,0,0,0,0,0,0,0
477,0,0,0,0,0,0,0,0,0
478,0,0,0,0,0,0,0,0,0
479,0,0,0,0,0,0,0,0,0
480,0,0,0,0,0,0,0,0,0
481,0,0,0,0,0,0,0,0,0
482,0,0,0,0,0,0,0,0,0
483,0,0,0,0,0,0,0,0,0
484,0,0,0,0,0,0,0,0,0
485,0,0,0,0,0,0,0,0,0
486,0,0,0,0,0,0,0,0,0
487,0,0,0,0,0,0,0,0,0
488,0,0,0,0,0,0,0,0,0
489,0,0,0,0,0,0,0,0,0
490,0,0,0,0,0,0,0,0,0
491,0,0,0,0,0,0,0,0,0
492,0,0,0,0,0,0,0,0,0
493,0,0,0,0,0,0,0,0,0
494,0,0,0,0,0,0,0,0,0
495,0,0,0,0,0,0,0,0,0
496,0,0,0,0,0,0,0,0,0
497,0,0,0,0,0,0,0,0,0
498,0,0,0,0,0,0,0,0,0
499,0,0,0,0,0,0,0,0,0
500,0,0,0,0,0,0,0,0,0
501,0,0,0,0,0,0,0,0,0
502,0,0,0,0,0,0,0,0,0
503,0,0,0,0,0,0,0,0,0
504,0,0,0,0,0,0,0,0,0
505,0,0,0,0,0,0,0,0,0
506,0,0,0,0,0,0,0,0,0
507,0,0,0,0,0,0,0,0,0
508,0,0,0,0,0,0,0,0,0
509,0,0,0,0,0,0,0,0,0
510,0,0,0,0,0,0,0,0,0
511,0,0,0,0,0,0,0,0,0
512,0,0,0,0,0,0,0,0,0
513,0,0,0,0,0,0,0,0,0
514,0,0,0,0,0,0,0,0,0
515,0,0,0,0,0,0,0,0,0
516,0,0,0,0,0,0,0,0,0
517,0,0,0,0,0,0,0,0,0
518,0,0,0,0,0,0,0,0,0
519,0,0,0,0,0,0,0,0,0
520,0,0,0,0,0,0,0,0,0
521,0,0,0,0,0,0,0,0,0
522,0,0,0,0,0,0,0,0,0
523,0,0,0,0,0,0,0,0,0
524,0,0,0,0,0,0,0,0,0
525,0,0,0,0,0,0,0,0,0
526,0,0,0,0,0,0,0,0,0
527,0,0,0,0,0,0,0,0,0
528,0,0,0,0,0,0,0,0,0
529,0,0,0,0,0,0,0,0,0
530,0,0,0,0,0,0,0,0,0
531,0,0,0,0,0,0,0,0,0
532,0,0,0,0,0,0,0,0,0
533,0,0,0,0,0,0,0,0,0
534,0,0,0,0,0,0,0,0,0
535,0,0,0,0,0,0,0,0,0
536,0,0,0,0,0,0,0,0,0
537,0,0,0,0,0,0,0,0,0
538,0,0,0,0,0,0,0,0,0
539,0,0,0,0,0,0,0,0,0
540,0,0,0,0,0,0,0,0,0
541,0,0,0,0,0,0,0,0,0
542,0,0,0,0,0,0,0,0,0
543,0,0,0,0,0,0,0,0,0
544,0,0,0,0,0,0,0,0,0
545,0,0,0,0,0,0,0,0,0
546,0,0,0,0,0,0,0,0,0
547,0,0,0,0,0,0,0,0,0
548,0,0,0,0,0,0,0,0,0
549,0,0,0,0,0,0,0,0,0
550,0,0,0,0,0,0,0,0,0
551,0,0,0,0,0,0,0,0,0
552,0,0,0,0,0,0,0,0,0
553,0,0,0,0,0,0,0,0,0
554,0,0,0,0,0,0,0,0,0
555,0,0,0,0,0,0,0,0,0
556,0,0,0,0,0,0,0,0,0
557,0,0,0,0,0,0,0,0,0
558,0,0,0,0,0,0,0,0,0
559,0,0,0,0,0,0,0,0,0
560,0,0,0,0,0,0,0,0,0
561,0,0,0,0,0,0,0,0,0
562,0,0,0,0,0,0,0,0,0
563,0,0,0,0,0,0,0,0,0
564,0,0,0,0,0,0,0,0,0
565,0,0,0,0,0,0,0,0,0
566,0,0,0,0,0,0,0,0,0
567,0,0,0,0,0,0,0,0,0
568,0,0,0,0,0,0,0,0,0
569,0,0,0,0,0,0,0,0,0
570,0,0,0,0,0,0,0,0,0
571,0,0,0,0,0,0,0,0,0
572,0,0,0,0,0,0,0,0,0
573,0,0,0,0,0,0,0,0,0
574,0,0,0,0,0,0,0,0,0
575,0,0,0,0,0,0,0,0,0
576,0,0,0,0,0,0,0,0,0
577,0,0,0,0,0,0,0,0,0
578,0,0,0,0,0,0,0,0,0
579,0,0,0,0,0,0,0,0,0
580,0,0,0,0,0,0,0,0,0
581,0,0,0,0,0,0,0,0,0
582,0,0,0,0,0,0,0,0,0
583,0,0,0,0,0,0,0,0,0
584,0,0,0,0,0,0,0,0,0
585,0,0,0,0,0,0,0,0,0
586,0,0,0,0,0,0,0,0,0
587,0,0,0,0,0,0,0,0,0
588,0,0,0,0,0,0,0,0,0
589,0,0,0,0,0,0,0,0,0
590,0,0,0,0,0,0,0,0,0
591,0,0,0,0,0,0,0,0,0
592,0,0,0,0,0,0,0,0,0
593,0,0,0,0,0,0,0,0,0
594,0,0,0,0,0,0,0,0,0
595,0,0,0,0,0,0,0,0,0
596,0,0,0,0,0,0,0,0,0
597,0,0,0,0,0,0,0,0,0
598,0,0,0,0,0,0,0,0,0
599,0,0,0,0,0,0,0,0,0
600,0,0,0,0,0,0,0,0,0
601,0,0,0,0,0,0,0,0,0
602,0,0,0,0,0,0,0,0,0
603,0,0,0,0,0,0,0,0,0
604,0,0,0,0,0,0,0,0,0
605,0,0,0,0,0,0,0,0,0
606,0,0,0,0,0,0,0,0,0
607,0,0,0,0,0,0,0,0,0
608,0,0,0,0,0,0,0,0,0
609,0,0,0,0,0,0,0,0,0
610,0,0,0,0,0,0,0,0,0
611,0,0,0,0,0,0,0,0,0
612,0,0,0,0,0,0,0,0,0
613,0,0,0,0,0,0,0,0,0
614,0,0,0,0,0,0,0,0,0
615,0,0,0,0,0,0,0,0,0
616,0,0,0,0,0,0,0,0,0
617,0,0,0,0,0,0,0,0,0
618,0,0,0,0,0,0,0,0,0
619,0,0,0,0,0,0,0,0,0
620,0,0,0,0,0,0,0,0,0
621,0,0,0,0,0,0,0,0,0
622,0,0,0,0,0,0,0,0,0
623,0,0,0,0,0,0,0,0,0
624,0,0,0,0,0,0,0,0,0
625,0,0,0,0,0,0,0,0,0
626,0,0,0,0,0,0,0,0,0
627,0,0,0,0,0,0,0,0,0
628,0,0,0,0,0,0,0,0,0
629,0,0,0,0,0,0,0,0,0
630,0,0,0,0,0,0,0,0,0
631,0,0,0,0,0,0,0,0,0
632,0,0,0,0,0,0,0,0,0
633,0,0,0,0,0,0,0,0,0
634,0,0,0,0,0,0,0,0,0
635,0,0,0,0,0,0,0,0,0
636,0,0,0,0,0,0,0,0,0
637,0,0,0,0,0,0,0,0,0
638,0,0,0,0,0,0,0,0,0
639,0,0,0,0,0,0,0,0,0
640,0,0,0,0,0,0,0,0,0
641,0,0,0,0,0,0,0,0,0
642,0,0,0,0,0,0,0,0,0
643,0,0,0,0,0,0,0,0,0
644,0,0,0,0,0,0,0,0,0
645,0,0,0,0,0,0,0,0,0
646,0,0,0,0,0,0,0,0,0
647,0,0,0,0,0,0,0,0,0
648,0,0,0,0,0,0,0,0,0
649,0,0,0,0,0,0,0,0,0
650,0,0,0,0,0,0,0,0,0
651,0,0,0,0,0,0,0,0,0
652,0,0,0,0,0,0,0,0,0
653,0,0,0,0,0,0,0,0,0
654,0,0,0,0,0,0,0,0,0
655,0,0,0,0,0,0,0,0,0
656,0,0,0,0,0,0,0,0,0
657,0,0,0,0,0,0,0,0,0
658,0,0,0,0,0,0,0,0,0
659,0,0,0,0,0,0,0,0,0
660,0,0,0,0,0,0,0,0,0
661,0,0,0,0,0,0,0,0,0
662,0,0,0,0,0,0,0,0,0
663,0,0,0,0,0,0,0,0,0
664,0,0,0,0,0,0,0,0,0
665,0,0,0,0,0,0,0,0,0
666,0,0,0,0,0,0,0,0,0
667,0,0,0,0,0,0,0,0,0
668,0,0,0,0,0,0,0,0,0
669,0,0,0,0,0,0,0,0,0
670,0,0,0,0,0,0,0,0,0
671,0,0,0,0,0,0,0,0,0
672,0,0,0,0,0,0,0,0,0
673,0,0,0,0,0,0,0,0,0
674,0,0,0,0,0,0,0,0,0
675,0,0,0,0,0,0,0,0,0
676,0,0,0,0,0,0,0,0,0
677,0,0,0,0,0,0,0,0,0
678,0,0,0,0,0,0,0,0,0
679,0,0,0,0,0,0,0,0,0
680,0,0,0,0,0,0,0,0,0
681,0,0,0,0,0,0,0,0,0
682,0,0,0,0,0,0,0,0,0
683,0,0,0,0,0,0,0,0,0
684,0,0,0,0,0,0,0,0,0
685,0,0,0,0,0,0,0,0,0
686,0,0,0,0,0,0,0,0,0
687,0,0,0,0,0,0,0,0,0
688,0,0,0,0,0,0,0,0,0
689,0,0,0,0,0,0,0,0,0
690,0,0,0,0,0,0,0,0,0
691,0,0,0,0,0,0,0,0,0
692,0,0,0,0,0,0,0,0,0
693,0,0,0,0,0,0,0,0,0
694,0,0,0,0,0,0,0,0,0
695,0,0,0,0,0,0,0,0,0
696,0,0,0,0,0,0,0,0,0
697,0,0,0,0,0,0,0,0,0
698,0,0,0,0,0,0,0,0,0
699,0,0,0,0,0,0,0,0,0
700,0,0,0,0,0,0,0,0,0
701,0,0,0,0,0,0,0,0,0
702,0,0,0,0,0,0,0,0,0
703,0,0,0,0,0,0,0,0,0
704,0,0,0,0,0,0,0,0,0
705,0,0,0,0,0,0,0,0,0
706,0,0,0,0,0,0,0,0,0
707,0,0,0,0,0,0,0,0,0
708,0,0,0,0,0,0,0,0,0
709,0,0,0,0,0,0,0,0,0
710,0,0,0,0,0,0,0,0,0
711,0,0,0,0,0,0,0,0,0
712,0,0,0,0,0,0,0,0,0
713,0,0,0,0,0,0,0,0,0
714,0,0,0,0,0,0,0,0,0
715,0,0,0,0,0,0,0,0,0
716,0,0,0,0,0,0,0,0,0
717,0,0,0,0,0,0,0,0,0
718,0,0,0,0,0,0,0,0,0
719,0,0,0,0,0,0,0,0,0
720,0,0,0,0,0,0,0,0,0
721,0,0,0,0,0,0,0,0,0
722,0,0,0,0,0,0,0,0,0
723,0,0,0,0,0,0,0,0,0
724,0,0,0,0,0,0,0,0,0
725,0,0,0,0,0,0,0,0,0
726,0,0,0,0,0,0,0,0,0
727,0,0,0,0,0,0,0,0,0
728,0,0,0,0,0,0,0,0,0
729,0,0,0,0,0,0,0,0,0
730,0,0,0,0,0,0,0,0,0
731,0,0,0,0,0,0,0,0,0
732,0,0,0,0,0,0,0,0,0
733,0,0,0,0,0,0,0,0,0
734,0,0,0,0,0,0,0,0,0
735,0,0,0,0,0,0,0,0,0
736,0,0,0,0,0,0,0,0,0
737,0,0,0,0,0,0,0,0,0
738,0,0,0,0,0,0,0,0,0
739,0,0,0,0,0,0,0,0,0
740,0,0,0,0,0,0,0,0,0
741,0,0,0,0,0,0,0,0,0
742,0,0,0,0,0,0,0,0,0
743,0,0,0,0,0,0,0,0,0
744,0,0,0,0,0,0,0,0,0
745,0,0,0,0,0,0,0,0,0
746,0,0,0,0,0,0,0,0,0
747,0,0,0,0,0,0,0,0,0
748,0,0,0,0,0,0,0,0,0
749,0,0,0,0,0,0,0,0,0
750,0,0,0,0,0,0,0,0,0
0,194,7257,201425,4077983,57373546,517292847,2626655236,5935079656,3356972874
1,133,4083,92822,1522398,17319120,126016406,515436352,935738947,423756229
2,63,1552,26652,336896,2972803,16869029,54015109,76986157,27438716
3,45,918,13319,145725,1103913,5370777,14713052,17887914,5418232
4,36,698,9262,88877,595435,2568372,6259180,6786820,1840968
5,24,444,5373,47043,288086,1132090,2515705,2494543,622366
6,14,237,2614,20675,113288,395859,780637,687985,152654
7,11,198,2103,15489,80081,262954,485310,399367,82746
8,4,117,1081,7050,32639,98618,166861,125385,23724
9,1,60,543,3143,12311,31900,45967,28784,4294
10,0,46,354,1885,6737,16370,21881,12778,1758
11,0,44,289,1338,4074,8136,8936,4076,449
12,0,29,203,920,2857,5567,6066,2751,297
13,0,25,163,725,2207,4078,4263,1943,204
14,0,11,58,218,624,1132,1101,444,45
15,0,11,53,204,562,1026,971,378,30
16,0,11,51,185,452,738,634,214,21
17,0,11,49,170,372,544,424,136,13
18,0,11,49,170,372,544,424,136,13
19,0,11,48,154,337,489,355,107,13
20,0,10,44,137,286,400,254,72,7
21,0,10,26,70,151,205,133,32,1
22,0,10,24,65,141,188,123,32,1
23,0,7,13,50,86,111,70,17,1
24,0,4,9,37,77,96,59,14,1
25,0,4,9,31,58,53,34,6,0
26,0,4,7,15,16,14,5,1,0
27,0,4,7,15,15,14,5,1,0
28,0,2,3,5,6,7,2,0,0
29,0,1,3,5,6,7,2,0,0
30,0,1,3,4,6,7,2,0,0
31,0,1,2,4,5,7,2,0,0
32,0,1,2,4,5,7,2,0,0
33,0,1,2,4,4,6,1,0,0
34,0,1,2,4,4,6,1,0,0
35,0,1,2,4,4,6,1,0,0
36,0,1,2,4,4,6,1,0,0
37,0,1,2,4,4,6,1,0,0
38,0,1,2,4,4,6,1,0,0
39,0,1,2,4,4,6,1,0,0
40,0,1,2,4,4,6,1,0,0
41,0,1,2,4,4,6,1,0,0
42,0,1,2,3,2,0,1,0,0
43,0,1,2,3,2,0,1,0,0
44,0,1,2,3,2,0,1,0,0
45,0,1,2,3,2,0,1,0,0
46,0,1,2,3,2,0,1,0,0
47,0,1,2,3,2,0,1,0,0
48,0,1,2,3,2,0,1,0,0
49,0,1,0,0,0,0,0,0,0
50,0,1,0,0,0,0,0,0,0
51,0,1,0,0,0,0,0,0,0
52,0,1,0,0,0,0,0,0,0
53,0,1,0,0,0,0,0,0,0
54,0,1,0,0,0,0,0,0,0
55,0,1,0,0,0,0,0,0,0
56,0,1,0,0,0,0,0,0,0
57,0,1,0,0,0,0,0,0,0
58,0,1,0,0,0,0,0,0,0
59,0,1,0,0,0,0,0,0,0
60,0,1,0,0,0,0,0,0,0
61,0,1,0,0,0,0,0,0,0
62,0,1,0,0,0,0,0,0,0
63,0,1,0,0,0,0,0,0,0
64,0,1,0,0,0,0,0,0,0
65,0,0,0,0,0,0,0,0,0
66,0,0,0,0,0,0,0,0,0
67,0,0,0,0,0,0,0,0,0
68,0,0,0,0,0,0,0,0,0
69,0,0,0,0,0,0,0,0,0
70,0,0,0,0,0,0,0,0,0
71,0,0,0,0,0,0,0,0,0
72,0,0,0,0,0,0,0,0,0
73,0,0,0,0,0,0,0,0,0
74,0,0,0,0,0,0,0,0,0
75,0,0,0,0,0,0,0,0,0
76,0,0,0,0,0,0,0,0,0
77,0,0,0,0,0,0,0,0,0
78,0,0,0,0,0,0,0,0,0
79,0,0,0,0,0,0,0,0,0
80,0,0,0,0,0,0,0,0,0
81,0,0,0,0,0,0,0,0,0
82,0,0,0,0,0,0,0,0,0
83,0,0,0,0,0,0,0,0,0
84,0,0,0,0,0,0,0,0,0
85,0,0,0,0,0,0,0,0,0
86,0,0,0,0,0,0,0,0,0
87,0,0,0,0,0,0,0,0,0
88,0,0,0,0,0,0,0,0,0
89,0,0,0,0,0,0,0,0,0
90,0,0,0,0,0,0,0,0,0
91,0,0,0,0,0,0,0,0,0
92,0,0,0,0,0,0,0,0,0
93,0,0,0,0,0,0,0,0,0
94,0,0,0,0,0,0,0,0,0
95,0,0,0,0,0,0,0,0,0
96,0,0,0,0,0,0,0,0,0
97,0,0,0,0,0,0,0,0,0
98,0,0,0,0,0,0,0,0,0
99,0,0,0,0,0,0,0,0,0
100,0,0,0,0,0,0,0,0,0
101,0,0,0,0,0,0,0,0,0
102,0,0,0,0,0,0,0,0,0
103,0,0,0,0,0,0,0,0,0
104,0,0,0,0,0,0,0,0,0
105,0,0,0,0,0,0,0,0,0
106,0,0,0,0,0,0,0,0,0
107,0,0,0,0,0,0,0,0,0
108,0,0,0,0,0,0,0,0,0
109,0,0,0,0,0,0,0,0,0
110,0,0,0,0,0,0,0,0,0
111,0,0,0,0,0,0,0,0,0
112,0,0,0,0,0,0,0,0,0
113,0,0,0,0,0,0,0,0,0
114,0,0,0,0,0,0,0,0,0
115,0,0,0,0,0,0,0,0,0
116,0,0,0,0,0,0,0,0,0
117,0,0,0,0,0,0,0,0,0
118,0,0,0,0,0,0,0,0,0
119,0,0,0,0,0,0,0,0,0
120,0,0,0,0,0,0,0,0,0
121,0,0,0,0,0,0,0,0,0
122,0,0,0,0,0,0,0,0,0
123,0,0,0,0,0,0,0,0,0
124,0,0,0,0,0,0,0,0,0
125,0,0,0,0,0,0,0,0,0
126,0,0,0,0,0,0,0,0,0
127,0,0,0,0,0,0,0,0,0
128,0,0,0,0,0,0,0,0,0
129,0,0,0,0,0,0,0,0,0
130,0,0,0,0,0,0,0,0,0
131,0,0,0,0,0,0,0,0,0
132,0,0,0,0,0,0,0,0,0
133,0,0,0,0,0,0,0,0,0
134,0,0,0,0,0,0,0,0,0
135,0,0,0,0,0,0,0,0,0
136,0,0,0,0,0,0,0,0,0
137,0,0,0,0,0,0,0,0,0
138,0,0,0,0,0,0,0,0,0
139,0,0,0,0,0,0,0,0,0
140,0,0,0,0,0,0,0,0,0
141,0,0,0,0,0,0,0,0,0
142,0,0,0,0,0,0,0,0,0
143,0,0,0,0,0,0,0,0,0
144,0,0,0,0,0,0,0,0,0
145,0,0,0,0,0,0,0,0,0
146,0,0,0,0,0,0,0,0,0
147,0,0,0,0,0,0,0,0,0
148,0,0,0,0,0,0,0,0,0
149,0,0,0,0,0,0,0,0,0
150,0,0,0,0,0,0,0,0,0
151,0,0,0,0,0,0,0,0,0
152,0,0,0,0,0,0,0,0,0
153,0,0,0,0,0,0,0,0,0
154,0,0,0,0,0,0,0,0,0
155,0,0,0,0,0,0,0,0,0
156,0,0,0,0,0,0,0,0,0
157,0,0,0,0,0,0,0,0,0
158,0,0,0,0,0,0,0,0,0
159,0,0,0,0,0,0,0,0,0
160,0,0,0,0,0,0,0,0,0
161,0,0,0,0,0,0,0,0,0
162,0,0,0,0,0,0,0,0,0
163,0,0,0,0,0,0,0,0,0
164,0,0,0,0,0,0,0,0,0
165,0,0,0,0,0,0,0,0,0
166,0,0,0,0,0,0,0,0,0
167,0,0,0,0,0,0,0,0,0
168,0,0,0,0,0,0,0,0,0
169,0,0,0,0,0,0,0,0,0
170,0,0,0,0,0,0,0,0,0
171,0,0,0,0,0,0,0,0,0
172,0,0,0,0,0,0,0,0,0
173,0,0,0,0,0,0,0,0,0
174,0,0,0,0,0,0,0,0,0
175,0,0,0,0,0,0,0,0,0
176,0,0,0,0,0,0,0,0,0
177,0,0,0,0,0,0,0,0,0
178,0,0,0,0,0,0,0,0,0
179,0,0,0,0,0,0,0,0,0
180,0,0,0,0,0,0,0,0,0
181,0,0,0,0,0,0,0,0,0
182,0,0,0,0,0,0,0,0,0
183,0,0,0,0,0,0,0,0,0
184,0,0,0,0,0,0,0,0,0
185,0,0,0,0,0,0,0,0,0
186,0,0,0,0,0,0,0,0,0
187,0,0,0,0,0,0,0,0,0
188,0,0,0,0,0,0,0,0,0
189,0,0,0,0,0,0,0,0,0
190,0,0,0,0,0,0,0,0,0
191,0,0,0,0,0,0,0,0,0
192,0,0,0,0,0,0,0,0,0
193,0,0,0,0,0,0,0,0,0
194,0,0,0,0,0,0,0,0,0
195,0,0,0,0,0,0,0,0,0
196,0,0,0,0,0,0,0,0,0
197,0,0,0,0,0,0,0,0,0
198,0,0,0,0,0,0,0,0,0
199,0,0,0,0,0,0,0,0,0
200,0,0,0,0,0,0,0,0,0
201,0,0,0,0,0,0,0,0,0
202,0,0,0,0,0,0,0,0,0
203,0,0,0,0,0,0,0,0,0
204,0,0,0,0,0,0,0,0,0
205,0,0,0,0,0,0,0,0,0
206,0,0,0,0,0,0,0,0,0
207,0,0,0,0,0,0,0,0,0
208,0,0,0,0,0,0,0,0,0
209,0,0,0,0,0,0,0,0,0
210,0,0,0,0,0,0,0,0,0
211,0,0,0,0,0,0,0,0,0
212,0,0,0,0,0,0,0,0,0
213,0,0,0,0,0,0,0,0,0
214,0,0,0,0,0,0,0,0,0
215,0,0,0,0,0,0,0,0,0
216,0,0,0,0,0,0,0,0,0
217,0,0,0,0,0,0,0,0,0
218,0,0,0,0,0,0,0,0,0
219,0,0,0,0,0,0,0,0,0
220,0,0,0,0,0,0,0,0,0
221,0,0,0,0,0,0,0,0,0
222,0,0,0,0,0,0,0,0,0
223,0,0,0,0,0,0,0,0,0
224,0,0,0,0,0,0,0,0,0
225,0,0,0,0,0,0,0,0,0
226,0,0,0,0,0,0,0,0,0
227,0,0,0,0,0,0,0,0,0
228,0,0,0,0,0,0,0,0,0
229,0,0,0,0,0,0,0,0,0
230,0,0,0,0,0,0,0,0,0
231,0,0,0,0,0,0,0,0,0
232,0,0,0,0,0,0,0,0,0
233,0,0,0,0,0,0,0,0,0
234,0,0,0,0,0,0,0,0,0
235,0,0,0,0,0,0,0,0,0
236,0,0,0,0,0,0,0,0,0
237,0,0,0,0,0,0,0,0,0
238,0,0,0,0,0,0,0,0,0
239,0,0,0,0,0,0,0,0,0
240,0,0,0,0,0,0,0,0,0
241,0,0,0,0,0,0,0,0,0
242,0,0,0,0,0,0,0,0,0
243,0,0,0,0,0,0,0,0,0
244,0,0,0,0,0,0,0,0,0
245,0,0,0,0,0,0,0,0,0
246,0,0,0,0,0,0,0,0,0
247,0,0,0,0,0,0,0,0,0
248,0,0,0,0,0,0,0,0,0
249,0,0,0,0,0,0,0,0,0
250,0,0,0,0,0,0,0,0,0
251,0,0,0,0,0,0,0,0,0
252,0,0,0,0,0,0,0,0,0
253,0,0,0,0,0,0,0,0,0
254,0,0,0,0,0,0,0,0,0
255,0,0,0,0,0,0,0,0,0
256,0,0,0,0,0,0,0,0,0
257,0,0,0,0,0,0,0,0,0
258,0,0,0,0,0,0,0,0,0
259,0,0,0,0,0,0,0,0,0
260,0,0,0,0,0,0,0,0,0
261,0,0,0,0,0,0,0,0,0
262,0,0,0,0,0,0,0,0,0
263,0,0,0,0,0,0,0,0,0
264,0,0,0,0,0,0,0,0,0
265,0,0,0,0,0,0,0,0,0
266,0,0,0,0,0,0,0,0,0
267,0,0,0,0,0,0,0,0,0
268,0,0,0,0,0,0,0,0,0
269,0,0,0,0,0,0,0,0,0
270,0,0,0,0,0,0,0,0,0
271,0,0,0,0,0,0,0,0,0
272,0,0,0,0,0,0,0,0,0
273,0,0,0,0,0,0,0,0,0
274,0,0,0,0,0,0,0,0,0
275,0,0,0,0,0,0,0,0,0
276,0,0,0,0,0,0,0,0,0
277,0,0,0,0,0,0,0,0,0
278,0,0,0,0,0,0,0,0,0
279,0,0,0,0,0,0,0,0,0
280,0,0,0,0,0,0,0,0,0
281,0,0,0,0,0,0,0,0,0
282,0,0,0,0,0,0,0,0,0
283,0,0,0,0,0,0,0,0,0
284,0,0,0,0,0,0,0,0,0
285,0,0,0,0,0,0,0,0,0
286,0,0,0,0,0,0,0,0,0
287,0,0,0,0,0,0,0,0,0
288,0,0,0,0,0,0,0,0,0
289,0,0,0,0,0,0,0,0,0
290,0,0,0,0,0,0,0,0,0
291,0,0,0,0,0,0,0,0,0
292,0,0,0,0,0,0,0,0,0
293,0,0,0,0,0,0,0,0,0
294,0,0,0,0,0,0,0,0,0
295,0,0,0,0,0,0,0,0,0
296,0,0,0,0,0,0,0,0,0
297,0,0,0,0,0,0,0,0,0
298,0,0,0,0,0,0,0,0,0
299,0,0,0,0,0,0,0,0,0
300,0,0,0,0,0,0,0,0,0
301,0,0,0,0,0,0,0,0,0
302,0,0,0,0,0,0,0,0,0
303,0,0,0,0,0,0,0,0,0
304,0,0,0,0,0,0,0,0,0
305,0,0,0,0,0,0,0,0,0
306,0,0,0,0,0,0,0,0,0
307,0,0,0,0,0,0,0,0,0
308,0,0,0,0,0,0,0,0,0
309,0,0,0,0,0,0,0,0,0
310,0,0,0,0,0,0,0,0,0
311,0,0,0,0,0,0,0,0,0
312,0,0,0,0,0,0,0,0,0
313,0,0,0,0,0,0,0,0,0
314,0,0,0,0,0,0,0,0,0
315,0,0,0,0,0,0,0,0,0
316,0,0,0,0,0,0,0,0,0
317,0,0,0,0,0,0,0,0,0
318,0,0,0,0,0,0,0,0,0
319,0,0,0,0,0,0,0,0,0
320,0,0,0,0,0,0,0,0,0
321,0,0,0,0,0,0,0,0,0
322,0,0,0,0,0,0,0,0,0
323,0,0,0,0,0,0,0,0,0
324,0,0,0,0,0,0,0,0,0
325,0,0,0,0,0,0,0,0,0
326,0,0,0,0,0,0,0,0,0
327,0,0,0,0,0,0,0,0,0
328,0,0,0,0,0,0,0,0,0
329,0,0,0,0,0,0,0,0,0
330,0,0,0,0,0,0,0,0,0
331,0,0,0,0,0,0,0,0,0
332,0,0,0,0,0,0,0,0,0
333,0,0,0,0,0,0,0,0,0
334,0,0,0,0,0,0,0,0,0
335,0,0,0,0,0,0,0,0,0
336,0,0,0,0,0,0,0,0,0
337,0,0,0,0,0,0,0,0,0
338,0,0,0,0,0,0,0,0,0
339,0,0,0,0,0,0,0,0,0
340,0,0,0,0,0,0,0,0,0
341,0,0,0,0,0,0,0,0,0
342,0,0,0,0,0,0,0,0,0
343,0,0,0,0,0,0,0,0,0
344,0,0,0,0,0,0,0,0,0
345,0,0,0,0,0,0,0,0,0
346,0,0,0,0,0,0,0,0,0
347,0,0,0,0,0,0,0,0,0
348,0,0,0,0,0,0,0,0,0
349,0,0,0,0,0,0,0,0,0
350,0,0,0,0,0,0,0,0,0
351,0,0,0,0,0,0,0,0,0
352,0,0,0,0,0,0,0,0,0
353,0,0,0,0,0,0,0,0,0
354,0,0,0,0,0,0,0,0,0
355,0,0,0,0,0,0,0,0,0
356,0,0,0,0,0,0,0,0,0
357,0,0,0,0,0,0,0,0,0
358,0,0,0,0,0,0,0,0,0
359,0,0,0,0,0,0,0,0,0
360,0,0,0,0,0,0,0,0,0
361,0,0,0,0,0,0,0,0,0
362,0,0,0,0,0,0,0,0,0
363,0,0,0,0,0,0,0,0,0
364,0,0,0,0,0,0,0,0,0
365,0,0,0,0,0,0,0,0,0
366,0,0,0,0,0,0,0,0,0
367,0,0,0,0,0,0,0,0,0
368,0,0,0,0,0,0,0,0,0
369,0,0,0,0,0,0,0,0,0
370,0,0,0,0,0,0,0,0,0
371,0,0,0,0,0,0,0,0,0
372,0,0,0,0,0,0,0,0,0
373,0,0,0,0,0,0,0,0,0
374,0,0,0,0,0,0,0,0,0
375,0,0,0,0,0,0,0,0,0
376,0,0,0,0,0,0,0,0,0
377,0,0,0,0,0,0,0,0,0
378,0,0,0,0,0,0,0,0,0
379,0,0,0,0,0,0,0,0,0
380,0,0,0,0,0,0,0,0,0
381,0,0,0,0,0,0,0,0,0
382,0,0,0,0,0,0,0,0,0
383,0,0,0,0,0,0,0,0,0
384,0,0,0,0,0,0,0,0,0
385,0,0,0,0,0,0,0,0,0
386,0,0,0,0,0,0,0,0,0
387,0,0,0,0,0,0,0,0,0
388,0,0,0,0,0,0,0,0,0
389,0,0,0,0,0,0,0,0,0
390,0,0,0,0,0,0,0,0,0
391,0,0,0,0,0,0,0,0,0
392,0,0,0,0,0,0,0,0,0
393,0,0,0,0,0,0,0,0,0
394,0,0,0,0,0,0,0,0,0
395,0,0,0,0,0,0,0,0,0
396,0,0,0,0,0,0,0,0,0
397,0,0,0,0,0,0,0,0,0
398,0,0,0,0,0,0,0,0,0
399,0,0,0,0,0,0,0,0,0
400,0,0,0,0,0,0,0,0,0
401,0,0,0,0,0,0,0,0,0
402,0,0,0,0,0,0,0,0,0
403,0,0,0,0,0,0,0,0,0
404,0,0,0,0,0,0,0,0,0
405,0,0,0,0,0,0,0,0,0
406,0,0,0,0,0,0,0,0,0
407,0,0,0,0,0,0,0,0,0
408,0,0,0,0,0,0,0,0,0
409,0,0,0,0,0,0,0,0,0
410,0,0,0,0,0,0,0,0,0
411,0,0,0,0,0,0,0,0,0
412,0,0,0,0,0,0,0,0,0
413,0,0,0,0,0,0,0,0,0
414,0,0,0,0,0,0,0,0,0
415,0,0,0,0,0,0,0,0,0
416,0,0,0,0,0,0,0,0,0
417,0,0,0,0,0,0,0,0,0
418,0,0,0,0,0,0,0,0,0
419,0,0,0,0,0,0,0,0,0
420,0,0,0,0,0,0,0,0,0
421,0,0,0,0,0,0,0,0,0
422,0,0,0,0,0,0,0,0,0
423,0,0,0,0,0,0,0,0,0
424,0,0,0,0,0,0,0,0,0
425,0,0,0,0,0,0,0,0,0
426,0,0,0,0,0,0,0,0,0
427,0,0,0,0,0,0,0,0,0
428,0,0,0,0,0,0,0,0,0
429,0,0,0,0,0,0,0,0,0
430,0,0,0,0,0,0,0,0,0
431,0,0,0,0,0,0,0,0,0
432,0,0,0,0,0,0,0,0,0
433,0,0,0,0,0,0,0,0,0
434,0,0,0,0,0,0,0,0,0
435,0,0,0,0,0,0,0,0,0
436,0,0,0,0,0,0,0,0,0
437,0,0,0,0,0,0,0,0,0
438,0,0,0,0,0,0,0,0,0
439,0,0,0,0,0,0,0,0,0
440,0,0,0,0,0,0,0,0,0
441,0,0,0,0,0,0,0,0,0
442,0,0,0,0,0,0,0,0,0
443,0,0,0,0,0,0,0,0,0
444,0,0,0,0,0,0,0,0,0
445,0,0,0,0,0,0,0,0,0
446,0,0,0,0,0,0,0,0,0
447,0,0,0,0,0,0,0,0,0
448,0,0,0,0,0,0,0,0,0
449,0,0,0,0,0,0,0,0,0
450,0,0,0,0,0,0,0,0,0
451,0,0,0,0,0,0,0,0,0
452,0,0,0,0,0,0,0,0,0
453,0,0,0,0,0,0,0,0,0
454,0,0,0,0,0,0,0,0,0
455,0,0,0,0,0,0,0,0,0
456,0,0,0,0,0,0,0,0,0
457,0,0,0,0,0,0,0,0,0
458,0,0,0,0,0,0,0,0,0
459,0,0,0,0,0,0,0,0,0
460,0,0,0,0,0,0,0,0,0
461,0,0,0,0,0,0,0,0,0
462,0,0,0,0,0,0,0,0,0
463,0,0,0,0,0,0,0,0,0
464,0,0,0,0,0,0,0,0,0
465,0,0,0,0,0,0,0,0,0
466,0,0,0,0,0,0,0,0,0
467,0,0,0,0,0,0,0,0,0
468,0,0,0,0,0,0,0,0,0
469,0,0,0,0,0,0,0,0,0
470,0,0,0,0,0,0,0,0,0
471,0,0,0,0,0,0,0,0,0
472,0,0,0,0,0,0,0,0,0
473,0,0,0,0,0,0,0,0,0
474,0,0,0,0,0,0,0,0,0
475,0,0,0,0,0,0,0,0,0
476,0,0,0,0,0,0,0,0,0
477,0,0,0,0,0,0,0,0,0
478,0,0,0,0,0,0,0,0,0
479,0,0,0,0,0,0,0,0,0
480,0,0,0,0,0,0,0,0,0
481,0,0,0,0,0,0,0,0,0
482,0,0,0,0,0,0,0,0,0
483,0,0,0,0,0,0,0,0,0
484,0,0,0,0,0,0,0,0,0
485,0,0,0,0,0,0,0,0,0
486,0,0,0,0,0,0,0,0,0
487,0,0,0,0,0,0,0,0,0
488,0,0,0,0,0,0,0,0,0
489,0,0,0,0,0,0,0,0,0
490,0,0,0,0,0,0,0,0,0
491,0,0,0,0,0,0,0,0,0
492,0,0,0,0,0,0,0,0,0
493,0,0,0,0,0,0,0,0,0
494,0,0,0,0,0,0,0,0,0
495,0,0,0,0,0,0,0,0,0
496,0,0,0,0,0,0,0,0,0
497,0,0,0,0,0,0,0,0,0
498,0,0,0,0,0,0,0,0,0
499,0,0,0,0,0,0,0,0,0
500,0,0,0,0,0,0,0,0,0
501,0,0,0,0,0,0,0,0,0
502,0,0,0,0,0,0,0,0,0
503,0,0,0,0,0,0,0,0,0
504,0,0,0,0,0,0,0,0,0
505,0,0,0,0,0,0,0,0,0
506,0,0,0,0,0,0,0,0,0
507,0,0,0,0,0,0,0,0,0
508,0,0,0,0,0,0,0,0,0
509,0,0,0,0,0,0,0,0,0
510,0,0,0,0,0,0,0,0,0
511,0,0,0,0,0,0,0,0,0
512,0,0,0,0,0,0,0,0,0
513,0,0,0,0,0,0,0,0,0
514,0,0,0,0,0,0,0,0,0
515,0,0,0,0,0,0,0,0,0
516,0,0,0,0,0,0,0,0,0
517,0,0,0,0,0,0,0,0,0
518,0,0,0,0,0,0,0,0,0
519,0,0,0,0,0,0,0,0,0
520,0,0,0,0,0,0,0,0,0
521,0,0,0,0,0,0,0,0,0
522,0,0,0,0,0,0,0,0,0
523,0,0,0,0,0,0,0,0,0
524,0,0,0,0,0,0,0,0,0
525,0,0,0,0,0,0,0,0,0
526,0,0,0,0,0,0,0,0,0
527,0,0,0,0,0,0,0,0,0
528,0,0,0,0,0,0,0,0,0
529,0,0,0,0,0,0,0,0,0
530,0,0,0,0,0,0,0,0,0
531,0,0,0,0,0,0,0,0,0
532,0,0,0,0,0,0,0,0,0
533,0,0,0,0,0,0,0,0,0
534,0,0,0,0,0,0,0,0,0
535,0,0,0,0,0,0,0,0,0
536,0,0,0,0,0,0,0,0,0
537,0,0,0,0,0,0,0,0,0
538,0,0,0,0,0,0,0,0,0
539,0,0,0,0,0,0,0,0,0
540,0,0,0,0,0,0,0,0,0
541,0,0,0,0,0,0,0,0,0
542,0,0,0,0,0,0,0,0,0
543,0,0,0,0,0,0,0,0,0
544,0,0,0,0,0,0,0,0,0
545,0,0,0,0,0,0,0,0,0
546,0,0,0,0,0,0,0,0,0
547,0,0,0,0,0,0,0,0,0
548,0,0,0,0,0,0,0,0,0
549,0,0,0,0,0,0,0,0,0
550,0,0,0,0,0,0,0,0,0
551,0,0,0,0,0,0,0,0,0
552,0,0,0,0,0,0,0,0,0
553,0,0,0,0,0,0,0,0,0
554,0,0,0,0,0,0,0,0,0
555,0,0,0,0,0,0,0,0,0
556,0,0,0,0,0,0,0,0,0
557,0,0,0,0,0,0,0,0,0
558,0,0,0,0,0,0,0,0,0
559,0,0,0,0,0,0,0,0,0
560,0,0,0,0,0,0,0,0,0
561,0,0,0,0,0,0,0,0,0
562,0,0,0,0,0,0,0,0,0
563,0,0,0,0,0,0,0,0,0
564,0,0,0,0,0,0,0,0,0
565,0,0,0,0,0,0,0,0,0
566,0,0,0,0,0,0,0,0,0
567,0,0,0,0,0,0,0,0,0
568,0,0,0,0,0,0,0,0,0
569,0,0,0,0,0,0,0,0,0
570,0,0,0,0,0,0,0,0,0
571,0,0,0,0,0,0,0,0,0
572,0,0,0,0,0,0,0,0,0
573,0,0,0,0,0,0,0,0,0
574,0,0,0,0,0,0,0,0,0
575,0,0,0,0,0,0,0,0,0
576,0,0,0,0,0,0,0,0,0
577,0,0,0,0,0,0,0,0,0
578,0,0,0,0,0,0,0,0,0
579,0,0,0,0,0,0,0,0,0
580,0,0,0,0,0,0,0,0,0
581,0,0,0,0,0,0,0,0,0
582,0,0,0,0,0,0,0,0,0
583,0,0,0,0,0,0,0,0,0
584,0,0,0,0,0,0,0,0,0
585,0,0,0,0,0,0,0,0,0
586,0,0,0,0,0,0,0,0,0
587,0,0,0,0,0,0,0,0,0
588,0,0,0,0,0,0,0,0,0
589,0,0,0,0,0,0,0,0,0
590,0,0,0,0,0,0,0,0,0
591,0,0,0,0,0,0,0,0,0
592,0,0,0,0,0,0,0,0,0
593,0,0,0,0,0,0,0,0,0
594,0,0,0,0,0,0,0,0,0
595,0,0,0,0,0,0,0,0,0
596,0,0,0,0,0,0,0,0,0
597,0,0,0,0,0,0,0,0,0
598,0,0,0,0,0,0,0,0,0
599,0,0,0,0,0,0,0,0,0
600,0,0,0,0,0,0,0,0,0
601,0,0,0,0,0,0,0,0,0
602,0,0,0,0,0,0,0,0,0
603,0,0,0,0,0,0,0,0,0
604,0,0,0,0,0,0,0,0,0
605,0,0,0,0,0,0,0,0,0
606,0,0,0,0,0,0,0,0,0
607,0,0,0,0,0,0,0,0,0
608,0,0,0,0,0,0,0,0,0
609,0,0,0,0,0,0,0,0,0
610,0,0,0,0,0,0,0,0,0
611,0,0,0,0,0,0,0,0,0
612,0,0,0,0,0,0,0,0,0
613,0,0,0,0,0,0,0,0,0
614,0,0,0,0,0,0,0,0,0
615,0,0,0,0,0,0,0,0,0
616,0,0,0,0,0,0,0,0,0
617,0,0,0,0,0,0,0,0,0
618,0,0,0,0,0,0,0,0,0
619,0,0,0,0,0,0,0,0,0
620,0,0,0,0,0,0,0,0,0
621,0,0,0,0,0,0,0,0,0
622,0,0,0,0,0,0,0,0,0
623,0,0,0,0,0,0,0,0,0
624,0,0,0,0,0,0,0,0,0
625,0,0,0,0,0,0,0,0,0
626,0,0,0,0,0,0,0,0,0
627,0,0,0,0,0,0,0,0,0
628,0,0,0,0,0,0,0,0,0
629,0,0,0,0,0,0,0,0,0
630,0,0,0,0,0,0,0,0,0
631,0,0,0,0,0,0,0,0,0
632,0,0,0,0,0,0,0,0,0
633,0,0,0,0,0,0,0,0,0
634,0,0,0,0,0,0,0,0,0
635,0,0,0,0,0,0,0,0,0
636,0,0,0,0,0,0,0,0,0
637,0,0,0,0,0,0,0,0,0
638,0,0,0,0,0,0,0,0,0
639,0,0,0,0,0,0,0,0,0
640,0,0,0,0,0,0,0,0,0
641,0,0,0,0,0,0,0,0,0
642,0,0,0,0,0,0,0,0,0
643,0,0,0,0,0,0,0,0,0
644,0,0,0,0,0,0,0,0,0
645,0,0,0,0,0,0,0,0,0
646,0,0,0,0,0,0,0,0,0
647,0,0,0,0,0,0,0,0,0
648,0,0,0,0,0,0,0,0,0
649,0,0,0,0,0,0,0,0,0
650,0,0,0,0,0,0,0,0,0
651,0,0,0,0,0,0,0,0,0
652,0,0,0,0,0,0,0,0,0
653,0,0,0,0,0,0,0,0,0
654,0,0,0,0,0,0,0,0,0
655,0,0,0,0,0,0,0,0,0
656,0,0,0,0,0,0,0,0,0
657,0,0,0,0,0,0,0,0,0
658,0,0,0,0,0,0,0,0,0
659,0,0,0,0,0,0,0,0,0
660,0,0,0,0,0,0,0,0,0
661,0,0,0,0,0,0,0,0,0
662,0,0,0,0,0,0,0,0,0
663,0,0,0,0,0,0,0,0,0
664,0,0,0,0,0,0,0,0,0
665,0,0,0,0,0,0,0,0,0
666,0,0,0,0,0,0,0,0,0
667,0,0,0,0,0,0,0,0,0
668,0,0,0,0,0,0,0,0,0
669,0,0,0,0,0,0,0,0,0
670,0,0,0,0,0,0,0,0,0
671,0,0,0,0,0,0,0,0,0
672,0,0,0,0,0,0,0,0,0
673,0,0,0,0,0,0,0,0,0
674,0,0,0,0,0,0,0,0,0
675,0,0,0,0,0,0,0,0,0
676,0,0,0,0,0,0,0,0,0
677,0,0,0,0,0,0,0,0,0
678,0,0,0,0,0,0,0,0,0
679,0,0,0,0,0,0,0,0,0
680,0,0,0,0,0,0,0,0,0
681,0,0,0,0,0,0,0,0,0
682,0,0,0,0,0,0,0,0,0
683,0,0,0,0,0,0,0,0,0
684,0,0,0,0,0,0,0,0,0
685,0,0,0,0,0,0,0,0,0
686,0,0,0,0,0,0,0,0,0
687,0,0,0,0,0,0,0,0,0
688,0,0,0,0,0,0,0,0,0
689,0,0,0,0,0,0,0,0,0
690,0,0,0,0,0,0,0,0,0
691,0,0,0,0,0,0,0,0,0
692,0,0,0,0,0,0,0,0,0
693,0,0,0,0,0,0,0,0,0
694,0,0,0,0,0,0,0,0,0
695,0,0,0,0,0,0,0,0,0
696,0,0,0,0,0,0,0,0,0
697,0,0,0,0,0,0,0,0,0
698,0,0,0,0,0,0,0,0,0
699,0,0,0,0,0,0,0,0,0
700,0,0,0,0,0,0,0,0,0
701,0,0,0,0,0,0,0,0,0
702,0,0,0,0,0,0,0,0,0
703,0,0,0,0,0,0,0,0,0
704,0,0,0,0,0,0,0,0,0
705,0,0,0,0,0,0,0,0,0
706,0,0,0,0,0,0,0,0,0
707,0,0,0,0,0,0,0,0,0
708,0,0,0,0,0,0,0,0,0
709,0,0,0,0,0,0,0,0,0
710,0,0,0,0,0,0,0,0,0
711,0,0,0,0,0,0,0,0,0
712,0,0,0,0,0,0,0,0,0
713,0,0,0,0,0,0,0,0,0
714,0,0,0,0,0,0,0,0,0
715,0,0,0,0,0,0,0,0,0
716,0,0,0,0,0,0,0,0,0
717,0,0,0,0,0,0,0,0,0
718,0,0,0,0,0,0,0,0,0
719,0,0,0,0,0,0,0,0,0
720,0,0,0,0,0,0,0,0,0
721,0,0,0,0,0,0,0,0,0
722,0,0,0,0,0,0,0,0,0
723,0,0,0,0,0,0,0,0,0
724,0,0,0,0,0,0,0,0,0
725,0,0,0,0,0,0,0,0,0
726,0,0,0,0,0,0,0,0,0
727,0,0,0,0,0,0,0,0,0
728,0,0,0,0,0,0,0,0,0
729,0,0,0,0,0,0,0,0,0
730,0,0,0,0,0,0,0,0,0
731,0,0,0,0,0,0,0,0,0
732,0,0,0,0,0,0,0,0,0
733,0,0,0,0,0,0,0,0,0
734,0,0,0,0,0,0,0,0,0
735,0,0,0,0,0,0,0,0,0
736,0,0,0,0,0,0,0,0,0
737,0,0,0,0,0,0,0,0,0
738,0,0,0,0,0,0,0,0,0
739,0,0,0,0,0,0,0,0,0
740,0,0,0,0,0,0,0,0,0
741,0,0,0,0,0,0,0,0,0
742,0,0,0,0,0,0,0,0,0
743,0,0,0,0,0,0,0,0,0
744,0,0,0,0,0,0,0,0,0
745,0,0,0,0,0,0,0,0,0
746,0,0,0,0,0,0,0,0,0
747,0,0,0,0,0,0,0,0,0
748,0,0,0,0,0,0,0,0,0
749,0,0,0,0,0,0,0,0,0
750,0,0,0,0,0,0,0,0,0
0,194,7257,201425,4077983,57373546,517292847,2626655236,5935079656,3356972874
1,112,3042,65007,1015334,11007051,76362753,298327116,518875223,226150321
2,62,1511,27287,357907,3276526,19234992,63642892,93731425,34548797
3,43,910,14062,154455,1187404,5866995,16352388,20297467,6300216
4,36,583,7519,69528,449675,1871364,4396437,4617606,1226336
5,23,413,4964,43438,264284,1035805,2299725,2283897,574273
6,19,278,3174,24959,135664,479276,959299,859773,195672
7,17,188,1932,13100,62293,191353,330867,254686,49266
8,16,154,1463,9287,41222,119233,194585,142061,26427
9,15,100,886,5114,20704,55259,82952,55784,9450
10,14,89,739,4205,16389,41907,60685,40377,6773
11,14,84,659,3705,13790,34029,47604,30297,4849
12,8,54,383,1864,6501,14611,18691,10449,1541
13,3,24,149,652,2119,4455,5098,2729,355
14,3,23,137,590,1867,3769,4117,2093,260
15,0,8,59,262,805,1564,1625,737,95
16,0,8,43,195,602,1150,1237,573,72
17,0,8,38,170,498,920,967,442,47
18,0,5,23,99,273,448,455,183,20
19,0,5,23,92,241,403,406,154,18
20,0,5,21,85,222,378,375,136,16
21,0,5,14,55,148,228,215,62,8
22,0,5,12,42,116,169,163,43,6
23,0,4,9,36,89,132,115,21,4
24,0,4,7,31,68,96,84,14,3
25,0,1,1,11,30,24,21,1,0
26,0,1,1,11,30,24,21,1,0
27,0,1,1,11,30,24,21,1,0
28,0,1,0,9,18,13,13,0,0
29,0,1,0,9,18,13,13,0,0
30,0,1,0,9,18,13,13,0,0
31,0,0,0,5,12,5,3,0,0
32,0,0,0,5,10,3,1,0,0
33,0,0,0,2,5,1,1,0,0
34,0,0,0,2,5,1,1,0,0
35,0,0,0,0,0,0,0,0,0
36,0,0,0,0,0,0,0,0,0
37,0,0,0,0,0,0,0,0,0
38,0,0,0,0,0,0,0,0,0
39,0,0,0,0,0,0,0,0,0
40,0,0,0,0,0,0,0,0,0
41,0,0,0,0,0,0,0,0,0
42,0,0,0,0,0,0,0,0,0
43,0,0,0,0,0,0,0,0,0
44,0,0,0,0,0,0,0,0,0
45,0,0,0,0,0,0,0,0,0
46,0,0,0,0,0,0,0,0,0
47,0,0,0,0,0,0,0,0,0
48,0,0,0,0,0,0,0,0,0
49,0,0,0,0,0,0,0,0,0
50,0,0,0,0,0,0,0,0,0
51,0,0,0,0,0,0,0,0,0
52,0,0,0,0,0,0,0,0,0
53,0,0,0,0,0,0,0,0,0
54,0,0,0,0,0,0,0,0,0
55,0,0,0,0,0,0,0,0,0
56,0,0,0,0,0,0,0,0,0
57,0,0,0,0,0,0,0,0,0
58,0,0,0,0,0,0,0,0,0
59,0,0,0,0,0,0,0,0,0
60,0,0,0,0,0,0,0,0,0
61,0,0,0,0,0,0,0,0,0
62,0,0,0,0,0,0,0,0,0
63,0,0,0,0,0,0,0,0,0
64,0,0,0,0,0,0,0,0,0
65,0,0,0,0,0,0,0,0,0
66,0,0,0,0,0,0,0,0,0
67,0,0,0,0,0,0,0,0,0
68,0,0,0,0,0,0,0,0,0
69,0,0,0,0,0,0,0,0,0
70,0,0,0,0,0,0,0,0,0
71,0,0,0,0,0,0,0,0,0
72,0,0,0,0,0,0,0,0,0
73,0,0,0,0,0,0,0,0,0
74,0,0,0,0,0,0,0,0,0
75,0,0,0,0,0,0,0,0,0
76,0,0,0,0,0,0,0,0,0
77,0,0,0,0,0,0,0,0,0
78,0,0,0,0,0,0,0,0,0
79,0,0,0,0,0,0,0,0,0
80,0,0,0,0,0,0,0,0,0
81,0,0,0,0,0,0,0,0,0
82,0,0,0,0,0,0,0,0,0
83,0,0,0,0,0,0,0,0,0
84,0,0,0,0,0,0,0,0,0
85,0,0,0,0,0,0,0,0,0
86,0,0,0,0,0,0,0,0,0
87,0,0,0,0,0,0,0,0,0
88,0,0,0,0,0,0,0,0,0
89,0,0,0,0,0,0,0,0,0
90,0,0,0,0,0,0,0,0,0
91,0,0,0,0,0,0,0,0,0
92,0,0,0,0,0,0,0,0,0
93,0,0,0,0,0,0,0,0,0
94,0,0,0,0,0,0,0,0,0
95,0,0,0,0,0,0,0,0,0
96,0,0,0,0,0,0,0,0,0
97,0,0,0,0,0,0,0,0,0
98,0,0,0,0,0,0,0,0,0
99,0,0,0,0,0,0,0,0,0
100,0,0,0,0,0,0,0,0,0
101,0,0,0,0,0,0,0,0,0
102,0,0,0,0,0,0,0,0,0
103,0,0,0,0,0,0,0,0,0
104,0,0,0,0,0,0,0,0,0
105,0,0,0,0,0,0,0,0,0
106,0,0,0,0,0,0,0,0,0
107,0,0,0,0,0,0,0,0,0
108,0,0,0,0,0,0,0,0,0
109,0,0,0,0,0,0,0,0,0
110,0,0,0,0,0,0,0,0,0
111,0,0,0,0,0,0,0,0,0
112,0,0,0,0,0,0,0,0,0
113,0,0,0,0,0,0,0,0,0
114,0,0,0,0,0,0,0,0,0
115,0,0,0,0,0,0,0,0,0
116,0,0,0,0,0,0,0,0,0
117,0,0,0,0,0,0,0,0,0
118,0,0,0,0,0,0,0,0,0
119,0,0,0,0,0,0,0,0,0
120,0,0,0,0,0,0,0,0,0
121,0,0,0,0,0,0,0,0,0
122,0,0,0,0,0,0,0,0,0
123,0,0,0,0,0,0,0,0,0
124,0,0,0,0,0,0,0,0,0
125,0,0,0,0,0,0,0,0,0
126,0,0,0,0,0,0,0,0,0
127,0,0,0,0,0,0,0,0,0
128,0,0,0,0,0,0,0,0,0
129,0,0,0,0,0,0,0,0,0
130,0,0,0,0,0,0,0,0,0
131,0,0,0,0,0,0,0,0,0
132,0,0,0,0,0,0,0,0,0
133,0,0,0,0,0,0,0,0,0
134,0,0,0,0,0,0,0,0,0
135,0,0,0,0,0,0,0,0,0
136,0,0,0,0,0,0,0,0,0
137,0,0,0,0,0,0,0,0,0
138,0,0,0,0,0,0,0,0,0
139,0,0,0,0,0,0,0,0,0
140,0,0,0,0,0,0,0,0,0
141,0,0,0,0,0,0,0,0,0
142,0,0,0,0,0,0,0,0,0
143,0,0,0,0,0,0,0,0,0
144,0,0,0,0,0,0,0,0,0
145,0,0,0,0,0,0,0,0,0
146,0,0,0,0,0,0,0,0,0
147,0,0,0,0,0,0,0,0,0
148,0,0,0,0,0,0,0,0,0
149,0,0,0,0,0,0,0,0,0
150,0,0,0,0,0,0,0,0,0
151,0,0,0,0,0,0,0,0,0
152,0,0,0,0,0,0,0,0,0
153,0,0,0,0,0,0,0,0,0
154,0,0,0,0,0,0,0,0,0
155,0,0,0,0,0,0,0,0,0
156,0,0,0,0,0,0,0,0,0
157,0,0,0,0,0,0,0,0,0
158,0,0,0,0,0,0,0,0,0
159,0,0,0,0,0,0,0,0,0
160,0,0,0,0,0,0,0,0,0
161,0,0,0,0,0,0,0,0,0
162,0,0,0,0,0,0,0,0,0
163,0,0,0,0,0,0,0,0,0
164,0,0,0,0,0,0,0,0,0
165,0,0,0,0,0,0,0,0,0
166,0,0,0,0,0,0,0,0,0
167,0,0,0,0,0,0,0,0,0
168,0,0,0,0,0,0,0,0,0
169,0,0,0,0,0,0,0,0,0
170,0,0,0,0,0,0,0,0,0
171,0,0,0,0,0,0,0,0,0
172,0,0,0,0,0,0,0,0,0
173,0,0,0,0,0,0,0,0,0
174,0,0,0,0,0,0,0,0,0
175,0,0,0,0,0,0,0,0,0
176,0,0,0,0,0,0,0,0,0
177,0,0,0,0,0,0,0,0,0
178,0,0,0,0,0,0,0,0,0
179,0,0,0,0,0,0,0,0,0
180,0,0,0,0,0,0,0,0,0
181,0,0,0,0,0,0,0,0,0
182,0,0,0,0,0,0,0,0,0
183,0,0,0,0,0,0,0,0,0
184,0,0,0,0,0,0,0,0,0
185,0,0,0,0,0,0,0,0,0
186,0,0,0,0,0,0,0,0,0
187,0,0,0,0,0,0,0,0,0
188,0,0,0,0,0,0,0,0,0
189,0,0,0,0,0,0,0,0,0
190,0,0,0,0,0,0,0,0,0
191,0,0,0,0,0,0,0,0,0
192,0,0,0,0,0,0,0,0,0
193,0,0,0,0,0,0,0,0,0
194,0,0,0,0,0,0,0,0,0
195,0,0,0,0,0,0,0,0,0
196,0,0,0,0,0,0,0,0,0
197,0,0,0,0,0,0,0,0,0
198,0,0,0,0,0,0,0,0,0
199,0,0,0,0,0,0,0,0,0
200,0,0,0,0,0,0,0,0,0
201,0,0,0,0,0,0,0,0,0
202,0,0,0,0,0,0,0,0,0
203,0,0,0,0,0,0,0,0,0
204,0,0,0,0,0,0,0,0,0
205,0,0,0,0,0,0,0,0,0
206,0,0,0,0,0,0,0,0,0
207,0,0,0,0,0,0,0,0,0
208,0,0,0,0,0,0,0,0,0
209,0,0,0,0,0,0,0,0,0
210,0,0,0,0,0,0,0,0,0
211,0,0,0,0,0,0,0,0,0
212,0,0,0,0,0,0,0,0,0
213,0,0,0,0,0,0,0,0,0
214,0,0,0,0,0,0,0,0,0
215,0,0,0,0,0,0,0,0,0
216,0,0,0,0,0,0,0,0,0
217,0,0,0,0,0,0,0,0,0
218,0,0,0,0,0,0,0,0,0
219,0,0,0,0,0,0,0,0,0
220,0,0,0,0,0,0,0,0,0
221,0,0,0,0,0,0,0,0,0
222,0,0,0,0,0,0,0,0,0
223,0,0,0,0,0,0,0,0,0
224,0,0,0,0,0,0,0,0,0
225,0,0,0,0,0,0,0,0,0
226,0,0,0,0,0,0,0,0,0
227,0,0,0,0,0,0,0,0,0
228,0,0,0,0,0,0,0,0,0
229,0,0,0,0,0,0,0,0,0
230,0,0,0,0,0,0,0,0,0
231,0,0,0,0,0,0,0,0,0
232,0,0,0,0,0,0,0,0,0
233,0,0,0,0,0,0,0,0,0
234,0,0,0,0,0,0,0,0,0
235,0,0,0,0,0,0,0,0,0
236,0,0,0,0,0,0,0,0,0
237,0,0,0,0,0,0,0,0,0
238,0,0,0,0,0,0,0,0,0
239,0,0,0,0,0,0,0,0,0
240,0,0,0,0,0,0,0,0,0
241,0,0,0,0,0,0,0,0,0
242,0,0,0,0,0,0,0,0,0
243,0,0,0,0,0,0,0,0,0
244,0,0,0,0,0,0,0,0,0
245,0,0,0,0,0,0,0,0,0
246,0,0,0,0,0,0,0,0,0
247,0,0,0,0,0,0,0,0,0
248,0,0,0,0,0,0,0,0,0
249,0,0,0,0,0,0,0,0,0
250,0,0,0,0,0,0,0,0,0
251,0,0,0,0,0,0,0,0,0
252,0,0,0,0,0,0,0,0,0
253,0,0,0,0,0,0,0,0,0
254,0,0,0,0,0,0,0,0,0
255,0,0,0,0,0,0,0,0,0
256,0,0,0,0,0,0,0,0,0
257,0,0,0,0,0,0,0,0,0
258,0,0,0,0,0,0,0,0,0
259,0,0,0,0,0,0,0,0,0
260,0,0,0,0,0,0,0,0,0
261,0,0,0,0,0,0,0,0,0
262,0,0,0,0,0,0,0,0,0
263,0,0,0,0,0,0,0,0,0
264,0,0,0,0,0,0,0,0,0
265,0,0,0,0,0,0,0,0,0
266,0,0,0,0,0,0,0,0,0
267,0,0,0,0,0,0,0,0,0
268,0,0,0,0,0,0,0,0,0
269,0,0,0,0,0,0,0,0,0
270,0,0,0,0,0,0,0,0,0
271,0,0,0,0,0,0,0,0,0
272,0,0,0,0,0,0,0,0,0
273,0,0,0,0,0,0,0,0,0
274,0,0,0,0,0,0,0,0,0
275,0,0,0,0,0,0,0,0,0
276,0,0,0,0,0,0,0,0,0
277,0,0,0,0,0,0,0,0,0
278,0,0,0,0,0,0,0,0,0
279,0,0,0,0,0,0,0,0,0
280,0,0,0,0,0,0,0,0,0
281,0,0,0,0,0,0,0,0,0
282,0,0,0,0,0,0,0,0,0
283,0,0,0,0,0,0,0,0,0
284,0,0,0,0,0,0,0,0,0
285,0,0,0,0,0,0,0,0,0
286,0,0,0,0,0,0,0,0,0
287,0,0,0,0,0,0,0,0,0
288,0,0,0,0,0,0,0,0,0
289,0,0,0,0,0,0,0,0,0
290,0,0,0,0,0,0,0,0,0
291,0,0,0,0,0,0,0,0,0
292,0,0,0,0,0,0,0,0,0
293,0,0,0,0,0,0,0,0,0
294,0,0,0,0,0,0,0,0,0
295,0,0,0,0,0,0,0,0,0
296,0,0,0,0,0,0,0,0,0
297,0,0,0,0,0,0,0,0,0
298,0,0,0,0,0,0,0,0,0
299,0,0,0,0,0,0,0,0,0
300,0,0,0,0,0,0,0,0,0
301,0,0,0,0,0,0,0,0,0
302,0,0,0,0,0,0,0,0,0
303,0,0,0,0,0,0,0,0,0
304,0,0,0,0,0,0,0,0,0
305,0,0,0,0,0,0,0,0,0
306,0,0,0,0,0,0,0,0,0
307,0,0,0,0,0,0,0,0,0
308,0,0,0,0,0,0,0,0,0
309,0,0,0,0,0,0,0,0,0
310,0,0,0,0,0,0,0,0,0
311,0,0,0,0,0,0,0,0,0
312,0,0,0,0,0,0,0,0,0
313,0,0,0,0,0,0,0,0,0
314,0,0,0,0,0,0,0,0,0
315,0,0,0,0,0,0,0,0,0
316,0,0,0,0,0,0,0,0,0
317,0,0,0,0,0,0,0,0,0
318,0,0,0,0,0,0,0,0,0
319,0,0,0,0,0,0,0,0,0
320,0,0,0,0,0,0,0,0,0
321,0,0,0,0,0,0,0,0,0
322,0,0,0,0,0,0,0,0,0
323,0,0,0,0,0,0,0,0,0
324,0,0,0,0,0,0,0,0,0
325,0,0,0,0,0,0,0,0,0
326,0,0,0,0,0,0,0,0,0
327,0,0,0,0,0,0,0,0,0
328,0,0,0,0,0,0,0,0,0
329,0,0,0,0,0,0,0,0,0
330,0,0,0,0,0,0,0,0,0
331,0,0,0,0,0,0,0,0,0
332,0,0,0,0,0,0,0,0,0
333,0,0,0,0,0,0,0,0,0
334,0,0,0,0,0,0,0,0,0
335,0,0,0,0,0,0,0,0,0
336,0,0,0,0,0,0,0,0,0
337,0,0,0,0,0,0,0,0,0
338,0,0,0,0,0,0,0,0,0
339,0,0,0,0,0,0,0,0,0
340,0,0,0,0,0,0,0,0,0
341,0,0,0,0,0,0,0,0,0
342,0,0,0,0,0,0,0,0,0
343,0,0,0,0,0,0,0,0,0
344,0,0,0,0,0,0,0,0,0
345,0,0,0,0,0,0,0,0,0
346,0,0,0,0,0,0,0,0,0
347,0,0,0,0,0,0,0,0,0
348,0,0,0,0,0,0,0,0,0
349,0,0,0,0,0,0,0,0,0
350,0,0,0,0,0,0,0,0,0
351,0,0,0,0,0,0,0,0,0
352,0,0,0,0,0,0,0,0,0
353,0,0,0,0,0,0,0,0,0
354,0,0,0,0,0,0,0,0,0
355,0,0,0,0,0,0,0,0,0
356,0,0,0,0,0,0,0,0,0
357,0,0,0,0,0,0,0,0,0
358,0,0,0,0,0,0,0,0,0
359,0,0,0,0,0,0,0,0,0
360,0,0,0,0,0,0,0,0,0
361,0,0,0,0,0,0,0,0,0
362,0,0,0,0,0,0,0,0,0
363,0,0,0,0,0,0,0,0,0
364,0,0,0,0,0,0,0,0,0
365,0,0,0,0,0,0,0,0,0
366,0,0,0,0,0,0,0,0,0
367,0,0,0,0,0,0,0,0,0
368,0,0,0,0,0,0,0,0,0
369,0,0,0,0,0,0,0,0,0
370,0,0,0,0,0,0,0,0,0
371,0,0,0,0,0,0,0,0,0
372,0,0,0,0,0,0,0,0,0
373,0,0,0,0,0,0,0,0,0
374,0,0,0,0,0,0,0,0,0
375,0,0,0,0,0,0,0,0,0
376,0,0,0,0,0,0,0,0,0
377,0,0,0,0,0,0,0,0,0
378,0,0,0,0,0,0,0,0,0
379,0,0,0,0,0,0,0,0,0
380,0,0,0,0,0,0,0,0,0
381,0,0,0,0,0,0,0,0,0
382,0,0,0,0,0,0,0,0,0
383,0,0,0,0,0,0,0,0,0
384,0,0,0,0,0,0,0,0,0
385,0,0,0,0,0,0,0,0,0
386,0,0,0,0,0,0,0,0,0
387,0,0,0,0,0,0,0,0,0
388,0,0,0,0,0,0,0,0,0
389,0,0,0,0,0,0,0,0,0
390,0,0,0,0,0,0,0,0,0
391,0,0,0,0,0,0,0,0,0
392,0,0,0,0,0,0,0,0,0
393,0,0,0,0,0,0,0,0,0
394,0,0,0,0,0,0,0,0,0
395,0,0,0,0,0,0,0,0,0
396,0,0,0,0,0,0,0,0,0
397,0,0,0,0,0,0,0,0,0
398,0,0,0,0,0,0,0,0,0
399,0,0,0,0,0,0,0,0,0
400,0,0,0,0,0,0,0,0,0
401,0,0,0,0,0,0,0,0,0
402,0,0,0,0,0,0,0,0,0
403,0,0,0,0,0,0,0,0,0
404,0,0,0,0,0,0,0,0,0
405,0,0,0,0,0,0,0,0,0
406,0,0,0,0,0,0,0,0,0
407,0,0,0,0,0,0,0,0,0
408,0,0,0,0,0,0,0,0,0
409,0,0,0,0,0,0,0,0,0
410,0,0,0,0,0,0,0,0,0
411,0,0,0,0,0,0,0,0,0
412,0,0,0,0,0,0,0,0,0
413,0,0,0,0,0,0,0,0,0
414,0,0,0,0,0,0,0,0,0
415,0,0,0,0,0,0,0,0,0
416,0,0,0,0,0,0,0,0,0
417,0,0,0,0,0,0,0,0,0
418,0,0,0,0,0,0,0,0,0
419,0,0,0,0,0,0,0,0,0
420,0,0,0,0,0,0,0,0,0
421,0,0,0,0,0,0,0,0,0
422,0,0,0,0,0,0,0,0,0
423,0,0,0,0,0,0,0,0,0
424,0,0,0,0,0,0,0,0,0
425,0,0,0,0,0,0,0,0,0
426,0,0,0,0,0,0,0,0,0
427,0,0,0,0,0,0,0,0,0
428,0,0,0,0,0,0,0,0,0
429,0,0,0,0,0,0,0,0,0
430,0,0,0,0,0,0,0,0,0
431,0,0,0,0,0,0,0,0,0
432,0,0,0,0,0,0,0,0,0
433,0,0,0,0,0,0,0,0,0
434,0,0,0,0,0,0,0,0,0
435,0,0,0,0,0,0,0,0,0
436,0,0,0,0,0,0,0,0,0
437,0,0,0,0,0,0,0,0,0
438,0,0,0,0,0,0,0,0,0
439,0,0,0,0,0,0,0,0,0
440,0,0,0,0,0,0,0,0,0
441,0,0,0,0,0,0,0,0,0
442,0,0,0,0,0,0,0,0,0
443,0,0,0,0,0,0,0,0,0
444,0,0,0,0,0,0,0,0,0
445,0,0,0,0,0,0,0,0,0
446,0,0,0,0,0,0,0,0,0
447,0,0,0,0,0,0,0,0,0
448,0,0,0,0,0,0,0,0,0
449,0,0,0,0,0,0,0,0,0
450,0,0,0,0,0,0,0,0,0
451,0,0,0,0,0,0,0,0,0
452,0,0,0,0,0,0,0,0,0
453,0,0,0,0,0,0,0,0,0
454,0,0,0,0,0,0,0,0,0
455,0,0,0,0,0,0,0,0,0
456,0,0,0,0,0,0,0,0,0
457,0,0,0,0,0,0,0,0,0
458,0,0,0,0,0,0,0,0,0
459,0,0,0,0,0,0,0,0,0
460,0,0,0,0,0,0,0,0,0
461,0,0,0,0,0,0,0,0,0
462,0,0,0,0,0,0,0,0,0
463,0,0,0,0,0,0,0,0,0
464,0,0,0,0,0,0,0,0,0
465,0,0,0,0,0,0,0,0,0
466,0,0,0,0,0,0,0,0,0
467,0,0,0,0,0,0,0,0,0
468,0,0,0,0,0,0,0,0,0
469,0,0,0,0,0,0,0,0,0
470,0,0,0,0,0,0,0,0,0
471,0,0,0,0,0,0,0,0,0
472,0,0,0,0,0,0,0,0,0
473,0,0,0,0,0,0,0,0,0
474,0,0,0,0,0,0,0,0,0
475,0,0,0,0,0,0,0,0,0
476,0,0,0,0,0,0,0,0,0
477,0,0,0,0,0,0,0,0,0
478,0,0,0,0,0,0,0,0,0
479,0,0,0,0,0,0,0,0,0
480,0,0,0,0,0,0,0,0,0
481,0,0,0,0,0,0,0,0,0
482,0,0,0,0,0,0,0,0,0
483,0,0,0,0,0,0,0,0,0
484,0,0,0,0,0,0,0,0,0
485,0,0,0,0,0,0,0,0,0
486,0,0,0,0,0,0,0,0,0
487,0,0,0,0,0,0,0,0,0
488,0,0,0,0,0,0,0,0,0
489,0,0,0,0,0,0,0,0,0
490,0,0,0,0,0,0,0,0,0
491,0,0,0,0,0,0,0,0,0
492,0,0,0,0,0,0,0,0,0
493,0,0,0,0,0,0,0,0,0
494,0,0,0,0,0,0,0,0,0
495,0,0,0,0,0,0,0,0,0
496,0,0,0,0,0,0,0,0,0
497,0,0,0,0,0,0,0,0,0
498,0,0,0,0,0,0,0,0,0
499,0,0,0,0,0,0,0,0,0
500,0,0,0,0,0,0,0,0,0
501,0,0,0,0,0,0,0,0,0
502,0,0,0,0,0,0,0,0,0
503,0,0,0,0,0,0,0,0,0
504,0,0,0,0,0,0,0,0,0
505,0,0,0,0,0,0,0,0,0
506,0,0,0,0,0,0,0,0,0
507,0,0,0,0,0,0,0,0,0
508,0,0,0,0,0,0,0,0,0
509,0,0,0,0,0,0,0,0,0
510,0,0,0,0,0,0,0,0,0
511,0,0,0,0,0,0,0,0,0
512,0,0,0,0,0,0,0,0,0
513,0,0,0,0,0,0,0,0,0
514,0,0,0,0,0,0,0,0,0
515,0,0,0,0,0,0,0,0,0
516,0,0,0,0,0,0,0,0,0
517,0,0,0,0,0,0,0,0,0
518,0,0,0,0,0,0,0,0,0
519,0,0,0,0,0,0,0,0,0
520,0,0,0,0,0,0,0,0,0
521,0,0,0,0,0,0,0,0,0
522,0,0,0,0,0,0,0,0,0
523,0,0,0,0,0,0,0,0,0
524,0,0,0,0,0,0,0,0,0
525,0,0,0,0,0,0,0,0,0
526,0,0,0,0,0,0,0,0,0
527,0,0,0,0,0,0,0,0,0
528,0,0,0,0,0,0,0,0,0
529,0,0,0,0,0,0,0,0,0
530,0,0,0,0,0,0,0,0,0
531,0,0,0,0,0,0,0,0,0
532,0,0,0,0,0,0,0,0,0
533,0,0,0,0,0,0,0,0,0
534,0,0,0,0,0,0,0,0,0
535,0,0,0,0,0,0,0,0,0
536,0,0,0,0,0,0,0,0,0
537,0,0,0,0,0,0,0,0,0
538,0,0,0,0,0,0,0,0,0
539,0,0,0,0,0,0,0,0,0
540,0,0,0,0,0,0,0,0,0
541,0,0,0,0,0,0,0,0,0
542,0,0,0,0,0,0,0,0,0
543,0,0,0,0,0,0,0,0,0
544,0,0,0,0,0,0,0,0,0
545,0,0,0,0,0,0,0,0,0
546,0,0,0,0,0,0,0,0,0
547,0,0,0,0,0,0,0,0,0
548,0,0,0,0,0,0,0,0,0
549,0,0,0,0,0,0,0,0,0
550,0,0,0,0,0,0,0,0,0
551,0,0,0,0,0,0,0,0,0
552,0,0,0,0,0,0,0,0,0
553,0,0,0,0,0,0,0,0,0
554,0,0,0,0,0,0,0,0,0
555,0,0,0,0,0,0,0,0,0
556,0,0,0,0,0,0,0,0,0
557,0,0,0,0,0,0,0,0,0
558,0,0,0,0,0,0,0,0,0
559,0,0,0,0,0,0,0,0,0
560,0,0,0,0,0,0,0,0,0
561,0,0,0,0,0,0,0,0,0
562,0,0,0,0,0,0,0,0,0
563,0,0,0,0,0,0,0,0,0
564,0,0,0,0,0,0,0,0,0
565,0,0,0,0,0,0,0,0,0
566,0,0,0,0,0,0,0,0,0
567,0,0,0,0,0,0,0,0,0
568,0,0,0,0,0,0,0,0,0
569,0,0,0,0,0,0,0,0,0
570,0,0,0,0,0,0,0,0,0
571,0,0,0,0,0,0,0,0,0
572,0,0,0,0,0,0,0,0,0
573,0,0,0,0,0,0,0,0,0
574,0,0,0,0,0,0,0,0,0
575,0,0,0,0,0,0,0,0,0
576,0,0,0,0,0,0,0,0,0
577,0,0,0,0,0,0,0,0,0
578,0,0,0,0,0,0,0,0,0
579,0,0,0,0,0,0,0,0,0
580,0,0,0,0,0,0,0,0,0
581,0,0,0,0,0,0,0,0,0
582,0,0,0,0,0,0,0,0,0
583,0,0,0,0,0,0,0,0,0
584,0,0,0,0,0,0,0,0,0
585,0,0,0,0,0,0,0,0,0
586,0,0,0,0,0,0,0,0,0
587,0,0,0,0,0,0,0,0,0
588,0,0,0,0,0,0,0,0,0
589,0,0,0,0,0,0,0,0,0
590,0,0,0,0,0,0,0,0,0
591,0,0,0,0,0,0,0,0,0
592,0,0,0,0,0,0,0,0,0
593,0,0,0,0,0,0,0,0,0
594,0,0,0,0,0,0,0,0,0
595,0,0,0,0,0,0,0,0,0
596,0,0,0,0,0,0,0,0,0
597,0,0,0,0,0,0,0,0,0
598,0,0,0,0,0,0,0,0,0
599,0,0,0,0,0,0,0,0,0
600,0,0,0,0,0,0,0,0,0
601,0,0,0,0,0,0,0,0,0
602,0,0,0,0,0,0,0,0,0
603,0,0,0,0,0,0,0,0,0
604,0,0,0,0,0,0,0,0,0
605,0,0,0,0,0,0,0,0,0
606,0,0,0,0,0,0,0,0,0
607,0,0,0,0,0,0,0,0,0
608,0,0,0,0,0,0,0,0,0
609,0,0,0,0,0,0,0,0,0
610,0,0,0,0,0,0,0,0,0
611,0,0,0,0,0,0,0,0,0
612,0,0,0,0,0,0,0,0,0
613,0,0,0,0,0,0,0,0,0
614,0,0,0,0,0,0,0,0,0
615,0,0,0,0,0,0,0,0,0
616,0,0,0,0,0,0,0,0,0
617,0,0,0,0,0,0,0,0,0
618,0,0,0,0,0,0,0,0,0
619,0,0,0,0,0,0,0,0,0
620,0,0,0,0,0,0,0,0,0
621,0,0,0,0,0,0,0,0,0
622,0,0,0,0,0,0,0,0,0
623,0,0,0,0,0,0,0,0,0
624,0,0,0,0,0,0,0,0,0
625,0,0,0,0,0,0,0,0,0
626,0,0,0,0,0,0,0,0,0
627,0,0,0,0,0,0,0,0,0
628,0,0,0,0,0,0,0,0,0
629,0,0,0,0,0,0,0,0,0
630,0,0,0,0,0,0,0,0,0
631,0,0,0,0,0,0,0,0,0
632,0,0,0,0,0,0,0,0,0
633,0,0,0,0,0,0,0,0,0
634,0,0,0,0,0,0,0,0,0
635,0,0,0,0,0,0,0,0,0
636,0,0,0,0,0,0,0,0,0
637,0,0,0,0,0,0,0,0,0
638,0,0,0,0,0,0,0,0,0
639,0,0,0,0,0,0,0,0,0
640,0,0,0,0,0,0,0,0,0
641,0,0,0,0,0,0,0,0,0
642,0,0,0,0,0,0,0,0,0
643,0,0,0,0,0,0,0,0,0
644,0,0,0,0,0,0,0,0,0
645,0,0,0,0,0,0,0,0,0
646,0,0,0,0,0,0,0,0,0
647,0,0,0,0,0,0,0,0,0
648,0,0,0,0,0,0,0,0,0
649,0,0,0,0,0,0,0,0,0
650,0,0,0,0,0,0,0,0,0
651,0,0,0,0,0,0,0,0,0
652,0,0,0,0,0,0,0,0,0
653,0,0,0,0,0,0,0,0,0
654,0,0,0,0,0,0,0,0,0
655,0,0,0,0,0,0,0,0,0
656,0,0,0,0,0,0,0,0,0
657,0,0,0,0,0,0,0,0,0
658,0,0,0,0,0,0,0,0,0
659,0,0,0,0,0,0,0,0,0
660,0,0,0,0,0,0,0,0,0
661,0,0,0,0,0,0,0,0,0
662,0,0,0,0,0,0,0,0,0
663,0,0,0,0,0,0,0,0,0
664,0,0,0,0,0,0,0,0,0
665,0,0,0,0,0,0,0,0,0
666,0,0,0,0,0,0,0,0,0
667,0,0,0,0,0,0,0,0,0
668,0,0,0,0,0,0,0,0,0
669,0,0,0,0,0,0,0,0,0
670,0,0,0,0,0,0,0,0,0
671,0,0,0,0,0,0,0,0,0
672,0,0,0,0,0,0,0,0,0
673,0,0,0,0,0,0,0,0,0
674,0,0,0,0,0,0,0,0,0
675,0,0,0,0,0,0,0,0,0
676,0,0,0,0,0,0,0,0,0
677,0,0,0,0,0,0,0,0,0
678,0,0,0,0,0,0,0,0,0
679,0,0,0,0,0,0,0,0,0
680,0,0,0,0,0,0,0,0,0
681,0,0,0,0,0,0,0,0,0
682,0,0,0,0,0,0,0,0,0
683,0,0,0,0,0,0,0,0,0
684,0,0,0,0,0,0,0,0,0
685,0,0,0,0,0,0,0,0,0
686,0,0,0,0,0,0,0,0,0
687,0,0,0,0,0,0,0,0,0
688,0,0,0,0,0,0,0,0,0
689,0,0,0,0,0,0,0,0,0
690,0,0,0,0,0,0,0,0,0
691,0,0,0,0,0,0,0,0,0
692,0,0,0,0,0,0,0,0,0
693,0,0,0,0,0,0,0,0,0
694,0,0,0,0,0,0,0,0,0
695,0,0,0,0,0,0,0,0,0
696,0,0,0,0,0,0,0,0,0
697,0,0,0,0,0,0,0,0,0
698,0,0,0,0,0,0,0,0,0
699,0,0,0,0,0,0,0,0,0
700,0,0,0,0,0,0,0,0,0
701,0,0,0,0,0,0,0,0,0
702,0,0,0,0,0,0,0,0,0
703,0,0,0,0,0,0,0,0,0
704,0,0,0,0,0,0,0,0,0
705,0,0,0,0,0,0,0,0,0
706,0,0,0,0,0,0,0,0,0
707,0,0,0,0,0,0,0,0,0
708,0,0,0,0,0,0,0,0,0
709,0,0,0,0,0,0,0,0,0
710,0,0,0,0,0,0,0,0,0
711,0,0,0,0,0,0,0,0,0
712,0,0,0,0,0,0,0,0,0
713,0,0,0,0,0,0,0,0,0
714,0,0,0,0,0,0,0,0,0
715,0,0,0,0,0,0,0,0,0
716,0,0,0,0,0,0,0,0,0
717,0,0,0,0,0,0,0,0,0
718,0,0,0,0,0,0,0,0,0
719,0,0,0,0,0,0,0,0,0
720,0,0,0,0,0,0,0,0,0
721,0,0,0,0,0,0,0,0,0
722,0,0,0,0,0,0,0,0,0
723,0,0,0,0,0,0,0,0,0
724,0,0,0,0,0,0,0,0,0
725,0,0,0,0,0,0,0,0,0
726,0,0,0,0,0,0,0,0,0
727,0,0,0,0,0,0,0,0,0
728,0,0,0,0,0,0,0,0,0
729,0,0,0,0,0,0,0,0,0
730,0,0,0,0,0,0,0,0,0
731,0,0,0,0,0,0,0,0,0
732,0,0,0,0,0,0,0,0,0
733,0,0,0,0,0,0,0,0,0
734,0,0,0,0,0,0,0,0,0
735,0,0,0,0,0,0,0,0,0
736,0,0,0,0,0,0,0,0,0
737,0,0,0,0,0,0,0,0,0
738,0,0,0,0,0,0,0,0,0
739,0,0,0,0,0,0,0,0,0
740,0,0,0,0,0,0,0,0,0
741,0,0,0,0,0,0,0,0,0
742,0,0,0,0,0,0,0,0,0
743,0,0,0,0,0,0,0,0,0
744,0,0,0,0,0,0,0,0,0
745,0,0,0,0,0,0,0,0,0
746,0,0,0,0,0,0,0,0,0
747,0,0,0,0,0,0,0,0,0
748,0,0,0,0,0,0,0,0,0
749,0,0,0,0,0,0,0,0,0
750,0,0,0,0,0,0,0,0,0
0,194,7257,201425,4077983,57373546,517292847,2626655236,5935079656,3356972874
1,97,2976,67887,1138488,13266140,99141461,417267642,781486731,366157894
2,50,1297,23864,323160,3049091,18473682,63093001,95880994,36443442
3,36,779,12156,138996,1105853,5652080,16338125,21073529,6824252
4,27,471,6348,61544,413067,1793546,4449081,4965735,1404796
5,21,303,3439,29050,167626,626419,1333562,1276272,310217
6,14,183,1774,13355,68535,227402,430798,366671,78401
7,12,162,1503,10816,53063,168907,307172,251903,52034
8,10,125,1042,6859,30495,88461,144760,106654,19751
9,6,66,532,3334,13474,35519,53995,37191,6401
10,3,53,382,2381,9446,24672,37051,25269,4278
11,3,41,271,1679,6361,15886,23024,15072,2406
12,3,32,205,1273,4411,10395,14514,9127,1396
13,3,18,128,777,2587,6157,8416,5057,725
14,3,17,124,752,2432,5665,7663,4501,640
15,2,14,103,538,1708,3886,5184,2988,446
16,1,11,72,349,993,2040,2409,1238,160
17,1,10,68,307,898,1787,2074,1077,138
18,0,9,43,211,610,1130,1239,614,67
19,0,9,39,192,536,955,1027,476,50
20,0,9,39,189,523,924,970,444,49
21,0,5,23,113,332,524,516,194,23
22,0,5,23,109,288,395,343,101,13
23,0,5,18,81,182,271,196,49,9
24,0,4,14,58,123,169,110,31,8
25,0,4,14,58,123,167,108,31,8
26,0,4,11,46,75,86,42,6,4
27,0,4,9,39,64,70,27,5,4
28,0,4,9,37,59,67,22,4,4
29,0,4,7,30,43,55,12,1,2
30,0,2,3,16,26,29,7,1,1
31,0,2,3,16,26,29,7,1,1
32,0,2,3,16,26,29,6,1,1
33,0,2,3,16,26,29,6,1,1
34,0,2,3,16,26,29,6,1,1
35,0,2,3,16,26,29,6,1,1
36,0,2,3,16,26,29,6,1,1
37,0,2,3,16,24,28,6,1,0
38,0,2,3,16,24,28,6,1,0
39,0,2,3,16,24,28,6,1,0
40,0,2,3,16,24,28,6,1,0
41,0,2,3,16,24,28,6,1,0
42,0,2,3,14,18,23,6,1,0
43,0,2,3,14,18,23,6,1,0
44,0,2,3,12,11,16,2,0,0
45,0,2,3,12,11,16,0,0,0
46,0,2,2,10,5,15,0,0,0
47,0,2,2,7,5,12,0,0,0
48,0,2,2,5,3,6,0,0,0
49,0,1,0,1,0,1,0,0,0
50,0,1,0,0,0,1,0,0,0
51,0,1,0,0,0,1,0,0,0
52,0,0,0,0,0,0,0,0,0
53,0,0,0,0,0,0,0,0,0
54,0,0,0,0,0,0,0,0,0
55,0,0,0,0,0,0,0,0,0
56,0,0,0,0,0,0,0,0,0
57,0,0,0,0,0,0,0,0,0
58,0,0,0,0,0,0,0,0,0
59,0,0,0,0,0,0,0,0,0
60,0,0,0,0,0,0,0,0,0
61,0,0,0,0,0,0,0,0,0
62,0,0,0,0,0,0,0,0,0
63,0,0,0,0,0,0,0,0,0
64,0,0,0,0,0,0,0,0,0
65,0,0,0,0,0,0,0,0,0
66,0,0,0,0,0,0,0,0,0
67,0,0,0,0,0,0,0,0,0
68,0,0,0,0,0,0,0,0,0
69,0,0,0,0,0,0,0,0,0
70,0,0,0,0,0,0,0,0,0
71,0,0,0,0,0,0,0,0,0
72,0,0,0,0,0,0,0,0,0
73,0,0,0,0,0,0,0,0,0
74,0,0,0,0,0,0,0,0,0
75,0,0,0,0,0,0,0,0,0
76,0,0,0,0,0,0,0,0,0
77,0,0,0,0,0,0,0,0,0
78,0,0,0,0,0,0,0,0,0
79,0,0,0,0,0,0,0,0,0
80,0,0,0,0,0,0,0,0,0
81,0,0,0,0,0,0,0,0,0
82,0,0,0,0,0,0,0,0,0
83,0,0,0,0,0,0,0,0,0
84,0,0,0,0,0,0,0,0,0
85,0,0,0,0,0,0,0,0,0
86,0,0,0,0,0,0,0,0,0
87,0,0,0,0,0,0,0,0,0
88,0,0,0,0,0,0,0,0,0
89,0,0,0,0,0,0,0,0,0
90,0,0,0,0,0,0,0,0,0
91,0,0,0,0,0,0,0,0,0
92,0,0,0,0,0,0,0,0,0
93,0,0,0,0,0,0,0,0,0
94,0,0,0,0,0,0,0,0,0
95,0,0,0,0,0,0,0,0,0
96,0,0,0,0,0,0,0,0,0
97,0,0,0,0,0,0,0,0,0
98,0,0,0,0,0,0,0,0,0
99,0,0,0,0,0,0,0,0,0
100,0,0,0,0,0,0,0,0,0
101,0,0,0,0,0,0,0,0,0
102,0,0,0,0,0,0,0,0,0
103,0,0,0,0,0,0,0,0,0
104,0,0,0,0,0,0,0,0,0
105,0,0,0,0,0,0,0,0,0
106,0,0,0,0,0,0,0,0,0
107,0,0,0,0,0,0,0,0,0
108,0,0,0,0,0,0,0,0,0
109,0,0,0,0,0,0,0,0,0
110,0,0,0,0,0,0,0,0,0
111,0,0,0,0,0,0,0,0,0
112,0,0,0,0,0,0,0,0,0
113,0,0,0,0,0,0,0,0,0
114,0,0,0,0,0,0,0,0,0
115,0,0,0,0,0,0,0,0,0
116,0,0,0,0,0,0,0,0,0
117,0,0,0,0,0,0,0,0,0
118,0,0,0,0,0,0,0,0,0
119,0,0,0,0,0,0,0,0,0
120,0,0,0,0,0,0,0,0,0
121,0,0,0,0,0,0,0,0,0
122,0,0,0,0,0,0,0,0,0
123,0,0,0,0,0,0,0,0,0
124,0,0,0,0,0,0,0,0,0
125,0,0,0,0,0,0,0,0,0
126,0,0,0,0,0,0,0,0,0
127,0,0,0,0,0,0,0,0,0
128,0,0,0,0,0,0,0,0,0
129,0,0,0,0,0,0,0,0,0
130,0,0,0,0,0,0,0,0,0
131,0,0,0,0,0,0,0,0,0
132,0,0,0,0,0,0,0,0,0
133,0,0,0,0,0,0,0,0,0
134,0,0,0,0,0,0,0,0,0
135,0,0,0,0,0,0,0,0,0
136,0,0,0,0,0,0,0,0,0
137,0,0,0,0,0,0,0,0,0
138,0,0,0,0,0,0,0,0,0
139,0,0,0,0,0,0,0,0,0
140,0,0,0,0,0,0,0,0,0
141,0,0,0,0,0,0,0,0,0
142,0,0,0,0,0,0,0,0,0
143,0,0,0,0,0,0,0,0,0
144,0,0,0,0,0,0,0,0,0
145,0,0,0,0,0,0,0,0,0
146,0,0,0,0,0,0,0,0,0
147,0,0,0,0,0,0,0,0,0
148,0,0,0,0,0,0,0,0,0
149,0,0,0,0,0,0,0,0,0
150,0,0,0,0,0,0,0,0,0
151,0,0,0,0,0,0,0,0,0
152,0,0,0,0,0,0,0,0,0
153,0,0,0,0,0,0,0,0,0
154,0,0,0,0,0,0,0,0,0
155,0,0,0,0,0,0,0,0,0
156,0,0,0,0,0,0,0,0,0
157,0,0,0,0,0,0,0,0,0
158,0,0,0,0,0,0,0,0,0
159,0,0,0,0,0,0,0,0,0
160,0,0,0,0,0,0,0,0,0
161,0,0,0,0,0,0,0,0,0
162,0,0,0,0,0,0,0,0,0
163,0,0,0,0,0,0,0,0,0
164,0,0,0,0,0,0,0,0,0
165,0,0,0,0,0,0,0,0,0
166,0,0,0,0,0,0,0,0,0
167,0,0,0,0,0,0,0,0,0
168,0,0,0,0,0,0,0,0,0
169,0,0,0,0,0,0,0,0,0
170,0,0,0,0,0,0,0,0,0
171,0,0,0,0,0,0,0,0,0
172,0,0,0,0,0,0,0,0,0
173,0,0,0,0,0,0,0,0,0
174,0,0,0,0,0,0,0,0,0
175,0,0,0,0,0,0,0,0,0
176,0,0,0,0,0,0,0,0,0
177,0,0,0,0,0,0,0,0,0
178,0,0,0,0,0,0,0,0,0
179,0,0,0,0,0,0,0,0,0
180,0,0,0,0,0,0,0,0,0
181,0,0,0,0,0,0,0,0,0
182,0,0,0,0,0,0,0,0,0
183,0,0,0,0,0,0,0,0,0
184,0,0,0,0,0,0,0,0,0
185,0,0,0,0,0,0,0,0,0
186,0,0,0,0,0,0,0,0,0
187,0,0,0,0,0,0,0,0,0
188,0,0,0,0,0,0,0,0,0
189,0,0,0,0,0,0,0,0,0
190,0,0,0,0,0,0,0,0,0
191,0,0,0,0,0,0,0,0,0
192,0,0,0,0,0,0,0,0,0
193,0,0,0,0,0,0,0,0,0
194,0,0,0,0,0,0,0,0,0
195,0,0,0,0,0,0,0,0,0
196,0,0,0,0,0,0,0,0,0
197,0,0,0,0,0,0,0,0,0
198,0,0,0,0,0,0,0,0,0
199,0,0,0,0,0,0,0,0,0
200,0,0,0,0,0,0,0,0,0
201,0,0,0,0,0,0,0,0,0
202,0,0,0,0,0,0,0,0,0
203,0,0,0,0,0,0,0,0,0
204,0,0,0,0,0,0,0,0,0
205,0,0,0,0,0,0,0,0,0
206,0,0,0,0,0,0,0,0,0
207,0,0,0,0,0,0,0,0,0
208,0,0,0,0,0,0,0,0,0
209,0,0,0,0,0,0,0,0,0
210,0,0,0,0,0,0,0,0,0
211,0,0,0,0,0,0,0,0,0
212,0,0,0,0,0,0,0,0,0
213,0,0,0,0,0,0,0,0,0
214,0,0,0,0,0,0,0,0,0
215,0,0,0,0,0,0,0,0,0
216,0,0,0,0,0,0,0,0,0
217,0,0,0,0,0,0,0,0,0
218,0,0,0,0,0,0,0,0,0
219,0,0,0,0,0,0,0,0,0
220,0,0,0,0,0,0,0,0,0
221,0,0,0,0,0,0,0,0,0
222,0,0,0,0,0,0,0,0,0
223,0,0,0,0,0,0,0,0,0
224,0,0,0,0,0,0,0,0,0
225,0,0,0,0,0,0,0,0,0
226,0,0,0,0,0,0,0,0,0
227,0,0,0,0,0,0,0,0,0
228,0,0,0,0,0,0,0,0,0
229,0,0,0,0,0,0,0,0,0
230,0,0,0,0,0,0,0,0,0
231,0,0,0,0,0,0,0,0,0
232,0,0,0,0,0,0,0,0,0
233,0,0,0,0,0,0,0,0,0
234,0,0,0,0,0,0,0,0,0
235,0,0,0,0,0,0,0,0,0
236,0,0,0,0,0,0,0,0,0
237,0,0,0,0,0,0,0,0,0
238,0,0,0,0,0,0,0,0,0
239,0,0,0,0,0,0,0,0,0
240,0,0,0,0,0,0,0,0,0
241,0,0,0,0,0,0,0,0,0
242,0,0,0,0,0,0,0,0,0
243,0,0,0,0,0,0,0,0,0
244,0,0,0,0,0,0,0,0,0
245,0,0,0,0,0,0,0,0,0
246,0,0,0,0,0,0,0,0,0
247,0,0,0,0,0,0,0,0,0
248,0,0,0,0,0,0,0,0,0
249,0,0,0,0,0,0,0,0,0
250,0,0,0,0,0,0,0,0,0
251,0,0,0,0,0,0,0,0,0
252,0,0,0,0,0,0,0,0,0
253,0,0,0,0,0,0,0,0,0
254,0,0,0,0,0,0,0,0,0
255,0,0,0,0,0,0,0,0,0
256,0,0,0,0,0,0,0,0,0
257,0,0,0,0,0,0,0,0,0
258,0,0,0,0,0,0,0,0,0
259,0,0,0,0,0,0,0,0,0
260,0,0,0,0,0,0,0,0,0
261,0,0,0,0,0,0,0,0,0
262,0,0,0,0,0,0,0,0,0
263,0,0,0,0,0,0,0,0,0
264,0,0,0,0,0,0,0,0,0
265,0,0,0,0,0,0,0,0,0
266,0,0,0,0,0,0,0,0,0
267,0,0,0,0,0,0,0,0,0
268,0,0,0,0,0,0,0,0,0
269,0,0,0,0,0,0,0,0,0
270,0,0,0,0,0,0,0,0,0
271,0,0,0,0,0,0,0,0,0
272,0,0,0,0,0,0,0,0,0
273,0,0,0,0,0,0,0,0,0
274,0,0,0,0,0,0,0,0,0
275,0,0,0,0,0,0,0,0,0
276,0,0,0,0,0,0,0,0,0
277,0,0,0,0,0,0,0,0,0
278,0,0,0,0,0,0,0,0,0
279,0,0,0,0,0,0,0,0,0
280,0,0,0,0,0,0,0,0,0
281,0,0,0,0,0,0,0,0,0
282,0,0,0,0,0,0,0,0,0
283,0,0,0,0,0,0,0,0,0
284,0,0,0,0,0,0,0,0,0
285,0,0,0,0,0,0,0,0,0
286,0,0,0,0,0,0,0,0,0
287,0,0,0,0,0,0,0,0,0
288,0,0,0,0,0,0,0,0,0
289,0,0,0,0,0,0,0,0,0
290,0,0,0,0,0,0,0,0,0
291,0,0,0,0,0,0,0,0,0
292,0,0,0,0,0,0,0,0,0
293,0,0,0,0,0,0,0,0,0
294,0,0,0,0,0,0,0,0,0
295,0,0,0,0,0,0,0,0,0
296,0,0,0,0,0,0,0,0,0
297,0,0,0,0,0,0,0,0,0
298,0,0,0,0,0,0,0,0,0
299,0,0,0,0,0,0,0,0,0
300,0,0,0,0,0,0,0,0,0
301,0,0,0,0,0,0,0,0,0
302,0,0,0,0,0,0,0,0,0
303,0,0,0,0,0,0,0,0,0
304,0,0,0,0,0,0,0,0,0
305,0,0,0,0,0,0,0,0,0
306,0,0,0,0,0,0,0,0,0
307,0,0,0,0,0,0,0,0,0
308,0,0,0,0,0,0,0,0,0
309,0,0,0,0,0,0,0,0,0
310,0,0,0,0,0,0,0,0,0
311,0,0,0,0,0,0,0,0,0
312,0,0,0,0,0,0,0,0,0
313,0,0,0,0,0,0,0,0,0
314,0,0,0,0,0,0,0,0,0
315,0,0,0,0,0,0,0,0,0
316,0,0,0,0,0,0,0,0,0
317,0,0,0,0,0,0,0,0,0
318,0,0,0,0,0,0,0,0,0
319,0,0,0,0,0,0,0,0,0
320,0,0,0,0,0,0,0,0,0
321,0,0,0,0,0,0,0,0,0
322,0,0,0,0,0,0,0,0,0
323,0,0,0,0,0,0,0,0,0
324,0,0,0,0,0,0,0,0,0
325,0,0,0,0,0,0,0,0,0
326,0,0,0,0,0,0,0,0,0
327,0,0,0,0,0,0,0,0,0
328,0,0,0,0,0,0,0,0,0
329,0,0,0,0,0,0,0,0,0
330,0,0,0,0,0,0,0,0,0
331,0,0,0,0,0,0,0,0,0
332,0,0,0,0,0,0,0,0,0
333,0,0,0,0,0,0,0,0,0
334,0,0,0,0,0,0,0,0,0
335,0,0,0,0,0,0,0,0,0
336,0,0,0,0,0,0,0,0,0
337,0,0,0,0,0,0,0,0,0
338,0,0,0,0,0,0,0,0,0
339,0,0,0,0,0,0,0,0,0
340,0,0,0,0,0,0,0,0,0
341,0,0,0,0,0,0,0,0,0
342,0,0,0,0,0,0,0,0,0
343,0,0,0,0,0,0,0,0,0
344,0,0,0,0,0,0,0,0,0
345,0,0,0,0,0,0,0,0,0
346,0,0,0,0,0,0,0,0,0
347,0,0,0,0,0,0,0,0,0
348,0,0,0,0,0,0,0,0,0
349,0,0,0,0,0,0,0,0,0
350,0,0,0,0,0,0,0,0,0
351,0,0,0,0,0,0,0,0,0
352,0,0,0,0,0,0,0,0,0
353,0,0,0,0,0,0,0,0,0
354,0,0,0,0,0,0,0,0,0
355,0,0,0,0,0,0,0,0,0
356,0,0,0,0,0,0,0,0,0
357,0,0,0,0,0,0,0,0,0
358,0,0,0,0,0,0,0,0,0
359,0,0,0,0,0,0,0,0,0
360,0,0,0,0,0,0,0,0,0
361,0,0,0,0,0,0,0,0,0
362,0,0,0,0,0,0,0,0,0
363,0,0,0,0,0,0,0,0,0
364,0,0,0,0,0,0,0,0,0
365,0,0,0,0,0,0,0,0,0
366,0,0,0,0,0,0,0,0,0
367,0,0,0,0,0,0,0,0,0
368,0,0,0,0,0,0,0,0,0
369,0,0,0,0,0,0,0,0,0
370,0,0,0,0,0,0,0,0,0
371,0,0,0,0,0,0,0,0,0
372,0,0,0,0,0,0,0,0,0
373,0,0,0,0,0,0,0,0,0
374,0,0,0,0,0,0,0,0,0
375,0,0,0,0,0,0,0,0,0
376,0,0,0,0,0,0,0,0,0
377,0,0,0,0,0,0,0,0,0
378,0,0,0,0,0,0,0,0,0
379,0,0,0,0,0,0,0,0,0
380,0,0,0,0,0,0,0,0,0
381,0,0,0,0,0,0,0,0,0
382,0,0,0,0,0,0,0,0,0
383,0,0,0,0,0,0,0,0,0
384,0,0,0,0,0,0,0,0,0
385,0,0,0,0,0,0,0,0,0
386,0,0,0,0,0,0,0,0,0
387,0,0,0,0,0,0,0,0,0
388,0,0,0,0,0,0,0,0,0
389,0,0,0,0,0,0,0,0,0
390,0,0,0,0,0,0,0,0,0
391,0,0,0,0,0,0,0,0,0
392,0,0,0,0,0,0,0,0,0
393,0,0,0,0,0,0,0,0,0
394,0,0,0,0,0,0,0,0,0
395,0,0,0,0,0,0,0,0,0
396,0,0,0,0,0,0,0,0,0
397,0,0,0,0,0,0,0,0,0
398,0,0,0,0,0,0,0,0,0
399,0,0,0,0,0,0,0,0,0
400,0,0,0,0,0,0,0,0,0
401,0,0,0,0,0,0,0,0,0
402,0,0,0,0,0,0,0,0,0
403,0,0,0,0,0,0,0,0,0
404,0,0,0,0,0,0,0,0,0
405,0,0,0,0,0,0,0,0,0
406,0,0,0,0,0,0,0,0,0
407,0,0,0,0,0,0,0,0,0
408,0,0,0,0,0,0,0,0,0
409,0,0,0,0,0,0,0,0,0
410,0,0,0,0,0,0,0,0,0
411,0,0,0,0,0,0,0,0,0
412,0,0,0,0,0,0,0,0,0
413,0,0,0,0,0,0,0,0,0
414,0,0,0,0,0,0,0,0,0
415,0,0,0,0,0,0,0,0,0
416,0,0,0,0,0,0,0,0,0
417,0,0,0,0,0,0,0,0,0
418,0,0,0,0,0,0,0,0,0
419,0,0,0,0,0,0,0,0,0
420,0,0,0,0,0,0,0,0,0
421,0,0,0,0,0,0,0,0,0
422,0,0,0,0,0,0,0,0,0
423,0,0,0,0,0,0,0,0,0
424,0,0,0,0,0,0,0,0,0
425,0,0,0,0,0,0,0,0,0
426,0,0,0,0,0,0,0,0,0
427,0,0,0,0,0,0,0,0,0
428,0,0,0,0,0,0,0,0,0
429,0,0,0,0,0,0,0,0,0
430,0,0,0,0,0,0,0,0,0
431,0,0,0,0,0,0,0,0,0
432,0,0,0,0,0,0,0,0,0
433,0,0,0,0,0,0,0,0,0
434,0,0,0,0,0,0,0,0,0
435,0,0,0,0,0,0,0,0,0
436,0,0,0,0,0,0,0,0,0
437,0,0,0,0,0,0,0,0,0
438,0,0,0,0,0,0,0,0,0
439,0,0,0,0,0,0,0,0,0
440,0,0,0,0,0,0,0,0,0
441,0,0,0,0,0,0,0,0,0
442,0,0,0,0,0,0,0,0,0
443,0,0,0,0,0,0,0,0,0
444,0,0,0,0,0,0,0,0,0
445,0,0,0,0,0,0,0,0,0
446,0,0,0,0,0,0,0,0,0
447,0,0,0,0,0,0,0,0,0
448,0,0,0,0,0,0,0,0,0
449,0,0,0,0,0,0,0,0,0
450,0,0,0,0,0,0,0,0,0
451,0,0,0,0,0,0,0,0,0
452,0,0,0,0,0,0,0,0,0
453,0,0,0,0,0,0,0,0,0
454,0,0,0,0,0,0,0,0,0
455,0,0,0,0,0,0,0,0,0
456,0,0,0,0,0,0,0,0,0
457,0,0,0,0,0,0,0,0,0
458,0,0,0,0,0,0,0,0,0
459,0,0,0,0,0,0,0,0,0
460,0,0,0,0,0,0,0,0,0
461,0,0,0,0,0,0,0,0,0
462,0,0,0,0,0,0,0,0,0
463,0,0,0,0,0,0,0,0,0
464,0,0,0,0,0,0,0,0,0
465,0,0,0,0,0,0,0,0,0
466,0,0,0,0,0,0,0,0,0
467,0,0,0,0,0,0,0,0,0
468,0,0,0,0,0,0,0,0,0
469,0,0,0,0,0,0,0,0,0
470,0,0,0,0,0,0,0,0,0
471,0,0,0,0,0,0,0,0,0
472,0,0,0,0,0,0,0,0,0
473,0,0,0,0,0,0,0,0,0
474,0,0,0,0,0,0,0,0,0
475,0,0,0,0,0,0,0,0,0
476,0,0,0,0,0,0,0,0,0
477,0,0,0,0,0,0,0,0,0
478,0,0,0,0,0,0,0,0,0
479,0,0,0,0,0,0,0,0,0
480,0,0,0,0,0,0,0,0,0
481,0,0,0,0,0,0,0,0,0
482,0,0,0,0,0,0,0,0,0
483,0,0,0,0,0,0,0,0,0
484,0,0,0,0,0,0,0,0,0
485,0,0,0,0,0,0,0,0,0
486,0,0,0,0,0,0,0,0,0
487,0,0,0,0,0,0,0,0,0
488,0,0,0,0,0,0,0,0,0
489,0,0,0,0,0,0,0,0,0
490,0,0,0,0,0,0,0,0,0
491,0,0,0,0,0,0,0,0,0
492,0,0,0,0,0,0,0,0,0
493,0,0,0,0,0,0,0,0,0
494,0,0,0,0,0,0,0,0,0
495,0,0,0,0,0,0,0,0,0
496,0,0,0,0,0,0,0,0,0
497,0,0,0,0,0,0,0,0,0
498,0,0,0,0,0,0,0,0,0
499,0,0,0,0,0,0,0,0,0
500,0,0,0,0,0,0,0,0,0
501,0,0,0,0,0,0,0,0,0
502,0,0,0,0,0,0,0,0,0
503,0,0,0,0,0,0,0,0,0
504,0,0,0,0,0,0,0,0,0
505,0,0,0,0,0,0,0,0,0
506,0,0,0,0,0,0,0,0,0
507,0,0,0,0,0,0,0,0,0
508,0,0,0,0,0,0,0,0,0
509,0,0,0,0,0,0,0,0,0
510,0,0,0,0,0,0,0,0,0
511,0,0,0,0,0,0,0,0,0
512,0,0,0,0,0,0,0,0,0
513,0,0,0,0,0,0,0,0,0
514,0,0,0,0,0,0,0,0,0
515,0,0,0,0,0,0,0,0,0
516,0,0,0,0,0,0,0,0,0
517,0,0,0,0,0,0,0,0,0
518,0,0,0,0,0,0,0,0,0
519,0,0,0,0,0,0,0,0,0
520,0,0,0,0,0,0,0,0,0
521,0,0,0,0,0,0,0,0,0
522,0,0,0,0,0,0,0,0,0
523,0,0,0,0,0,0,0,0,0
524,0,0,0,0,0,0,0,0,0
525,0,0,0,0,0,0,0,0,0
526,0,0,0,0,0,0,0,0,0
527,0,0,0,0,0,0,0,0,0
528,0,0,0,0,0,0,0,0,0
529,0,0,0,0,0,0,0,0,0
530,0,0,0,0,0,0,0,0,0
531,0,0,0,0,0,0,0,0,0
532,0,0,0,0,0,0,0,0,0
533,0,0,0,0,0,0,0,0,0
534,0,0,0,0,0,0,0,0,0
535,0,0,0,0,0,0,0,0,0
536,0,0,0,0,0,0,0,0,0
537,0,0,0,0,0,0,0,0,0
538,0,0,0,0,0,0,0,0,0
539,0,0,0,0,0,0,0,0,0
540,0,0,0,0,0,0,0,0,0
541,0,0,0,0,0,0,0,0,0
542,0,0,0,0,0,0,0,0,0
543,0,0,0,0,0,0,0,0,0
544,0,0,0,0,0,0,0,0,0
545,0,0,0,0,0,0,0,0,0
546,0,0,0,0,0,0,0,0,0
547,0,0,0,0,0,0,0,0,0
548,0,0,0,0,0,0,0,0,0
549,0,0,0,0,0,0,0,0,0
550,0,0,0,0,0,0,0,0,0
551,0,0,0,0,0,0,0,0,0
552,0,0,0,0,0,0,0,0,0
553,0,0,0,0,0,0,0,0,0
554,0,0,0,0,0,0,0,0,0
555,0,0,0,0,0,0,0,0,0
556,0,0,0,0,0,0,0,0,0
557,0,0,0,0,0,0,0,0,0
558,0,0,0,0,0,0,0,0,0
559,0,0,0,0,0,0,0,0,0
560,0,0,0,0,0,0,0,0,0
561,0,0,0,0,0,0,0,0,0
562,0,0,0,0,0,0,0,0,0
563,0,0,0,0,0,0,0,0,0
564,0,0,0,0,0,0,0,0,0
565,0,0,0,0,0,0,0,0,0
566,0,0,0,0,0,0,0,0,0
567,0,0,0,0,0,0,0,0,0
568,0,0,0,0,0,0,0,0,0
569,0,0,0,0,0,0,0,0,0
570,0,0,0,0,0,0,0,0,0
571,0,0,0,0,0,0,0,0,0
572,0,0,0,0,0,0,0,0,0
573,0,0,0,0,0,0,0,0,0
574,0,0,0,0,0,0,0,0,0
575,0,0,0,0,0,0,0,0,0
576,0,0,0,0,0,0,0,0,0
577,0,0,0,0,0,0,0,0,0
578,0,0,0,0,0,0,0,0,0
579,0,0,0,0,0,0,0,0,0
580,0,0,0,0,0,0,0,0,0
581,0,0,0,0,0,0,0,0,0
582,0,0,0,0,0,0,0,0,0
583,0,0,0,0,0,0,0,0,0
584,0,0,0,0,0,0,0,0,0
585,0,0,0,0,0,0,0,0,0
586,0,0,0,0,0,0,0,0,0
587,0,0,0,0,0,0,0,0,0
588,0,0,0,0,0,0,0,0,0
589,0,0,0,0,0,0,0,0,0
590,0,0,0,0,0,0,0,0,0
591,0,0,0,0,0,0,0,0,0
592,0,0,0,0,0,0,0,0,0
593,0,0,0,0,0,0,0,0,0
594,0,0,0,0,0,0,0,0,0
595,0,0,0,0,0,0,0,0,0
596,0,0,0,0,0,0,0,0,0
597,0,0,0,0,0,0,0,0,0
598,0,0,0,0,0,0,0,0,0
599,0,0,0,0,0,0,0,0,0
600,0,0,0,0,0,0,0,0,0
601,0,0,0,0,0,0,0,0,0
602,0,0,0,0,0,0,0,0,0
603,0,0,0,0,0,0,0,0,0
604,0,0,0,0,0,0,0,0,0
605,0,0,0,0,0,0,0,0,0
606,0,0,0,0,0,0,0,0,0
607,0,0,0,0,0,0,0,0,0
608,0,0,0,0,0,0,0,0,0
609,0,0,0,0,0,0,0,0,0
610,0,0,0,0,0,0,0,0,0
611,0,0,0,0,0,0,0,0,0
612,0,0,0,0,0,0,0,0,0
613,0,0,0,0,0,0,0,0,0
614,0,0,0,0,0,0,0,0,0
615,0,0,0,0,0,0,0,0,0
616,0,0,0,0,0,0,0,0,0
617,0,0,0,0,0,0,0,0,0
618,0,0,0,0,0,0,0,0,0
619,0,0,0,0,0,0,0,0,0
620,0,0,0,0,0,0,0,0,0
621,0,0,0,0,0,0,0,0,0
622,0,0,0,0,0,0,0,0,0
623,0,0,0,0,0,0,0,0,0
624,0,0,0,0,0,0,0,0,0
625,0,0,0,0,0,0,0,0,0
626,0,0,0,0,0,0,0,0,0
627,0,0,0,0,0,0,0,0,0
628,0,0,0,0,0,0,0,0,0
629,0,0,0,0,0,0,0,0,0
630,0,0,0,0,0,0,0,0,0
631,0,0,0,0,0,0,0,0,0
632,0,0,0,0,0,0,0,0,0
633,0,0,0,0,0,0,0,0,0
634,0,0,0,0,0,0,0,0,0
635,0,0,0,0,0,0,0,0,0
636,0,0,0,0,0,0,0,0,0
637,0,0,0,0,0,0,0,0,0
638,0,0,0,0,0,0,0,0,0
639,0,0,0,0,0,0,0,0,0
640,0,0,0,0,0,0,0,0,0
641,0,0,0,0,0,0,0,0,0
642,0,0,0,0,0,0,0,0,0
643,0,0,0,0,0,0,0,0,0
644,0,0,0,0,0,0,0,0,0
645,0,0,0,0,0,0,0,0,0
646,0,0,0,0,0,0,0,0,0
647,0,0,0,0,0,0,0,0,0
648,0,0,0,0,0,0,0,0,0
649,0,0,0,0,0,0,0,0,0
650,0,0,0,0,0,0,0,0,0
651,0,0,0,0,0,0,0,0,0
652,0,0,0,0,0,0,0,0,0
653,0,0,0,0,0,0,0,0,0
654,0,0,0,0,0,0,0,0,0
655,0,0,0,0,0,0,0,0,0
656,0,0,0,0,0,0,0,0,0
657,0,0,0,0,0,0,0,0,0
658,0,0,0,0,0,0,0,0,0
659,0,0,0,0,0,0,0,0,0
660,0,0,0,0,0,0,0,0,0
661,0,0,0,0,0,0,0,0,0
662,0,0,0,0,0,0,0,0,0
663,0,0,0,0,0,0,0,0,0
664,0,0,0,0,0,0,0,0,0
665,0,0,0,0,0,0,0,0,0
666,0,0,0,0,0,0,0,0,0
667,0,0,0,0,0,0,0,0,0
668,0,0,0,0,0,0,0,0,0
669,0,0,0,0,0,0,0,0,0
670,0,0,0,0,0,0,0,0,0
671,0,0,0,0,0,0,0,0,0
672,0,0,0,0,0,0,0,0,0
673,0,0,0,0,0,0,0,0,0
674,0,0,0,0,0,0,0,0,0
675,0,0,0,0,0,0,0,0,0
676,0,0,0,0,0,0,0,0,0
677,0,0,0,0,0,0,0,0,0
678,0,0,0,0,0,0,0,0,0
679,0,0,0,0,0,0,0,0,0
680,0,0,0,0,0,0,0,0,0
681,0,0,0,0,0,0,0,0,0
682,0,0,0,0,0,0,0,0,0
683,0,0,0,0,0,0,0,0,0
684,0,0,0,0,0,0,0,0,0
685,0,0,0,0,0,0,0,0,0
686,0,0,0,0,0,0,0,0,0
687,0,0,0,0,0,0,0,0,0
688,0,0,0,0,0,0,0,0,0
689,0,0,0,0,0,0,0,0,0
690,0,0,0,0,0,0,0,0,0
691,0,0,0,0,0,0,0,0,0
692,0,0,0,0,0,0,0,0,0
693,0,0,0,0,0,0,0,0,0
694,0,0,0,0,0,0,0,0,0
695,0,0,0,0,0,0,0,0,0
696,0,0,0,0,0,0,0,0,0
697,0,0,0,0,0,0,0,0,0
698,0,0,0,0,0,0,0,0,0
699,0,0,0,0,0,0,0,0,0
700,0,0,0,0,0,0,0,0,0
701,0,0,0,0,0,0,0,0,0
702,0,0,0,0,0,0,0,0,0
703,0,0,0,0,0,0,0,0,0
704,0,0,0,0,0,0,0,0,0
705,0,0,0,0,0,0,0,0,0
706,0,0,0,0,0,0,0,0,0
707,0,0,0,0,0,0,0,0,0
708,0,0,0,0,0,0,0,0,0
709,0,0,0,0,0,0,0,0,0
710,0,0,0,0,0,0,0,0,0
711,0,0,0,0,0,0,0,0,0
712,0,0,0,0,0,0,0,0,0
713,0,0,0,0,0,0,0,0,0
714,0,0,0,0,0,0,0,0,0
715,0,0,0,0,0,0,0,0,0
716,0,0,0,0,0,0,0,0,0
717,0,0,0,0,0,0,0,0,0
718,0,0,0,0,0,0,0,0,0
719,0,0,0,0,0,0,0,0,0
720,0,0,0,0,0,0,0,0,0
721,0,0,0,0,0,0,0,0,0
722,0,0,0,0,0,0,0,0,0
723,0,0,0,0,0,0,0,0,0
724,0,0,0,0,0,0,0,0,0
725,0,0,0,0,0,0,0,0,0
726,0,0,0,0,0,0,0,0,0
727,0,0,0,0,0,0,0,0,0
728,0,0,0,0,0,0,0,0,0
729,0,0,0,0,0,0,0,0,0
730,0,0,0,0,0,0,0,0,0
731,0,0,0,0,0,0,0,0,0
732,0,0,0,0,0,0,0,0,0
733,0,0,0,0,0,0,0,0,0
734,0,0,0,0,0,0,0,0,0
735,0,0,0,0,0,0,0,0,0
736,0,0,0,0,0,0,0,0,0
737,0,0,0,0,0,0,0,0,0
738,0,0,0,0,0,0,0,0,0
739,0,0,0,0,0,0,0,0,0
740,0,0,0,0,0,0,0,0,0
741,0,0,0,0,0,0,0,0,0
742,0,0,0,0,0,0,0,0,0
743,0,0,0,0,0,0,0,0,0
744,0,0,0,0,0,0,0,0,0
745,0,0,0,0,0,0,0,0,0
746,0,0,0,0,0,0,0,0,0
747,0,0,0,0,0,0,0,0,0
748,0,0,0,0,0,0,0,0,0
749,0,0,0,0,0,0,0,0,0
750,0,0,0,0,0,0,0,0,0
0,194,7257,201425,4077983,57373546,517292847,2626655236,5935079656,3356972874
1,112,2987,64812,1000946,10732424,73840311,286240318,493850379,213290765
2,61,1460,26605,348337,3163880,18426151,60348308,87727483,31789661
3,35,868,14194,165721,1331593,6848831,19746658,25209861,8007202
4,23,451,6731,70377,506931,2342540,6062525,6938786,1972501
5,17,329,4442,40848,261255,1070086,2456279,2491284,626340
6,15,241,2994,25390,149463,564229,1196414,1123580,261050
7,11,180,1939,14733,78112,265378,507211,429922,90356
8,10,137,1331,9360,45664,141952,248696,193340,37316
9,6,80,794,4877,20508,54559,79538,50635,7964
10,4,47,498,2963,11938,31189,44118,27597,4129
11,4,44,417,2168,8037,19715,26256,15842,2346
12,4,37,323,1612,5456,12765,16031,9188,1283
13,2,22,154,779,2633,5904,7224,3949,549
14,0,16,114,539,1746,3851,4525,2384,321
15,0,13,87,393,1113,2274,2380,1088,118
16,0,1,28,146,417,889,1025,466,50
17,0,1,27,136,358,732,828,364,32
18,0,1,27,129,311,593,661,298,24
19,0,1,24,114,268,491,525,235,20
20,0,1,22,110,238,440,464,204,17
21,0,1,22,110,238,440,464,204,17
22,0,1,13,77,134,261,239,97,9
23,0,1,13,77,126,229,209,86,9
24,0,1,13,77,126,229,209,86,9
25,0,1,8,47,79,137,121,38,2
26,0,1,7,36,48,82,73,23,2
27,0,1,7,36,48,82,73,23,2
28,0,1,7,28,33,54,50,14,2
29,0,1,4,12,14,13,16,5,2
30,0,0,3,5,7,5,8,4,2
31,0,0,2,3,6,4,7,4,2
32,0,0,2,3,6,4,7,4,2
33,0,0,2,3,6,4,7,4,2
34,0,0,2,3,6,4,7,4,2
35,0,0,2,3,6,4,7,4,2
36,0,0,2,3,3,4,6,3,2
37,0,0,2,2,2,0,0,0,0
38,0,0,2,2,2,0,0,0,0
39,0,0,2,2,2,0,0,0,0
40,0,0,2,2,1,0,0,0,0
41,0,0,2,2,1,0,0,0,0
42,0,0,2,1,0,0,0,0,0
43,0,0,2,1,0,0,0,0,0
44,0,0,2,1,0,0,0,0,0
45,0,0,2,1,0,0,0,0,0
46,0,0,2,1,0,0,0,0,0
47,0,0,2,1,0,0,0,0,0
48,0,0,2,1,0,0,0,0,0
49,0,0,2,1,0,0,0,0,0
50,0,0,2,1,0,0,0,0,0
51,0,0,2,1,0,0,0,0,0
52,0,0,2,1,0,0,0,0,0
53,0,0,2,1,0,0,0,0,0
54,0,0,2,1,0,0,0,0,0
55,0,0,0,1,0,0,0,0,0
56,0,0,0,1,0,0,0,0,0
57,0,0,0,1,0,0,0,0,0
58,0,0,0,1,0,0,0,0,0
59,0,0,0,1,0,0,0,0,0
60,0,0,0,1,0,0,0,0,0
61,0,0,0,1,0,0,0,0,0
62,0,0,0,1,0,0,0,0,0
63,0,0,0,1,0,0,0,0,0
64,0,0,0,1,0,0,0,0,0
65,0,0,0,1,0,0,0,0,0
66,0,0,0,1,0,0,0,0,0
67,0,0,0,1,0,0,0,0,0
68,0,0,0,1,0,0,0,0,0
69,0,0,0,1,0,0,0,0,0
70,0,0,0,1,0,0,0,0,0
71,0,0,0,1,0,0,0,0,0
72,0,0,0,0,0,0,0,0,0
73,0,0,0,0,0,0,0,0,0
74,0,0,0,0,0,0,0,0,0
75,0,0,0,0,0,0,0,0,0
76,0,0,0,0,0,0,0,0,0
77,0,0,0,0,0,0,0,0,0
78,0,0,0,0,0,0,0,0,0
79,0,0,0,0,0,0,0,0,0
80,0,0,0,0,0,0,0,0,0
81,0,0,0,0,0,0,0,0,0
82,0,0,0,0,0,0,0,0,0
83,0,0,0,0,0,0,0,0,0
84,0,0,0,0,0,0,0,0,0
85,0,0,0,0,0,0,0,0,0
86,0,0,0,0,0,0,0,0,0
87,0,0,0,0,0,0,0,0,0
88,0,0,0,0,0,0,0,0,0
89,0,0,0,0,0,0,0,0,0
90,0,0,0,0,0,0,0,0,0
91,0,0,0,0,0,0,0,0,0
92,0,0,0,0,0,0,0,0,0
93,0,0,0,0,0,0,0,0,0
94,0,0,0,0,0,0,0,0,0
95,0,0,0,0,0,0,0,0,0
96,0,0,0,0,0,0,0,0,0
97,0,0,0,0,0,0,0,0,0
98,0,0,0,0,0,0,0,0,0
99,0,0,0,0,0,0,0,0,0
100,0,0,0,0,0,0,0,0,0
101,0,0,0,0,0,0,0,0,0
102,0,0,0,0,0,0,0,0,0
103,0,0,0,0,0,0,0,0,0
104,0,0,0,0,0,0,0,0,0
105,0,0,0,0,0,0,0,0,0
106,0,0,0,0,0,0,0,0,0
107,0,0,0,0,0,0,0,0,0
108,0,0,0,0,0,0,0,0,0
109,0,0,0,0,0,0,0,0,0
110,0,0,0,0,0,0,0,0,0
111,0,0,0,0,0,0,0,0,0
112,0,0,0,0,0,0,0,0,0
113,0,0,0,0,0,0,0,0,0
114,0,0,0,0,0,0,0,0,0
115,0,0,0,0,0,0,0,0,0
116,0,0,0,0,0,0,0,0,0
117,0,0,0,0,0,0,0,0,0
118,0,0,0,0,0,0,0,0,0
119,0,0,0,0,0,0,0,0,0
120,0,0,0,0,0,0,0,0,0
121,0,0,0,0,0,0,0,0,0
122,0,0,0,0,0,0,0,0,0
123,0,0,0,0,0,0,0,0,0
124,0,0,0,0,0,0,0,0,0
125,0,0,0,0,0,0,0,0,0
126,0,0,0,0,0,0,0,0,0
127,0,0,0,0,0,0,0,0,0
128,0,0,0,0,0,0,0,0,0
129,0,0,0,0,0,0,0,0,0
130,0,0,0,0,0,0,0,0,0
131,0,0,0,0,0,0,0,0,0
132,0,0,0,0,0,0,0,0,0
133,0,0,0,0,0,0,0,0,0
134,0,0,0,0,0,0,0,0,0
135,0,0,0,0,0,0,0,0,0
136,0,0,0,0,0,0,0,0,0
137,0,0,0,0,0,0,0,0,0
138,0,0,0,0,0,0,0,0,0
139,0,0,0,0,0,0,0,0,0
140,0,0,0,0,0,0,0,0,0
141,0,0,0,0,0,0,0,0,0
142,0,0,0,0,0,0,0,0,0
143,0,0,0,0,0,0,0,0,0
144,0,0,0,0,0,0,0,0,0
145,0,0,0,0,0,0,0,0,0
146,0,0,0,0,0,0,0,0,0
147,0,0,0,0,0,0,0,0,0
148,0,0,0,0,0,0,0,0,0
149,0,0,0,0,0,0,0,0,0
150,0,0,0,0,0,0,0,0,0
151,0,0,0,0,0,0,0,0,0
152,0,0,0,0,0,0,0,0,0
153,0,0,0,0,0,0,0,0,0
154,0,0,0,0,0,0,0,0,0
155,0,0,0,0,0,0,0,0,0
156,0,0,0,0,0,0,0,0,0
157,0,0,0,0,0,0,0,0,0
158,0,0,0,0,0,0,0,0,0
159,0,0,0,0,0,0,0,0,0
160,0,0,0,0,0,0,0,0,0
161,0,0,0,0,0,0,0,0,0
162,0,0,0,0,0,0,0,0,0
163,0,0,0,0,0,0,0,0,0
164,0,0,0,0,0,0,0,0,0
165,0,0,0,0,0,0,0,0,0
166,0,0,0,0,0,0,0,0,0
167,0,0,0,0,0,0,0,0,0
168,0,0,0,0,0,0,0,0,0
169,0,0,0,0,0,0,0,0,0
170,0,0,0,0,0,0,0,0,0
171,0,0,0,0,0,0,0,0,0
172,0,0,0,0,0,0,0,0,0
173,0,0,0,0,0,0,0,0,0
174,0,0,0,0,0,0,0,0,0
175,0,0,0,0,0,0,0,0,0
176,0,0,0,0,0,0,0,0,0
177,0,0,0,0,0,0,0,0,0
178,0,0,0,0,0,0,0,0,0
179,0,0,0,0,0,0,0,0,0
180,0,0,0,0,0,0,0,0,0
181,0,0,0,0,0,0,0,0,0
182,0,0,0,0,0,0,0,0,0
183,0,0,0,0,0,0,0,0,0
184,0,0,0,0,0,0,0,0,0
185,0,0,0,0,0,0,0,0,0
186,0,0,0,0,0,0,0,0,0
187,0,0,0,0,0,0,0,0,0
188,0,0,0,0,0,0,0,0,0
189,0,0,0,0,0,0,0,0,0
190,0,0,0,0,0,0,0,0,0
191,0,0,0,0,0,0,0,0,0
192,0,0,0,0,0,0,0,0,0
193,0,0,0,0,0,0,0,0,0
194,0,0,0,0,0,0,0,0,0
195,0,0,0,0,0,0,0,0,0
196,0,0,0,0,0,0,0,0,0
197,0,0,0,0,0,0,0,0,0
198,0,0,0,0,0,0,0,0,0
199,0,0,0,0,0,0,0,0,0
200,0,0,0,0,0,0,0,0,0
201,0,0,0,0,0,0,0,0,0
202,0,0,0,0,0,0,0,0,0
203,0,0,0,0,0,0,0,0,0
204,0,0,0,0,0,0,0,0,0
205,0,0,0,0,0,0,0,0,0
206,0,0,0,0,0,0,0,0,0
207,0,0,0,0,0,0,0,0,0
208,0,0,0,0,0,0,0,0,0
209,0,0,0,0,0,0,0,0,0
210,0,0,0,0,0,0,0,0,0
211,0,0,0,0,0,0,0,0,0
212,0,0,0,0,0,0,0,0,0
213,0,0,0,0,0,0,0,0,0
214,0,0,0,0,0,0,0,0,0
215,0,0,0,0,0,0,0,0,0
216,0,0,0,0,0,0,0,0,0
217,0,0,0,0,0,0,0,0,0
218,0,0,0,0,0,0,0,0,0
219,0,0,0,0,0,0,0,0,0
220,0,0,0,0,0,0,0,0,0
221,0,0,0,0,0,0,0,0,0
222,0,0,0,0,0,0,0,0,0
223,0,0,0,0,0,0,0,0,0
224,0,0,0,0,0,0,0,0,0
225,0,0,0,0,0,0,0,0,0
226,0,0,0,0,0,0,0,0,0
227,0,0,0,0,0,0,0,0,0
228,0,0,0,0,0,0,0,0,0
229,0,0,0,0,0,0,0,0,0
230,0,0,0,0,0,0,0,0,0
231,0,0,0,0,0,0,0,0,0
232,0,0,0,0,0,0,0,0,0
233,0,0,0,0,0,0,0,0,0
234,0,0,0,0,0,0,0,0,0
235,0,0,0,0,0,0,0,0,0
236,0,0,0,0,0,0,0,0,0
237,0,0,0,0,0,0,0,0,0
238,0,0,0,0,0,0,0,0,0
239,0,0,0,0,0,0,0,0,0
240,0,0,0,0,0,0,0,0,0
241,0,0,0,0,0,0,0,0,0
242,0,0,0,0,0,0,0,0,0
243,0,0,0,0,0,0,0,0,0
244,0,0,0,0,0,0,0,0,0
245,0,0,0,0,0,0,0,0,0
246,0,0,0,0,0,0,0,0,0
247,0,0,0,0,0,0,0,0,0
248,0,0,0,0,0,0,0,0,0
249,0,0,0,0,0,0,0,0,0
250,0,0,0,0,0,0,0,0,0
251,0,0,0,0,0,0,0,0,0
252,0,0,0,0,0,0,0,0,0
253,0,0,0,0,0,0,0,0,0
254,0,0,0,0,0,0,0,0,0
255,0,0,0,0,0,0,0,0,0
256,0,0,0,0,0,0,0,0,0
257,0,0,0,0,0,0,0,0,0
258,0,0,0,0,0,0,0,0,0
259,0,0,0,0,0,0,0,0,0
260,0,0,0,0,0,0,0,0,0
261,0,0,0,0,0,0,0,0,0
262,0,0,0,0,0,0,0,0,0
263,0,0,0,0,0,0,0,0,0
264,0,0,0,0,0,0,0,0,0
265,0,0,0,0,0,0,0,0,0
266,0,0,0,0,0,0,0,0,0
267,0,0,0,0,0,0,0,0,0
268,0,0,0,0,0,0,0,0,0
269,0,0,0,0,0,0,0,0,0
270,0,0,0,0,0,0,0,0,0
271,0,0,0,0,0,0,0,0,0
272,0,0,0,0,0,0,0,0,0
273,0,0,0,0,0,0,0,0,0
274,0,0,0,0,0,0,0,0,0
275,0,0,0,0,0,0,0,0,0
276,0,0,0,0,0,0,0,0,0
277,0,0,0,0,0,0,0,0,0
278,0,0,0,0,0,0,0,0,0
279,0,0,0,0,0,0,0,0,0
280,0,0,0,0,0,0,0,0,0
281,0,0,0,0,0,0,0,0,0
282,0,0,0,0,0,0,0,0,0
283,0,0,0,0,0,0,0,0,0
284,0,0,0,0,0,0,0,0,0
285,0,0,0,0,0,0,0,0,0
286,0,0,0,0,0,0,0,0,0
287,0,0,0,0,0,0,0,0,0
288,0,0,0,0,0,0,0,0,0
289,0,0,0,0,0,0,0,0,0
290,0,0,0,0,0,0,0,0,0
291,0,0,0,0,0,0,0,0,0
292,0,0,0,0,0,0,0,0,0
293,0,0,0,0,0,0,0,0,0
294,0,0,0,0,0,0,0,0,0
295,0,0,0,0,0,0,0,0,0
296,0,0,0,0,0,0,0,0,0
297,0,0,0,0,0,0,0,0,0
298,0,0,0,0,0,0,0,0,0
299,0,0,0,0,0,0,0,0,0
300,0,0,0,0,0,0,0,0,0
301,0,0,0,0,0,0,0,0,0
302,0,0,0,0,0,0,0,0,0
303,0,0,0,0,0,0,0,0,0
304,0,0,0,0,0,0,0,0,0
305,0,0,0,0,0,0,0,0,0
306,0,0,0,0,0,0,0,0,0
307,0,0,0,0,0,0,0,0,0
308,0,0,0,0,0,0,0,0,0
309,0,0,0,0,0,0,0,0,0
310,0,0,0,0,0,0,0,0,0
311,0,0,0,0,0,0,0,0,0
312,0,0,0,0,0,0,0,0,0
313,0,0,0,0,0,0,0,0,0
314,0,0,0,0,0,0,0,0,0
315,0,0,0,0,0,0,0,0,0
316,0,0,0,0,0,0,0,0,0
317,0,0,0,0,0,0,0,0,0
318,0,0,0,0,0,0,0,0,0
319,0,0,0,0,0,0,0,0,0
320,0,0,0,0,0,0,0,0,0
321,0,0,0,0,0,0,0,0,0
322,0,0,0,0,0,0,0,0,0
323,0,0,0,0,0,0,0,0,0
324,0,0,0,0,0,0,0,0,0
325,0,0,0,0,0,0,0,0,0
326,0,0,0,0,0,0,0,0,0
327,0,0,0,0,0,0,0,0,0
328,0,0,0,0,0,0,0,0,0
329,0,0,0,0,0,0,0,0,0
330,0,0,0,0,0,0,0,0,0
331,0,0,0,0,0,0,0,0,0
332,0,0,0,0,0,0,0,0,0
333,0,0,0,0,0,0,0,0,0
334,0,0,0,0,0,0,0,0,0
335,0,0,0,0,0,0,0,0,0
336,0,0,0,0,0,0,0,0,0
337,0,0,0,0,0,0,0,0,0
338,0,0,0,0,0,0,0,0,0
339,0,0,0,0,0,0,0,0,0
340,0,0,0,0,0,0,0,0,0
341,0,0,0,0,0,0,0,0,0
342,0,0,0,0,0,0,0,0,0
343,0,0,0,0,0,0,0,0,0
344,0,0,0,0,0,0,0,0,0
345,0,0,0,0,0,0,0,0,0
346,0,0,0,0,0,0,0,0,0
347,0,0,0,0,0,0,0,0,0
348,0,0,0,0,0,0,0,0,0
349,0,0,0,0,0,0,0,0,0
350,0,0,0,0,0,0,0,0,0
351,0,0,0,0,0,0,0,0,0
352,0,0,0,0,0,0,0,0,0
353,0,0,0,0,0,0,0,0,0
354,0,0,0,0,0,0,0,0,0
355,0,0,0,0,0,0,0,0,0
356,0,0,0,0,0,0,0,0,0
357,0,0,0,0,0,0,0,0,0
358,0,0,0,0,0,0,0,0,0
359,0,0,0,0,0,0,0,0,0
360,0,0,0,0,0,0,0,0,0
361,0,0,0,0,0,0,0,0,0
362,0,0,0,0,0,0,0,0,0
363,0,0,0,0,0,0,0,0,0
364,0,0,0,0,0,0,0,0,0
365,0,0,0,0,0,0,0,0,0
366,0,0,0,0,0,0,0,0,0
367,0,0,0,0,0,0,0,0,0
368,0,0,0,0,0,0,0,0,0
369,0,0,0,0,0,0,0,0,0
370,0,0,0,0,0,0,0,0,0
371,0,0,0,0,0,0,0,0,0
372,0,0,0,0,0,0,0,0,0
373,0,0,0,0,0,0,0,0,0
374,0,0,0,0,0,0,0,0,0
375,0,0,0,0,0,0,0,0,0
376,0,0,0,0,0,0,0,0,0
377,0,0,0,0,0,0,0,0,0
378,0,0,0,0,0,0,0,0,0
379,0,0,0,0,0,0,0,0,0
380,0,0,0,0,0,0,0,0,0
381,0,0,0,0,0,0,0,0,0
382,0,0,0,0,0,0,0,0,0
383,0,0,0,0,0,0,0,0,0
384,0,0,0,0,0,0,0,0,0
385,0,0,0,0,0,0,0,0,0
386,0,0,0,0,0,0,0,0,0
387,0,0,0,0,0,0,0,0,0
388,0,0,0,0,0,0,0,0,0
389,0,0,0,0,0,0,0,0,0
390,0,0,0,0,0,0,0,0,0
391,0,0,0,0,0,0,0,0,0
392,0,0,0,0,0,0,0,0,0
393,0,0,0,0,0,0,0,0,0
394,0,0,0,0,0,0,0,0,0
395,0,0,0,0,0,0,0,0,0
396,0,0,0,0,0,0,0,0,0
397,0,0,0,0,0,0,0,0,0
398,0,0,0,0,0,0,0,0,0
399,0,0,0,0,0,0,0,0,0
400,0,0,0,0,0,0,0,0,0
401,0,0,0,0,0,0,0,0,0
402,0,0,0,0,0,0,0,0,0
403,0,0,0,0,0,0,0,0,0
404,0,0,0,0,0,0,0,0,0
405,0,0,0,0,0,0,0,0,0
406,0,0,0,0,0,0,0,0,0
407,0,0,0,0,0,0,0,0,0
408,0,0,0,0,0,0,0,0,0
409,0,0,0,0,0,0,0,0,0
410,0,0,0,0,0,0,0,0,0
411,0,0,0,0,0,0,0,0,0
412,0,0,0,0,0,0,0,0,0
413,0,0,0,0,0,0,0,0,0
414,0,0,0,0,0,0,0,0,0
415,0,0,0,0,0,0,0,0,0
416,0,0,0,0,0,0,0,0,0
417,0,0,0,0,0,0,0,0,0
418,0,0,0,0,0,0,0,0,0
419,0,0,0,0,0,0,0,0,0
420,0,0,0,0,0,0,0,0,0
421,0,0,0,0,0,0,0,0,0
422,0,0,0,0,0,0,0,0,0
423,0,0,0,0,0,0,0,0,0
424,0,0,0,0,0,0,0,0,0
425,0,0,0,0,0,0,0,0,0
426,0,0,0,0,0,0,0,0,0
427,0,0,0,0,0,0,0,0,0
428,0,0,0,0,0,0,0,0,0
429,0,0,0,0,0,0,0,0,0
430,0,0,0,0,0,0,0,0,0
431,0,0,0,0,0,0,0,0,0
432,0,0,0,0,0,0,0,0,0
433,0,0,0,0,0,0,0,0,0
434,0,0,0,0,0,0,0,0,0
435,0,0,0,0,0,0,0,0,0
436,0,0,0,0,0,0,0,0,0
437,0,0,0,0,0,0,0,0,0
438,0,0,0,0,0,0,0,0,0
439,0,0,0,0,0,0,0,0,0
440,0,0,0,0,0,0,0,0,0
441,0,0,0,0,0,0,0,0,0
442,0,0,0,0,0,0,0,0,0
443,0,0,0,0,0,0,0,0,0
444,0,0,0,0,0,0,0,0,0
445,0,0,0,0,0,0,0,0,0
446,0,0,0,0,0,0,0,0,0
447,0,0,0,0,0,0,0,0,0
448,0,0,0,0,0,0,0,0,0
449,0,0,0,0,0,0,0,0,0
450,0,0,0,0,0,0,0,0,0
451,0,0,0,0,0,0,0,0,0
452,0,0,0,0,0,0,0,0,0
453,0,0,0,0,0,0,0,0,0
454,0,0,0,0,0,0,0,0,0
455,0,0,0,0,0,0,0,0,0
456,0,0,0,0,0,0,0,0,0
457,0,0,0,0,0,0,0,0,0
458,0,0,0,0,0,0,0,0,0
459,0,0,0,0,0,0,0,0,0
460,0,0,0,0,0,0,0,0,0
461,0,0,0,0,0,0,0,0,0
462,0,0,0,0,0,0,0,0,0
463,0,0,0,0,0,0,0,0,0
464,0,0,0,0,0,0,0,0,0
465,0,0,0,0,0,0,0,0,0
466,0,0,0,0,0,0,0,0,0
467,0,0,0,0,0,0,0,0,0
468,0,0,0,0,0,0,0,0,0
469,0,0,0,0,0,0,0,0,0
470,0,0,0,0,0,0,0,0,0
471,0,0,0,0,0,0,0,0,0
472,0,0,0,0,0,0,0,0,0
473,0,0,0,0,0,0,0,0,0
474,0,0,0,0,0,0,0,0,0
475,0,0,0,0,0,0,0,0,0
476,0,0,0,0,0,0,0,0,0
477,0,0,0,0,0,0,0,0,0
478,0,0,0,0,0,0,0,0,0
479,0,0,0,0,0,0,0,0,0
480,0,0,0,0,0,0,0,0,0
481,0,0,0,0,0,0,0,0,0
482,0,0,0,0,0,0,0,0,0
483,0,0,0,0,0,0,0,0,0
484,0,0,0,0,0,0,0,0,0
485,0,0,0,0,0,0,0,0,0
486,0,0,0,0,0,0,0,0,0
487,0,0,0,0,0,0,0,0,0
488,0,0,0,0,0,0,0,0,0
489,0,0,0,0,0,0,0,0,0
490,0,0,0,0,0,0,0,0,0
491,0,0,0,0,0,0,0,0,0
492,0,0,0,0,0,0,0,0,0
493,0,0,0,0,0,0,0,0,0
494,0,0,0,0,0,0,0,0,0
495,0,0,0,0,0,0,0,0,0
496,0,0,0,0,0,0,0,0,0
497,0,0,0,0,0,0,0,0,0
498,0,0,0,0,0,0,0,0,0
499,0,0,0,0,0,0,0,0,0
500,0,0,0,0,0,0,0,0,0
501,0,0,0,0,0,0,0,0,0
502,0,0,0,0,0,0,0,0,0
503,0,0,0,0,0,0,0,0,0
504,0,0,0,0,0,0,0,0,0
505,0,0,0,0,0,0,0,0,0
506,0,0,0,0,0,0,0,0,0
507,0,0,0,0,0,0,0,0,0
508,0,0,0,0,0,0,0,0,0
509,0,0,0,0,0,0,0,0,0
510,0,0,0,0,0,0,0,0,0
511,0,0,0,0,0,0,0,0,0
512,0,0,0,0,0,0,0,0,0
513,0,0,0,0,0,0,0,0,0
514,0,0,0,0,0,0,0,0,0
515,0,0,0,0,0,0,0,0,0
516,0,0,0,0,0,0,0,0,0
517,0,0,0,0,0,0,0,0,0
518,0,0,0,0,0,0,0,0,0
519,0,0,0,0,0,0,0,0,0
520,0,0,0,0,0,0,0,0,0
521,0,0,0,0,0,0,0,0,0
522,0,0,0,0,0,0,0,0,0
523,0,0,0,0,0,0,0,0,0
524,0,0,0,0,0,0,0,0,0
525,0,0,0,0,0,0,0,0,0
526,0,0,0,0,0,0,0,0,0
527,0,0,0,0,0,0,0,0,0
528,0,0,0,0,0,0,0,0,0
529,0,0,0,0,0,0,0,0,0
530,0,0,0,0,0,0,0,0,0
531,0,0,0,0,0,0,0,0,0
532,0,0,0,0,0,0,0,0,0
533,0,0,0,0,0,0,0,0,0
534,0,0,0,0,0,0,0,0,0
535,0,0,0,0,0,0,0,0,0
536,0,0,0,0,0,0,0,0,0
537,0,0,0,0,0,0,0,0,0
538,0,0,0,0,0,0,0,0,0
539,0,0,0,0,0,0,0,0,0
540,0,0,0,0,0,0,0,0,0
541,0,0,0,0,0,0,0,0,0
542,0,0,0,0,0,0,0,0,0
543,0,0,0,0,0,0,0,0,0
544,0,0,0,0,0,0,0,0,0
545,0,0,0,0,0,0,0,0,0
546,0,0,0,0,0,0,0,0,0
547,0,0,0,0,0,0,0,0,0
548,0,0,0,0,0,0,0,0,0
549,0,0,0,0,0,0,0,0,0
550,0,0,0,0,0,0,0,0,0
551,0,0,0,0,0,0,0,0,0
552,0,0,0,0,0,0,0,0,0
553,0,0,0,0,0,0,0,0,0
554,0,0,0,0,0,0,0,0,0
555,0,0,0,0,0,0,0,0,0
556,0,0,0,0,0,0,0,0,0
557,0,0,0,0,0,0,0,0,0
558,0,0,0,0,0,0,0,0,0
559,0,0,0,0,0,0,0,0,0
560,0,0,0,0,0,0,0,0,0
561,0,0,0,0,0,0,0,0,0
562,0,0,0,0,0,0,0,0,0
563,0,0,0,0,0,0,0,0,0
564,0,0,0,0,0,0,0,0,0
565,0,0,0,0,0,0,0,0,0
566,0,0,0,0,0,0,0,0,0
567,0,0,0,0,0,0,0,0,0
568,0,0,0,0,0,0,0,0,0
569,0,0,0,0,0,0,0,0,0
570,0,0,0,0,0,0,0,0,0
571,0,0,0,0,0,0,0,0,0
572,0,0,0,0,0,0,0,0,0
573,0,0,0,0,0,0,0,0,0
574,0,0,0,0,0,0,0,0,0
575,0,0,0,0,0,0,0,0,0
576,0,0,0,0,0,0,0,0,0
577,0,0,0,0,0,0,0,0,0
578,0,0,0,0,0,0,0,0,0
579,0,0,0,0,0,0,0,0,0
580,0,0,0,0,0,0,0,0,0
581,0,0,0,0,0,0,0,0,0
582,0,0,0,0,0,0,0,0,0
583,0,0,0,0,0,0,0,0,0
584,0,0,0,0,0,0,0,0,0
585,0,0,0,0,0,0,0,0,0
586,0,0,0,0,0,0,0,0,0
587,0,0,0,0,0,0,0,0,0
588,0,0,0,0,0,0,0,0,0
589,0,0,0,0,0,0,0,0,0
590,0,0,0,0,0,0,0,0,0
591,0,0,0,0,0,0,0,0,0
592,0,0,0,0,0,0,0,0,0
593,0,0,0,0,0,0,0,0,0
594,0,0,0,0,0,0,0,0,0
595,0,0,0,0,0,0,0,0,0
596,0,0,0,0,0,0,0,0,0
597,0,0,0,0,0,0,0,0,0
598,0,0,0,0,0,0,0,0,0
599,0,0,0,0,0,0,0,0,0
600,0,0,0,0,0,0,0,0,0
601,0,0,0,0,0,0,0,0,0
602,0,0,0,0,0,0,0,0,0
603,0,0,0,0,0,0,0,0,0
604,0,0,0,0,0,0,0,0,0
605,0,0,0,0,0,0,0,0,0
606,0,0,0,0,0,0,0,0,0
607,0,0,0,0,0,0,0,0,0
608,0,0,0,0,0,0,0,0,0
609,0,0,0,0,0,0,0,0,0
610,0,0,0,0,0,0,0,0,0
611,0,0,0,0,0,0,0,0,0
612,0,0,0,0,0,0,0,0,0
613,0,0,0,0,0,0,0,0,0
614,0,0,0,0,0,0,0,0,0
615,0,0,0,0,0,0,0,0,0
616,0,0,0,0,0,0,0,0,0
617,0,0,0,0,0,0,0,0,0
618,0,0,0,0,0,0,0,0,0
619,0,0,0,0,0,0,0,0,0
620,0,0,0,0,0,0,0,0,0
621,0,0,0,0,0,0,0,0,0
622,0,0,0,0,0,0,0,0,0
623,0,0,0,0,0,0,0,0,0
624,0,0,0,0,0,0,0,0,0
625,0,0,0,0,0,0,0,0,0
626,0,0,0,0,0,0,0,0,0
627,0,0,0,0,0,0,0,0,0
628,0,0,0,0,0,0,0,0,0
629,0,0,0,0,0,0,0,0,0
630,0,0,0,0,0,0,0,0,0
631,0,0,0,0,0,0,0,0,0
632,0,0,0,0,0,0,0,0,0
633,0,0,0,0,0,0,0,0,0
634,0,0,0,0,0,0,0,0,0
635,0,0,0,0,0,0,0,0,0
636,0,0,0,0,0,0,0,0,0
637,0,0,0,0,0,0,0,0,0
638,0,0,0,0,0,0,0,0,0
639,0,0,0,0,0,0,0,0,0
640,0,0,0,0,0,0,0,0,0
641,0,0,0,0,0,0,0,0,0
642,0,0,0,0,0,0,0,0,0
643,0,0,0,0,0,0,0,0,0
644,0,0,0,0,0,0,0,0,0
645,0,0,0,0,0,0,0,0,0
646,0,0,0,0,0,0,0,0,0
647,0,0,0,0,0,0,0,0,0
648,0,0,0,0,0,0,0,0,0
649,0,0,0,0,0,0,0,0,0
650,0,0,0,0,0,0,0,0,0
651,0,0,0,0,0,0,0,0,0
652,0,0,0,0,0,0,0,0,0
653,0,0,0,0,0,0,0,0,0
654,0,0,0,0,0,0,0,0,0
655,0,0,0,0,0,0,0,0,0
656,0,0,0,0,0,0,0,0,0
657,0,0,0,0,0,0,0,0,0
658,0,0,0,0,0,0,0,0,0
659,0,0,0,0,0,0,0,0,0
660,0,0,0,0,0,0,0,0,0
661,0,0,0,0,0,0,0,0,0
662,0,0,0,0,0,0,0,0,0
663,0,0,0,0,0,0,0,0,0
664,0,0,0,0,0,0,0,0,0
665,0,0,0,0,0,0,0,0,0
666,0,0,0,0,0,0,0,0,0
667,0,0,0,0,0,0,0,0,0
668,0,0,0,0,0,0,0,0,0
669,0,0,0,0,0,0,0,0,0
670,0,0,0,0,0,0,0,0,0
671,0,0,0,0,0,0,0,0,0
672,0,0,0,0,0,0,0,0,0
673,0,0,0,0,0,0,0,0,0
674,0,0,0,0,0,0,0,0,0
675,0,0,0,0,0,0,0,0,0
676,0,0,0,0,0,0,0,0,0
677,0,0,0,0,0,0,0,0,0
678,0,0,0,0,0,0,0,0,0
679,0,0,0,0,0,0,0,0,0
680,0,0,0,0,0,0,0,0,0
681,0,0,0,0,0,0,0,0,0
682,0,0,0,0,0,0,0,0,0
683,0,0,0,0,0,0,0,0,0
684,0,0,0,0,0,0,0,0,0
685,0,0,0,0,0,0,0,0,0
686,0,0,0,0,0,0,0,0,0
687,0,0,0,0,0,0,0,0,0
688,0,0,0,0,0,0,0,0,0
689,0,0,0,0,0,0,0,0,0
690,0,0,0,0,0,0,0,0,0
691,0,0,0,0,0,0,0,0,0
692,0,0,0,0,0,0,0,0,0
693,0,0,0,0,0,0,0,0,0
694,0,0,0,0,0,0,0,0,0
695,0,0,0,0,0,0,0,0,0
696,0,0,0,0,0,0,0,0,0
697,0,0,0,0,0,0,0,0,0
698,0,0,0,0,0,0,0,0,0
699,0,0,0,0,0,0,0,0,0
700,0,0,0,0,0,0,0,0,0
701,0,0,0,0,0,0,0,0,0
702,0,0,0,0,0,0,0,0,0
703,0,0,0,0,0,0,0,0,0
704,0,0,0,0,0,0,0,0,0
705,0,0,0,0,0,0,0,0,0
706,0,0,0,0,0,0,0,0,0
707,0,0,0,0,0,0,0,0,0
708,0,0,0,0,0,0,0,0,0
709,0,0,0,0,0,0,0,0,0
710,0,0,0,0,0,0,0,0,0
711,0,0,0,0,0,0,0,0,0
712,0,0,0,0,0,0,0,0,0
713,0,0,0,0,0,0,0,0,0
714,0,0,0,0,0,0,0,0,0
715,0,0,0,0,0,0,0,0,0
716,0,0,0,0,0,0,0,0,0
717,0,0,0,0,0,0,0,0,0
718,0,0,0,0,0,0,0,0,0
719,0,0,0,0,0,0,0,0,0
720,0,0,0,0,0,0,0,0,0
721,0,0,0,0,0,0,0,0,0
722,0,0,0,0,0,0,0,0,0
723,0,0,0,0,0,0,0,0,0
724,0,0,0,0,0,0,0,0,0
725,0,0,0,0,0,0,0,0,0
726,0,0,0,0,0,0,0,0,0
727,0,0,0,0,0,0,0,0,0
728,0,0,0,0,0,0,0,0,0
729,0,0,0,0,0,0,0,0,0
730,0,0,0,0,0,0,0,0,0
731,0,0,0,0,0,0,0,0,0
732,0,0,0,0,0,0,0,0,0
733,0,0,0,0,0,0,0,0,0
734,0,0,0,0,0,0,0,0,0
735,0,0,0,0,0,0,0,0,0
736,0,0,0,0,0,0,0,0,0
737,0,0,0,0,0,0,0,0,0
738,0,0,0,0,0,0,0,0,0
739,0,0,0,0,0,0,0,0,0
740,0,0,0,0,0,0,0,0,0
741,0,0,0,0,0,0,0,0,0
742,0,0,0,0,0,0,0,0,0
743,0,0,0,0,0,0,0,0,0
744,0,0,0,0,0,0,0,0,0
745,0,0,0,0,0,0,0,0,0
746,0,0,0,0,0,0,0,0,0
747,0,0,0,0,0,0,0,0,0
748,0,0,0,0,0,0,0,0,0
749,0,0,0,0,0,0,0,0,0
750,0,0,0,0,0,0,0,0,0
0,194,7257,201425,4077983,57373546,517292847,2626655236,5935079656,3356972874
1,103,3067,66718,1055252,11628289,82184737,327213042,579810738,257115737
2,62,1598,27739,351108,3107720,17615029,56224701,79843345,28343178
3,39,848,11866,125188,916329,4311348,11406716,13436827,3950004
4,22,452,5465,52333,343441,1451617,3462084,3669048,967772
5,15,282,3104,26448,154486,577151,1208422,1115269,255841
6,10,208,2129,16332,86181,288153,533492,429910,84664
7,8,146,1391,9908,49620,156375,275261,211303,39747
8,5,105,961,6425,30284,89074,146519,105038,18445
9,5,94,841,5294,23687,65262,101234,67639,11049
10,2,24,266,1533,6132,15275,21428,12797,1894
11,2,24,243,1330,5127,12356,17025,10000,1457
12,2,24,239,1238,4679,10990,14966,8449,1189
13,1,21,199,920,3308,7296,9423,4990,692
14,1,21,168,753,2511,5287,6607,3293,439
15,1,19,158,653,2001,3804,4250,1900,239
16,1,13,125,435,1241,2201,2382,997,116
17,1,13,119,390,1072,1847,1936,767,82
18,1,11,97,304,727,1069,957,315,23
19,1,9,92,265,611,855,709,235,19
20,1,9,75,183,362,407,306,82,6
21,1,8,69,180,345,370,268,72,4
22,1,3,43,95,236,272,201,61,4
23,1,3,43,95,236,272,201,61,4
24,1,3,41,94,227,259,190,60,4
25,1,2,15,27,90,95,61,14,1
26,1,2,13,20,64,59,43,12,1
27,1,2,13,17,55,45,31,7,1
28,1,2,13,16,49,40,26,7,1
29,1,2,13,16,49,40,26,7,1
30,1,2,13,16,39,25,17,2,0
31,1,1,5,12,24,17,7,2,0
32,0,0,0,0,0,0,0,0,0
33,0,0,0,0,0,0,0,0,0
34,0,0,0,0,0,0,0,0,0
35,0,0,0,0,0,0,0,0,0
36,0,0,0,0,0,0,0,0,0
37,0,0,0,0,0,0,0,0,0
38,0,0,0,0,0,0,0,0,0
39,0,0,0,0,0,0,0,0,0
40,0,0,0,0,0,0,0,0,0
41,0,0,0,0,0,0,0,0,0
42,0,0,0,0,0,0,0,0,0
43,0,0,0,0,0,0,0,0,0
44,0,0,0,0,0,0,0,0,0
45,0,0,0,0,0,0,0,0,0
46,0,0,0,0,0,0,0,0,0
47,0,0,0,0,0,0,0,0,0
48,0,0,0,0,0,0,0,0,0
49,0,0,0,0,0,0,0,0,0
50,0,0,0,0,0,0,0,0,0
51,0,0,0,0,0,0,0,0,0
52,0,0,0,0,0,0,0,0,0
53,0,0,0,0,0,0,0,0,0
54,0,0,0,0,0,0,0,0,0
55,0,0,0,0,0,0,0,0,0
56,0,0,0,0,0,0,0,0,0
57,0,0,0,0,0,0,0,0,0
58,0,0,0,0,0,0,0,0,0
59,0,0,0,0,0,0,0,0,0
60,0,0,0,0,0,0,0,0,0
61,0,0,0,0,0,0,0,0,0
62,0,0,0,0,0,0,0,0,0
63,0,0,0,0,0,0,0,0,0
64,0,0,0,0,0,0,0,0,0
65,0,0,0,0,0,0,0,0,0
66,0,0,0,0,0,0,0,0,0
67,0,0,0,0,0,0,0,0,0
68,0,0,0,0,0,0,0,0,0
69,0,0,0,0,0,0,0,0,0
70,0,0,0,0,0,0,0,0,0
71,0,0,0,0,0,0,0,0,0
72,0,0,0,0,0,0,0,0,0
73,0,0,0,0,0,0,0,0,0
74,0,0,0,0,0,0,0,0,0
75,0,0,0,0,0,0,0,0,0
76,0,0,0,0,0,0,0,0,0
77,0,0,0,0,0,0,0,0,0
78,0,0,0,0,0,0,0,0,0
79,0,0,0,0,0,0,0,0,0
80,0,0,0,0,0,0,0,0,0
81,0,0,0,0,0,0,0,0,0
82,0,0,0,0,0,0,0,0,0
83,0,0,0,0,0,0,0,0,0
84,0,0,0,0,0,0,0,0,0
85,0,0,0,0,0,0,0,0,0
86,0,0,0,0,0,0,0,0,0
87,0,0,0,0,0,0,0,0,0
88,0,0,0,0,0,0,0,0,0
89,0,0,0,0,0,0,0,0,0
90,0,0,0,0,0,0,0,0,0
91,0,0,0,0,0,0,0,0,0
92,0,0,0,0,0,0,0,0,0
93,0,0,0,0,0,0,0,0,0
94,0,0,0,0,0,0,0,0,0
95,0,0,0,0,0,0,0,0,0
96,0,0,0,0,0,0,0,0,0
97,0,0,0,0,0,0,0,0,0
98,0,0,0,0,0,0,0,0,0
99,0,0,0,0,0,0,0,0,0
100,0,0,0,0,0,0,0,0,0
101,0,0,0,0,0,0,0,0,0
102,0,0,0,0,0,0,0,0,0
103,0,0,0,0,0,0,0,0,0
104,0,0,0,0,0,0,0,0,0
105,0,0,0,0,0,0,0,0,0
106,0,0,0,0,0,0,0,0,0
107,0,0,0,0,0,0,0,0,0
108,0,0,0,0,0,0,0,0,0
109,0,0,0,0,0,0,0,0,0
110,0,0,0,0,0,0,0,0,0
111,0,0,0,0,0,0,0,0,0
112,0,0,0,0,0,0,0,0,0
113,0,0,0,0,0,0,0,0,0
114,0,0,0,0,0,0,0,0,0
115,0,0,0,0,0,0,0,0,0
116,0,0,0,0,0,0,0,0,0
117,0,0,0,0,0,0,0,0,0
118,0,0,0,0,0,0,0,0,0
119,0,0,0,0,0,0,0,0,0
120,0,0,0,0,0,0,0,0,0
121,0,0,0,0,0,0,0,0,0
122,0,0,0,0,0,0,0,0,0
123,0,0,0,0,0,0,0,0,0
124,0,0,0,0,0,0,0,0,0
125,0,0,0,0,0,0,0,0,0
126,0,0,0,0,0,0,0,0,0
127,0,0,0,0,0,0,0,0,0
128,0,0,0,0,0,0,0,0,0
129,0,0,0,0,0,0,0,0,0
130,0,0,0,0,0,0,0,0,0
131,0,0,0,0,0,0,0,0,0
132,0,0,0,0,0,0,0,0,0
133,0,0,0,0,0,0,0,0,0
134,0,0,0,0,0,0,0,0,0
135,0,0,0,0,0,0,0,0,0
136,0,0,0,0,0,0,0,0,0
137,0,0,0,0,0,0,0,0,0
138,0,0,0,0,0,0,0,0,0
139,0,0,0,0,0,0,0,0,0
140,0,0,0,0,0,0,0,0,0
141,0,0,0,0,0,0,0,0,0
142,0,0,0,0,0,0,0,0,0
143,0,0,0,0,0,0,0,0,0
144,0,0,0,0,0,0,0,0,0
145,0,0,0,0,0,0,0,0,0
146,0,0,0,0,0,0,0,0,0
147,0,0,0,0,0,0,0,0,0
148,0,0,0,0,0,0,0,0,0
149,0,0,0,0,0,0,0,0,0
150,0,0,0,0,0,0,0,0,0
151,0,0,0,0,0,0,0,0,0
152,0,0,0,0,0,0,0,0,0
153,0,0,0,0,0,0,0,0,0
154,0,0,0,0,0,0,0,0,0
155,0,0,0,0,0,0,0,0,0
156,0,0,0,0,0,0,0,0,0
157,0,0,0,0,0,0,0,0,0
158,0,0,0,0,0,0,0,0,0
159,0,0,0,0,0,0,0,0,0
160,0,0,0,0,0,0,0,0,0
161,0,0,0,0,0,0,0,0,0
162,0,0,0,0,0,0,0,0,0
163,0,0,0,0,0,0,0,0,0
164,0,0,0,0,0,0,0,0,0
165,0,0,0,0,0,0,0,0,0
166,0,0,0,0,0,0,0,0,0
167,0,0,0,0,0,0,0,0,0
168,0,0,0,0,0,0,0,0,0
169,0,0,0,0,0,0,0,0,0
170,0,0,0,0,0,0,0,0,0
171,0,0,0,0,0,0,0,0,0
172,0,0,0,0,0,0,0,0,0
173,0,0,0,0,0,0,0,0,0
174,0,0,0,0,0,0,0,0,0
175,0,0,0,0,0,0,0,0,0
176,0,0,0,0,0,0,0,0,0
177,0,0,0,0,0,0,0,0,0
178,0,0,0,0,0,0,0,0,0
179,0,0,0,0,0,0,0,0,0
180,0,0,0,0,0,0,0,0,0
181,0,0,0,0,0,0,0,0,0
182,0,0,0,0,0,0,0,0,0
183,0,0,0,0,0,0,0,0,0
184,0,0,0,0,0,0,0,0,0
185,0,0,0,0,0,0,0,0,0
186,0,0,0,0,0,0,0,0,0
187,0,0,0,0,0,0,0,0,0
188,0,0,0,0,0,0,0,0,0
189,0,0,0,0,0,0,0,0,0
190,0,0,0,0,0,0,0,0,0
191,0,0,0,0,0,0,0,0,0
192,0,0,0,0,0,0,0,0,0
193,0,0,0,0,0,0,0,0,0
194,0,0,0,0,0,0,0,0,0
195,0,0,0,0,0,0,0,0,0
196,0,0,0,0,0,0,0,0,0
197,0,0,0,0,0,0,0,0,0
198,0,0,0,0,0,0,0,0,0
199,0,0,0,0,0,0,0,0,0
200,0,0,0,0,0,0,0,0,0
201,0,0,0,0,0,0,0,0,0
202,0,0,0,0,0,0,0,0,0
203,0,0,0,0,0,0,0,0,0
204,0,0,0,0,0,0,0,0,0
205,0,0,0,0,0,0,0,0,0
206,0,0,0,0,0,0,0,0,0
207,0,0,0,0,0,0,0,0,0
208,0,0,0,0,0,0,0,0,0
209,0,0,0,0,0,0,0,0,0
210,0,0,0,0,0,0,0,0,0
211,0,0,0,0,0,0,0,0,0
212,0,0,0,0,0,0,0,0,0
213,0,0,0,0,0,0,0,0,0
214,0,0,0,0,0,0,0,0,0
215,0,0,0,0,0,0,0,0,0
216,0,0,0,0,0,0,0,0,0
217,0,0,0,0,0,0,0,0,0
218,0,0,0,0,0,0,0,0,0
219,0,0,0,0,0,0,0,0,0
220,0,0,0,0,0,0,0,0,0
221,0,0,0,0,0,0,0,0,0
222,0,0,0,0,0,0,0,0,0
223,0,0,0,0,0,0,0,0,0
224,0,0,0,0,0,0,0,0,0
225,0,0,0,0,0,0,0,0,0
226,0,0,0,0,0,0,0,0,0
227,0,0,0,0,0,0,0,0,0
228,0,0,0,0,0,0,0,0,0
229,0,0,0,0,0,0,0,0,0
230,0,0,0,0,0,0,0,0,0
231,0,0,0,0,0,0,0,0,0
232,0,0,0,0,0,0,0,0,0
233,0,0,0,0,0,0,0,0,0
234,0,0,0,0,0,0,0,0,0
235,0,0,0,0,0,0,0,0,0
236,0,0,0,0,0,0,0,0,0
237,0,0,0,0,0,0,0,0,0
238,0,0,0,0,0,0,0,0,0
239,0,0,0,0,0,0,0,0,0
240,0,0,0,0,0,0,0,0,0
241,0,0,0,0,0,0,0,0,0
242,0,0,0,0,0,0,0,0,0
243,0,0,0,0,0,0,0,0,0
244,0,0,0,0,0,0,0,0,0
245,0,0,0,0,0,0,0,0,0
246,0,0,0,0,0,0,0,0,0
247,0,0,0,0,0,0,0,0,0
248,0,0,0,0,0,0,0,0,0
249,0,0,0,0,0,0,0,0,0
250,0,0,0,0,0,0,0,0,0
251,0,0,0,0,0,0,0,0,0
252,0,0,0,0,0,0,0,0,0
253,0,0,0,0,0,0,0,0,0
254,0,0,0,0,0,0,0,0,0
255,0,0,0,0,0,0,0,0,0
256,0,0,0,0,0,0,0,0,0
257,0,0,0,0,0,0,0,0,0
258,0,0,0,0,0,0,0,0,0
259,0,0,0,0,0,0,0,0,0
260,0,0,0,0,0,0,0,0,0
261,0,0,0,0,0,0,0,0,0
262,0,0,0,0,0,0,0,0,0
263,0,0,0,0,0,0,0,0,0
264,0,0,0,0,0,0,0,0,0
265,0,0,0,0,0,0,0,0,0
266,0,0,0,0,0,0,0,0,0
267,0,0,0,0,0,0,0,0,0
268,0,0,0,0,0,0,0,0,0
269,0,0,0,0,0,0,0,0,0
270,0,0,0,0,0,0,0,0,0
271,0,0,0,0,0,0,0,0,0
272,0,0,0,0,0,0,0,0,0
273,0,0,0,0,0,0,0,0,0
274,0,0,0,0,0,0,0,0,0
275,0,0,0,0,0,0,0,0,0
276,0,0,0,0,0,0,0,0,0
277,0,0,0,0,0,0,0,0,0
278,0,0,0,0,0,0,0,0,0
279,0,0,0,0,0,0,0,0,0
280,0,0,0,0,0,0,0,0,0
281,0,0,0,0,0,0,0,0,0
282,0,0,0,0,0,0,0,0,0
283,0,0,0,0,0,0,0,0,0
284,0,0,0,0,0,0,0,0,0
285,0,0,0,0,0,0,0,0,0
286,0,0,0,0,0,0,0,0,0
287,0,0,0,0,0,0,0,0,0
288,0,0,0,0,0,0,0,0,0
289,0,0,0,0,0,0,0,0,0
290,0,0,0,0,0,0,0,0,0
291,0,0,0,0,0,0,0,0,0
292,0,0,0,0,0,0,0,0,0
293,0,0,0,0,0,0,0,0,0
294,0,0,0,0,0,0,0,0,0
295,0,0,0,0,0,0,0,0,0
296,0,0,0,0,0,0,0,0,0
297,0,0,0,0,0,0,0,0,0
298,0,0,0,0,0,0,0,0,0
299,0,0,0,0,0,0,0,0,0
300,0,0,0,0,0,0,0,0,0
301,0,0,0,0,0,0,0,0,0
302,0,0,0,0,0,0,0,0,0
303,0,0,0,0,0,0,0,0,0
304,0,0,0,0,0,0,0,0,0
305,0,0,0,0,0,0,0,0,0
306,0,0,0,0,0,0,0,0,0
307,0,0,0,0,0,0,0,0,0
308,0,0,0,0,0,0,0,0,0
309,0,0,0,0,0,0,0,0,0
310,0,0,0,0,0,0,0,0,0
311,0,0,0,0,0,0,0,0,0
312,0,0,0,0,0,0,0,0,0
313,0,0,0,0,0,0,0,0,0
314,0,0,0,0,0,0,0,0,0
315,0,0,0,0,0,0,0,0,0
316,0,0,0,0,0,0,0,0,0
317,0,0,0,0,0,0,0,0,0
318,0,0,0,0,0,0,0,0,0
319,0,0,0,0,0,0,0,0,0
320,0,0,0,0,0,0,0,0,0
321,0,0,0,0,0,0,0,0,0
322,0,0,0,0,0,0,0,0,0
323,0,0,0,0,0,0,0,0,0
324,0,0,0,0,0,0,0,0,0
325,0,0,0,0,0,0,0,0,0
326,0,0,0,0,0,0,0,0,0
327,0,0,0,0,0,0,0,0,0
328,0,0,0,0,0,0,0,0,0
329,0,0,0,0,0,0,0,0,0
330,0,0,0,0,0,0,0,0,0
331,0,0,0,0,0,0,0,0,0
332,0,0,0,0,0,0,0,0,0
333,0,0,0,0,0,0,0,0,0
334,0,0,0,0,0,0,0,0,0
335,0,0,0,0,0,0,0,0,0
336,0,0,0,0,0,0,0,0,0
337,0,0,0,0,0,0,0,0,0
338,0,0,0,0,0,0,0,0,0
339,0,0,0,0,0,0,0,0,0
340,0,0,0,0,0,0,0,0,0
341,0,0,0,0,0,0,0,0,0
342,0,0,0,0,0,0,0,0,0
343,0,0,0,0,0,0,0,0,0
344,0,0,0,0,0,0,0,0,0
345,0,0,0,0,0,0,0,0,0
346,0,0,0,0,0,0,0,0,0
347,0,0,0,0,0,0,0,0,0
348,0,0,0,0,0,0,0,0,0
349,0,0,0,0,0,0,0,0,0
350,0,0,0,0,0,0,0,0,0
351,0,0,0,0,0,0,0,0,0
352,0,0,0,0,0,0,0,0,0
353,0,0,0,0,0,0,0,0,0
354,0,0,0,0,0,0,0,0,0
355,0,0,0,0,0,0,0,0,0
356,0,0,0,0,0,0,0,0,0
357,0,0,0,0,0,0,0,0,0
358,0,0,0,0,0,0,0,0,0
359,0,0,0,0,0,0,0,0,0
360,0,0,0,0,0,0,0,0,0
361,0,0,0,0,0,0,0,0,0
362,0,0,0,0,0,0,0,0,0
363,0,0,0,0,0,0,0,0,0
364,0,0,0,0,0,0,0,0,0
365,0,0,0,0,0,0,0,0,0
366,0,0,0,0,0,0,0,0,0
367,0,0,0,0,0,0,0,0,0
368,0,0,0,0,0,0,0,0,0
369,0,0,0,0,0,0,0,0,0
370,0,0,0,0,0,0,0,0,0
371,0,0,0,0,0,0,0,0,0
372,0,0,0,0,0,0,0,0,0
373,0,0,0,0,0,0,0,0,0
374,0,0,0,0,0,0,0,0,0
375,0,0,0,0,0,0,0,0,0
376,0,0,0,0,0,0,0,0,0
377,0,0,0,0,0,0,0,0,0
378,0,0,0,0,0,0,0,0,0
379,0,0,0,0,0,0,0,0,0
380,0,0,0,0,0,0,0,0,0
381,0,0,0,0,0,0,0,0,0
382,0,0,0,0,0,0,0,0,0
383,0,0,0,0,0,0,0,0,0
384,0,0,0,0,0,0,0,0,0
385,0,0,0,0,0,0,0,0,0
386,0,0,0,0,0,0,0,0,0
387,0,0,0,0,0,0,0,0,0
388,0,0,0,0,0,0,0,0,0
389,0,0,0,0,0,0,0,0,0
390,0,0,0,0,0,0,0,0,0
391,0,0,0,0,0,0,0,0,0
392,0,0,0,0,0,0,0,0,0
393,0,0,0,0,0,0,0,0,0
394,0,0,0,0,0,0,0,0,0
395,0,0,0,0,0,0,0,0,0
396,0,0,0,0,0,0,0,0,0
397,0,0,0,0,0,0,0,0,0
398,0,0,0,0,0,0,0,0,0
399,0,0,0,0,0,0,0,0,0
400,0,0,0,0,0,0,0,0,0
401,0,0,0,0,0,0,0,0,0
402,0,0,0,0,0,0,0,0,0
403,0,0,0,0,0,0,0,0,0
404,0,0,0,0,0,0,0,0,0
405,0,0,0,0,0,0,0,0,0
406,0,0,0,0,0,0,0,0,0
407,0,0,0,0,0,0,0,0,0
408,0,0,0,0,0,0,0,0,0
409,0,0,0,0,0,0,0,0,0
410,0,0,0,0,0,0,0,0,0
411,0,0,0,0,0,0,0,0,0
412,0,0,0,0,0,0,0,0,0
413,0,0,0,0,0,0,0,0,0
414,0,0,0,0,0,0,0,0,0
415,0,0,0,0,0,0,0,0,0
416,0,0,0,0,0,0,0,0,0
417,0,0,0,0,0,0,0,0,0
418,0,0,0,0,0,0,0,0,0
419,0,0,0,0,0,0,0,0,0
420,0,0,0,0,0,0,0,0,0
421,0,0,0,0,0,0,0,0,0
422,0,0,0,0,0,0,0,0,0
423,0,0,0,0,0,0,0,0,0
424,0,0,0,0,0,0,0,0,0
425,0,0,0,0,0,0,0,0,0
426,0,0,0,0,0,0,0,0,0
427,0,0,0,0,0,0,0,0,0
428,0,0,0,0,0,0,0,0,0
429,0,0,0,0,0,0,0,0,0
430,0,0,0,0,0,0,0,0,0
431,0,0,0,0,0,0,0,0,0
432,0,0,0,0,0,0,0,0,0
433,0,0,0,0,0,0,0,0,0
434,0,0,0,0,0,0,0,0,0
435,0,0,0,0,0,0,0,0,0
436,0,0,0,0,0,0,0,0,0
437,0,0,0,0,0,0,0,0,0
438,0,0,0,0,0,0,0,0,0
439,0,0,0,0,0,0,0,0,0
440,0,0,0,0,0,0,0,0,0
441,0,0,0,0,0,0,0,0,0
442,0,0,0,0,0,0,0,0,0
443,0,0,0,0,0,0,0,0,0
444,0,0,0,0,0,0,0,0,0
445,0,0,0,0,0,0,0,0,0
446,0,0,0,0,0,0,0,0,0
447,0,0,0,0,0,0,0,0,0
448,0,0,0,0,0,0,0,0,0
449,0,0,0,0,0,0,0,0,0
450,0,0,0,0,0,0,0,0,0
451,0,0,0,0,0,0,0,0,0
452,0,0,0,0,0,0,0,0,0
453,0,0,0,0,0,0,0,0,0
454,0,0,0,0,0,0,0,0,0
455,0,0,0,0,0,0,0,0,0
456,0,0,0,0,0,0,0,0,0
457,0,0,0,0,0,0,0,0,0
458,0,0,0,0,0,0,0,0,0
459,0,0,0,0,0,0,0,0,0
460,0,0,0,0,0,0,0,0,0
461,0,0,0,0,0,0,0,0,0
462,0,0,0,0,0,0,0,0,0
463,0,0,0,0,0,0,0,0,0
464,0,0,0,0,0,0,0,0,0
465,0,0,0,0,0,0,0,0,0
466,0,0,0,0,0,0,0,0,0
467,0,0,0,0,0,0,0,0,0
468,0,0,0,0,0,0,0,0,0
469,0,0,0,0,0,0,0,0,0
470,0,0,0,0,0,0,0,0,0
471,0,0,0,0,0,0,0,0,0
472,0,0,0,0,0,0,0,0,0
473,0,0,0,0,0,0,0,0,0
474,0,0,0,0,0,0,0,0,0
475,0,0,0,0,0,0,0,0,0
476,0,0,0,0,0,0,0,0,0
477,0,0,0,0,0,0,0,0,0
478,0,0,0,0,0,0,0,0,0
479,0,0,0,0,0,0,0,0,0
480,0,0,0,0,0,0,0,0,0
481,0,0,0,0,0,0,0,0,0
482,0,0,0,0,0,0,0,0,0
483,0,0,0,0,0,0,0,0,0
484,0,0,0,0,0,0,0,0,0
485,0,0,0,0,0,0,0,0,0
486,0,0,0,0,0,0,0,0,0
487,0,0,0,0,0,0,0,0,0
488,0,0,0,0,0,0,0,0,0
489,0,0,0,0,0,0,0,0,0
490,0,0,0,0,0,0,0,0,0
491,0,0,0,0,0,0,0,0,0
492,0,0,0,0,0,0,0,0,0
493,0,0,0,0,0,0,0,0,0
494,0,0,0,0,0,0,0,0,0
495,0,0,0,0,0,0,0,0,0
496,0,0,0,0,0,0,0,0,0
497,0,0,0,0,0,0,0,0,0
498,0,0,0,0,0,0,0,0,0
499,0,0,0,0,0,0,0,0,0
500,0,0,0,0,0,0,0,0,0
501,0,0,0,0,0,0,0,0,0
502,0,0,0,0,0,0,0,0,0
503,0,0,0,0,0,0,0,0,0
504,0,0,0,0,0,0,0,0,0
505,0,0,0,0,0,0,0,0,0
506,0,0,0,0,0,0,0,0,0
507,0,0,0,0,0,0,0,0,0
508,0,0,0,0,0,0,0,0,0
509,0,0,0,0,0,0,0,0,0
510,0,0,0,0,0,0,0,0,0
511,0,0,0,0,0,0,0,0,0
512,0,0,0,0,0,0,0,0,0
513,0,0,0,0,0,0,0,0,0
514,0,0,0,0,0,0,0,0,0
515,0,0,0,0,0,0,0,0,0
516,0,0,0,0,0,0,0,0,0
517,0,0,0,0,0,0,0,0,0
518,0,0,0,0,0,0,0,0,0
519,0,0,0,0,0,0,0,0,0
520,0,0,0,0,0,0,0,0,0
521,0,0,0,0,0,0,0,0,0
522,0,0,0,0,0,0,0,0,0
523,0,0,0,0,0,0,0,0,0
524,0,0,0,0,0,0,0,0,0
525,0,0,0,0,0,0,0,0,0
526,0,0,0,0,0,0,0,0,0
527,0,0,0,0,0,0,0,0,0
528,0,0,0,0,0,0,0,0,0
529,0,0,0,0,0,0,0,0,0
530,0,0,0,0,0,0,0,0,0
531,0,0,0,0,0,0,0,0,0
532,0,0,0,0,0,0,0,0,0
533,0,0,0,0,0,0,0,0,0
534,0,0,0,0,0,0,0,0,0
535,0,0,0,0,0,0,0,0,0
536,0,0,0,0,0,0,0,0,0
537,0,0,0,0,0,0,0,0,0
538,0,0,0,0,0,0,0,0,0
539,0,0,0,0,0,0,0,0,0
540,0,0,0,0,0,0,0,0,0
541,0,0,0,0,0,0,0,0,0
542,0,0,0,0,0,0,0,0,0
543,0,0,0,0,0,0,0,0,0
544,0,0,0,0,0,0,0,0,0
545,0,0,0,0,0,0,0,0,0
546,0,0,0,0,0,0,0,0,0
547,0,0,0,0,0,0,0,0,0
548,0,0,0,0,0,0,0,0,0
549,0,0,0,0,0,0,0,0,0
550,0,0,0,0,0,0,0,0,0
551,0,0,0,0,0,0,0,0,0
552,0,0,0,0,0,0,0,0,0
553,0,0,0,0,0,0,0,0,0
554,0,0,0,0,0,0,0,0,0
555,0,0,0,0,0,0,0,0,0
556,0,0,0,0,0,0,0,0,0
557,0,0,0,0,0,0,0,0,0
558,0,0,0,0,0,0,0,0,0
559,0,0,0,0,0,0,0,0,0
560,0,0,0,0,0,0,0,0,0
561,0,0,0,0,0,0,0,0,0
562,0,0,0,0,0,0,0,0,0
563,0,0,0,0,0,0,0,0,0
564,0,0,0,0,0,0,0,0,0
565,0,0,0,0,0,0,0,0,0
566,0,0,0,0,0,0,0,0,0
567,0,0,0,0,0,0,0,0,0
568,0,0,0,0,0,0,0,0,0
569,0,0,0,0,0,0,0,0,0
570,0,0,0,0,0,0,0,0,0
571,0,0,0,0,0,0,0,0,0
572,0,0,0,0,0,0,0,0,0
573,0,0,0,0,0,0,0,0,0
574,0,0,0,0,0,0,0,0,0
575,0,0,0,0,0,0,0,0,0
576,0,0,0,0,0,0,0,0,0
577,0,0,0,0,0,0,0,0,0
578,0,0,0,0,0,0,0,0,0
579,0,0,0,0,0,0,0,0,0
580,0,0,0,0,0,0,0,0,0
581,0,0,0,0,0,0,0,0,0
582,0,0,0,0,0,0,0,0,0
583,0,0,0,0,0,0,0,0,0
584,0,0,0,0,0,0,0,0,0
585,0,0,0,0,0,0,0,0,0
586,0,0,0,0,0,0,0,0,0
587,0,0,0,0,0,0,0,0,0
588,0,0,0,0,0,0,0,0,0
589,0,0,0,0,0,0,0,0,0
590,0,0,0,0,0,0,0,0,0
591,0,0,0,0,0,0,0,0,0
592,0,0,0,0,0,0,0,0,0
593,0,0,0,0,0,0,0,0,0
594,0,0,0,0,0,0,0,0,0
595,0,0,0,0,0,0,0,0,0
596,0,0,0,0,0,0,0,0,0
597,0,0,0,0,0,0,0,0,0
598,0,0,0,0,0,0,0,0,0
599,0,0,0,0,0,0,0,0,0
600,0,0,0,0,0,0,0,0,0
601,0,0,0,0,0,0,0,0,0
602,0,0,0,0,0,0,0,0,0
603,0,0,0,0,0,0,0,0,0
604,0,0,0,0,0,0,0,0,0
605,0,0,0,0,0,0,0,0,0
606,0,0,0,0,0,0,0,0,0
607,0,0,0,0,0,0,0,0,0
608,0,0,0,0,0,0,0,0,0
609,0,0,0,0,0,0,0,0,0
610,0,0,0,0,0,0,0,0,0
611,0,0,0,0,0,0,0,0,0
612,0,0,0,0,0,0,0,0,0
613,0,0,0,0,0,0,0,0,0
614,0,0,0,0,0,0,0,0,0
615,0,0,0,0,0,0,0,0,0
616,0,0,0,0,0,0,0,0,0
617,0,0,0,0,0,0,0,0,0
618,0,0,0,0,0,0,0,0,0
619,0,0,0,0,0,0,0,0,0
620,0,0,0,0,0,0,0,0,0
621,0,0,0,0,0,0,0,0,0
622,0,0,0,0,0,0,0,0,0
623,0,0,0,0,0,0,0,0,0
624,0,0,0,0,0,0,0,0,0
625,0,0,0,0,0,0,0,0,0
626,0,0,0,0,0,0,0,0,0
627,0,0,0,0,0,0,0,0,0
628,0,0,0,0,0,0,0,0,0
629,0,0,0,0,0,0,0,0,0
630,0,0,0,0,0,0,0,0,0
631,0,0,0,0,0,0,0,0,0
632,0,0,0,0,0,0,0,0,0
633,0,0,0,0,0,0,0,0,0
634,0,0,0,0,0,0,0,0,0
635,0,0,0,0,0,0,0,0,0
636,0,0,0,0,0,0,0,0,0
637,0,0,0,0,0,0,0,0,0
638,0,0,0,0,0,0,0,0,0
639,0,0,0,0,0,0,0,0,0
640,0,0,0,0,0,0,0,0,0
641,0,0,0,0,0,0,0,0,0
642,0,0,0,0,0,0,0,0,0
643,0,0,0,0,0,0,0,0,0
644,0,0,0,0,0,0,0,0,0
645,0,0,0,0,0,0,0,0,0
646,0,0,0,0,0,0,0,0,0
647,0,0,0,0,0,0,0,0,0
648,0,0,0,0,0,0,0,0,0
649,0,0,0,0,0,0,0,0,0
650,0,0,0,0,0,0,0,0,0
651,0,0,0,0,0,0,0,0,0
652,0,0,0,0,0,0,0,0,0
653,0,0,0,0,0,0,0,0,0
654,0,0,0,0,0,0,0,0,0
655,0,0,0,0,0,0,0,0,0
656,0,0,0,0,0,0,0,0,0
657,0,0,0,0,0,0,0,0,0
658,0,0,0,0,0,0,0,0,0
659,0,0,0,0,0,0,0,0,0
660,0,0,0,0,0,0,0,0,0
661,0,0,0,0,0,0,0,0,0
662,0,0,0,0,0,0,0,0,0
663,0,0,0,0,0,0,0,0,0
664,0,0,0,0,0,0,0,0,0
665,0,0,0,0,0,0,0,0,0
666,0,0,0,0,0,0,0,0,0
667,0,0,0,0,0,0,0,0,0
668,0,0,0,0,0,0,0,0,0
669,0,0,0,0,0,0,0,0,0
670,0,0,0,0,0,0,0,0,0
671,0,0,0,0,0,0,0,0,0
672,0,0,0,0,0,0,0,0,0
673,0,0,0,0,0,0,0,0,0
674,0,0,0,0,0,0,0,0,0
675,0,0,0,0,0,0,0,0,0
676,0,0,0,0,0,0,0,0,0
677,0,0,0,0,0,0,0,0,0
678,0,0,0,0,0,0,0,0,0
679,0,0,0,0,0,0,0,0,0
680,0,0,0,0,0,0,0,0,0
681,0,0,0,0,0,0,0,0,0
682,0,0,0,0,0,0,0,0,0
683,0,0,0,0,0,0,0,0,0
684,0,0,0,0,0,0,0,0,0
685,0,0,0,0,0,0,0,0,0
686,0,0,0,0,0,0,0,0,0
687,0,0,0,0,0,0,0,0,0
688,0,0,0,0,0,0,0,0,0
689,0,0,0,0,0,0,0,0,0
690,0,0,0,0,0,0,0,0,0
691,0,0,0,0,0,0,0,0,0
692,0,0,0,0,0,0,0,0,0
693,0,0,0,0,0,0,0,0,0
694,0,0,0,0,0,0,0,0,0
695,0,0,0,0,0,0,0,0,0
696,0,0,0,0,0,0,0,0,0
697,0,0,0,0,0,0,0,0,0
698,0,0,0,0,0,0,0,0,0
699,0,0,0,0,0,0,0,0,0
700,0,0,0,0,0,0,0,0,0
701,0,0,0,0,0,0,0,0,0
702,0,0,0,0,0,0,0,0,0
703,0,0,0,0,0,0,0,0,0
704,0,0,0,0,0,0,0,0,0
705,0,0,0,0,0,0,0,0,0
706,0,0,0,0,0,0,0,0,0
707,0,0,0,0,0,0,0,0,0
708,0,0,0,0,0,0,0,0,0
709,0,0,0,0,0,0,0,0,0
710,0,0,0,0,0,0,0,0,0
711,0,0,0,0,0,0,0,0,0
712,0,0,0,0,0,0,0,0,0
713,0,0,0,0,0,0,0,0,0
714,0,0,0,0,0,0,0,0,0
715,0,0,0,0,0,0,0,0,0
716,0,0,0,0,0,0,0,0,0
717,0,0,0,0,0,0,0,0,0
718,0,0,0,0,0,0,0,0,0
719,0,0,0,0,0,0,0,0,0
720,0,0,0,0,0,0,0,0,0
721,0,0,0,0,0,0,0,0,0
722,0,0,0,0,0,0,0,0,0
723,0,0,0,0,0,0,0,0,0
724,0,0,0,0,0,0,0,0,0
725,0,0,0,0,0,0,0,0,0
726,0,0,0,0,0,0,0,0,0
727,0,0,0,0,0,0,0,0,0
728,0,0,0,0,0,0,0,0,0
729,0,0,0,0,0,0,0,0,0
730,0,0,0,0,0,0,0,0,0
731,0,0,0,0,0,0,0,0,0
732,0,0,0,0,0,0,0,0,0
733,0,0,0,0,0,0,0,0,0
734,0,0,0,0,0,0,0,0,0
735,0,0,0,0,0,0,0,0,0
736,0,0,0,0,0,0,0,0,0
737,0,0,0,0,0,0,0,0,0
738,0,0,0,0,0,0,0,0,0
739,0,0,0,0,0,0,0,0,0
740,0,0,0,0,0,0,0,0,0
741,0,0,0,0,0,0,0,0,0
742,0,0,0,0,0,0,0,0,0
743,0,0,0,0,0,0,0,0,0
744,0,0,0,0,0,0,0,0,0
745,0,0,0,0,0,0,0,0,0
746,0,0,0,0,0,0,0,0,0
747,0,0,0,0,0,0,0,0,0
748,0,0,0,0,0,0,0,0,0
749,0,0,0,0,0,0,0,0,0
750,0,0,0,0,0,0,0,0,0
0,194,7257,201425,4077983,57373546,517292847,2626655236,5935079656,3356972874
1,98,3101,68846,1107066,12378484,88687036,357835035,642682016,289126128
2,42,1044,19132,256806,2398627,14320395,48106702,71949005,26962110
3,30,531,8609,102220,845425,4461469,13237918,17456967,5767577
4,21,316,4420,47196,349294,1642553,4314229,5011494,1451716
5,13,168,2071,19726,128026,525245,1203287,1221733,309854
6,12,124,1394,12148,72959,277501,589689,557977,131778
7,8,83,855,7038,40114,145276,291995,260656,57506
8,6,50,487,3646,18671,61361,112686,93363,19365
9,3,37,329,2230,10614,32416,55423,42146,7940
10,3,27,230,1329,5531,15140,23292,16088,2765
11,3,25,191,1008,3814,9595,13600,8736,1422
12,1,16,124,580,2134,5107,6849,4158,637
13,1,12,91,386,1386,3447,4740,2840,418
14,1,12,91,375,1281,2937,3651,2021,264
15,1,7,59,230,758,1672,1957,1128,138
16,0,5,45,155,497,1068,1215,701,97
17,0,5,33,128,385,757,806,431,56
18,0,4,20,83,245,460,461,237,35
19,0,2,11,34,71,133,123,73,13
20,0,0,11,34,71,133,123,73,13
21,0,0,11,27,52,85,79,36,6
22,0,0,9,23,31,57,50,21,4
23,0,0,9,23,31,55,50,21,4
24,0,0,9,23,31,55,50,21,4
25,0,0,9,21,27,47,42,15,3
26,0,0,9,21,27,47,42,15,3
27,0,0,9,19,21,36,33,10,3
28,0,0,9,19,21,36,33,10,3
29,0,0,9,16,19,36,30,8,2
30,0,0,9,16,19,34,24,8,2
31,0,0,9,16,19,34,24,8,2
32,0,0,9,10,19,34,24,8,2
33,0,0,9,10,17,32,21,6,2
34,0,0,5,5,6,10,4,1,0
35,0,0,5,5,6,10,3,1,0
36,0,0,5,5,6,10,3,1,0
37,0,0,5,5,6,10,3,1,0
38,0,0,4,4,5,10,2,1,0
39,0,0,4,4,5,10,2,1,0
40,0,0,4,4,5,8,2,1,0
41,0,0,4,4,5,8,2,1,0
42,0,0,4,4,5,8,2,1,0
43,0,0,2,2,3,5,1,1,0
44,0,0,2,2,3,5,1,1,0
45,0,0,2,2,3,5,1,1,0
46,0,0,2,2,3,5,1,1,0
47,0,0,2,2,3,4,1,0,0
48,0,0,0,0,0,0,0,0,0
49,0,0,0,0,0,0,0,0,0
50,0,0,0,0,0,0,0,0,0
51,0,0,0,0,0,0,0,0,0
52,0,0,0,0,0,0,0,0,0
53,0,0,0,0,0,0,0,0,0
54,0,0,0,0,0,0,0,0,0
55,0,0,0,0,0,0,0,0,0
56,0,0,0,0,0,0,0,0,0
57,0,0,0,0,0,0,0,0,0
58,0,0,0,0,0,0,0,0,0
59,0,0,0,0,0,0,0,0,0
60,0,0,0,0,0,0,0,0,0
61,0,0,0,0,0,0,0,0,0
62,0,0,0,0,0,0,0,0,0
63,0,0,0,0,0,0,0,0,0
64,0,0,0,0,0,0,0,0,0
65,0,0,0,0,0,0,0,0,0
66,0,0,0,0,0,0,0,0,0
67,0,0,0,0,0,0,0,0,0
68,0,0,0,0,0,0,0,0,0
69,0,0,0,0,0,0,0,0,0
70,0,0,0,0,0,0,0,0,0
71,0,0,0,0,0,0,0,0,0
72,0,0,0,0,0,0,0,0,0
73,0,0,0,0,0,0,0,0,0
74,0,0,0,0,0,0,0,0,0
75,0,0,0,0,0,0,0,0,0
76,0,0,0,0,0,0,0,0,0
77,0,0,0,0,0,0,0,0,0
78,0,0,0,0,0,0,0,0,0
79,0,0,0,0,0,0,0,0,0
80,0,0,0,0,0,0,0,0,0
81,0,0,0,0,0,0,0,0,0
82,0,0,0,0,0,0,0,0,0
83,0,0,0,0,0,0,0,0,0
84,0,0,0,0,0,0,0,0,0
85,0,0,0,0,0,0,0,0,0
86,0,0,0,0,0,0,0,0,0
87,0,0,0,0,0,0,0,0,0
88,0,0,0,0,0,0,0,0,0
89,0,0,0,0,0,0,0,0,0
90,0,0,0,0,0,0,0,0,0
91,0,0,0,0,0,0,0,0,0
92,0,0,0,0,0,0,0,0,0
93,0,0,0,0,0,0,0,0,0
94,0,0,0,0,0,0,0,0,0
95,0,0,0,0,0,0,0,0,0
96,0,0,0,0,0,0,0,0,0
97,0,0,0,0,0,0,0,0,0
98,0,0,0,0,0,0,0,0,0
99,0,0,0,0,0,0,0,0,0
100,0,0,0,0,0,0,0,0,0
101,0,0,0,0,0,0,0,0,0
102,0,0,0,0,0,0,0,0,0
103,0,0,0,0,0,0,0,0,0
104,0,0,0,0,0,0,0,0,0
105,0,0,0,0,0,0,0,0,0
106,0,0,0,0,0,0,0,0,0
107,0,0,0,0,0,0,0,0,0
108,0,0,0,0,0,0,0,0,0
109,0,0,0,0,0,0,0,0,0
110,0,0,0,0,0,0,0,0,0
111,0,0,0,0,0,0,0,0,0
112,0,0,0,0,0,0,0,0,0
113,0,0,0,0,0,0,0,0,0
114,0,0,0,0,0,0,0,0,0
115,0,0,0,0,0,0,0,0,0
116,0,0,0,0,0,0,0,0,0
117,0,0,0,0,0,0,0,0,0
118,0,0,0,0,0,0,0,0,0
119,0,0,0,0,0,0,0,0,0
120,0,0,0,0,0,0,0,0,0
121,0,0,0,0,0,0,0,0,0
122,0,0,0,0,0,0,0,0,0
123,0,0,0,0,0,0,0,0,0
124,0,0,0,0,0,0,0,0,0
125,0,0,0,0,0,0,0,0,0
126,0,0,0,0,0,0,0,0,0
127,0,0,0,0,0,0,0,0,0
128,0,0,0,0,0,0,0,0,0
129,0,0,0,0,0,0,0,0,0
130,0,0,0,0,0,0,0,0,0
131,0,0,0,0,0,0,0,0,0
132,0,0,0,0,0,0,0,0,0
133,0,0,0,0,0,0,0,0,0
134,0,0,0,0,0,0,0,0,0
135,0,0,0,0,0,0,0,0,0
136,0,0,0,0,0,0,0,0,0
137,0,0,0,0,0,0,0,0,0
138,0,0,0,0,0,0,0,0,0
139,0,0,0,0,0,0,0,0,0
140,0,0,0,0,0,0,0,0,0
141,0,0,0,0,0,0,0,0,0
142,0,0,0,0,0,0,0,0,0
143,0,0,0,0,0,0,0,0,0
144,0,0,0,0,0,0,0,0,0
145,0,0,0,0,0,0,0,0,0
146,0,0,0,0,0,0,0,0,0
147,0,0,0,0,0,0,0,0,0
148,0,0,0,0,0,0,0,0,0
149,0,0,0,0,0,0,0,0,0
150,0,0,0,0,0,0,0,0,0
151,0,0,0,0,0,0,0,0,0
152,0,0,0,0,0,0,0,0,0
153,0,0,0,0,0,0,0,0,0
154,0,0,0,0,0,0,0,0,0
155,0,0,0,0,0,0,0,0,0
156,0,0,0,0,0,0,0,0,0
157,0,0,0,0,0,0,0,0,0
158,0,0,0,0,0,0,0,0,0
159,0,0,0,0,0,0,0,0,0
160,0,0,0,0,0,0,0,0,0
161,0,0,0,0,0,0,0,0,0
162,0,0,0,0,0,0,0,0,0
163,0,0,0,0,0,0,0,0,0
164,0,0,0,0,0,0,0,0,0
165,0,0,0,0,0,0,0,0,0
166,0,0,0,0,0,0,0,0,0
167,0,0,0,0,0,0,0,0,0
168,0,0,0,0,0,0,0,0,0
169,0,0,0,0,0,0,0,0,0
170,0,0,0,0,0,0,0,0,0
171,0,0,0,0,0,0,0,0,0
172,0,0,0,0,0,0,0,0,0
173,0,0,0,0,0,0,0,0,0
174,0,0,0,0,0,0,0,0,0
175,0,0,0,0,0,0,0,0,0
176,0,0,0,0,0,0,0,0,0
177,0,0,0,0,0,0,0,0,0
178,0,0,0,0,0,0,0,0,0
179,0,0,0,0,0,0,0,0,0
180,0,0,0,0,0,0,0,0,0
181,0,0,0,0,0,0,0,0,0
182,0,0,0,0,0,0,0,0,0
183,0,0,0,0,0,0,0,0,0
184,0,0,0,0,0,0,0,0,0
185,0,0,0,0,0,0,0,0,0
186,0,0,0,0,0,0,0,0,0
187,0,0,0,0,0,0,0,0,0
188,0,0,0,0,0,0,0,0,0
189,0,0,0,0,0,0,0,0,0
190,0,0,0,0,0,0,0,0,0
191,0,0,0,0,0,0,0,0,0
192,0,0,0,0,0,0,0,0,0
193,0,0,0,0,0,0,0,0,0
194,0,0,0,0,0,0,0,0,0
195,0,0,0,0,0,0,0,0,0
196,0,0,0,0,0,0,0,0,0
197,0,0,0,0,0,0,0,0,0
198,0,0,0,0,0,0,0,0,0
199,0,0,0,0,0,0,0,0,0
200,0,0,0,0,0,0,0,0,0
201,0,0,0,0,0,0,0,0,0
202,0,0,0,0,0,0,0,0,0
203,0,0,0,0,0,0,0,0,0
204,0,0,0,0,0,0,0,0,0
205,0,0,0,0,0,0,0,0,0
206,0,0,0,0,0,0,0,0,0
207,0,0,0,0,0,0,0,0,0
208,0,0,0,0,0,0,0,0,0
209,0,0,0,0,0,0,0,0,0
210,0,0,0,0,0,0,0,0,0
211,0,0,0,0,0,0,0,0,0
212,0,0,0,0,0,0,0,0,0
213,0,0,0,0,0,0,0,0,0
214,0,0,0,0,0,0,0,0,0
215,0,0,0,0,0,0,0,0,0
216,0,0,0,0,0,0,0,0,0
217,0,0,0,0,0,0,0,0,0
218,0,0,0,0,0,0,0,0,0
219,0,0,0,0,0,0,0,0,0
220,0,0,0,0,0,0,0,0,0
221,0,0,0,0,0,0,0,0,0
222,0,0,0,0,0,0,0,0,0
223,0,0,0,0,0,0,0,0,0
224,0,0,0,0,0,0,0,0,0
225,0,0,0,0,0,0,0,0,0
226,0,0,0,0,0,0,0,0,0
227,0,0,0,0,0,0,0,0,0
228,0,0,0,0,0,0,0,0,0
229,0,0,0,0,0,0,0,0,0
230,0,0,0,0,0,0,0,0,0
231,0,0,0,0,0,0,0,0,0
232,0,0,0,0,0,0,0,0,0
233,0,0,0,0,0,0,0,0,0
234,0,0,0,0,0,0,0,0,0
235,0,0,0,0,0,0,0,0,0
236,0,0,0,0,0,0,0,0,0
237,0,0,0,0,0,0,0,0,0
238,0,0,0,0,0,0,0,0,0
239,0,0,0,0,0,0,0,0,0
240,0,0,0,0,0,0,0,0,0
241,0,0,0,0,0,0,0,0,0
242,0,0,0,0,0,0,0,0,0
243,0,0,0,0,0,0,0,0,0
244,0,0,0,0,0,0,0,0,0
245,0,0,0,0,0,0,0,0,0
246,0,0,0,0,0,0,0,0,0
247,0,0,0,0,0,0,0,0,0
248,0,0,0,0,0,0,0,0,0
249,0,0,0,0,0,0,0,0,0
250,0,0,0,0,0,0,0,0,0
251,0,0,0,0,0,0,0,0,0
252,0,0,0,0,0,0,0,0,0
253,0,0,0,0,0,0,0,0,0
254,0,0,0,0,0,0,0,0,0
255,0,0,0,0,0,0,0,0,0
256,0,0,0,0,0,0,0,0,0
257,0,0,0,0,0,0,0,0,0
258,0,0,0,0,0,0,0,0,0
259,0,0,0,0,0,0,0,0,0
260,0,0,0,0,0,0,0,0,0
261,0,0,0,0,0,0,0,0,0
262,0,0,0,0,0,0,0,0,0
263,0,0,0,0,0,0,0,0,0
264,0,0,0,0,0,0,0,0,0
265,0,0,0,0,0,0,0,0,0
266,0,0,0,0,0,0,0,0,0
267,0,0,0,0,0,0,0,0,0
268,0,0,0,0,0,0,0,0,0
269,0,0,0,0,0,0,0,0,0
270,0,0,0,0,0,0,0,0,0
271,0,0,0,0,0,0,0,0,0
272,0,0,0,0,0,0,0,0,0
273,0,0,0,0,0,0,0,0,0
274,0,0,0,0,0,0,0,0,0
275,0,0,0,0,0,0,0,0,0
276,0,0,0,0,0,0,0,0,0
277,0,0,0,0,0,0,0,0,0
278,0,0,0,0,0,0,0,0,0
279,0,0,0,0,0,0,0,0,0
280,0,0,0,0,0,0,0,0,0
281,0,0,0,0,0,0,0,0,0
282,0,0,0,0,0,0,0,0,0
283,0,0,0,0,0,0,0,0,0
284,0,0,0,0,0,0,0,0,0
285,0,0,0,0,0,0,0,0,0
286,0,0,0,0,0,0,0,0,0
287,0,0,0,0,0,0,0,0,0
288,0,0,0,0,0,0,0,0,0
289,0,0,0,0,0,0,0,0,0
290,0,0,0,0,0,0,0,0,0
291,0,0,0,0,0,0,0,0,0
292,0,0,0,0,0,0,0,0,0
293,0,0,0,0,0,0,0,0,0
294,0,0,0,0,0,0,0,0,0
295,0,0,0,0,0,0,0,0,0
296,0,0,0,0,0,0,0,0,0
297,0,0,0,0,0,0,0,0,0
298,0,0,0,0,0,0,0,0,0
299,0,0,0,0,0,0,0,0,0
300,0,0,0,0,0,0,0,0,0
301,0,0,0,0,0,0,0,0,0
302,0,0,0,0,0,0,0,0,0
303,0,0,0,0,0,0,0,0,0
304,0,0,0,0,0,0,0,0,0
305,0,0,0,0,0,0,0,0,0
306,0,0,0,0,0,0,0,0,0
307,0,0,0,0,0,0,0,0,0
308,0,0,0,0,0,0,0,0,0
309,0,0,0,0,0,0,0,0,0
310,0,0,0,0,0,0,0,0,0
311,0,0,0,0,0,0,0,0,0
312,0,0,0,0,0,0,0,0,0
313,0,0,0,0,0,0,0,0,0
314,0,0,0,0,0,0,0,0,0
315,0,0,0,0,0,0,0,0,0
316,0,0,0,0,0,0,0,0,0
317,0,0,0,0,0,0,0,0,0
318,0,0,0,0,0,0,0,0,0
319,0,0,0,0,0,0,0,0,0
320,0,0,0,0,0,0,0,0,0
321,0,0,0,0,0,0,0,0,0
322,0,0,0,0,0,0,0,0,0
323,0,0,0,0,0,0,0,0,0
324,0,0,0,0,0,0,0,0,0
325,0,0,0,0,0,0,0,0,0
326,0,0,0,0,0,0,0,0,0
327,0,0,0,0,0,0,0,0,0
328,0,0,0,0,0,0,0,0,0
329,0,0,0,0,0,0,0,0,0
330,0,0,0,0,0,0,0,0,0
331,0,0,0,0,0,0,0,0,0
332,0,0,0,0,0,0,0,0,0
333,0,0,0,0,0,0,0,0,0
334,0,0,0,0,0,0,0,0,0
335,0,0,0,0,0,0,0,0,0
336,0,0,0,0,0,0,0,0,0
337,0,0,0,0,0,0,0,0,0
338,0,0,0,0,0,0,0,0,0
339,0,0,0,0,0,0,0,0,0
340,0,0,0,0,0,0,0,0,0
341,0,0,0,0,0,0,0,0,0
342,0,0,0,0,0,0,0,0,0
343,0,0,0,0,0,0,0,0,0
344,0,0,0,0,0,0,0,0,0
345,0,0,0,0,0,0,0,0,0
346,0,0,0,0,0,0,0,0,0
347,0,0,0,0,0,0,0,0,0
348,0,0,0,0,0,0,0,0,0
349,0,0,0,0,0,0,0,0,0
350,0,0,0,0,0,0,0,0,0
351,0,0,0,0,0,0,0,0,0
352,0,0,0,0,0,0,0,0,0
353,0,0,0,0,0,0,0,0,0
354,0,0,0,0,0,0,0,0,0
355,0,0,0,0,0,0,0,0,0
356,0,0,0,0,0,0,0,0,0
357,0,0,0,0,0,0,0,0,0
358,0,0,0,0,0,0,0,0,0
359,0,0,0,0,0,0,0,0,0
360,0,0,0,0,0,0,0,0,0
361,0,0,0,0,0,0,0,0,0
362,0,0,0,0,0,0,0,0,0
363,0,0,0,0,0,0,0,0,0
364,0,0,0,0,0,0,0,0,0
365,0,0,0,0,0,0,0,0,0
366,0,0,0,0,0,0,0,0,0
367,0,0,0,0,0,0,0,0,0
368,0,0,0,0,0,0,0,0,0
369,0,0,0,0,0,0,0,0,0
370,0,0,0,0,0,0,0,0,0
371,0,0,0,0,0,0,0,0,0
372,0,0,0,0,0,0,0,0,0
373,0,0,0,0,0,0,0,0,0
374,0,0,0,0,0,0,0,0,0
375,0,0,0,0,0,0,0,0,0
376,0,0,0,0,0,0,0,0,0
377,0,0,0,0,0,0,0,0,0
378,0,0,0,0,0,0,0,0,0
379,0,0,0,0,0,0,0,0,0
380,0,0,0,0,0,0,0,0,0
381,0,0,0,0,0,0,0,0,0
382,0,0,0,0,0,0,0,0,0
383,0,0,0,0,0,0,0,0,0
384,0,0,0,0,0,0,0,0,0
385,0,0,0,0,0,0,0,0,0
386,0,0,0,0,0,0,0,0,0
387,0,0,0,0,0,0,0,0,0
388,0,0,0,0,0,0,0,0,0
389,0,0,0,0,0,0,0,0,0
390,0,0,0,0,0,0,0,0,0
391,0,0,0,0,0,0,0,0,0
392,0,0,0,0,0,0,0,0,0
393,0,0,0,0,0,0,0,0,0
394,0,0,0,0,0,0,0,0,0
395,0,0,0,0,0,0,0,0,0
396,0,0,0,0,0,0,0,0,0
397,0,0,0,0,0,0,0,0,0
398,0,0,0,0,0,0,0,0,0
399,0,0,0,0,0,0,0,0,0
400,0,0,0,0,0,0,0,0,0
401,0,0,0,0,0,0,0,0,0
402,0,0,0,0,0,0,0,0,0
403,0,0,0,0,0,0,0,0,0
404,0,0,0,0,0,0,0,0,0
405,0,0,0,0,0,0,0,0,0
406,0,0,0,0,0,0,0,0,0
407,0,0,0,0,0,0,0,0,0
408,0,0,0,0,0,0,0,0,0
409,0,0,0,0,0,0,0,0,0
410,0,0,0,0,0,0,0,0,0
411,0,0,0,0,0,0,0,0,0
412,0,0,0,0,0,0,0,0,0
413,0,0,0,0,0,0,0,0,0
414,0,0,0,0,0,0,0,0,0
415,0,0,0,0,0,0,0,0,0
416,0,0,0,0,0,0,0,0,0
417,0,0,0,0,0,0,0,0,0
418,0,0,0,0,0,0,0,0,0
419,0,0,0,0,0,0,0,0,0
420,0,0,0,0,0,0,0,0,0
421,0,0,0,0,0,0,0,0,0
422,0,0,0,0,0,0,0,0,0
423,0,0,0,0,0,0,0,0,0
424,0,0,0,0,0,0,0,0,0
425,0,0,0,0,0,0,0,0,0
426,0,0,0,0,0,0,0,0,0
427,0,0,0,0,0,0,0,0,0
428,0,0,0,0,0,0,0,0,0
429,0,0,0,0,0,0,0,0,0
430,0,0,0,0,0,0,0,0,0
431,0,0,0,0,0,0,0,0,0
432,0,0,0,0,0,0,0,0,0
433,0,0,0,0,0,0,0,0,0
434,0,0,0,0,0,0,0,0,0
435,0,0,0,0,0,0,0,0,0
436,0,0,0,0,0,0,0,0,0
437,0,0,0,0,0,0,0,0,0
438,0,0,0,0,0,0,0,0,0
439,0,0,0,0,0,0,0,0,0
440,0,0,0,0,0,0,0,0,0
441,0,0,0,0,0,0,0,0,0
442,0,0,0,0,0,0,0,0,0
443,0,0,0,0,0,0,0,0,0
444,0,0,0,0,0,0,0,0,0
445,0,0,0,0,0,0,0,0,0
446,0,0,0,0,0,0,0,0,0
447,0,0,0,0,0,0,0,0,0
448,0,0,0,0,0,0,0,0,0
449,0,0,0,0,0,0,0,0,0
450,0,0,0,0,0,0,0,0,0
451,0,0,0,0,0,0,0,0,0
452,0,0,0,0,0,0,0,0,0
453,0,0,0,0,0,0,0,0,0
454,0,0,0,0,0,0,0,0,0
455,0,0,0,0,0,0,0,0,0
456,0,0,0,0,0,0,0,0,0
457,0,0,0,0,0,0,0,0,0
458,0,0,0,0,0,0,0,0,0
459,0,0,0,0,0,0,0,0,0
460,0,0,0,0,0,0,0,0,0
461,0,0,0,0,0,0,0,0,0
462,0,0,0,0,0,0,0,0,0
463,0,0,0,0,0,0,0,0,0
464,0,0,0,0,0,0,0,0,0
465,0,0,0,0,0,0,0,0,0
466,0,0,0,0,0,0,0,0,0
467,0,0,0,0,0,0,0,0,0
468,0,0,0,0,0,0,0,0,0
469,0,0,0,0,0,0,0,0,0
470,0,0,0,0,0,0,0,0,0
471,0,0,0,0,0,0,0,0,0
472,0,0,0,0,0,0,0,0,0
473,0,0,0,0,0,0,0,0,0
474,0,0,0,0,0,0,0,0,0
475,0,0,0,0,0,0,0,0,0
476,0,0,0,0,0,0,0,0,0
477,0,0,0,0,0,0,0,0,0
478,0,0,0,0,0,0,0,0,0
479,0,0,0,0,0,0,0,0,0
480,0,0,0,0,0,0,0,0,0
481,0,0,0,0,0,0,0,0,0
482,0,0,0,0,0,0,0,0,0
483,0,0,0,0,0,0,0,0,0
484,0,0,0,0,0,0,0,0,0
485,0,0,0,0,0,0,0,0,0
486,0,0,0,0,0,0,0,0,0
487,0,0,0,0,0,0,0,0,0
488,0,0,0,0,0,0,0,0,0
489,0,0,0,0,0,0,0,0,0
490,0,0,0,0,0,0,0,0,0
491,0,0,0,0,0,0,0,0,0
492,0,0,0,0,0,0,0,0,0
493,0,0,0,0,0,0,0,0,0
494,0,0,0,0,0,0,0,0,0
495,0,0,0,0,0,0,0,0,0
496,0,0,0,0,0,0,0,0,0
497,0,0,0,0,0,0,0,0,0
498,0,0,0,0,0,0,0,0,0
499,0,0,0,0,0,0,0,0,0
500,0,0,0,0,0,0,0,0,0
501,0,0,0,0,0,0,0,0,0
502,0,0,0,0,0,0,0,0,0
503,0,0,0,0,0,0,0,0,0
504,0,0,0,0,0,0,0,0,0
505,0,0,0,0,0,0,0,0,0
506,0,0,0,0,0,0,0,0,0
507,0,0,0,0,0,0,0,0,0
508,0,0,0,0,0,0,0,0,0
509,0,0,0,0,0,0,0,0,0
510,0,0,0,0,0,0,0,0,0
511,0,0,0,0,0,0,0,0,0
512,0,0,0,0,0,0,0,0,0
513,0,0,0,0,0,0,0,0,0
514,0,0,0,0,0,0,0,0,0
515,0,0,0,0,0,0,0,0,0
516,0,0,0,0,0,0,0,0,0
517,0,0,0,0,0,0,0,0,0
518,0,0,0,0,0,0,0,0,0
519,0,0,0,0,0,0,0,0,0
520,0,0,0,0,0,0,0,0,0
521,0,0,0,0,0,0,0,0,0
522,0,0,0,0,0,0,0,0,0
523,0,0,0,0,0,0,0,0,0
524,0,0,0,0,0,0,0,0,0
525,0,0,0,0,0,0,0,0,0
526,0,0,0,0,0,0,0,0,0
527,0,0,0,0,0,0,0,0,0
528,0,0,0,0,0,0,0,0,0
529,0,0,0,0,0,0,0,0,0
530,0,0,0,0,0,0,0,0,0
531,0,0,0,0,0,0,0,0,0
532,0,0,0,0,0,0,0,0,0
533,0,0,0,0,0,0,0,0,0
534,0,0,0,0,0,0,0,0,0
535,0,0,0,0,0,0,0,0,0
536,0,0,0,0,0,0,0,0,0
537,0,0,0,0,0,0,0,0,0
538,0,0,0,0,0,0,0,0,0
539,0,0,0,0,0,0,0,0,0
540,0,0,0,0,0,0,0,0,0
541,0,0,0,0,0,0,0,0,0
542,0,0,0,0,0,0,0,0,0
543,0,0,0,0,0,0,0,0,0
544,0,0,0,0,0,0,0,0,0
545,0,0,0,0,0,0,0,0,0
546,0,0,0,0,0,0,0,0,0
547,0,0,0,0,0,0,0,0,0
548,0,0,0,0,0,0,0,0,0
549,0,0,0,0,0,0,0,0,0
550,0,0,0,0,0,0,0,0,0
551,0,0,0,0,0,0,0,0,0
552,0,0,0,0,0,0,0,0,0
553,0,0,0,0,0,0,0,0,0
554,0,0,0,0,0,0,0,0,0
555,0,0,0,0,0,0,0,0,0
556,0,0,0,0,0,0,0,0,0
557,0,0,0,0,0,0,0,0,0
558,0,0,0,0,0,0,0,0,0
559,0,0,0,0,0,0,0,0,0
560,0,0,0,0,0,0,0,0,0
561,0,0,0,0,0,0,0,0,0
562,0,0,0,0,0,0,0,0,0
563,0,0,0,0,0,0,0,0,0
564,0,0,0,0,0,0,0,0,0
565,0,0,0,0,0,0,0,0,0
566,0,0,0,0,0,0,0,0,0
567,0,0,0,0,0,0,0,0,0
568,0,0,0,0,0,0,0,0,0
569,0,0,0,0,0,0,0,0,0
570,0,0,0,0,0,0,0,0,0
571,0,0,0,0,0,0,0,0,0
572,0,0,0,0,0,0,0,0,0
573,0,0,0,0,0,0,0,0,0
574,0,0,0,0,0,0,0,0,0
575,0,0,0,0,0,0,0,0,0
576,0,0,0,0,0,0,0,0,0
577,0,0,0,0,0,0,0,0,0
578,0,0,0,0,0,0,0,0,0
579,0,0,0,0,0,0,0,0,0
580,0,0,0,0,0,0,0,0,0
581,0,0,0,0,0,0,0,0,0
582,0,0,0,0,0,0,0,0,0
583,0,0,0,0,0,0,0,0,0
584,0,0,0,0,0,0,0,0,0
585,0,0,0,0,0,0,0,0,0
586,0,0,0,0,0,0,0,0,0
587,0,0,0,0,0,0,0,0,0
588,0,0,0,0,0,0,0,0,0
589,0,0,0,0,0,0,0,0,0
590,0,0,0,0,0,0,0,0,0
591,0,0,0,0,0,0,0,0,0
592,0,0,0,0,0,0,0,0,0
593,0,0,0,0,0,0,0,0,0
594,0,0,0,0,0,0,0,0,0
595,0,0,0,0,0,0,0,0,0
596,0,0,0,0,0,0,0,0,0
597,0,0,0,0,0,0,0,0,0
598,0,0,0,0,0,0,0,0,0
599,0,0,0,0,0,0,0,0,0
600,0,0,0,0,0,0,0,0,0
601,0,0,0,0,0,0,0,0,0
602,0,0,0,0,0,0,0,0,0
603,0,0,0,0,0,0,0,0,0
604,0,0,0,0,0,0,0,0,0
605,0,0,0,0,0,0,0,0,0
606,0,0,0,0,0,0,0,0,0
607,0,0,0,0,0,0,0,0,0
608,0,0,0,0,0,0,0,0,0
609,0,0,0,0,0,0,0,0,0
610,0,0,0,0,0,0,0,0,0
611,0,0,0,0,0,0,0,0,0
612,0,0,0,0,0,0,0,0,0
613,0,0,0,0,0,0,0,0,0
614,0,0,0,0,0,0,0,0,0
615,0,0,0,0,0,0,0,0,0
616,0,0,0,0,0,0,0,0,0
617,0,0,0,0,0,0,0,0,0
618,0,0,0,0,0,0,0,0,0
619,0,0,0,0,0,0,0,0,0
620,0,0,0,0,0,0,0,0,0
621,0,0,0,0,0,0,0,0,0
622,0,0,0,0,0,0,0,0,0
623,0,0,0,0,0,0,0,0,0
624,0,0,0,0,0,0,0,0,0
625,0,0,0,0,0,0,0,0,0
626,0,0,0,0,0,0,0,0,0
627,0,0,0,0,0,0,0,0,0
628,0,0,0,0,0,0,0,0,0
629,0,0,0,0,0,0,0,0,0
630,0,0,0,0,0,0,0,0,0
631,0,0,0,0,0,0,0,0,0
632,0,0,0,0,0,0,0,0,0
633,0,0,0,0,0,0,0,0,0
634,0,0,0,0,0,0,0,0,0
635,0,0,0,0,0,0,0,0,0
636,0,0,0,0,0,0,0,0,0
637,0,0,0,0,0,0,0,0,0
638,0,0,0,0,0,0,0,0,0
639,0,0,0,0,0,0,0,0,0
640,0,0,0,0,0,0,0,0,0
641,0,0,0,0,0,0,0,0,0
642,0,0,0,0,0,0,0,0,0
643,0,0,0,0,0,0,0,0,0
644,0,0,0,0,0,0,0,0,0
645,0,0,0,0,0,0,0,0,0
646,0,0,0,0,0,0,0,0,0
647,0,0,0,0,0,0,0,0,0
648,0,0,0,0,0,0,0,0,0
649,0,0,0,0,0,0,0,0,0
650,0,0,0,0,0,0,0,0,0
651,0,0,0,0,0,0,0,0,0
652,0,0,0,0,0,0,0,0,0
653,0,0,0,0,0,0,0,0,0
654,0,0,0,0,0,0,0,0,0
655,0,0,0,0,0,0,0,0,0
656,0,0,0,0,0,0,0,0,0
657,0,0,0,0,0,0,0,0,0
658,0,0,0,0,0,0,0,0,0
659,0,0,0,0,0,0,0,0,0
660,0,0,0,0,0,0,0,0,0
661,0,0,0,0,0,0,0,0,0
662,0,0,0,0,0,0,0,0,0
663,0,0,0,0,0,0,0,0,0
664,0,0,0,0,0,0,0,0,0
665,0,0,0,0,0,0,0,0,0
666,0,0,0,0,0,0,0,0,0
667,0,0,0,0,0,0,0,0,0
668,0,0,0,0,0,0,0,0,0
669,0,0,0,0,0,0,0,0,0
670,0,0,0,0,0,0,0,0,0
671,0,0,0,0,0,0,0,0,0
672,0,0,0,0,0,0,0,0,0
673,0,0,0,0,0,0,0,0,0
674,0,0,0,0,0,0,0,0,0
675,0,0,0,0,0,0,0,0,0
676,0,0,0,0,0,0,0,0,0
677,0,0,0,0,0,0,0,0,0
678,0,0,0,0,0,0,0,0,0
679,0,0,0,0,0,0,0,0,0
680,0,0,0,0,0,0,0,0,0
681,0,0,0,0,0,0,0,0,0
682,0,0,0,0,0,0,0,0,0
683,0,0,0,0,0,0,0,0,0
684,0,0,0,0,0,0,0,0,0
685,0,0,0,0,0,0,0,0,0
686,0,0,0,0,0,0,0,0,0
687,0,0,0,0,0,0,0,0,0
688,0,0,0,0,0,0,0,0,0
689,0,0,0,0,0,0,0,0,0
690,0,0,0,0,0,0,0,0,0
691,0,0,0,0,0,0,0,0,0
692,0,0,0,0,0,0,0,0,0
693,0,0,0,0,0,0,0,0,0
694,0,0,0,0,0,0,0,0,0
695,0,0,0,0,0,0,0,0,0
696,0,0,0,0,0,0,0,0,0
697,0,0,0,0,0,0,0,0,0
698,0,0,0,0,0,0,0,0,0
699,0,0,0,0,0,0,0,0,0
700,0,0,0,0,0,0,0,0,0
701,0,0,0,0,0,0,0,0,0
702,0,0,0,0,0,0,0,0,0
703,0,0,0,0,0,0,0,0,0
704,0,0,0,0,0,0,0,0,0
705,0,0,0,0,0,0,0,0,0
706,0,0,0,0,0,0,0,0,0
707,0,0,0,0,0,0,0,0,0
708,0,0,0,0,0,0,0,0,0
709,0,0,0,0,0,0,0,0,0
710,0,0,0,0,0,0,0,0,0
711,0,0,0,0,0,0,0,0,0
712,0,0,0,0,0,0,0,0,0
713,0,0,0,0,0,0,0,0,0
714,0,0,0,0,0,0,0,0,0
715,0,0,0,0,0,0,0,0,0
716,0,0,0,0,0,0,0,0,0
717,0,0,0,0,0,0,0,0,0
718,0,0,0,0,0,0,0,0,0
719,0,0,0,0,0,0,0,0,0
720,0,0,0,0,0,0,0,0,0
721,0,0,0,0,0,0,0,0,0
722,0,0,0,0,0,0,0,0,0
723,0,0,0,0,0,0,0,0,0
724,0,0,0,0,0,0,0,0,0
725,0,0,0,0,0,0,0,0,0
726,0,0,0,0,0,0,0,0,0
727,0,0,0,0,0,0,0,0,0
728,0,0,0,0,0,0,0,0,0
729,0,0,0,0,0,0,0,0,0
730,0,0,0,0,0,0,0,0,0
731,0,0,0,0,0,0,0,0,0
732,0,0,0,0,0,0,0,0,0
733,0,0,0,0,0,0,0,0,0
734,0,0,0,0,0,0,0,0,0
735,0,0,0,0,0,0,0,0,0
736,0,0,0,0,0,0,0,0,0
737,0,0,0,0,0,0,0,0,0
738,0,0,0,0,0,0,0,0,0
739,0,0,0,0,0,0,0,0,0
740,0,0,0,0,0,0,0,0,0
741,0,0,0,0,0,0,0,0,0
742,0,0,0,0,0,0,0,0,0
743,0,0,0,0,0,0,0,0,0
744,0,0,0,0,0,0,0,0,0
745,0,0,0,0,0,0,0,0,0
746,0,0,0,0,0,0,0,0,0
747,0,0,0,0,0,0,0,0,0
748,0,0,0,0,0,0,0,0,0
749,0,0,0,0,0,0,0,0,0
750,0,0,0,0,0,0,0,0,0
0,194,7257,201425,4077983,57373546,517292847,2626655236,5935079656,3356972874
1,105,3149,70092,1132971,12724663,91667878,372394626,673750051,305274890
2,67,1659,30707,420076,3972984,24106017,82340295,125232946,47699097
3,38,920,14187,163132,1298109,6642189,19153736,24604085,7912986
4,22,518,7108,71837,500430,2243617,5643830,6290798,1731591
5,12,323,4113,37044,239392,983677,2260162,2293528,573562
6,8,233,2742,21856,124854,451986,910739,809293,175190
7,8,163,1715,12241,62664,202376,366372,292401,56574
8,7,145,1328,8734,40949,121437,200537,147197,26469
9,4,109,725,4492,19167,50907,75407,50177,7999
10,4,69,429,2350,8953,21428,28570,17587,2690
11,3,59,379,1976,7079,15859,19536,11083,1593
12,2,48,303,1521,5332,11825,14420,8104,1176
13,2,44,261,1307,4368,9553,11414,6352,889
14,2,34,196,938,2920,5972,6787,3400,472
15,2,25,148,656,1959,3824,4162,2130,303
16,1,15,94,407,1137,2100,2252,1125,161
17,1,15,81,291,710,1161,1034,428,53
18,1,14,76,259,595,973,866,365,49
19,1,10,50,171,383,634,578,244,35
20,1,10,49,150,333,513,442,188,28
21,1,8,40,113,242,363,299,120,16
22,0,5,26,74,147,203,173,68,7
23,0,5,20,54,89,109,81,28,1
24,0,5,20,54,89,109,81,28,1
25,0,4,18,48,84,91,67,21,1
26,0,4,18,48,84,91,67,21,1
27,0,4,18,48,79,88,65,20,1
28,0,4,16,38,65,76,48,16,1
29,0,4,15,36,61,69,41,14,1
30,0,4,15,36,61,69,41,14,1
31,0,4,15,36,61,69,41,14,1
32,0,4,15,36,54,48,34,13,0
33,0,3,7,19,21,15,8,1,0
34,0,3,7,19,19,15,6,1,0
35,0,2,3,7,7,4,2,0,0
36,0,2,3,7,7,4,1,0,0
37,0,0,2,6,7,3,1,0,0
38,0,0,2,6,7,3,1,0,0
39,0,0,2,6,7,3,1,0,0
40,0,0,2,6,7,3,1,0,0
41,0,0,2,6,7,3,0,0,0
42,0,0,2,6,7,3,0,0,0
43,0,0,2,6,7,3,0,0,0
44,0,0,2,6,7,3,0,0,0
45,0,0,2,6,7,3,0,0,0
46,0,0,2,6,7,3,0,0,0
47,0,0,2,6,7,1,0,0,0
48,0,0,0,0,0,0,0,0,0
49,0,0,0,0,0,0,0,0,0
50,0,0,0,0,0,0,0,0,0
51,0,0,0,0,0,0,0,0,0
52,0,0,0,0,0,0,0,0,0
53,0,0,0,0,0,0,0,0,0
54,0,0,0,0,0,0,0,0,0
55,0,0,0,0,0,0,0,0,0
56,0,0,0,0,0,0,0,0,0
57,0,0,0,0,0,0,0,0,0
58,0,0,0,0,0,0,0,0,0
59,0,0,0,0,0,0,0,0,0
60,0,0,0,0,0,0,0,0,0
61,0,0,0,0,0,0,0,0,0
62,0,0,0,0,0,0,0,0,0
63,0,0,0,0,0,0,0,0,0
64,0,0,0,0,0,0,0,0,0
65,0,0,0,0,0,0,0,0,0
66,0,0,0,0,0,0,0,0,0
67,0,0,0,0,0,0,0,0,0
68,0,0,0,0,0,0,0,0,0
69,0,0,0,0,0,0,0,0,0
70,0,0,0,0,0,0,0,0,0
71,0,0,0,0,0,0,0,0,0
72,0,0,0,0,0,0,0,0,0
73,0,0,0,0,0,0,0,0,0
74,0,0,0,0,0,0,0,0,0
75,0,0,0,0,0,0,0,0,0
76,0,0,0,0,0,0,0,0,0
77,0,0,0,0,0,0,0,0,0
78,0,0,0,0,0,0,0,0,0
79,0,0,0,0,0,0,0,0,0
80,0,0,0,0,0,0,0,0,0
81,0,0,0,0,0,0,0,0,0
82,0,0,0,0,0,0,0,0,0
83,0,0,0,0,0,0,0,0,0
84,0,0,0,0,0,0,0,0,0
85,0,0,0,0,0,0,0,0,0
86,0,0,0,0,0,0,0,0,0
87,0,0,0,0,0,0,0,0,0
88,0,0,0,0,0,0,0,0,0
89,0,0,0,0,0,0,0,0,0
90,0,0,0,0,0,0,0,0,0
91,0,0,0,0,0,0,0,0,0
92,0,0,0,0,0,0,0,0,0
93,0,0,0,0,0,0,0,0,0
94,0,0,0,0,0,0,0,0,0
95,0,0,0,0,0,0,0,0,0
96,0,0,0,0,0,0,0,0,0
97,0,0,0,0,0,0,0,0,0
98,0,0,0,0,0,0,0,0,0
99,0,0,0,0,0,0,0,0,0
100,0,0,0,0,0,0,0,0,0
101,0,0,0,0,0,0,0,0,0
102,0,0,0,0,0,0,0,0,0
103,0,0,0,0,0,0,0,0,0
104,0,0,0,0,0,0,0,0,0
105,0,0,0,0,0,0,0,0,0
106,0,0,0,0,0,0,0,0,0
107,0,0,0,0,0,0,0,0,0
108,0,0,0,0,0,0,0,0,0
109,0,0,0,0,0,0,0,0,0
110,0,0,0,0,0,0,0,0,0
111,0,0,0,0,0,0,0,0,0
112,0,0,0,0,0,0,0,0,0
113,0,0,0,0,0,0,0,0,0
114,0,0,0,0,0,0,0,0,0
115,0,0,0,0,0,0,0,0,0
116,0,0,0,0,0,0,0,0,0
117,0,0,0,0,0,0,0,0,0
118,0,0,0,0,0,0,0,0,0
119,0,0,0,0,0,0,0,0,0
120,0,0,0,0,0,0,0,0,0
121,0,0,0,0,0,0,0,0,0
122,0,0,0,0,0,0,0,0,0
123,0,0,0,0,0,0,0,0,0
124,0,0,0,0,0,0,0,0,0
125,0,0,0,0,0,0,0,0,0
126,0,0,0,0,0,0,0,0,0
127,0,0,0,0,0,0,0,0,0
128,0,0,0,0,0,0,0,0,0
129,0,0,0,0,0,0,0,0,0
130,0,0,0,0,0,0,0,0,0
131,0,0,0,0,0,0,0,0,0
132,0,0,0,0,0,0,0,0,0
133,0,0,0,0,0,0,0,0,0
134,0,0,0,0,0,0,0,0,0
135,0,0,0,0,0,0,0,0,0
136,0,0,0,0,0,0,0,0,0
137,0,0,0,0,0,0,0,0,0
138,0,0,0,0,0,0,0,0,0
139,0,0,0,0,0,0,0,0,0
140,0,0,0,0,0,0,0,0,0
141,0,0,0,0,0,0,0,0,0
142,0,0,0,0,0,0,0,0,0
143,0,0,0,0,0,0,0,0,0
144,0,0,0,0,0,0,0,0,0
145,0,0,0,0,0,0,0,0,0
146,0,0,0,0,0,0,0,0,0
147,0,0,0,0,0,0,0,0,0
148,0,0,0,0,0,0,0,0,0
149,0,0,0,0,0,0,0,0,0
150,0,0,0,0,0,0,0,0,0
151,0,0,0,0,0,0,0,0,0
152,0,0,0,0,0,0,0,0,0
153,0,0,0,0,0,0,0,0,0
154,0,0,0,0,0,0,0,0,0
155,0,0,0,0,0,0,0,0,0
156,0,0,0,0,0,0,0,0,0
157,0,0,0,0,0,0,0,0,0
158,0,0,0,0,0,0,0,0,0
159,0,0,0,0,0,0,0,0,0
160,0,0,0,0,0,0,0,0,0
161,0,0,0,0,0,0,0,0,0
162,0,0,0,0,0,0,0,0,0
163,0,0,0,0,0,0,0,0,0
164,0,0,0,0,0,0,0,0,0
165,0,0,0,0,0,0,0,0,0
166,0,0,0,0,0,0,0,0,0
167,0,0,0,0,0,0,0,0,0
168,0,0,0,0,0,0,0,0,0
169,0,0,0,0,0,0,0,0,0
170,0,0,0,0,0,0,0,0,0
171,0,0,0,0,0,0,0,0,0
172,0,0,0,0,0,0,0,0,0
173,0,0,0,0,0,0,0,0,0
174,0,0,0,0,0,0,0,0,0
175,0,0,0,0,0,0,0,0,0
176,0,0,0,0,0,0,0,0,0
177,0,0,0,0,0,0,0,0,0
178,0,0,0,0,0,0,0,0,0
179,0,0,0,0,0,0,0,0,0
180,0,0,0,0,0,0,0,0,0
181,0,0,0,0,0,0,0,0,0
182,0,0,0,0,0,0,0,0,0
183,0,0,0,0,0,0,0,0,0
184,0,0,0,0,0,0,0,0,0
185,0,0,0,0,0,0,0,0,0
186,0,0,0,0,0,0,0,0,0
187,0,0,0,0,0,0,0,0,0
188,0,0,0,0,0,0,0,0,0
189,0,0,0,0,0,0,0,0,0
190,0,0,0,0,0,0,0,0,0
191,0,0,0,0,0,0,0,0,0
192,0,0,0,0,0,0,0,0,0
193,0,0,0,0,0,0,0,0,0
194,0,0,0,0,0,0,0,0,0
195,0,0,0,0,0,0,0,0,0
196,0,0,0,0,0,0,0,0,0
197,0,0,0,0,0,0,0,0,0
198,0,0,0,0,0,0,0,0,0
199,0,0,0,0,0,0,0,0,0
200,0,0,0,0,0,0,0,0,0
201,0,0,0,0,0,0,0,0,0
202,0,0,0,0,0,0,0,0,0
203,0,0,0,0,0,0,0,0,0
204,0,0,0,0,0,0,0,0,0
205,0,0,0,0,0,0,0,0,0
206,0,0,0,0,0,0,0,0,0
207,0,0,0,0,0,0,0,0,0
208,0,0,0,0,0,0,0,0,0
209,0,0,0,0,0,0,0,0,0
210,0,0,0,0,0,0,0,0,0
211,0,0,0,0,0,0,0,0,0
212,0,0,0,0,0,0,0,0,0
213,0,0,0,0,0,0,0,0,0
214,0,0,0,0,0,0,0,0,0
215,0,0,0,0,0,0,0,0,0
216,0,0,0,0,0,0,0,0,0
217,0,0,0,0,0,0,0,0,0
218,0,0,0,0,0,0,0,0,0
219,0,0,0,0,0,0,0,0,0
220,0,0,0,0,0,0,0,0,0
221,0,0,0,0,0,0,0,0,0
222,0,0,0,0,0,0,0,0,0
223,0,0,0,0,0,0,0,0,0
224,0,0,0,0,0,0,0,0,0
225,0,0,0,0,0,0,0,0,0
226,0,0,0,0,0,0,0,0,0
227,0,0,0,0,0,0,0,0,0
228,0,0,0,0,0,0,0,0,0
229,0,0,0,0,0,0,0,0,0
230,0,0,0,0,0,0,0,0,0
231,0,0,0,0,0,0,0,0,0
232,0,0,0,0,0,0,0,0,0
233,0,0,0,0,0,0,0,0,0
234,0,0,0,0,0,0,0,0,0
235,0,0,0,0,0,0,0,0,0
236,0,0,0,0,0,0,0,0,0
237,0,0,0,0,0,0,0,0,0
238,0,0,0,0,0,0,0,0,0
239,0,0,0,0,0,0,0,0,0
240,0,0,0,0,0,0,0,0,0
241,0,0,0,0,0,0,0,0,0
242,0,0,0,0,0,0,0,0,0
243,0,0,0,0,0,0,0,0,0
244,0,0,0,0,0,0,0,0,0
245,0,0,0,0,0,0,0,0,0
246,0,0,0,0,0,0,0,0,0
247,0,0,0,0,0,0,0,0,0
248,0,0,0,0,0,0,0,0,0
249,0,0,0,0,0,0,0,0,0
250,0,0,0,0,0,0,0,0,0
251,0,0,0,0,0,0,0,0,0
252,0,0,0,0,0,0,0,0,0
253,0,0,0,0,0,0,0,0,0
254,0,0,0,0,0,0,0,0,0
255,0,0,0,0,0,0,0,0,0
256,0,0,0,0,0,0,0,0,0
257,0,0,0,0,0,0,0,0,0
258,0,0,0,0,0,0,0,0,0
259,0,0,0,0,0,0,0,0,0
260,0,0,0,0,0,0,0,0,0
261,0,0,0,0,0,0,0,0,0
262,0,0,0,0,0,0,0,0,0
263,0,0,0,0,0,0,0,0,0
264,0,0,0,0,0,0,0,0,0
265,0,0,0,0,0,0,0,0,0
266,0,0,0,0,0,0,0,0,0
267,0,0,0,0,0,0,0,0,0
268,0,0,0,0,0,0,0,0,0
269,0,0,0,0,0,0,0,0,0
270,0,0,0,0,0,0,0,0,0
271,0,0,0,0,0,0,0,0,0
272,0,0,0,0,0,0,0,0,0
273,0,0,0,0,0,0,0,0,0
274,0,0,0,0,0,0,0,0,0
275,0,0,0,0,0,0,0,0,0
276,0,0,0,0,0,0,0,0,0
277,0,0,0,0,0,0,0,0,0
278,0,0,0,0,0,0,0,0,0
279,0,0,0,0,0,0,0,0,0
280,0,0,0,0,0,0,0,0,0
281,0,0,0,0,0,0,0,0,0
282,0,0,0,0,0,0,0,0,0
283,0,0,0,0,0,0,0,0,0
284,0,0,0,0,0,0,0,0,0
285,0,0,0,0,0,0,0,0,0
286,0,0,0,0,0,0,0,0,0
287,0,0,0,0,0,0,0,0,0
288,0,0,0,0,0,0,0,0,0
289,0,0,0,0,0,0,0,0,0
290,0,0,0,0,0,0,0,0,0
291,0,0,0,0,0,0,0,0,0
292,0,0,0,0,0,0,0,0,0
293,0,0,0,0,0,0,0,0,0
294,0,0,0,0,0,0,0,0,0
295,0,0,0,0,0,0,0,0,0
296,0,0,0,0,0,0,0,0,0
297,0,0,0,0,0,0,0,0,0
298,0,0,0,0,0,0,0,0,0
299,0,0,0,0,0,0,0,0,0
300,0,0,0,0,0,0,0,0,0
301,0,0,0,0,0,0,0,0,0
302,0,0,0,0,0,0,0,0,0
303,0,0,0,0,0,0,0,0,0
304,0,0,0,0,0,0,0,0,0
305,0,0,0,0,0,0,0,0,0
306,0,0,0,0,0,0,0,0,0
307,0,0,0,0,0,0,0,0,0
308,0,0,0,0,0,0,0,0,0
309,0,0,0,0,0,0,0,0,0
310,0,0,0,0,0,0,0,0,0
311,0,0,0,0,0,0,0,0,0
312,0,0,0,0,0,0,0,0,0
313,0,0,0,0,0,0,0,0,0
314,0,0,0,0,0,0,0,0,0
315,0,0,0,0,0,0,0,0,0
316,0,0,0,0,0,0,0,0,0
317,0,0,0,0,0,0,0,0,0
318,0,0,0,0,0,0,0,0,0
319,0,0,0,0,0,0,0,0,0
320,0,0,0,0,0,0,0,0,0
321,0,0,0,0,0,0,0,0,0
322,0,0,0,0,0,0,0,0,0
323,0,0,0,0,0,0,0,0,0
324,0,0,0,0,0,0,0,0,0
325,0,0,0,0,0,0,0,0,0
326,0,0,0,0,0,0,0,0,0
327,0,0,0,0,0,0,0,0,0
328,0,0,0,0,0,0,0,0,0
329,0,0,0,0,0,0,0,0,0
330,0,0,0,0,0,0,0,0,0
331,0,0,0,0,0,0,0,0,0
332,0,0,0,0,0,0,0,0,0
333,0,0,0,0,0,0,0,0,0
334,0,0,0,0,0,0,0,0,0
335,0,0,0,0,0,0,0,0,0
336,0,0,0,0,0,0,0,0,0
337,0,0,0,0,0,0,0,0,0
338,0,0,0,0,0,0,0,0,0
339,0,0,0,0,0,0,0,0,0
340,0,0,0,0,0,0,0,0,0
341,0,0,0,0,0,0,0,0,0
342,0,0,0,0,0,0,0,0,0
343,0,0,0,0,0,0,0,0,0
344,0,0,0,0,0,0,0,0,0
345,0,0,0,0,0,0,0,0,0
346,0,0,0,0,0,0,0,0,0
347,0,0,0,0,0,0,0,0,0
348,0,0,0,0,0,0,0,0,0
349,0,0,0,0,0,0,0,0,0
350,0,0,0,0,0,0,0,0,0
351,0,0,0,0,0,0,0,0,0
352,0,0,0,0,0,0,0,0,0
353,0,0,0,0,0,0,0,0,0
354,0,0,0,0,0,0,0,0,0
355,0,0,0,0,0,0,0,0,0
356,0,0,0,0,0,0,0,0,0
357,0,0,0,0,0,0,0,0,0
358,0,0,0,0,0,0,0,0,0
359,0,0,0,0,0,0,0,0,0
360,0,0,0,0,0,0,0,0,0
361,0,0,0,0,0,0,0,0,0
362,0,0,0,0,0,0,0,0,0
363,0,0,0,0,0,0,0,0,0
364,0,0,0,0,0,0,0,0,0
365,0,0,0,0,0,0,0,0,0
366,0,0,0,0,0,0,0,0,0
367,0,0,0,0,0,0,0,0,0
368,0,0,0,0,0,0,0,0,0
369,0,0,0,0,0,0,0,0,0
370,0,0,0,0,0,0,0,0,0
371,0,0,0,0,0,0,0,0,0
372,0,0,0,0,0,0,0,0,0
373,0,0,0,0,0,0,0,0,0
374,0,0,0,0,0,0,0,0,0
375,0,0,0,0,0,0,0,0,0
376,0,0,0,0,0,0,0,0,0
377,0,0,0,0,0,0,0,0,0
378,0,0,0,0,0,0,0,0,0
379,0,0,0,0,0,0,0,0,0
380,0,0,0,0,0,0,0,0,0
381,0,0,0,0,0,0,0,0,0
382,0,0,0,0,0,0,0,0,0
383,0,0,0,0,0,0,0,0,0
384,0,0,0,0,0,0,0,0,0
385,0,0,0,0,0,0,0,0,0
386,0,0,0,0,0,0,0,0,0
387,0,0,0,0,0,0,0,0,0
388,0,0,0,0,0,0,0,0,0
389,0,0,0,0,0,0,0,0,0
390,0,0,0,0,0,0,0,0,0
391,0,0,0,0,0,0,0,0,0
392,0,0,0,0,0,0,0,0,0
393,0,0,0,0,0,0,0,0,0
394,0,0,0,0,0,0,0,0,0
395,0,0,0,0,0,0,0,0,0
396,0,0,0,0,0,0,0,0,0
397,0,0,0,0,0,0,0,0,0
398,0,0,0,0,0,0,0,0,0
399,0,0,0,0,0,0,0,0,0
400,0,0,0,0,0,0,0,0,0
401,0,0,0,0,0,0,0,0,0
402,0,0,0,0,0,0,0,0,0
403,0,0,0,0,0,0,0,0,0
404,0,0,0,0,0,0,0,0,0
405,0,0,0,0,0,0,0,0,0
406,0,0,0,0,0,0,0,0,0
407,0,0,0,0,0,0,0,0,0
408,0,0,0,0,0,0,0,0,0
409,0,0,0,0,0,0,0,0,0
410,0,0,0,0,0,0,0,0,0
411,0,0,0,0,0,0,0,0,0
412,0,0,0,0,0,0,0,0,0
413,0,0,0,0,0,0,0,0,0
414,0,0,0,0,0,0,0,0,0
415,0,0,0,0,0,0,0,0,0
416,0,0,0,0,0,0,0,0,0
417,0,0,0,0,0,0,0,0,0
418,0,0,0,0,0,0,0,0,0
419,0,0,0,0,0,0,0,0,0
420,0,0,0,0,0,0,0,0,0
421,0,0,0,0,0,0,0,0,0
422,0,0,0,0,0,0,0,0,0
423,0,0,0,0,0,0,0,0,0
424,0,0,0,0,0,0,0,0,0
425,0,0,0,0,0,0,0,0,0
426,0,0,0,0,0,0,0,0,0
427,0,0,0,0,0,0,0,0,0
428,0,0,0,0,0,0,0,0,0
429,0,0,0,0,0,0,0,0,0
430,0,0,0,0,0,0,0,0,0
431,0,0,0,0,0,0,0,0,0
432,0,0,0,0,0,0,0,0,0
433,0,0,0,0,0,0,0,0,0
434,0,0,0,0,0,0,0,0,0
435,0,0,0,0,0,0,0,0,0
436,0,0,0,0,0,0,0,0,0
437,0,0,0,0,0,0,0,0,0
438,0,0,0,0,0,0,0,0,0
439,0,0,0,0,0,0,0,0,0
440,0,0,0,0,0,0,0,0,0
441,0,0,0,0,0,0,0,0,0
442,0,0,0,0,0,0,0,0,0
443,0,0,0,0,0,0,0,0,0
444,0,0,0,0,0,0,0,0,0
445,0,0,0,0,0,0,0,0,0
446,0,0,0,0,0,0,0,0,0
447,0,0,0,0,0,0,0,0,0
448,0,0,0,0,0,0,0,0,0
449,0,0,0,0,0,0,0,0,0
450,0,0,0,0,0,0,0,0,0
451,0,0,0,0,0,0,0,0,0
452,0,0,0,0,0,0,0,0,0
453,0,0,0,0,0,0,0,0,0
454,0,0,0,0,0,0,0,0,0
455,0,0,0,0,0,0,0,0,0
456,0,0,0,0,0,0,0,0,0
457,0,0,0,0,0,0,0,0,0
458,0,0,0,0,0,0,0,0,0
459,0,0,0,0,0,0,0,0,0
460,0,0,0,0,0,0,0,0,0
461,0,0,0,0,0,0,0,0,0
462,0,0,0,0,0,0,0,0,0
463,0,0,0,0,0,0,0,0,0
464,0,0,0,0,0,0,0,0,0
465,0,0,0,0,0,0,0,0,0
466,0,0,0,0,0,0,0,0,0
467,0,0,0,0,0,0,0,0,0
468,0,0,0,0,0,0,0,0,0
469,0,0,0,0,0,0,0,0,0
470,0,0,0,0,0,0,0,0,0
471,0,0,0,0,0,0,0,0,0
472,0,0,0,0,0,0,0,0,0
473,0,0,0,0,0,0,0,0,0
474,0,0,0,0,0,0,0,0,0
475,0,0,0,0,0,0,0,0,0
476,0,0,0,0,0,0,0,0,0
477,0,0,0,0,0,0,0,0,0
478,0,0,0,0,0,0,0,0,0
479,0,0,0,0,0,0,0,0,0
480,0,0,0,0,0,0,0,0,0
481,0,0,0,0,0,0,0,0,0
482,0,0,0,0,0,0,0,0,0
483,0,0,0,0,0,0,0,0,0
484,0,0,0,0,0,0,0,0,0
485,0,0,0,0,0,0,0,0,0
486,0,0,0,0,0,0,0,0,0
487,0,0,0,0,0,0,0,0,0
488,0,0,0,0,0,0,0,0,0
489,0,0,0,0,0,0,0,0,0
490,0,0,0,0,0,0,0,0,0
491,0,0,0,0,0,0,0,0,0
492,0,0,0,0,0,0,0,0,0
493,0,0,0,0,0,0,0,0,0
494,0,0,0,0,0,0,0,0,0
495,0,0,0,0,0,0,0,0,0
496,0,0,0,0,0,0,0,0,0
497,0,0,0,0,0,0,0,0,0
498,0,0,0,0,0,0,0,0,0
499,0,0,0,0,0,0,0,0,0
500,0,0,0,0,0,0,0,0,0
501,0,0,0,0,0,0,0,0,0
502,0,0,0,0,0,0,0,0,0
503,0,0,0,0,0,0,0,0,0
504,0,0,0,0,0,0,0,0,0
505,0,0,0,0,0,0,0,0,0
506,0,0,0,0,0,0,0,0,0
507,0,0,0,0,0,0,0,0,0
508,0,0,0,0,0,0,0,0,0
509,0,0,0,0,0,0,0,0,0
510,0,0,0,0,0,0,0,0,0
511,0,0,0,0,0,0,0,0,0
512,0,0,0,0,0,0,0,0,0
513,0,0,0,0,0,0,0,0,0
514,0,0,0,0,0,0,0,0,0
515,0,0,0,0,0,0,0,0,0
516,0,0,0,0,0,0,0,0,0
517,0,0,0,0,0,0,0,0,0
518,0,0,0,0,0,0,0,0,0
519,0,0,0,0,0,0,0,0,0
520,0,0,0,0,0,0,0,0,0
521,0,0,0,0,0,0,0,0,0
522,0,0,0,0,0,0,0,0,0
523,0,0,0,0,0,0,0,0,0
524,0,0,0,0,0,0,0,0,0
525,0,0,0,0,0,0,0,0,0
526,0,0,0,0,0,0,0,0,0
527,0,0,0,0,0,0,0,0,0
528,0,0,0,0,0,0,0,0,0
529,0,0,0,0,0,0,0,0,0
530,0,0,0,0,0,0,0,0,0
531,0,0,0,0,0,0,0,0,0
532,0,0,0,0,0,0,0,0,0
533,0,0,0,0,0,0,0,0,0
534,0,0,0,0,0,0,0,0,0
535,0,0,0,0,0,0,0,0,0
536,0,0,0,0,0,0,0,0,0
537,0,0,0,0,0,0,0,0,0
538,0,0,0,0,0,0,0,0,0
539,0,0,0,0,0,0,0,0,0
540,0,0,0,0,0,0,0,0,0
541,0,0,0,0,0,0,0,0,0
542,0,0,0,0,0,0,0,0,0
543,0,0,0,0,0,0,0,0,0
544,0,0,0,0,0,0,0,0,0
545,0,0,0,0,0,0,0,0,0
546,0,0,0,0,0,0,0,0,0
547,0,0,0,0,0,0,0,0,0
548,0,0,0,0,0,0,0,0,0
549,0,0,0,0,0,0,0,0,0
550,0,0,0,0,0,0,0,0,0
551,0,0,0,0,0,0,0,0,0
552,0,0,0,0,0,0,0,0,0
553,0,0,0,0,0,0,0,0,0
554,0,0,0,0,0,0,0,0,0
555,0,0,0,0,0,0,0,0,0
556,0,0,0,0,0,0,0,0,0
557,0,0,0,0,0,0,0,0,0
558,0,0,0,0,0,0,0,0,0
559,0,0,0,0,0,0,0,0,0
560,0,0,0,0,0,0,0,0,0
561,0,0,0,0,0,0,0,0,0
562,0,0,0,0,0,0,0,0,0
563,0,0,0,0,0,0,0,0,0
564,0,0,0,0,0,0,0,0,0
565,0,0,0,0,0,0,0,0,0
566,0,0,0,0,0,0,0,0,0
567,0,0,0,0,0,0,0,0,0
568,0,0,0,0,0,0,0,0,0
569,0,0,0,0,0,0,0,0,0
570,0,0,0,0,0,0,0,0,0
571,0,0,0,0,0,0,0,0,0
572,0,0,0,0,0,0,0,0,0
573,0,0,0,0,0,0,0,0,0
574,0,0,0,0,0,0,0,0,0
575,0,0,0,0,0,0,0,0,0
576,0,0,0,0,0,0,0,0,0
577,0,0,0,0,0,0,0,0,0
578,0,0,0,0,0,0,0,0,0
579,0,0,0,0,0,0,0,0,0
580,0,0,0,0,0,0,0,0,0
581,0,0,0,0,0,0,0,0,0
582,0,0,0,0,0,0,0,0,0
583,0,0,0,0,0,0,0,0,0
584,0,0,0,0,0,0,0,0,0
585,0,0,0,0,0,0,0,0,0
586,0,0,0,0,0,0,0,0,0
587,0,0,0,0,0,0,0,0,0
588,0,0,0,0,0,0,0,0,0
589,0,0,0,0,0,0,0,0,0
590,0,0,0,0,0,0,0,0,0
591,0,0,0,0,0,0,0,0,0
592,0,0,0,0,0,0,0,0,0
593,0,0,0,0,0,0,0,0,0
594,0,0,0,0,0,0,0,0,0
595,0,0,0,0,0,0,0,0,0
596,0,0,0,0,0,0,0,0,0
597,0,0,0,0,0,0,0,0,0
598,0,0,0,0,0,0,0,0,0
599,0,0,0,0,0,0,0,0,0
600,0,0,0,0,0,0,0,0,0
601,0,0,0,0,0,0,0,0,0
602,0,0,0,0,0,0,0,0,0
603,0,0,0,0,0,0,0,0,0
604,0,0,0,0,0,0,0,0,0
605,0,0,0,0,0,0,0,0,0
606,0,0,0,0,0,0,0,0,0
607,0,0,0,0,0,0,0,0,0
608,0,0,0,0,0,0,0,0,0
609,0,0,0,0,0,0,0,0,0
610,0,0,0,0,0,0,0,0,0
611,0,0,0,0,0,0,0,0,0
612,0,0,0,0,0,0,0,0,0
613,0,0,0,0,0,0,0,0,0
614,0,0,0,0,0,0,0,0,0
615,0,0,0,0,0,0,0,0,0
616,0,0,0,0,0,0,0,0,0
617,0,0,0,0,0,0,0,0,0
618,0,0,0,0,0,0,0,0,0
619,0,0,0,0,0,0,0,0,0
620,0,0,0,0,0,0,0,0,0
621,0,0,0,0,0,0,0,0,0
622,0,0,0,0,0,0,0,0,0
623,0,0,0,0,0,0,0,0,0
624,0,0,0,0,0,0,0,0,0
625,0,0,0,0,0,0,0,0,0
626,0,0,0,0,0,0,0,0,0
627,0,0,0,0,0,0,0,0,0
628,0,0,0,0,0,0,0,0,0
629,0,0,0,0,0,0,0,0,0
630,0,0,0,0,0,0,0,0,0
631,0,0,0,0,0,0,0,0,0
632,0,0,0,0,0,0,0,0,0
633,0,0,0,0,0,0,0,0,0
634,0,0,0,0,0,0,0,0,0
635,0,0,0,0,0,0,0,0,0
636,0,0,0,0,0,0,0,0,0
637,0,0,0,0,0,0,0,0,0
638,0,0,0,0,0,0,0,0,0
639,0,0,0,0,0,0,0,0,0
640,0,0,0,0,0,0,0,0,0
641,0,0,0,0,0,0,0,0,0
642,0,0,0,0,0,0,0,0,0
643,0,0,0,0,0,0,0,0,0
644,0,0,0,0,0,0,0,0,0
645,0,0,0,0,0,0,0,0,0
646,0,0,0,0,0,0,0,0,0
647,0,0,0,0,0,0,0,0,0
648,0,0,0,0,0,0,0,0,0
649,0,0,0,0,0,0,0,0,0
650,0,0,0,0,0,0,0,0,0
651,0,0,0,0,0,0,0,0,0
652,0,0,0,0,0,0,0,0,0
653,0,0,0,0,0,0,0,0,0
654,0,0,0,0,0,0,0,0,0
655,0,0,0,0,0,0,0,0,0
656,0,0,0,0,0,0,0,0,0
657,0,0,0,0,0,0,0,0,0
658,0,0,0,0,0,0,0,0,0
659,0,0,0,0,0,0,0,0,0
660,0,0,0,0,0,0,0,0,0
661,0,0,0,0,0,0,0,0,0
662,0,0,0,0,0,0,0,0,0
663,0,0,0,0,0,0,0,0,0
664,0,0,0,0,0,0,0,0,0
665,0,0,0,0,0,0,0,0,0
666,0,0,0,0,0,0,0,0,0
667,0,0,0,0,0,0,0,0,0
668,0,0,0,0,0,0,0,0,0
669,0,0,0,0,0,0,0,0,0
670,0,0,0,0,0,0,0,0,0
671,0,0,0,0,0,0,0,0,0
672,0,0,0,0,0,0,0,0,0
673,0,0,0,0,0,0,0,0,0
674,0,0,0,0,0,0,0,0,0
675,0,0,0,0,0,0,0,0,0
676,0,0,0,0,0,0,0,0,0
677,0,0,0,0,0,0,0,0,0
678,0,0,0,0,0,0,0,0,0
679,0,0,0,0,0,0,0,0,0
680,0,0,0,0,0,0,0,0,0
681,0,0,0,0,0,0,0,0,0
682,0,0,0,0,0,0,0,0,0
683,0,0,0,0,0,0,0,0,0
684,0,0,0,0,0,0,0,0,0
685,0,0,0,0,0,0,0,0,0
686,0,0,0,0,0,0,0,0,0
687,0,0,0,0,0,0,0,0,0
688,0,0,0,0,0,0,0,0,0
689,0,0,0,0,0,0,0,0,0
690,0,0,0,0,0,0,0,0,0
691,0,0,0,0,0,0,0,0,0
692,0,0,0,0,0,0,0,0,0
693,0,0,0,0,0,0,0,0,0
694,0,0,0,0,0,0,0,0,0
695,0,0,0,0,0,0,0,0,0
696,0,0,0,0,0,0,0,0,0
697,0,0,0,0,0,0,0,0,0
698,0,0,0,0,0,0,0,0,0
699,0,0,0,0,0,0,0,0,0
700,0,0,0,0,0,0,0,0,0
701,0,0,0,0,0,0,0,0,0
702,0,0,0,0,0,0,0,0,0
703,0,0,0,0,0,0,0,0,0
704,0,0,0,0,0,0,0,0,0
705,0,0,0,0,0,0,0,0,0
706,0,0,0,0,0,0,0,0,0
707,0,0,0,0,0,0,0,0,0
708,0,0,0,0,0,0,0,0,0
709,0,0,0,0,0,0,0,0,0
710,0,0,0,0,0,0,0,0,0
711,0,0,0,0,0,0,0,0,0
712,0,0,0,0,0,0,0,0,0
713,0,0,0,0,0,0,0,0,0
714,0,0,0,0,0,0,0,0,0
715,0,0,0,0,0,0,0,0,0
716,0,0,0,0,0,0,0,0,0
717,0,0,0,0,0,0,0,0,0
718,0,0,0,0,0,0,0,0,0
719,0,0,0,0,0,0,0,0,0
720,0,0,0,0,0,0,0,0,0
721,0,0,0,0,0,0,0,0,0
722,0,0,0,0,0,0,0,0,0
723,0,0,0,0,0,0,0,0,0
724,0,0,0,0,0,0,0,0,0
725,0,0,0,0,0,0,0,0,0
726,0,0,0,0,0,0,0,0,0
727,0,0,0,0,0,0,0,0,0
728,0,0,0,0,0,0,0,0,0
729,0,0,0,0,0,0,0,0,0
730,0,0,0,0,0,0,0,0,0
731,0,0,0,0,0,0,0,0,0
732,0,0,0,0,0,0,0,0,0
733,0,0,0,0,0,0,0,0,0
734,0,0,0,0,0,0,0,0,0
735,0,0,0,0,0,0,0,0,0
736,0,0,0,0,0,0,0,0,0
737,0,0,0,0,0,0,0,0,0
738,0,0,0,0,0,0,0,0,0
739,0,0,0,0,0,0,0,0,0
740,0,0,0,0,0,0,0,0,0
741,0,0,0,0,0,0,0,0,0
742,0,0,0,0,0,0,0,0,0
743,0,0,0,0,0,0,0,0,0
744,0,0,0,0,0,0,0,0,0
745,0,0,0,0,0,0,0,0,0
746,0,0,0,0,0,0,0,0,0
747,0,0,0,0,0,0,0,0,0
748,0,0,0,0,0,0,0,0,0
749,0,0,0,0,0,0,0,0,0
750,0,0,0,0,0,0,0,0,0
0,194,7257,201425,4077983,57373546,517292847,2626655236,5935079656,3356972874
1,116,3588,83258,1393463,16218313,120949209,508056873,949658397,444263938
2,59,1476,27837,376773,3544695,21392168,72752920,110126136,41708277
3,41,931,14097,155931,1208022,6026425,17020678,21505634,6833685
4,26,518,6413,61066,403580,1718758,4150491,4480845,1213223
5,21,378,4258,36797,221398,855952,1875115,1841874,454154
6,11,238,2522,20306,113175,405359,825352,754739,173963
7,10,179,1874,13972,73404,248517,479049,412893,89958
8,5,117,1080,7062,33694,101943,174912,134864,26056
9,5,88,678,4000,17624,49291,78928,57849,10773
10,5,79,578,3242,13559,35910,54618,37919,6704
11,4,54,347,1769,6310,14605,19738,12116,1810
12,4,34,195,987,3463,7595,9808,5741,843
13,4,32,186,880,2946,6325,7862,4369,614
14,4,32,173,793,2581,5359,6528,3630,517
15,4,28,149,641,1920,3750,4348,2343,292
16,3,24,113,472,1340,2540,2917,1520,173
17,3,24,104,389,986,1694,1775,879,78
18,2,20,82,293,692,1109,1125,578,51
19,2,20,80,278,651,1021,1049,532,49
20,2,18,72,241,528,827,828,413,40
21,1,12,51,153,349,526,474,203,19
22,1,11,44,124,280,386,329,133,12
23,1,11,44,124,280,386,329,133,12
24,1,10,41,111,244,309,262,106,8
25,0,9,39,93,216,275,220,88,5
26,0,7,31,67,161,202,151,55,1
27,0,7,26,51,132,140,101,32,0
28,0,7,26,49,128,135,90,32,0
29,0,7,23,42,110,107,78,27,0
30,0,7,22,39,99,96,70,22,0
31,0,6,12,22,50,41,32,6,0
32,0,6,10,19,42,29,23,2,0
33,0,1,1,11,17,16,14,0,0
34,0,1,1,11,17,16,14,0,0
35,0,1,1,11,17,16,14,0,0
36,0,1,1,10,15,12,10,0,0
37,0,1,0,4,14,10,4,0,0
38,0,1,0,4,14,10,4,0,0
39,0,1,0,4,12,3,3,0,0
40,0,1,0,4,12,3,3,0,0
41,0,1,0,4,12,3,3,0,0
42,0,1,0,4,12,3,3,0,0
43,0,1,0,4,11,3,2,0,0
44,0,1,0,4,9,1,1,0,0
45,0,1,0,4,7,1,0,0,0
46,0,1,0,4,7,1,0,0,0
47,0,1,0,4,7,1,0,0,0
48,0,1,0,4,7,1,0,0,0
49,0,1,0,4,7,1,0,0,0
50,0,1,0,4,7,1,0,0,0
51,0,1,0,4,7,1,0,0,0
52,0,1,0,3,7,0,0,0,0
53,0,1,0,3,7,0,0,0,0
54,0,1,0,3,7,0,0,0,0
55,0,1,0,2,4,0,0,0,0
56,0,1,0,2,4,0,0,0,0
57,0,1,0,2,4,0,0,0,0
58,0,1,0,2,4,0,0,0,0
59,0,1,0,2,4,0,0,0,0
60,0,1,0,2,4,0,0,0,0
61,0,1,0,2,4,0,0,0,0
62,0,1,0,2,4,0,0,0,0
63,0,1,0,2,4,0,0,0,0
64,0,1,0,2,4,0,0,0,0
65,0,1,0,2,4,0,0,0,0
66,0,0,0,0,0,0,0,0,0
67,0,0,0,0,0,0,0,0,0
68,0,0,0,0,0,0,0,0,0
69,0,0,0,0,0,0,0,0,0
70,0,0,0,0,0,0,0,0,0
71,0,0,0,0,0,0,0,0,0
72,0,0,0,0,0,0,0,0,0
73,0,0,0,0,0,0,0,0,0
74,0,0,0,0,0,0,0,0,0
75,0,0,0,0,0,0,0,0,0
76,0,0,0,0,0,0,0,0,0
77,0,0,0,0,0,0,0,0,0
78,0,0,0,0,0,0,0,0,0
79,0,0,0,0,0,0,0,0,0
80,0,0,0,0,0,0,0,0,0
81,0,0,0,0,0,0,0,0,0
82,0,0,0,0,0,0,0,0,0
83,0,0,0,0,0,0,0,0,0
84,0,0,0,0,0,0,0,0,0
85,0,0,0,0,0,0,0,0,0
86,0,0,0,0,0,0,0,0,0
87,0,0,0,0,0,0,0,0,0
88,0,0,0,0,0,0,0,0,0
89,0,0,0,0,0,0,0,0,0
90,0,0,0,0,0,0,0,0,0
91,0,0,0,0,0,0,0,0,0
92,0,0,0,0,0,0,0,0,0
93,0,0,0,0,0,0,0,0,0
94,0,0,0,0,0,0,0,0,0
95,0,0,0,0,0,0,0,0,0
96,0,0,0,0,0,0,0,0,0
97,0,0,0,0,0,0,0,0,0
98,0,0,0,0,0,0,0,0,0
99,0,0,0,0,0,0,0,0,0
100,0,0,0,0,0,0,0,0,0
101,0,0,0,0,0,0,0,0,0
102,0,0,0,0,0,0,0,0,0
103,0,0,0,0,0,0,0,0,0
104,0,0,0,0,0,0,0,0,0
105,0,0,0,0,0,0,0,0,0
106,0,0,0,0,0,0,0,0,0
107,0,0,0,0,0,0,0,0,0
108,0,0,0,0,0,0,0,0,0
109,0,0,0,0,0,0,0,0,0
110,0,0,0,0,0,0,0,0,0
111,0,0,0,0,0,0,0,0,0
112,0,0,0,0,0,0,0,0,0
113,0,0,0,0,0,0,0,0,0
114,0,0,0,0,0,0,0,0,0
115,0,0,0,0,0,0,0,0,0
116,0,0,0,0,0,0,0,0,0
117,0,0,0,0,0,0,0,0,0
118,0,0,0,0,0,0,0,0,0
119,0,0,0,0,0,0,0,0,0
120,0,0,0,0,0,0,0,0,0
121,0,0,0,0,0,0,0,0,0
122,0,0,0,0,0,0,0,0,0
123,0,0,0,0,0,0,0,0,0
124,0,0,0,0,0,0,0,0,0
125,0,0,0,0,0,0,0,0,0
126,0,0,0,0,0,0,0,0,0
127,0,0,0,0,0,0,0,0,0
128,0,0,0,0,0,0,0,0,0
129,0,0,0,0,0,0,0,0,0
130,0,0,0,0,0,0,0,0,0
131,0,0,0,0,0,0,0,0,0
132,0,0,0,0,0,0,0,0,0
133,0,0,0,0,0,0,0,0,0
134,0,0,0,0,0,0,0,0,0
135,0,0,0,0,0,0,0,0,0
136,0,0,0,0,0,0,0,0,0
137,0,0,0,0,0,0,0,0,0
138,0,0,0,0,0,0,0,0,0
139,0,0,0,0,0,0,0,0,0
140,0,0,0,0,0,0,0,0,0
141,0,0,0,0,0,0,0,0,0
142,0,0,0,0,0,0,0,0,0
143,0,0,0,0,0,0,0,0,0
144,0,0,0,0,0,0,0,0,0
145,0,0,0,0,0,0,0,0,0
146,0,0,0,0,0,0,0,0,0
147,0,0,0,0,0,0,0,0,0
148,0,0,0,0,0,0,0,0,0
149,0,0,0,0,0,0,0,0,0
150,0,0,0,0,0,0,0,0,0
151,0,0,0,0,0,0,0,0,0
152,0,0,0,0,0,0,0,0,0
153,0,0,0,0,0,0,0,0,0
154,0,0,0,0,0,0,0,0,0
155,0,0,0,0,0,0,0,0,0
156,0,0,0,0,0,0,0,0,0
157,0,0,0,0,0,0,0,0,0
158,0,0,0,0,0,0,0,0,0
159,0,0,0,0,0,0,0,0,0
160,0,0,0,0,0,0,0,0,0
161,0,0,0,0,0,0,0,0,0
162,0,0,0,0,0,0,0,0,0
163,0,0,0,0,0,0,0,0,0
164,0,0,0,0,0,0,0,0,0
165,0,0,0,0,0,0,0,0,0
166,0,0,0,0,0,0,0,0,0
167,0,0,0,0,0,0,0,0,0
168,0,0,0,0,0,0,0,0,0
169,0,0,0,0,0,0,0,0,0
170,0,0,0,0,0,0,0,0,0
171,0,0,0,0,0,0,0,0,0
172,0,0,0,0,0,0,0,0,0
173,0,0,0,0,0,0,0,0,0
174,0,0,0,0,0,0,0,0,0
175,0,0,0,0,0,0,0,0,0
176,0,0,0,0,0,0,0,0,0
177,0,0,0,0,0,0,0,0,0
178,0,0,0,0,0,0,0,0,0
179,0,0,0,0,0,0,0,0,0
180,0,0,0,0,0,0,0,0,0
181,0,0,0,0,0,0,0,0,0
182,0,0,0,0,0,0,0,0,0
183,0,0,0,0,0,0,0,0,0
184,0,0,0,0,0,0,0,0,0
185,0,0,0,0,0,0,0,0,0
186,0,0,0,0,0,0,0,0,0
187,0,0,0,0,0,0,0,0,0
188,0,0,0,0,0,0,0,0,0
189,0,0,0,0,0,0,0,0,0
190,0,0,0,0,0,0,0,0,0
191,0,0,0,0,0,0,0,0,0
192,0,0,0,0,0,0,0,0,0
193,0,0,0,0,0,0,0,0,0
194,0,0,0,0,0,0,0,0,0
195,0,0,0,0,0,0,0,0,0
196,0,0,0,0,0,0,0,0,0
197,0,0,0,0,0,0,0,0,0
198,0,0,0,0,0,0,0,0,0
199,0,0,0,0,0,0,0,0,0
200,0,0,0,0,0,0,0,0,0
201,0,0,0,0,0,0,0,0,0
202,0,0,0,0,0,0,0,0,0
203,0,0,0,0,0,0,0,0,0
204,0,0,0,0,0,0,0,0,0
205,0,0,0,0,0,0,0,0,0
206,0,0,0,0,0,0,0,0,0
207,0,0,0,0,0,0,0,0,0
208,0,0,0,0,0,0,0,0,0
209,0,0,0,0,0,0,0,0,0
210,0,0,0,0,0,0,0,0,0
211,0,0,0,0,0,0,0,0,0
212,0,0,0,0,0,0,0,0,0
213,0,0,0,0,0,0,0,0,0
214,0,0,0,0,0,0,0,0,0
215,0,0,0,0,0,0,0,0,0
216,0,0,0,0,0,0,0,0,0
217,0,0,0,0,0,0,0,0,0
218,0,0,0,0,0,0,0,0,0
219,0,0,0,0,0,0,0,0,0
220,0,0,0,0,0,0,0,0,0
221,0,0,0,0,0,0,0,0,0
222,0,0,0,0,0,0,0,0,0
223,0,0,0,0,0,0,0,0,0
224,0,0,0,0,0,0,0,0,0
225,0,0,0,0,0,0,0,0,0
226,0,0,0,0,0,0,0,0,0
227,0,0,0,0,0,0,0,0,0
228,0,0,0,0,0,0,0,0,0
229,0,0,0,0,0,0,0,0,0
230,0,0,0,0,0,0,0,0,0
231,0,0,0,0,0,0,0,0,0
232,0,0,0,0,0,0,0,0,0
233,0,0,0,0,0,0,0,0,0
234,0,0,0,0,0,0,0,0,0
235,0,0,0,0,0,0,0,0,0
236,0,0,0,0,0,0,0,0,0
237,0,0,0,0,0,0,0,0,0
238,0,0,0,0,0,0,0,0,0
239,0,0,0,0,0,0,0,0,0
240,0,0,0,0,0,0,0,0,0
241,0,0,0,0,0,0,0,0,0
242,0,0,0,0,0,0,0,0,0
243,0,0,0,0,0,0,0,0,0
244,0,0,0,0,0,0,0,0,0
245,0,0,0,0,0,0,0,0,0
246,0,0,0,0,0,0,0,0,0
247,0,0,0,0,0,0,0,0,0
248,0,0,0,0,0,0,0,0,0
249,0,0,0,0,0,0,0,0,0
250,0,0,0,0,0,0,0,0,0
251,0,0,0,0,0,0,0,0,0
252,0,0,0,0,0,0,0,0,0
253,0,0,0,0,0,0,0,0,0
254,0,0,0,0,0,0,0,0,0
255,0,0,0,0,0,0,0,0,0
256,0,0,0,0,0,0,0,0,0
257,0,0,0,0,0,0,0,0,0
258,0,0,0,0,0,0,0,0,0
259,0,0,0,0,0,0,0,0,0
260,0,0,0,0,0,0,0,0,0
261,0,0,0,0,0,0,0,0,0
262,0,0,0,0,0,0,0,0,0
263,0,0,0,0,0,0,0,0,0
264,0,0,0,0,0,0,0,0,0
265,0,0,0,0,0,0,0,0,0
266,0,0,0,0,0,0,0,0,0
267,0,0,0,0,0,0,0,0,0
268,0,0,0,0,0,0,0,0,0
269,0,0,0,0,0,0,0,0,0
270,0,0,0,0,0,0,0,0,0
271,0,0,0,0,0,0,0,0,0
272,0,0,0,0,0,0,0,0,0
273,0,0,0,0,0,0,0,0,0
274,0,0,0,0,0,0,0,0,0
275,0,0,0,0,0,0,0,0,0
276,0,0,0,0,0,0,0,0,0
277,0,0,0,0,0,0,0,0,0
278,0,0,0,0,0,0,0,0,0
279,0,0,0,0,0,0,0,0,0
280,0,0,0,0,0,0,0,0,0
281,0,0,0,0,0,0,0,0,0
282,0,0,0,0,0,0,0,0,0
283,0,0,0,0,0,0,0,0,0
284,0,0,0,0,0,0,0,0,0
285,0,0,0,0,0,0,0,0,0
286,0,0,0,0,0,0,0,0,0
287,0,0,0,0,0,0,0,0,0
288,0,0,0,0,0,0,0,0,0
289,0,0,0,0,0,0,0,0,0
290,0,0,0,0,0,0,0,0,0
291,0,0,0,0,0,0,0,0,0
292,0,0,0,0,0,0,0,0,0
293,0,0,0,0,0,0,0,0,0
294,0,0,0,0,0,0,0,0,0
295,0,0,0,0,0,0,0,0,0
296,0,0,0,0,0,0,0,0,0
297,0,0,0,0,0,0,0,0,0
298,0,0,0,0,0,0,0,0,0
299,0,0,0,0,0,0,0,0,0
300,0,0,0,0,0,0,0,0,0
301,0,0,0,0,0,0,0,0,0
302,0,0,0,0,0,0,0,0,0
303,0,0,0,0,0,0,0,0,0
304,0,0,0,0,0,0,0,0,0
305,0,0,0,0,0,0,0,0,0
306,0,0,0,0,0,0,0,0,0
307,0,0,0,0,0,0,0,0,0
308,0,0,0,0,0,0,0,0,0
309,0,0,0,0,0,0,0,0,0
310,0,0,0,0,0,0,0,0,0
311,0,0,0,0,0,0,0,0,0
312,0,0,0,0,0,0,0,0,0
313,0,0,0,0,0,0,0,0,0
314,0,0,0,0,0,0,0,0,0
315,0,0,0,0,0,0,0,0,0
316,0,0,0,0,0,0,0,0,0
317,0,0,0,0,0,0,0,0,0
318,0,0,0,0,0,0,0,0,0
319,0,0,0,0,0,0,0,0,0
320,0,0,0,0,0,0,0,0,0
321,0,0,0,0,0,0,0,0,0
322,0,0,0,0,0,0,0,0,0
323,0,0,0,0,0,0,0,0,0
324,0,0,0,0,0,0,0,0,0
325,0,0,0,0,0,0,0,0,0
326,0,0,0,0,0,0,0,0,0
327,0,0,0,0,0,0,0,0,0
328,0,0,0,0,0,0,0,0,0
329,0,0,0,0,0,0,0,0,0
330,0,0,0,0,0,0,0,0,0
331,0,0,0,0,0,0,0,0,0
332,0,0,0,0,0,0,0,0,0
333,0,0,0,0,0,0,0,0,0
334,0,0,0,0,0,0,0,0,0
335,0,0,0,0,0,0,0,0,0
336,0,0,0,0,0,0,0,0,0
337,0,0,0,0,0,0,0,0,0
338,0,0,0,0,0,0,0,0,0
339,0,0,0,0,0,0,0,0,0
340,0,0,0,0,0,0,0,0,0
341,0,0,0,0,0,0,0,0,0
342,0,0,0,0,0,0,0,0,0
343,0,0,0,0,0,0,0,0,0
344,0,0,0,0,0,0,0,0,0
345,0,0,0,0,0,0,0,0,0
346,0,0,0,0,0,0,0,0,0
347,0,0,0,0,0,0,0,0,0
348,0,0,0,0,0,0,0,0,0
349,0,0,0,0,0,0,0,0,0
350,0,0,0,0,0,0,0,0,0
351,0,0,0,0,0,0,0,0,0
352,0,0,0,0,0,0,0,0,0
353,0,0,0,0,0,0,0,0,0
354,0,0,0,0,0,0,0,0,0
355,0,0,0,0,0,0,0,0,0
356,0,0,0,0,0,0,0,0,0
357,0,0,0,0,0,0,0,0,0
358,0,0,0,0,0,0,0,0,0
359,0,0,0,0,0,0,0,0,0
360,0,0,0,0,0,0,0,0,0
361,0,0,0,0,0,0,0,0,0
362,0,0,0,0,0,0,0,0,0
363,0,0,0,0,0,0,0,0,0
364,0,0,0,0,0,0,0,0,0
365,0,0,0,0,0,0,0,0,0
366,0,0,0,0,0,0,0,0,0
367,0,0,0,0,0,0,0,0,0
368,0,0,0,0,0,0,0,0,0
369,0,0,0,0,0,0,0,0,0
370,0,0,0,0,0,0,0,0,0
371,0,0,0,0,0,0,0,0,0
372,0,0,0,0,0,0,0,0,0
373,0,0,0,0,0,0,0,0,0
374,0,0,0,0,0,0,0,0,0
375,0,0,0,0,0,0,0,0,0
376,0,0,0,0,0,0,0,0,0
377,0,0,0,0,0,0,0,0,0
378,0,0,0,0,0,0,0,0,0
379,0,0,0,0,0,0,0,0,0
380,0,0,0,0,0,0,0,0,0
381,0,0,0,0,0,0,0,0,0
382,0,0,0,0,0,0,0,0,0
383,0,0,0,0,0,0,0,0,0
384,0,0,0,0,0,0,0,0,0
385,0,0,0,0,0,0,0,0,0
386,0,0,0,0,0,0,0,0,0
387,0,0,0,0,0,0,0,0,0
388,0,0,0,0,0,0,0,0,0
389,0,0,0,0,0,0,0,0,0
390,0,0,0,0,0,0,0,0,0
391,0,0,0,0,0,0,0,0,0
392,0,0,0,0,0,0,0,0,0
393,0,0,0,0,0,0,0,0,0
394,0,0,0,0,0,0,0,0,0
395,0,0,0,0,0,0,0,0,0
396,0,0,0,0,0,0,0,0,0
397,0,0,0,0,0,0,0,0,0
398,0,0,0,0,0,0,0,0,0
399,0,0,0,0,0,0,0,0,0
400,0,0,0,0,0,0,0,0,0
401,0,0,0,0,0,0,0,0,0
402,0,0,0,0,0,0,0,0,0
403,0,0,0,0,0,0,0,0,0
404,0,0,0,0,0,0,0,0,0
405,0,0,0,0,0,0,0,0,0
406,0,0,0,0,0,0,0,0,0
407,0,0,0,0,0,0,0,0,0
408,0,0,0,0,0,0,0,0,0
409,0,0,0,0,0,0,0,0,0
410,0,0,0,0,0,0,0,0,0
411,0,0,0,0,0,0,0,0,0
412,0,0,0,0,0,0,0,0,0
413,0,0,0,0,0,0,0,0,0
414,0,0,0,0,0,0,0,0,0
415,0,0,0,0,0,0,0,0,0
416,0,0,0,0,0,0,0,0,0
417,0,0,0,0,0,0,0,0,0
418,0,0,0,0,0,0,0,0,0
419,0,0,0,0,0,0,0,0,0
420,0,0,0,0,0,0,0,0,0
421,0,0,0,0,0,0,0,0,0
422,0,0,0,0,0,0,0,0,0
423,0,0,0,0,0,0,0,0,0
424,0,0,0,0,0,0,0,0,0
425,0,0,0,0,0,0,0,0,0
426,0,0,0,0,0,0,0,0,0
427,0,0,0,0,0,0,0,0,0
428,0,0,0,0,0,0,0,0,0
429,0,0,0,0,0,0,0,0,0
430,0,0,0,0,0,0,0,0,0
431,0,0,0,0,0,0,0,0,0
432,0,0,0,0,0,0,0,0,0
433,0,0,0,0,0,0,0,0,0
434,0,0,0,0,0,0,0,0,0
435,0,0,0,0,0,0,0,0,0
436,0,0,0,0,0,0,0,0,0
437,0,0,0,0,0,0,0,0,0
438,0,0,0,0,0,0,0,0,0
439,0,0,0,0,0,0,0,0,0
440,0,0,0,0,0,0,0,0,0
441,0,0,0,0,0,0,0,0,0
442,0,0,0,0,0,0,0,0,0
443,0,0,0,0,0,0,0,0,0
444,0,0,0,0,0,0,0,0,0
445,0,0,0,0,0,0,0,0,0
446,0,0,0,0,0,0,0,0,0
447,0,0,0,0,0,0,0,0,0
448,0,0,0,0,0,0,0,0,0
449,0,0,0,0,0,0,0,0,0
450,0,0,0,0,0,0,0,0,0
451,0,0,0,0,0,0,0,0,0
452,0,0,0,0,0,0,0,0,0
453,0,0,0,0,0,0,0,0,0
454,0,0,0,0,0,0,0,0,0
455,0,0,0,0,0,0,0,0,0
456,0,0,0,0,0,0,0,0,0
457,0,0,0,0,0,0,0,0,0
458,0,0,0,0,0,0,0,0,0
459,0,0,0,0,0,0,0,0,0
460,0,0,0,0,0,0,0,0,0
461,0,0,0,0,0,0,0,0,0
462,0,0,0,0,0,0,0,0,0
463,0,0,0,0,0,0,0,0,0
464,0,0,0,0,0,0,0,0,0
465,0,0,0,0,0,0,0,0,0
466,0,0,0,0,0,0,0,0,0
467,0,0,0,0,0,0,0,0,0
468,0,0,0,0,0,0,0,0,0
469,0,0,0,0,0,0,0,0,0
470,0,0,0,0,0,0,0,0,0
471,0,0,0,0,0,0,0,0,0
472,0,0,0,0,0,0,0,0,0
473,0,0,0,0,0,0,0,0,0
474,0,0,0,0,0,0,0,0,0
475,0,0,0,0,0,0,0,0,0
476,0,0,0,0,0,0,0,0,0
477,0,0,0,0,0,0,0,0,0
478,0,0,0,0,0,0,0,0,0
479,0,0,0,0,0,0,0,0,0
480,0,0,0,0,0,0,0,0,0
481,0,0,0,0,0,0,0,0,0
482,0,0,0,0,0,0,0,0,0
483,0,0,0,0,0,0,0,0,0
484,0,0,0,0,0,0,0,0,0
485,0,0,0,0,0,0,0,0,0
486,0,0,0,0,0,0,0,0,0
487,0,0,0,0,0,0,0,0,0
488,0,0,0,0,0,0,0,0,0
489,0,0,0,0,0,0,0,0,0
490,0,0,0,0,0,0,0,0,0
491,0,0,0,0,0,0,0,0,0
492,0,0,0,0,0,0,0,0,0
493,0,0,0,0,0,0,0,0,0
494,0,0,0,0,0,0,0,0,0
495,0,0,0,0,0,0,0,0,0
496,0,0,0,0,0,0,0,0,0
497,0,0,0,0,0,0,0,0,0
498,0,0,0,0,0,0,0,0,0
499,0,0,0,0,0,0,0,0,0
500,0,0,0,0,0,0,0,0,0
501,0,0,0,0,0,0,0,0,0
502,0,0,0,0,0,0,0,0,0
503,0,0,0,0,0,0,0,0,0
504,0,0,0,0,0,0,0,0,0
505,0,0,0,0,0,0,0,0,0
506,0,0,0,0,0,0,0,0,0
507,0,0,0,0,0,0,0,0,0
508,0,0,0,0,0,0,0,0,0
509,0,0,0,0,0,0,0,0,0
510,0,0,0,0,0,0,0,0,0
511,0,0,0,0,0,0,0,0,0
512,0,0,0,0,0,0,0,0,0
513,0,0,0,0,0,0,0,0,0
514,0,0,0,0,0,0,0,0,0
515,0,0,0,0,0,0,0,0,0
516,0,0,0,0,0,0,0,0,0
517,0,0,0,0,0,0,0,0,0
518,0,0,0,0,0,0,0,0,0
519,0,0,0,0,0,0,0,0,0
520,0,0,0,0,0,0,0,0,0
521,0,0,0,0,0,0,0,0,0
522,0,0,0,0,0,0,0,0,0
523,0,0,0,0,0,0,0,0,0
524,0,0,0,0,0,0,0,0,0
525,0,0,0,0,0,0,0,0,0
526,0,0,0,0,0,0,0,0,0
527,0,0,0,0,0,0,0,0,0
528,0,0,0,0,0,0,0,0,0
529,0,0,0,0,0,0,0,0,0
530,0,0,0,0,0,0,0,0,0
531,0,0,0,0,0,0,0,0,0
532,0,0,0,0,0,0,0,0,0
533,0,0,0,0,0,0,0,0,0
534,0,0,0,0,0,0,0,0,0
535,0,0,0,0,0,0,0,0,0
536,0,0,0,0,0,0,0,0,0
537,0,0,0,0,0,0,0,0,0
538,0,0,0,0,0,0,0,0,0
539,0,0,0,0,0,0,0,0,0
540,0,0,0,0,0,0,0,0,0
541,0,0,0,0,0,0,0,0,0
542,0,0,0,0,0,0,0,0,0
543,0,0,0,0,0,0,0,0,0
544,0,0,0,0,0,0,0,0,0
545,0,0,0,0,0,0,0,0,0
546,0,0,0,0,0,0,0,0,0
547,0,0,0,0,0,0,0,0,0
548,0,0,0,0,0,0,0,0,0
549,0,0,0,0,0,0,0,0,0
550,0,0,0,0,0,0,0,0,0
551,0,0,0,0,0,0,0,0,0
552,0,0,0,0,0,0,0,0,0
553,0,0,0,0,0,0,0,0,0
554,0,0,0,0,0,0,0,0,0
555,0,0,0,0,0,0,0,0,0
556,0,0,0,0,0,0,0,0,0
557,0,0,0,0,0,0,0,0,0
558,0,0,0,0,0,0,0,0,0
559,0,0,0,0,0,0,0,0,0
560,0,0,0,0,0,0,0,0,0
561,0,0,0,0,0,0,0,0,0
562,0,0,0,0,0,0,0,0,0
563,0,0,0,0,0,0,0,0,0
564,0,0,0,0,0,0,0,0,0
565,0,0,0,0,0,0,0,0,0
566,0,0,0,0,0,0,0,0,0
567,0,0,0,0,0,0,0,0,0
568,0,0,0,0,0,0,0,0,0
569,0,0,0,0,0,0,0,0,0
570,0,0,0,0,0,0,0,0,0
571,0,0,0,0,0,0,0,0,0
572,0,0,0,0,0,0,0,0,0
573,0,0,0,0,0,0,0,0,0
574,0,0,0,0,0,0,0,0,0
575,0,0,0,0,0,0,0,0,0
576,0,0,0,0,0,0,0,0,0
577,0,0,0,0,0,0,0,0,0
578,0,0,0,0,0,0,0,0,0
579,0,0,0,0,0,0,0,0,0
580,0,0,0,0,0,0,0,0,0
581,0,0,0,0,0,0,0,0,0
582,0,0,0,0,0,0,0,0,0
583,0,0,0,0,0,0,0,0,0
584,0,0,0,0,0,0,0,0,0
585,0,0,0,0,0,0,0,0,0
586,0,0,0,0,0,0,0,0,0
587,0,0,0,0,0,0,0,0,0
588,0,0,0,0,0,0,0,0,0
589,0,0,0,0,0,0,0,0,0
590,0,0,0,0,0,0,0,0,0
591,0,0,0,0,0,0,0,0,0
592,0,0,0,0,0,0,0,0,0
593,0,0,0,0,0,0,0,0,0
594,0,0,0,0,0,0,0,0,0
595,0,0,0,0,0,0,0,0,0
596,0,0,0,0,0,0,0,0,0
597,0,0,0,0,0,0,0,0,0
598,0,0,0,0,0,0,0,0,0
599,0,0,0,0,0,0,0,0,0
600,0,0,0,0,0,0,0,0,0
601,0,0,0,0,0,0,0,0,0
602,0,0,0,0,0,0,0,0,0
603,0,0,0,0,0,0,0,0,0
604,0,0,0,0,0,0,0,0,0
605,0,0,0,0,0,0,0,0,0
606,0,0,0,0,0,0,0,0,0
607,0,0,0,0,0,0,0,0,0
608,0,0,0,0,0,0,0,0,0
609,0,0,0,0,0,0,0,0,0
610,0,0,0,0,0,0,0,0,0
611,0,0,0,0,0,0,0,0,0
612,0,0,0,0,0,0,0,0,0
613,0,0,0,0,0,0,0,0,0
614,0,0,0,0,0,0,0,0,0
615,0,0,0,0,0,0,0,0,0
616,0,0,0,0,0,0,0,0,0
617,0,0,0,0,0,0,0,0,0
618,0,0,0,0,0,0,0,0,0
619,0,0,0,0,0,0,0,0,0
620,0,0,0,0,0,0,0,0,0
621,0,0,0,0,0,0,0,0,0
622,0,0,0,0,0,0,0,0,0
623,0,0,0,0,0,0,0,0,0
624,0,0,0,0,0,0,0,0,0
625,0,0,0,0,0,0,0,0,0
626,0,0,0,0,0,0,0,0,0
627,0,0,0,0,0,0,0,0,0
628,0,0,0,0,0,0,0,0,0
629,0,0,0,0,0,0,0,0,0
630,0,0,0,0,0,0,0,0,0
631,0,0,0,0,0,0,0,0,0
632,0,0,0,0,0,0,0,0,0
633,0,0,0,0,0,0,0,0,0
634,0,0,0,0,0,0,0,0,0
635,0,0,0,0,0,0,0,0,0
636,0,0,0,0,0,0,0,0,0
637,0,0,0,0,0,0,0,0,0
638,0,0,0,0,0,0,0,0,0
639,0,0,0,0,0,0,0,0,0
640,0,0,0,0,0,0,0,0,0
641,0,0,0,0,0,0,0,0,0
642,0,0,0,0,0,0,0,0,0
643,0,0,0,0,0,0,0,0,0
644,0,0,0,0,0,0,0,0,0
645,0,0,0,0,0,0,0,0,0
646,0,0,0,0,0,0,0,0,0
647,0,0,0,0,0,0,0,0,0
648,0,0,0,0,0,0,0,0,0
649,0,0,0,0,0,0,0,0,0
650,0,0,0,0,0,0,0,0,0
651,0,0,0,0,0,0,0,0,0
652,0,0,0,0,0,0,0,0,0
653,0,0,0,0,0,0,0,0,0
654,0,0,0,0,0,0,0,0,0
655,0,0,0,0,0,0,0,0,0
656,0,0,0,0,0,0,0,0,0
657,0,0,0,0,0,0,0,0,0
658,0,0,0,0,0,0,0,0,0
659,0,0,0,0,0,0,0,0,0
660,0,0,0,0,0,0,0,0,0
661,0,0,0,0,0,0,0,0,0
662,0,0,0,0,0,0,0,0,0
663,0,0,0,0,0,0,0,0,0
664,0,0,0,0,0,0,0,0,0
665,0,0,0,0,0,0,0,0,0
666,0,0,0,0,0,0,0,0,0
667,0,0,0,0,0,0,0,0,0
668,0,0,0,0,0,0,0,0,0
669,0,0,0,0,0,0,0,0,0
670,0,0,0,0,0,0,0,0,0
671,0,0,0,0,0,0,0,0,0
672,0,0,0,0,0,0,0,0,0
673,0,0,0,0,0,0,0,0,0
674,0,0,0,0,0,0,0,0,0
675,0,0,0,0,0,0,0,0,0
676,0,0,0,0,0,0,0,0,0
677,0,0,0,0,0,0,0,0,0
678,0,0,0,0,0,0,0,0,0
679,0,0,0,0,0,0,0,0,0
680,0,0,0,0,0,0,0,0,0
681,0,0,0,0,0,0,0,0,0
682,0,0,0,0,0,0,0,0,0
683,0,0,0,0,0,0,0,0,0
684,0,0,0,0,0,0,0,0,0
685,0,0,0,0,0,0,0,0,0
686,0,0,0,0,0,0,0,0,0
687,0,0,0,0,0,0,0,0,0
688,0,0,0,0,0,0,0,0,0
689,0,0,0,0,0,0,0,0,0
690,0,0,0,0,0,0,0,0,0
691,0,0,0,0,0,0,0,0,0
692,0,0,0,0,0,0,0,0,0
693,0,0,0,0,0,0,0,0,0
694,0,0,0,0,0,0,0,0,0
695,0,0,0,0,0,0,0,0,0
696,0,0,0,0,0,0,0,0,0
697,0,0,0,0,0,0,0,0,0
698,0,0,0,0,0,0,0,0,0
699,0,0,0,0,0,0,0,0,0
700,0,0,0,0,0,0,0,0,0
701,0,0,0,0,0,0,0,0,0
702,0,0,0,0,0,0,0,0,0
703,0,0,0,0,0,0,0,0,0
704,0,0,0,0,0,0,0,0,0
705,0,0,0,0,0,0,0,0,0
706,0,0,0,0,0,0,0,0,0
707,0,0,0,0,0,0,0,0,0
708,0,0,0,0,0,0,0,0,0
709,0,0,0,0,0,0,0,0,0
710,0,0,0,0,0,0,0,0,0
711,0,0,0,0,0,0,0,0,0
712,0,0,0,0,0,0,0,0,0
713,0,0,0,0,0,0,0,0,0
714,0,0,0,0,0,0,0,0,0
715,0,0,0,0,0,0,0,0,0
716,0,0,0,0,0,0,0,0,0
717,0,0,0,0,0,0,0,0,0
718,0,0,0,0,0,0,0,0,0
719,0,0,0,0,0,0,0,0,0
720,0,0,0,0,0,0,0,0,0
721,0,0,0,0,0,0,0,0,0
722,0,0,0,0,0,0,0,0,0
723,0,0,0,0,0,0,0,0,0
724,0,0,0,0,0,0,0,0,0
725,0,0,0,0,0,0,0,0,0
726,0,0,0,0,0,0,0,0,0
727,0,0,0,0,0,0,0,0,0
728,0,0,0,0,0,0,0,0,0
729,0,0,0,0,0,0,0,0,0
730,0,0,0,0,0,0,0,0,0
731,0,0,0,0,0,0,0,0,0
732,0,0,0,0,0,0,0,0,0
733,0,0,0,0,0,0,0,0,0
734,0,0,0,0,0,0,0,0,0
735,0,0,0,0,0,0,0,0,0
736,0,0,0,0,0,0,0,0,0
737,0,0,0,0,0,0,0,0,0
738,0,0,0,0,0,0,0,0,0
739,0,0,0,0,0,0,0,0,0
740,0,0,0,0,0,0,0,0,0
741,0,0,0,0,0,0,0,0,0
742,0,0,0,0,0,0,0,0,0
743,0,0,0,0,0,0,0,0,0
744,0,0,0,0,0,0,0,0,0
745,0,0,0,0,0,0,0,0,0
746,0,0,0,0,0,0,0,0,0
747,0,0,0,0,0,0,0,0,0
748,0,0,0,0,0,0,0,0,0
749,0,0,0,0,0,0,0,0,0
750,0,0,0,0,0,0,0,0,0
0,194,7257,201425,4077983,57373546,517292847,2626655236,5935079656,3356972874
1,105,3383,70697,1073799,11351690,76885814,293437506,498634225,212189073
2,42,1402,24019,303766,2674687,15149029,48568626,69584094,25020181
3,29,635,9299,101724,764082,3674123,9966887,12055318,3643186
4,16,284,3953,38457,259412,1114471,2702517,2926404,794088
5,12,151,1903,15506,87907,319268,654528,603129,139291
6,10,99,1096,8106,41809,136049,247289,201608,41235
7,7,82,807,5321,24890,74083,124539,94488,17923
8,4,56,511,2990,12799,34751,53066,36852,6398
9,2,48,399,2105,8384,21948,32602,21743,3698
10,1,34,290,1475,5836,15059,21664,14334,2319
11,1,28,247,1158,4407,10445,14043,8693,1331
12,1,18,164,690,2658,6193,8165,4943,730
13,0,15,88,413,1447,3277,4056,2324,331
14,0,13,76,340,1104,2303,2671,1524,216
15,0,11,57,242,736,1419,1552,881,133
16,0,11,52,221,628,1192,1257,666,100
17,0,9,39,169,460,848,869,444,64
18,0,9,39,162,439,809,806,385,46
19,0,9,36,139,362,657,644,280,30
20,0,9,36,136,352,621,592,243,28
21,0,9,30,125,298,502,461,188,22
22,0,7,26,111,271,413,375,137,12
23,0,7,19,74,168,235,242,77,8
24,0,7,19,65,134,179,183,52,2
25,0,7,19,47,98,132,112,25,0
26,0,7,18,44,85,107,87,17,0
27,0,0,0,0,0,0,0,0,0
28,0,0,0,0,0,0,0,0,0
29,0,0,0,0,0,0,0,0,0
30,0,0,0,0,0,0,0,0,0
31,0,0,0,0,0,0,0,0,0
32,0,0,0,0,0,0,0,0,0
33,0,0,0,0,0,0,0,0,0
34,0,0,0,0,0,0,0,0,0
35,0,0,0,0,0,0,0,0,0
36,0,0,0,0,0,0,0,0,0
37,0,0,0,0,0,0,0,0,0
38,0,0,0,0,0,0,0,0,0
39,0,0,0,0,0,0,0,0,0
40,0,0,0,0,0,0,0,0,0
41,0,0,0,0,0,0,0,0,0
42,0,0,0,0,0,0,0,0,0
43,0,0,0,0,0,0,0,0,0
44,0,0,0,0,0,0,0,0,0
45,0,0,0,0,0,0,0,0,0
46,0,0,0,0,0,0,0,0,0
47,0,0,0,0,0,0,0,0,0
48,0,0,0,0,0,0,0,0,0
49,0,0,0,0,0,0,0,0,0
50,0,0,0,0,0,0,0,0,0
51,0,0,0,0,0,0,0,0,0
52,0,0,0,0,0,0,0,0,0
53,0,0,0,0,0,0,0,0,0
54,0,0,0,0,0,0,0,0,0
55,0,0,0,0,0,0,0,0,0
56,0,0,0,0,0,0,0,0,0
57,0,0,0,0,0,0,0,0,0
58,0,0,0,0,0,0,0,0,0
59,0,0,0,0,0,0,0,0,0
60,0,0,0,0,0,0,0,0,0
61,0,0,0,0,0,0,0,0,0
62,0,0,0,0,0,0,0,0,0
63,0,0,0,0,0,0,0,0,0
64,0,0,0,0,0,0,0,0,0
65,0,0,0,0,0,0,0,0,0
66,0,0,0,0,0,0,0,0,0
67,0,0,0,0,0,0,0,0,0
68,0,0,0,0,0,0,0,0,0
69,0,0,0,0,0,0,0,0,0
70,0,0,0,0,0,0,0,0,0
71,0,0,0,0,0,0,0,0,0
72,0,0,0,0,0,0,0,0,0
73,0,0,0,0,0,0,0,0,0
74,0,0,0,0,0,0,0,0,0
75,0,0,0,0,0,0,0,0,0
76,0,0,0,0,0,0,0,0,0
77,0,0,0,0,0,0,0,0,0
78,0,0,0,0,0,0,0,0,0
79,0,0,0,0,0,0,0,0,0
80,0,0,0,0,0,0,0,0,0
81,0,0,0,0,0,0,0,0,0
82,0,0,0,0,0,0,0,0,0
83,0,0,0,0,0,0,0,0,0
84,0,0,0,0,0,0,0,0,0
85,0,0,0,0,0,0,0,0,0
86,0,0,0,0,0,0,0,0,0
87,0,0,0,0,0,0,0,0,0
88,0,0,0,0,0,0,0,0,0
89,0,0,0,0,0,0,0,0,0
90,0,0,0,0,0,0,0,0,0
91,0,0,0,0,0,0,0,0,0
92,0,0,0,0,0,0,0,0,0
93,0,0,0,0,0,0,0,0,0
94,0,0,0,0,0,0,0,0,0
95,0,0,0,0,0,0,0,0,0
96,0,0,0,0,0,0,0,0,0
97,0,0,0,0,0,0,0,0,0
98,0,0,0,0,0,0,0,0,0
99,0,0,0,0,0,0,0,0,0
100,0,0,0,0,0,0,0,0,0
101,0,0,0,0,0,0,0,0,0
102,0,0,0,0,0,0,0,0,0
103,0,0,0,0,0,0,0,0,0
104,0,0,0,0,0,0,0,0,0
105,0,0,0,0,0,0,0,0,0
106,0,0,0,0,0,0,0,0,0
107,0,0,0,0,0,0,0,0,0
108,0,0,0,0,0,0,0,0,0
109,0,0,0,0,0,0,0,0,0
110,0,0,0,0,0,0,0,0,0
111,0,0,0,0,0,0,0,0,0
112,0,0,0,0,0,0,0,0,0
113,0,0,0,0,0,0,0,0,0
114,0,0,0,0,0,0,0,0,0
115,0,0,0,0,0,0,0,0,0
116,0,0,0,0,0,0,0,0,0
117,0,0,0,0,0,0,0,0,0
118,0,0,0,0,0,0,0,0,0
119,0,0,0,0,0,0,0,0,0
120,0,0,0,0,0,0,0,0,0
121,0,0,0,0,0,0,0,0,0
122,0,0,0,0,0,0,0,0,0
123,0,0,0,0,0,0,0,0,0
124,0,0,0,0,0,0,0,0,0
125,0,0,0,0,0,0,0,0,0
126,0,0,0,0,0,0,0,0,0
127,0,0,0,0,0,0,0,0,0
128,0,0,0,0,0,0,0,0,0
129,0,0,0,0,0,0,0,0,0
130,0,0,0,0,0,0,0,0,0
131,0,0,0,0,0,0,0,0,0
132,0,0,0,0,0,0,0,0,0
133,0,0,0,0,0,0,0,0,0
134,0,0,0,0,0,0,0,0,0
135,0,0,0,0,0,0,0,0,0
136,0,0,0,0,0,0,0,0,0
137,0,0,0,0,0,0,0,0,0
138,0,0,0,0,0,0,0,0,0
139,0,0,0,0,0,0,0,0,0
140,0,0,0,0,0,0,0,0,0
141,0,0,0,0,0,0,0,0,0
142,0,0,0,0,0,0,0,0,0
143,0,0,0,0,0,0,0,0,0
144,0,0,0,0,0,0,0,0,0
145,0,0,0,0,0,0,0,0,0
146,0,0,0,0,0,0,0,0,0
147,0,0,0,0,0,0,0,0,0
148,0,0,0,0,0,0,0,0,0
149,0,0,0,0,0,0,0,0,0
150,0,0,0,0,0,0,0,0,0
151,0,0,0,0,0,0,0,0,0
152,0,0,0,0,0,0,0,0,0
153,0,0,0,0,0,0,0,0,0
154,0,0,0,0,0,0,0,0,0
155,0,0,0,0,0,0,0,0,0
156,0,0,0,0,0,0,0,0,0
157,0,0,0,0,0,0,0,0,0
158,0,0,0,0,0,0,0,0,0
159,0,0,0,0,0,0,0,0,0
160,0,0,0,0,0,0,0,0,0
161,0,0,0,0,0,0,0,0,0
162,0,0,0,0,0,0,0,0,0
163,0,0,0,0,0,0,0,0,0
164,0,0,0,0,0,0,0,0,0
165,0,0,0,0,0,0,0,0,0
166,0,0,0,0,0,0,0,0,0
167,0,0,0,0,0,0,0,0,0
168,0,0,0,0,0,0,0,0,0
169,0,0,0,0,0,0,0,0,0
170,0,0,0,0,0,0,0,0,0
171,0,0,0,0,0,0,0,0,0
172,0,0,0,0,0,0,0,0,0
173,0,0,0,0,0,0,0,0,0
174,0,0,0,0,0,0,0,0,0
175,0,0,0,0,0,0,0,0,0
176,0,0,0,0,0,0,0,0,0
177,0,0,0,0,0,0,0,0,0
178,0,0,0,0,0,0,0,0,0
179,0,0,0,0,0,0,0,0,0
180,0,0,0,0,0,0,0,0,0
181,0,0,0,0,0,0,0,0,0
182,0,0,0,0,0,0,0,0,0
183,0,0,0,0,0,0,0,0,0
184,0,0,0,0,0,0,0,0,0
185,0,0,0,0,0,0,0,0,0
186,0,0,0,0,0,0,0,0,0
187,0,0,0,0,0,0,0,0,0
188,0,0,0,0,0,0,0,0,0
189,0,0,0,0,0,0,0,0,0
190,0,0,0,0,0,0,0,0,0
191,0,0,0,0,0,0,0,0,0
192,0,0,0,0,0,0,0,0,0
193,0,0,0,0,0,0,0,0,0
194,0,0,0,0,0,0,0,0,0
195,0,0,0,0,0,0,0,0,0
196,0,0,0,0,0,0,0,0,0
197,0,0,0,0,0,0,0,0,0
198,0,0,0,0,0,0,0,0,0
199,0,0,0,0,0,0,0,0,0
200,0,0,0,0,0,0,0,0,0
201,0,0,0,0,0,0,0,0,0
202,0,0,0,0,0,0,0,0,0
203,0,0,0,0,0,0,0,0,0
204,0,0,0,0,0,0,0,0,0
205,0,0,0,0,0,0,0,0,0
206,0,0,0,0,0,0,0,0,0
207,0,0,0,0,0,0,0,0,0
208,0,0,0,0,0,0,0,0,0
209,0,0,0,0,0,0,0,0,0
210,0,0,0,0,0,0,0,0,0
211,0,0,0,0,0,0,0,0,0
212,0,0,0,0,0,0,0,0,0
213,0,0,0,0,0,0,0,0,0
214,0,0,0,0,0,0,0,0,0
215,0,0,0,0,0,0,0,0,0
216,0,0,0,0,0,0,0,0,0
217,0,0,0,0,0,0,0,0,0
218,0,0,0,0,0,0,0,0,0
219,0,0,0,0,0,0,0,0,0
220,0,0,0,0,0,0,0,0,0
221,0,0,0,0,0,0,0,0,0
222,0,0,0,0,0,0,0,0,0
223,0,0,0,0,0,0,0,0,0
224,0,0,0,0,0,0,0,0,0
225,0,0,0,0,0,0,0,0,0
226,0,0,0,0,0,0,0,0,0
227,0,0,0,0,0,0,0,0,0
228,0,0,0,0,0,0,0,0,0
229,0,0,0,0,0,0,0,0,0
230,0,0,0,0,0,0,0,0,0
231,0,0,0,0,0,0,0,0,0
232,0,0,0,0,0,0,0,0,0
233,0,0,0,0,0,0,0,0,0
234,0,0,0,0,0,0,0,0,0
235,0,0,0,0,0,0,0,0,0
236,0,0,0,0,0,0,0,0,0
237,0,0,0,0,0,0,0,0,0
238,0,0,0,0,0,0,0,0,0
239,0,0,0,0,0,0,0,0,0
240,0,0,0,0,0,0,0,0,0
241,0,0,0,0,0,0,0,0,0
242,0,0,0,0,0,0,0,0,0
243,0,0,0,0,0,0,0,0,0
244,0,0,0,0,0,0,0,0,0
245,0,0,0,0,0,0,0,0,0
246,0,0,0,0,0,0,0,0,0
247,0,0,0,0,0,0,0,0,0
248,0,0,0,0,0,0,0,0,0
249,0,0,0,0,0,0,0,0,0
250,0,0,0,0,0,0,0,0,0
251,0,0,0,0,0,0,0,0,0
252,0,0,0,0,0,0,0,0,0
253,0,0,0,0,0,0,0,0,0
254,0,0,0,0,0,0,0,0,0
255,0,0,0,0,0,0,0,0,0
256,0,0,0,0,0,0,0,0,0
257,0,0,0,0,0,0,0,0,0
258,0,0,0,0,0,0,0,0,0
259,0,0,0,0,0,0,0,0,0
260,0,0,0,0,0,0,0,0,0
261,0,0,0,0,0,0,0,0,0
262,0,0,0,0,0,0,0,0,0
263,0,0,0,0,0,0,0,0,0
264,0,0,0,0,0,0,0,0,0
265,0,0,0,0,0,0,0,0,0
266,0,0,0,0,0,0,0,0,0
267,0,0,0,0,0,0,0,0,0
268,0,0,0,0,0,0,0,0,0
269,0,0,0,0,0,0,0,0,0
270,0,0,0,0,0,0,0,0,0
271,0,0,0,0,0,0,0,0,0
272,0,0,0,0,0,0,0,0,0
273,0,0,0,0,0,0,0,0,0
274,0,0,0,0,0,0,0,0,0
275,0,0,0,0,0,0,0,0,0
276,0,0,0,0,0,0,0,0,0
277,0,0,0,0,0,0,0,0,0
278,0,0,0,0,0,0,0,0,0
279,0,0,0,0,0,0,0,0,0
280,0,0,0,0,0,0,0,0,0
281,0,0,0,0,0,0,0,0,0
282,0,0,0,0,0,0,0,0,0
283,0,0,0,0,0,0,0,0,0
284,0,0,0,0,0,0,0,0,0
285,0,0,0,0,0,0,0,0,0
286,0,0,0,0,0,0,0,0,0
287,0,0,0,0,0,0,0,0,0
288,0,0,0,0,0,0,0,0,0
289,0,0,0,0,0,0,0,0,0
290,0,0,0,0,0,0,0,0,0
291,0,0,0,0,0,0,0,0,0
292,0,0,0,0,0,0,0,0,0
293,0,0,0,0,0,0,0,0,0
294,0,0,0,0,0,0,0,0,0
295,0,0,0,0,0,0,0,0,0
296,0,0,0,0,0,0,0,0,0
297,0,0,0,0,0,0,0,0,0
298,0,0,0,0,0,0,0,0,0
299,0,0,0,0,0,0,0,0,0
300,0,0,0,0,0,0,0,0,0
301,0,0,0,0,0,0,0,0,0
302,0,0,0,0,0,0,0,0,0
303,0,0,0,0,0,0,0,0,0
304,0,0,0,0,0,0,0,0,0
305,0,0,0,0,0,0,0,0,0
306,0,0,0,0,0,0,0,0,0
307,0,0,0,0,0,0,0,0,0
308,0,0,0,0,0,0,0,0,0
309,0,0,0,0,0,0,0,0,0
310,0,0,0,0,0,0,0,0,0
311,0,0,0,0,0,0,0,0,0
312,0,0,0,0,0,0,0,0,0
313,0,0,0,0,0,0,0,0,0
314,0,0,0,0,0,0,0,0,0
315,0,0,0,0,0,0,0,0,0
316,0,0,0,0,0,0,0,0,0
317,0,0,0,0,0,0,0,0,0
318,0,0,0,0,0,0,0,0,0
319,0,0,0,0,0,0,0,0,0
320,0,0,0,0,0,0,0,0,0
321,0,0,0,0,0,0,0,0,0
322,0,0,0,0,0,0,0,0,0
323,0,0,0,0,0,0,0,0,0
324,0,0,0,0,0,0,0,0,0
325,0,0,0,0,0,0,0,0,0
326,0,0,0,0,0,0,0,0,0
327,0,0,0,0,0,0,0,0,0
328,0,0,0,0,0,0,0,0,0
329,0,0,0,0,0,0,0,0,0
330,0,0,0,0,0,0,0,0,0
331,0,0,0,0,0,0,0,0,0
332,0,0,0,0,0,0,0,0,0
333,0,0,0,0,0,0,0,0,0
334,0,0,0,0,0,0,0,0,0
335,0,0,0,0,0,0,0,0,0
336,0,0,0,0,0,0,0,0,0
337,0,0,0,0,0,0,0,0,0
338,0,0,0,0,0,0,0,0,0
339,0,0,0,0,0,0,0,0,0
340,0,0,0,0,0,0,0,0,0
341,0,0,0,0,0,0,0,0,0
342,0,0,0,0,0,0,0,0,0
343,0,0,0,0,0,0,0,0,0
344,0,0,0,0,0,0,0,0,0
345,0,0,0,0,0,0,0,0,0
346,0,0,0,0,0,0,0,0,0
347,0,0,0,0,0,0,0,0,0
348,0,0,0,0,0,0,0,0,0
349,0,0,0,0,0,0,0,0,0
350,0,0,0,0,0,0,0,0,0
351,0,0,0,0,0,0,0,0,0
352,0,0,0,0,0,0,0,0,0
353,0,0,0,0,0,0,0,0,0
354,0,0,0,0,0,0,0,0,0
355,0,0,0,0,0,0,0,0,0
356,0,0,0,0,0,0,0,0,0
357,0,0,0,0,0,0,0,0,0
358,0,0,0,0,0,0,0,0,0
359,0,0,0,0,0,0,0,0,0
360,0,0,0,0,0,0,0,0,0
361,0,0,0,0,0,0,0,0,0
362,0,0,0,0,0,0,0,0,0
363,0,0,0,0,0,0,0,0,0
364,0,0,0,0,0,0,0,0,0
365,0,0,0,0,0,0,0,0,0
366,0,0,0,0,0,0,0,0,0
367,0,0,0,0,0,0,0,0,0
368,0,0,0,0,0,0,0,0,0
369,0,0,0,0,0,0,0,0,0
370,0,0,0,0,0,0,0,0,0
371,0,0,0,0,0,0,0,0,0
372,0,0,0,0,0,0,0,0,0
373,0,0,0,0,0,0,0,0,0
374,0,0,0,0,0,0,0,0,0
375,0,0,0,0,0,0,0,0,0
376,0,0,0,0,0,0,0,0,0
377,0,0,0,0,0,0,0,0,0
378,0,0,0,0,0,0,0,0,0
379,0,0,0,0,0,0,0,0,0
380,0,0,0,0,0,0,0,0,0
381,0,0,0,0,0,0,0,0,0
382,0,0,0,0,0,0,0,0,0
383,0,0,0,0,0,0,0,0,0
384,0,0,0,0,0,0,0,0,0
385,0,0,0,0,0,0,0,0,0
386,0,0,0,0,0,0,0,0,0
387,0,0,0,0,0,0,0,0,0
388,0,0,0,0,0,0,0,0,0
389,0,0,0,0,0,0,0,0,0
390,0,0,0,0,0,0,0,0,0
391,0,0,0,0,0,0,0,0,0
392,0,0,0,0,0,0,0,0,0
393,0,0,0,0,0,0,0,0,0
394,0,0,0,0,0,0,0,0,0
395,0,0,0,0,0,0,0,0,0
396,0,0,0,0,0,0,0,0,0
397,0,0,0,0,0,0,0,0,0
398,0,0,0,0,0,0,0,0,0
399,0,0,0,0,0,0,0,0,0
400,0,0,0,0,0,0,0,0,0
401,0,0,0,0,0,0,0,0,0
402,0,0,0,0,0,0,0,0,0
403,0,0,0,0,0,0,0,0,0
404,0,0,0,0,0,0,0,0,0
405,0,0,0,0,0,0,0,0,0
406,0,0,0,0,0,0,0,0,0
407,0,0,0,0,0,0,0,0,0
408,0,0,0,0,0,0,0,0,0
409,0,0,0,0,0,0,0,0,0
410,0,0,0,0,0,0,0,0,0
411,0,0,0,0,0,0,0,0,0
412,0,0,0,0,0,0,0,0,0
413,0,0,0,0,0,0,0,0,0
414,0,0,0,0,0,0,0,0,0
415,0,0,0,0,0,0,0,0,0
416,0,0,0,0,0,0,0,0,0
417,0,0,0,0,0,0,0,0,0
418,0,0,0,0,0,0,0,0,0
419,0,0,0,0,0,0,0,0,0
420,0,0,0,0,0,0,0,0,0
421,0,0,0,0,0,0,0,0,0
422,0,0,0,0,0,0,0,0,0
423,0,0,0,0,0,0,0,0,0
424,0,0,0,0,0,0,0,0,0
425,0,0,0,0,0,0,0,0,0
426,0,0,0,0,0,0,0,0,0
427,0,0,0,0,0,0,0,0,0
428,0,0,0,0,0,0,0,0,0
429,0,0,0,0,0,0,0,0,0
430,0,0,0,0,0,0,0,0,0
431,0,0,0,0,0,0,0,0,0
432,0,0,0,0,0,0,0,0,0
433,0,0,0,0,0,0,0,0,0
434,0,0,0,0,0,0,0,0,0
435,0,0,0,0,0,0,0,0,0
436,0,0,0,0,0,0,0,0,0
437,0,0,0,0,0,0,0,0,0
438,0,0,0,0,0,0,0,0,0
439,0,0,0,0,0,0,0,0,0
440,0,0,0,0,0,0,0,0,0
441,0,0,0,0,0,0,0,0,0
442,0,0,0,0,0,0,0,0,0
443,0,0,0,0,0,0,0,0,0
444,0,0,0,0,0,0,0,0,0
445,0,0,0,0,0,0,0,0,0
446,0,0,0,0,0,0,0,0,0
447,0,0,0,0,0,0,0,0,0
448,0,0,0,0,0,0,0,0,0
449,0,0,0,0,0,0,0,0,0
450,0,0,0,0,0,0,0,0,0
451,0,0,0,0,0,0,0,0,0
452,0,0,0,0,0,0,0,0,0
453,0,0,0,0,0,0,0,0,0
454,0,0,0,0,0,0,0,0,0
455,0,0,0,0,0,0,0,0,0
456,0,0,0,0,0,0,0,0,0
457,0,0,0,0,0,0,0,0,0
458,0,0,0,0,0,0,0,0,0
459,0,0,0,0,0,0,0,0,0
460,0,0,0,0,0,0,0,0,0
461,0,0,0,0,0,0,0,0,0
462,0,0,0,0,0,0,0,0,0
463,0,0,0,0,0,0,0,0,0
464,0,0,0,0,0,0,0,0,0
465,0,0,0,0,0,0,0,0,0
466,0,0,0,0,0,0,0,0,0
467,0,0,0,0,0,0,0,0,0
468,0,0,0,0,0,0,0,0,0
469,0,0,0,0,0,0,0,0,0
470,0,0,0,0,0,0,0,0,0
471,0,0,0,0,0,0,0,0,0
472,0,0,0,0,0,0,0,0,0
473,0,0,0,0,0,0,0,0,0
474,0,0,0,0,0,0,0,0,0
475,0,0,0,0,0,0,0,0,0
476,0,0,0,0,0,0,0,0,0
477,0,0,0,0,0,0,0,0,0
478,0,0,0,0,0,0,0,0,0
479,0,0,0,0,0,0,0,0,0
480,0,0,0,0,0,0,0,0,0
481,0,0,0,0,0,0,0,0,0
482,0,0,0,0,0,0,0,0,0
483,0,0,0,0,0,0,0,0,0
484,0,0,0,0,0,0,0,0,0
485,0,0,0,0,0,0,0,0,0
486,0,0,0,0,0,0,0,0,0
487,0,0,0,0,0,0,0,0,0
488,0,0,0,0,0,0,0,0,0
489,0,0,0,0,0,0,0,0,0
490,0,0,0,0,0,0,0,0,0
491,0,0,0,0,0,0,0,0,0
492,0,0,0,0,0,0,0,0,0
493,0,0,0,0,0,0,0,0,0
494,0,0,0,0,0,0,0,0,0
495,0,0,0,0,0,0,0,0,0
496,0,0,0,0,0,0,0,0,0
497,0,0,0,0,0,0,0,0,0
498,0,0,0,0,0,0,0,0,0
499,0,0,0,0,0,0,0,0,0
500,0,0,0,0,0,0,0,0,0
501,0,0,0,0,0,0,0,0,0
502,0,0,0,0,0,0,0,0,0
503,0,0,0,0,0,0,0,0,0
504,0,0,0,0,0,0,0,0,0
505,0,0,0,0,0,0,0,0,0
506,0,0,0,0,0,0,0,0,0
507,0,0,0,0,0,0,0,0,0
508,0,0,0,0,0,0,0,0,0
509,0,0,0,0,0,0,0,0,0
510,0,0,0,0,0,0,0,0,0
511,0,0,0,0,0,0,0,0,0
512,0,0,0,0,0,0,0,0,0
513,0,0,0,0,0,0,0,0,0
514,0,0,0,0,0,0,0,0,0
515,0,0,0,0,0,0,0,0,0
516,0,0,0,0,0,0,0,0,0
517,0,0,0,0,0,0,0,0,0
518,0,0,0,0,0,0,0,0,0
519,0,0,0,0,0,0,0,0,0
520,0,0,0,0,0,0,0,0,0
521,0,0,0,0,0,0,0,0,0
522,0,0,0,0,0,0,0,0,0
523,0,0,0,0,0,0,0,0,0
524,0,0,0,0,0,0,0,0,0
525,0,0,0,0,0,0,0,0,0
526,0,0,0,0,0,0,0,0,0
527,0,0,0,0,0,0,0,0,0
528,0,0,0,0,0,0,0,0,0
529,0,0,0,0,0,0,0,0,0
530,0,0,0,0,0,0,0,0,0
531,0,0,0,0,0,0,0,0,0
532,0,0,0,0,0,0,0,0,0
533,0,0,0,0,0,0,0,0,0
534,0,0,0,0,0,0,0,0,0
535,0,0,0,0,0,0,0,0,0
536,0,0,0,0,0,0,0,0,0
537,0,0,0,0,0,0,0,0,0
538,0,0,0,0,0,0,0,0,0
539,0,0,0,0,0,0,0,0,0
540,0,0,0,0,0,0,0,0,0
541,0,0,0,0,0,0,0,0,0
542,0,0,0,0,0,0,0,0,0
543,0,0,0,0,0,0,0,0,0
544,0,0,0,0,0,0,0,0,0
545,0,0,0,0,0,0,0,0,0
546,0,0,0,0,0,0,0,0,0
547,0,0,0,0,0,0,0,0,0
548,0,0,0,0,0,0,0,0,0
549,0,0,0,0,0,0,0,0,0
550,0,0,0,0,0,0,0,0,0
551,0,0,0,0,0,0,0,0,0
552,0,0,0,0,0,0,0,0,0
553,0,0,0,0,0,0,0,0,0
554,0,0,0,0,0,0,0,0,0
555,0,0,0,0,0,0,0,0,0
556,0,0,0,0,0,0,0,0,0
557,0,0,0,0,0,0,0,0,0
558,0,0,0,0,0,0,0,0,0
559,0,0,0,0,0,0,0,0,0
560,0,0,0,0,0,0,0,0,0
561,0,0,0,0,0,0,0,0,0
562,0,0,0,0,0,0,0,0,0
563,0,0,0,0,0,0,0,0,0
564,0,0,0,0,0,0,0,0,0
565,0,0,0,0,0,0,0,0,0
566,0,0,0,0,0,0,0,0,0
567,0,0,0,0,0,0,0,0,0
568,0,0,0,0,0,0,0,0,0
569,0,0,0,0,0,0,0,0,0
570,0,0,0,0,0,0,0,0,0
571,0,0,0,0,0,0,0,0,0
572,0,0,0,0,0,0,0,0,0
573,0,0,0,0,0,0,0,0,0
574,0,0,0,0,0,0,0,0,0
575,0,0,0,0,0,0,0,0,0
576,0,0,0,0,0,0,0,0,0
577,0,0,0,0,0,0,0,0,0
578,0,0,0,0,0,0,0,0,0
579,0,0,0,0,0,0,0,0,0
580,0,0,0,0,0,0,0,0,0
581,0,0,0,0,0,0,0,0,0
582,0,0,0,0,0,0,0,0,0
583,0,0,0,0,0,0,0,0,0
584,0,0,0,0,0,0,0,0,0
585,0,0,0,0,0,0,0,0,0
586,0,0,0,0,0,0,0,0,0
587,0,0,0,0,0,0,0,0,0
588,0,0,0,0,0,0,0,0,0
589,0,0,0,0,0,0,0,0,0
590,0,0,0,0,0,0,0,0,0
591,0,0,0,0,0,0,0,0,0
592,0,0,0,0,0,0,0,0,0
593,0,0,0,0,0,0,0,0,0
594,0,0,0,0,0,0,0,0,0
595,0,0,0,0,0,0,0,0,0
596,0,0,0,0,0,0,0,0,0
597,0,0,0,0,0,0,0,0,0
598,0,0,0,0,0,0,0,0,0
599,0,0,0,0,0,0,0,0,0
600,0,0,0,0,0,0,0,0,0
601,0,0,0,0,0,0,0,0,0
602,0,0,0,0,0,0,0,0,0
603,0,0,0,0,0,0,0,0,0
604,0,0,0,0,0,0,0,0,0
605,0,0,0,0,0,0,0,0,0
606,0,0,0,0,0,0,0,0,0
607,0,0,0,0,0,0,0,0,0
608,0,0,0,0,0,0,0,0,0
609,0,0,0,0,0,0,0,0,0
610,0,0,0,0,0,0,0,0,0
611,0,0,0,0,0,0,0,0,0
612,0,0,0,0,0,0,0,0,0
613,0,0,0,0,0,0,0,0,0
614,0,0,0,0,0,0,0,0,0
615,0,0,0,0,0,0,0,0,0
616,0,0,0,0,0,0,0,0,0
617,0,0,0,0,0,0,0,0,0
618,0,0,0,0,0,0,0,0,0
619,0,0,0,0,0,0,0,0,0
620,0,0,0,0,0,0,0,0,0
621,0,0,0,0,0,0,0,0,0
622,0,0,0,0,0,0,0,0,0
623,0,0,0,0,0,0,0,0,0
624,0,0,0,0,0,0,0,0,0
625,0,0,0,0,0,0,0,0,0
626,0,0,0,0,0,0,0,0,0
627,0,0,0,0,0,0,0,0,0
628,0,0,0,0,0,0,0,0,0
629,0,0,0,0,0,0,0,0,0
630,0,0,0,0,0,0,0,0,0
631,0,0,0,0,0,0,0,0,0
632,0,0,0,0,0,0,0,0,0
633,0,0,0,0,0,0,0,0,0
634,0,0,0,0,0,0,0,0,0
635,0,0,0,0,0,0,0,0,0
636,0,0,0,0,0,0,0,0,0
637,0,0,0,0,0,0,0,0,0
638,0,0,0,0,0,0,0,0,0
639,0,0,0,0,0,0,0,0,0
640,0,0,0,0,0,0,0,0,0
641,0,0,0,0,0,0,0,0,0
642,0,0,0,0,0,0,0,0,0
643,0,0,0,0,0,0,0,0,0
644,0,0,0,0,0,0,0,0,0
645,0,0,0,0,0,0,0,0,0
646,0,0,0,0,0,0,0,0,0
647,0,0,0,0,0,0,0,0,0
648,0,0,0,0,0,0,0,0,0
649,0,0,0,0,0,0,0,0,0
650,0,0,0,0,0,0,0,0,0
651,0,0,0,0,0,0,0,0,0
652,0,0,0,0,0,0,0,0,0
653,0,0,0,0,0,0,0,0,0
654,0,0,0,0,0,0,0,0,0
655,0,0,0,0,0,0,0,0,0
656,0,0,0,0,0,0,0,0,0
657,0,0,0,0,0,0,0,0,0
658,0,0,0,0,0,0,0,0,0
659,0,0,0,0,0,0,0,0,0
660,0,0,0,0,0,0,0,0,0
661,0,0,0,0,0,0,0,0,0
662,0,0,0,0,0,0,0,0,0
663,0,0,0,0,0,0,0,0,0
664,0,0,0,0,0,0,0,0,0
665,0,0,0,0,0,0,0,0,0
666,0,0,0,0,0,0,0,0,0
667,0,0,0,0,0,0,0,0,0
668,0,0,0,0,0,0,0,0,0
669,0,0,0,0,0,0,0,0,0
670,0,0,0,0,0,0,0,0,0
671,0,0,0,0,0,0,0,0,0
672,0,0,0,0,0,0,0,0,0
673,0,0,0,0,0,0,0,0,0
674,0,0,0,0,0,0,0,0,0
675,0,0,0,0,0,0,0,0,0
676,0,0,0,0,0,0,0,0,0
677,0,0,0,0,0,0,0,0,0
678,0,0,0,0,0,0,0,0,0
679,0,0,0,0,0,0,0,0,0
680,0,0,0,0,0,0,0,0,0
681,0,0,0,0,0,0,0,0,0
682,0,0,0,0,0,0,0,0,0
683,0,0,0,0,0,0,0,0,0
684,0,0,0,0,0,0,0,0,0
685,0,0,0,0,0,0,0,0,0
686,0,0,0,0,0,0,0,0,0
687,0,0,0,0,0,0,0,0,0
688,0,0,0,0,0,0,0,0,0
689,0,0,0,0,0,0,0,0,0
690,0,0,0,0,0,0,0,0,0
691,0,0,0,0,0,0,0,0,0
692,0,0,0,0,0,0,0,0,0
693,0,0,0,0,0,0,0,0,0
694,0,0,0,0,0,0,0,0,0
695,0,0,0,0,0,0,0,0,0
696,0,0,0,0,0,0,0,0,0
697,0,0,0,0,0,0,0,0,0
698,0,0,0,0,0,0,0,0,0
699,0,0,0,0,0,0,0,0,0
700,0,0,0,0,0,0,0,0,0
701,0,0,0,0,0,0,0,0,0
702,0,0,0,0,0,0,0,0,0
703,0,0,0,0,0,0,0,0,0
704,0,0,0,0,0,0,0,0,0
705,0,0,0,0,0,0,0,0,0
706,0,0,0,0,0,0,0,0,0
707,0,0,0,0,0,0,0,0,0
708,0,0,0,0,0,0,0,0,0
709,0,0,0,0,0,0,0,0,0
710,0,0,0,0,0,0,0,0,0
711,0,0,0,0,0,0,0,0,0
712,0,0,0,0,0,0,0,0,0
713,0,0,0,0,0,0,0,0,0
714,0,0,0,0,0,0,0,0,0
715,0,0,0,0,0,0,0,0,0
716,0,0,0,0,0,0,0,0,0
717,0,0,0,0,0,0,0,0,0
718,0,0,0,0,0,0,0,0,0
719,0,0,0,0,0,0,0,0,0
720,0,0,0,0,0,0,0,0,0
721,0,0,0,0,0,0,0,0,0
722,0,0,0,0,0,0,0,0,0
723,0,0,0,0,0,0,0,0,0
724,0,0,0,0,0,0,0,0,0
725,0,0,0,0,0,0,0,0,0
726,0,0,0,0,0,0,0,0,0
727,0,0,0,0,0,0,0,0,0
728,0,0,0,0,0,0,0,0,0
729,0,0,0,0,0,0,0,0,0
730,0,0,0,0,0,0,0,0,0
731,0,0,0,0,0,0,0,0,0
732,0,0,0,0,0,0,0,0,0
733,0,0,0,0,0,0,0,0,0
734,0,0,0,0,0,0,0,0,0
735,0,0,0,0,0,0,0,0,0
736,0,0,0,0,0,0,0,0,0
737,0,0,0,0,0,0,0,0,0
738,0,0,0,0,0,0,0,0,0
739,0,0,0,0,0,0,0,0,0
740,0,0,0,0,0,0,0,0,0
741,0,0,0,0,0,0,0,0,0
742,0,0,0,0,0,0,0,0,0
743,0,0,0,0,0,0,0,0,0
744,0,0,0,0,0,0,0,0,0
745,0,0,0,0,0,0,0,0,0
746,0,0,0,0,0,0,0,0,0
747,0,0,0,0,0,0,0,0,0
748,0,0,0,0,0,0,0,0,0
749,0,0,0,0,0,0,0,0,0
750,0,0,0,0,0,0,0,0,0
0,194,7257,201425,4077983,57373546,517292847,2626655236,5935079656,3356972874
1,87,2479,53281,824725,8876782,61235837,238054629,411903259,178401962
2,49,1200,19553,230371,1902592,10092119,30265252,40567173,13648910
3,34,607,7506,68254,435061,1764548,4026668,4102479,1051125
4,23,338,3673,30066,175221,651372,1369401,1291779,307933
5,16,255,2468,18455,97478,326364,611149,511152,108056
6,14,182,1482,9966,47113,141838,240447,181652,34753
7,11,149,1163,7016,30411,84741,133460,93869,16709
8,10,98,709,3785,14833,37822,55308,36292,6099
9,9,84,565,2860,10520,25493,35221,21659,3381
10,5,57,361,1725,6175,14229,18415,10576,1605
11,4,44,249,1126,3906,8640,10634,5816,852
12,4,41,228,970,3169,6556,7547,3836,547
13,4,33,184,742,2268,4340,4730,2276,298
14,4,33,160,614,1858,3359,3526,1588,189
15,4,31,132,518,1462,2528,2493,1068,120
16,4,22,86,319,857,1460,1355,524,54
17,4,13,60,205,592,997,918,321,38
18,2,8,32,118,402,704,668,242,27
19,2,8,32,116,390,663,621,226,25
20,2,7,31,101,356,576,481,174,18
21,1,5,25,74,245,400,246,92,12
22,1,1,18,49,163,288,171,76,9
23,1,1,18,49,163,288,171,76,9
24,1,1,18,49,163,288,171,76,9
25,1,1,18,49,160,281,166,72,8
26,0,1,6,16,35,76,35,6,1
27,0,1,6,16,35,76,35,6,1
28,0,0,5,8,21,47,21,6,1
29,0,0,5,7,19,43,17,5,1
30,0,0,5,5,15,29,10,3,1
31,0,0,5,5,15,29,10,3,1
32,0,0,5,5,11,25,6,2,1
33,0,0,2,1,4,17,4,1,1
34,0,0,2,1,4,17,4,1,1
35,0,0,2,1,4,17,4,1,1
36,0,0,1,1,2,14,4,1,0
37,0,0,1,1,2,14,4,1,0
38,0,0,1,1,2,14,4,1,0
39,0,0,1,1,2,14,4,1,0
40,0,0,1,1,2,14,3,1,0
41,0,0,1,0,2,10,2,0,0
42,0,0,0,0,0,0,0,0,0
43,0,0,0,0,0,0,0,0,0
44,0,0,0,0,0,0,0,0,0
45,0,0,0,0,0,0,0,0,0
46,0,0,0,0,0,0,0,0,0
47,0,0,0,0,0,0,0,0,0
48,0,0,0,0,0,0,0,0,0
49,0,0,0,0,0,0,0,0,0
50,0,0,0,0,0,0,0,0,0
51,0,0,0,0,0,0,0,0,0
52,0,0,0,0,0,0,0,0,0
53,0,0,0,0,0,0,0,0,0
54,0,0,0,0,0,0,0,0,0
55,0,0,0,0,0,0,0,0,0
56,0,0,0,0,0,0,0,0,0
57,0,0,0,0,0,0,0,0,0
58,0,0,0,0,0,0,0,0,0
59,0,0,0,0,0,0,0,0,0
60,0,0,0,0,0,0,0,0,0
61,0,0,0,0,0,0,0,0,0
62,0,0,0,0,0,0,0,0,0
63,0,0,0,0,0,0,0,0,0
64,0,0,0,0,0,0,0,0,0
65,0,0,0,0,0,0,0,0,0
66,0,0,0,0,0,0,0,0,0
67,0,0,0,0,0,0,0,0,0
68,0,0,0,0,0,0,0,0,0
69,0,0,0,0,0,0,0,0,0
70,0,0,0,0,0,0,0,0,0
71,0,0,0,0,0,0,0,0,0
72,0,0,0,0,0,0,0,0,0
73,0,0,0,0,0,0,0,0,0
74,0,0,0,0,0,0,0,0,0
75,0,0,0,0,0,0,0,0,0
76,0,0,0,0,0,0,0,0,0
77,0,0,0,0,0,0,0,0,0
78,0,0,0,0,0,0,0,0,0
79,0,0,0,0,0,0,0,0,0
80,0,0,0,0,0,0,0,0,0
81,0,0,0,0,0,0,0,0,0
82,0,0,0,0,0,0,0,0,0
83,0,0,0,0,0,0,0,0,0
84,0,0,0,0,0,0,0,0,0
85,0,0,0,0,0,0,0,0,0
86,0,0,0,0,0,0,0,0,0
87,0,0,0,0,0,0,0,0,0
88,0,0,0,0,0,0,0,0,0
89,0,0,0,0,0,0,0,0,0
90,0,0,0,0,0,0,0,0,0
91,0,0,0,0,0,0,0,0,0
92,0,0,0,0,0,0,0,0,0
93,0,0,0,0,0,0,0,0,0
94,0,0,0,0,0,0,0,0,0
95,0,0,0,0,0,0,0,0,0
96,0,0,0,0,0,0,0,0,0
97,0,0,0,0,0,0,0,0,0
98,0,0,0,0,0,0,0,0,0
99,0,0,0,0,0,0,0,0,0
100,0,0,0,0,0,0,0,0,0
101,0,0,0,0,0,0,0,0,0
102,0,0,0,0,0,0,0,0,0
103,0,0,0,0,0,0,0,0,0
104,0,0,0,0,0,0,0,0,0
105,0,0,0,0,0,0,0,0,0
106,0,0,0,0,0,0,0,0,0
107,0,0,0,0,0,0,0,0,0
108,0,0,0,0,0,0,0,0,0
109,0,0,0,0,0,0,0,0,0
110,0,0,0,0,0,0,0,0,0
111,0,0,0,0,0,0,0,0,0
112,0,0,0,0,0,0,0,0,0
113,0,0,0,0,0,0,0,0,0
114,0,0,0,0,0,0,0,0,0
115,0,0,0,0,0,0,0,0,0
116,0,0,0,0,0,0,0,0,0
117,0,0,0,0,0,0,0,0,0
118,0,0,0,0,0,0,0,0,0
119,0,0,0,0,0,0,0,0,0
120,0,0,0,0,0,0,0,0,0
121,0,0,0,0,0,0,0,0,0
122,0,0,0,0,0,0,0,0,0
123,0,0,0,0,0,0,0,0,0
124,0,0,0,0,0,0,0,0,0
125,0,0,0,0,0,0,0,0,0
126,0,0,0,0,0,0,0,0,0
127,0,0,0,0,0,0,0,0,0
128,0,0,0,0,0,0,0,0,0
129,0,0,0,0,0,0,0,0,0
130,0,0,0,0,0,0,0,0,0
131,0,0,0,0,0,0,0,0,0
132,0,0,0,0,0,0,0,0,0
133,0,0,0,0,0,0,0,0,0
134,0,0,0,0,0,0,0,0,0
135,0,0,0,0,0,0,0,0,0
136,0,0,0,0,0,0,0,0,0
137,0,0,0,0,0,0,0,0,0
138,0,0,0,0,0,0,0,0,0
139,0,0,0,0,0,0,0,0,0
140,0,0,0,0,0,0,0,0,0
141,0,0,0,0,0,0,0,0,0
142,0,0,0,0,0,0,0,0,0
143,0,0,0,0,0,0,0,0,0
144,0,0,0,0,0,0,0,0,0
145,0,0,0,0,0,0,0,0,0
146,0,0,0,0,0,0,0,0,0
147,0,0,0,0,0,0,0,0,0
148,0,0,0,0,0,0,0,0,0
149,0,0,0,0,0,0,0,0,0
150,0,0,0,0,0,0,0,0,0
151,0,0,0,0,0,0,0,0,0
152,0,0,0,0,0,0,0,0,0
153,0,0,0,0,0,0,0,0,0
154,0,0,0,0,0,0,0,0,0
155,0,0,0,0,0,0,0,0,0
156,0,0,0,0,0,0,0,0,0
157,0,0,0,0,0,0,0,0,0
158,0,0,0,0,0,0,0,0,0
159,0,0,0,0,0,0,0,0,0
160,0,0,0,0,0,0,0,0,0
161,0,0,0,0,0,0,0,0,0
162,0,0,0,0,0,0,0,0,0
163,0,0,0,0,0,0,0,0,0
164,0,0,0,0,0,0,0,0,0
165,0,0,0,0,0,0,0,0,0
166,0,0,0,0,0,0,0,0,0
167,0,0,0,0,0,0,0,0,0
168,0,0,0,0,0,0,0,0,0
169,0,0,0,0,0,0,0,0,0
170,0,0,0,0,0,0,0,0,0
171,0,0,0,0,0,0,0,0,0
172,0,0,0,0,0,0,0,0,0
173,0,0,0,0,0,0,0,0,0
174,0,0,0,0,0,0,0,0,0
175,0,0,0,0,0,0,0,0,0
176,0,0,0,0,0,0,0,0,0
177,0,0,0,0,0,0,0,0,0
178,0,0,0,0,0,0,0,0,0
179,0,0,0,0,0,0,0,0,0
180,0,0,0,0,0,0,0,0,0
181,0,0,0,0,0,0,0,0,0
182,0,0,0,0,0,0,0,0,0
183,0,0,0,0,0,0,0,0,0
184,0,0,0,0,0,0,0,0,0
185,0,0,0,0,0,0,0,0,0
186,0,0,0,0,0,0,0,0,0
187,0,0,0,0,0,0,0,0,0
188,0,0,0,0,0,0,0,0,0
189,0,0,0,0,0,0,0,0,0
190,0,0,0,0,0,0,0,0,0
191,0,0,0,0,0,0,0,0,0
192,0,0,0,0,0,0,0,0,0
193,0,0,0,0,0,0,0,0,0
194,0,0,0,0,0,0,0,0,0
195,0,0,0,0,0,0,0,0,0
196,0,0,0,0,0,0,0,0,0
197,0,0,0,0,0,0,0,0,0
198,0,0,0,0,0,0,0,0,0
199,0,0,0,0,0,0,0,0,0
200,0,0,0,0,0,0,0,0,0
201,0,0,0,0,0,0,0,0,0
202,0,0,0,0,0,0,0,0,0
203,0,0,0,0,0,0,0,0,0
204,0,0,0,0,0,0,0,0,0
205,0,0,0,0,0,0,0,0,0
206,0,0,0,0,0,0,0,0,0
207,0,0,0,0,0,0,0,0,0
208,0,0,0,0,0,0,0,0,0
209,0,0,0,0,0,0,0,0,0
210,0,0,0,0,0,0,0,0,0
211,0,0,0,0,0,0,0,0,0
212,0,0,0,0,0,0,0,0,0
213,0,0,0,0,0,0,0,0,0
214,0,0,0,0,0,0,0,0,0
215,0,0,0,0,0,0,0,0,0
216,0,0,0,0,0,0,0,0,0
217,0,0,0,0,0,0,0,0,0
218,0,0,0,0,0,0,0,0,0
219,0,0,0,0,0,0,0,0,0
220,0,0,0,0,0,0,0,0,0
221,0,0,0,0,0,0,0,0,0
222,0,0,0,0,0,0,0,0,0
223,0,0,0,0,0,0,0,0,0
224,0,0,0,0,0,0,0,0,0
225,0,0,0,0,0,0,0,0,0
226,0,0,0,0,0,0,0,0,0
227,0,0,0,0,0,0,0,0,0
228,0,0,0,0,0,0,0,0,0
229,0,0,0,0,0,0,0,0,0
230,0,0,0,0,0,0,0,0,0
231,0,0,0,0,0,0,0,0,0
232,0,0,0,0,0,0,0,0,0
233,0,0,0,0,0,0,0,0,0
234,0,0,0,0,0,0,0,0,0
235,0,0,0,0,0,0,0,0,0
236,0,0,0,0,0,0,0,0,0
237,0,0,0,0,0,0,0,0,0
238,0,0,0,0,0,0,0,0,0
239,0,0,0,0,0,0,0,0,0
240,0,0,0,0,0,0,0,0,0
241,0,0,0,0,0,0,0,0,0
242,0,0,0,0,0,0,0,0,0
243,0,0,0,0,0,0,0,0,0
244,0,0,0,0,0,0,0,0,0
245,0,0,0,0,0,0,0,0,0
246,0,0,0,0,0,0,0,0,0
247,0,0,0,0,0,0,0,0,0
248,0,0,0,0,0,0,0,0,0
249,0,0,0,0,0,0,0,0,0
250,0,0,0,0,0,0,0,0,0
251,0,0,0,0,0,0,0,0,0
252,0,0,0,0,0,0,0,0,0
253,0,0,0,0,0,0,0,0,0
254,0,0,0,0,0,0,0,0,0
255,0,0,0,0,0,0,0,0,0
256,0,0,0,0,0,0,0,0,0
257,0,0,0,0,0,0,0,0,0
258,0,0,0,0,0,0,0,0,0
259,0,0,0,0,0,0,0,0,0
260,0,0,0,0,0,0,0,0,0
261,0,0,0,0,0,0,0,0,0
262,0,0,0,0,0,0,0,0,0
263,0,0,0,0,0,0,0,0,0
264,0,0,0,0,0,0,0,0,0
265,0,0,0,0,0,0,0,0,0
266,0,0,0,0,0,0,0,0,0
267,0,0,0,0,0,0,0,0,0
268,0,0,0,0,0,0,0,0,0
269,0,0,0,0,0,0,0,0,0
270,0,0,0,0,0,0,0,0,0
271,0,0,0,0,0,0,0,0,0
272,0,0,0,0,0,0,0,0,0
273,0,0,0,0,0,0,0,0,0
274,0,0,0,0,0,0,0,0,0
275,0,0,0,0,0,0,0,0,0
276,0,0,0,0,0,0,0,0,0
277,0,0,0,0,0,0,0,0,0
278,0,0,0,0,0,0,0,0,0
279,0,0,0,0,0,0,0,0,0
280,0,0,0,0,0,0,0,0,0
281,0,0,0,0,0,0,0,0,0
282,0,0,0,0,0,0,0,0,0
283,0,0,0,0,0,0,0,0,0
284,0,0,0,0,0,0,0,0,0
285,0,0,0,0,0,0,0,0,0
286,0,0,0,0,0,0,0,0,0
287,0,0,0,0,0,0,0,0,0
288,0,0,0,0,0,0,0,0,0
289,0,0,0,0,0,0,0,0,0
290,0,0,0,0,0,0,0,0,0
291,0,0,0,0,0,0,0,0,0
292,0,0,0,0,0,0,0,0,0
293,0,0,0,0,0,0,0,0,0
294,0,0,0,0,0,0,0,0,0
295,0,0,0,0,0,0,0,0,0
296,0,0,0,0,0,0,0,0,0
297,0,0,0,0,0,0,0,0,0
298,0,0,0,0,0,0,0,0,0
299,0,0,0,0,0,0,0,0,0
300,0,0,0,0,0,0,0,0,0
301,0,0,0,0,0,0,0,0,0
302,0,0,0,0,0,0,0,0,0
303,0,0,0,0,0,0,0,0,0
304,0,0,0,0,0,0,0,0,0
305,0,0,0,0,0,0,0,0,0
306,0,0,0,0,0,0,0,0,0
307,0,0,0,0,0,0,0,0,0
308,0,0,0,0,0,0,0,0,0
309,0,0,0,0,0,0,0,0,0
310,0,0,0,0,0,0,0,0,0
311,0,0,0,0,0,0,0,0,0
312,0,0,0,0,0,0,0,0,0
313,0,0,0,0,0,0,0,0,0
314,0,0,0,0,0,0,0,0,0
315,0,0,0,0,0,0,0,0,0
316,0,0,0,0,0,0,0,0,0
317,0,0,0,0,0,0,0,0,0
318,0,0,0,0,0,0,0,0,0
319,0,0,0,0,0,0,0,0,0
320,0,0,0,0,0,0,0,0,0
321,0,0,0,0,0,0,0,0,0
322,0,0,0,0,0,0,0,0,0
323,0,0,0,0,0,0,0,0,0
324,0,0,0,0,0,0,0,0,0
325,0,0,0,0,0,0,0,0,0
326,0,0,0,0,0,0,0,0,0
327,0,0,0,0,0,0,0,0,0
328,0,0,0,0,0,0,0,0,0
329,0,0,0,0,0,0,0,0,0
330,0,0,0,0,0,0,0,0,0
331,0,0,0,0,0,0,0,0,0
332,0,0,0,0,0,0,0,0,0
333,0,0,0,0,0,0,0,0,0
334,0,0,0,0,0,0,0,0,0
335,0,0,0,0,0,0,0,0,0
336,0,0,0,0,0,0,0,0,0
337,0,0,0,0,0,0,0,0,0
338,0,0,0,0,0,0,0,0,0
339,0,0,0,0,0,0,0,0,0
340,0,0,0,0,0,0,0,0,0
341,0,0,0,0,0,0,0,0,0
342,0,0,0,0,0,0,0,0,0
343,0,0,0,0,0,0,0,0,0
344,0,0,0,0,0,0,0,0,0
345,0,0,0,0,0,0,0,0,0
346,0,0,0,0,0,0,0,0,0
347,0,0,0,0,0,0,0,0,0
348,0,0,0,0,0,0,0,0,0
349,0,0,0,0,0,0,0,0,0
350,0,0,0,0,0,0,0,0,0
351,0,0,0,0,0,0,0,0,0
352,0,0,0,0,0,0,0,0,0
353,0,0,0,0,0,0,0,0,0
354,0,0,0,0,0,0,0,0,0
355,0,0,0,0,0,0,0,0,0
356,0,0,0,0,0,0,0,0,0
357,0,0,0,0,0,0,0,0,0
358,0,0,0,0,0,0,0,0,0
359,0,0,0,0,0,0,0,0,0
360,0,0,0,0,0,0,0,0,0
361,0,0,0,0,0,0,0,0,0
362,0,0,0,0,0,0,0,0,0
363,0,0,0,0,0,0,0,0,0
364,0,0,0,0,0,0,0,0,0
365,0,0,0,0,0,0,0,0,0
366,0,0,0,0,0,0,0,0,0
367,0,0,0,0,0,0,0,0,0
368,0,0,0,0,0,0,0,0,0
369,0,0,0,0,0,0,0,0,0
370,0,0,0,0,0,0,0,0,0
371,0,0,0,0,0,0,0,0,0
372,0,0,0,0,0,0,0,0,0
373,0,0,0,0,0,0,0,0,0
374,0,0,0,0,0,0,0,0,0
375,0,0,0,0,0,0,0,0,0
376,0,0,0,0,0,0,0,0,0
377,0,0,0,0,0,0,0,0,0
378,0,0,0,0,0,0,0,0,0
379,0,0,0,0,0,0,0,0,0
380,0,0,0,0,0,0,0,0,0
381,0,0,0,0,0,0,0,0,0
382,0,0,0,0,0,0,0,0,0
383,0,0,0,0,0,0,0,0,0
384,0,0,0,0,0,0,0,0,0
385,0,0,0,0,0,0,0,0,0
386,0,0,0,0,0,0,0,0,0
387,0,0,0,0,0,0,0,0,0
388,0,0,0,0,0,0,0,0,0
389,0,0,0,0,0,0,0,0,0
390,0,0,0,0,0,0,0,0,0
391,0,0,0,0,0,0,0,0,0
392,0,0,0,0,0,0,0,0,0
393,0,0,0,0,0,0,0,0,0
394,0,0,0,0,0,0,0,0,0
395,0,0,0,0,0,0,0,0,0
396,0,0,0,0,0,0,0,0,0
397,0,0,0,0,0,0,0,0,0
398,0,0,0,0,0,0,0,0,0
399,0,0,0,0,0,0,0,0,0
400,0,0,0,0,0,0,0,0,0
401,0,0,0,0,0,0,0,0,0
402,0,0,0,0,0,0,0,0,0
403,0,0,0,0,0,0,0,0,0
404,0,0,0,0,0,0,0,0,0
405,0,0,0,0,0,0,0,0,0
406,0,0,0,0,0,0,0,0,0
407,0,0,0,0,0,0,0,0,0
408,0,0,0,0,0,0,0,0,0
409,0,0,0,0,0,0,0,0,0
410,0,0,0,0,0,0,0,0,0
411,0,0,0,0,0,0,0,0,0
412,0,0,0,0,0,0,0,0,0
413,0,0,0,0,0,0,0,0,0
414,0,0,0,0,0,0,0,0,0
415,0,0,0,0,0,0,0,0,0
416,0,0,0,0,0,0,0,0,0
417,0,0,0,0,0,0,0,0,0
418,0,0,0,0,0,0,0,0,0
419,0,0,0,0,0,0,0,0,0
420,0,0,0,0,0,0,0,0,0
421,0,0,0,0,0,0,0,0,0
422,0,0,0,0,0,0,0,0,0
423,0,0,0,0,0,0,0,0,0
424,0,0,0,0,0,0,0,0,0
425,0,0,0,0,0,0,0,0,0
426,0,0,0,0,0,0,0,0,0
427,0,0,0,0,0,0,0,0,0
428,0,0,0,0,0,0,0,0,0
429,0,0,0,0,0,0,0,0,0
430,0,0,0,0,0,0,0,0,0
431,0,0,0,0,0,0,0,0,0
432,0,0,0,0,0,0,0,0,0
433,0,0,0,0,0,0,0,0,0
434,0,0,0,0,0,0,0,0,0
435,0,0,0,0,0,0,0,0,0
436,0,0,0,0,0,0,0,0,0
437,0,0,0,0,0,0,0,0,0
438,0,0,0,0,0,0,0,0,0
439,0,0,0,0,0,0,0,0,0
440,0,0,0,0,0,0,0,0,0
441,0,0,0,0,0,0,0,0,0
442,0,0,0,0,0,0,0,0,0
443,0,0,0,0,0,0,0,0,0
444,0,0,0,0,0,0,0,0,0
445,0,0,0,0,0,0,0,0,0
446,0,0,0,0,0,0,0,0,0
447,0,0,0,0,0,0,0,0,0
448,0,0,0,0,0,0,0,0,0
449,0,0,0,0,0,0,0,0,0
450,0,0,0,0,0,0,0,0,0
451,0,0,0,0,0,0,0,0,0
452,0,0,0,0,0,0,0,0,0
453,0,0,0,0,0,0,0,0,0
454,0,0,0,0,0,0,0,0,0
455,0,0,0,0,0,0,0,0,0
456,0,0,0,0,0,0,0,0,0
457,0,0,0,0,0,0,0,0,0
458,0,0,0,0,0,0,0,0,0
459,0,0,0,0,0,0,0,0,0
460,0,0,0,0,0,0,0,0,0
461,0,0,0,0,0,0,0,0,0
462,0,0,0,0,0,0,0,0,0
463,0,0,0,0,0,0,0,0,0
464,0,0,0,0,0,0,0,0,0
465,0,0,0,0,0,0,0,0,0
466,0,0,0,0,0,0,0,0,0
467,0,0,0,0,0,0,0,0,0
468,0,0,0,0,0,0,0,0,0
469,0,0,0,0,0,0,0,0,0
470,0,0,0,0,0,0,0,0,0
471,0,0,0,0,0,0,0,0,0
472,0,0,0,0,0,0,0,0,0
473,0,0,0,0,0,0,0,0,0
474,0,0,0,0,0,0,0,0,0
475,0,0,0,0,0,0,0,0,0
476,0,0,0,0,0,0,0,0,0
477,0,0,0,0,0,0,0,0,0
478,0,0,0,0,0,0,0,0,0
479,0,0,0,0,0,0,0,0,0
480,0,0,0,0,0,0,0,0,0
481,0,0,0,0,0,0,0,0,0
482,0,0,0,0,0,0,0,0,0
483,0,0,0,0,0,0,0,0,0
484,0,0,0,0,0,0,0,0,0
485,0,0,0,0,0,0,0,0,0
486,0,0,0,0,0,0,0,0,0
487,0,0,0,0,0,0,0,0,0
488,0,0,0,0,0,0,0,0,0
489,0,0,0,0,0,0,0,0,0
490,0,0,0,0,0,0,0,0,0
491,0,0,0,0,0,0,0,0,0
492,0,0,0,0,0,0,0,0,0
493,0,0,0,0,0,0,0,0,0
494,0,0,0,0,0,0,0,0,0
495,0,0,0,0,0,0,0,0,0
496,0,0,0,0,0,0,0,0,0
497,0,0,0,0,0,0,0,0,0
498,0,0,0,0,0,0,0,0,0
499,0,0,0,0,0,0,0,0,0
500,0,0,0,0,0,0,0,0,0
501,0,0,0,0,0,0,0,0,0
502,0,0,0,0,0,0,0,0,0
503,0,0,0,0,0,0,0,0,0
504,0,0,0,0,0,0,0,0,0
505,0,0,0,0,0,0,0,0,0
506,0,0,0,0,0,0,0,0,0
507,0,0,0,0,0,0,0,0,0
508,0,0,0,0,0,0,0,0,0
509,0,0,0,0,0,0,0,0,0
510,0,0,0,0,0,0,0,0,0
511,0,0,0,0,0,0,0,0,0
512,0,0,0,0,0,0,0,0,0
513,0,0,0,0,0,0,0,0,0
514,0,0,0,0,0,0,0,0,0
515,0,0,0,0,0,0,0,0,0
516,0,0,0,0,0,0,0,0,0
517,0,0,0,0,0,0,0,0,0
518,0,0,0,0,0,0,0,0,0
519,0,0,0,0,0,0,0,0,0
520,0,0,0,0,0,0,0,0,0
521,0,0,0,0,0,0,0,0,0
522,0,0,0,0,0,0,0,0,0
523,0,0,0,0,0,0,0,0,0
524,0,0,0,0,0,0,0,0,0
525,0,0,0,0,0,0,0,0,0
526,0,0,0,0,0,0,0,0,0
527,0,0,0,0,0,0,0,0,0
528,0,0,0,0,0,0,0,0,0
529,0,0,0,0,0,0,0,0,0
530,0,0,0,0,0,0,0,0,0
531,0,0,0,0,0,0,0,0,0
532,0,0,0,0,0,0,0,0,0
533,0,0,0,0,0,0,0,0,0
534,0,0,0,0,0,0,0,0,0
535,0,0,0,0,0,0,0,0,0
536,0,0,0,0,0,0,0,0,0
537,0,0,0,0,0,0,0,0,0
538,0,0,0,0,0,0,0,0,0
539,0,0,0,0,0,0,0,0,0
540,0,0,0,0,0,0,0,0,0
541,0,0,0,0,0,0,0,0,0
542,0,0,0,0,0,0,0,0,0
543,0,0,0,0,0,0,0,0,0
544,0,0,0,0,0,0,0,0,0
545,0,0,0,0,0,0,0,0,0
546,0,0,0,0,0,0,0,0,0
547,0,0,0,0,0,0,0,0,0
548,0,0,0,0,0,0,0,0,0
549,0,0,0,0,0,0,0,0,0
550,0,0,0,0,0,0,0,0,0
551,0,0,0,0,0,0,0,0,0
552,0,0,0,0,0,0,0,0,0
553,0,0,0,0,0,0,0,0,0
554,0,0,0,0,0,0,0,0,0
555,0,0,0,0,0,0,0,0,0
556,0,0,0,0,0,0,0,0,0
557,0,0,0,0,0,0,0,0,0
558,0,0,0,0,0,0,0,0,0
559,0,0,0,0,0,0,0,0,0
560,0,0,0,0,0,0,0,0,0
561,0,0,0,0,0,0,0,0,0
562,0,0,0,0,0,0,0,0,0
563,0,0,0,0,0,0,0,0,0
564,0,0,0,0,0,0,0,0,0
565,0,0,0,0,0,0,0,0,0
566,0,0,0,0,0,0,0,0,0
567,0,0,0,0,0,0,0,0,0
568,0,0,0,0,0,0,0,0,0
569,0,0,0,0,0,0,0,0,0
570,0,0,0,0,0,0,0,0,0
571,0,0,0,0,0,0,0,0,0
572,0,0,0,0,0,0,0,0,0
573,0,0,0,0,0,0,0,0,0
574,0,0,0,0,0,0,0,0,0
575,0,0,0,0,0,0,0,0,0
576,0,0,0,0,0,0,0,0,0
577,0,0,0,0,0,0,0,0,0
578,0,0,0,0,0,0,0,0,0
579,0,0,0,0,0,0,0,0,0
580,0,0,0,0,0,0,0,0,0
581,0,0,0,0,0,0,0,0,0
582,0,0,0,0,0,0,0,0,0
583,0,0,0,0,0,0,0,0,0
584,0,0,0,0,0,0,0,0,0
585,0,0,0,0,0,0,0,0,0
586,0,0,0,0,0,0,0,0,0
587,0,0,0,0,0,0,0,0,0
588,0,0,0,0,0,0,0,0,0
589,0,0,0,0,0,0,0,0,0
590,0,0,0,0,0,0,0,0,0
591,0,0,0,0,0,0,0,0,0
592,0,0,0,0,0,0,0,0,0
593,0,0,0,0,0,0,0,0,0
594,0,0,0,0,0,0,0,0,0
595,0,0,0,0,0,0,0,0,0
596,0,0,0,0,0,0,0,0,0
597,0,0,0,0,0,0,0,0,0
598,0,0,0,0,0,0,0,0,0
599,0,0,0,0,0,0,0,0,0
600,0,0,0,0,0,0,0,0,0
601,0,0,0,0,0,0,0,0,0
602,0,0,0,0,0,0,0,0,0
603,0,0,0,0,0,0,0,0,0
604,0,0,0,0,0,0,0,0,0
605,0,0,0,0,0,0,0,0,0
606,0,0,0,0,0,0,0,0,0
607,0,0,0,0,0,0,0,0,0
608,0,0,0,0,0,0,0,0,0
609,0,0,0,0,0,0,0,0,0
610,0,0,0,0,0,0,0,0,0
611,0,0,0,0,0,0,0,0,0
612,0,0,0,0,0,0,0,0,0
613,0,0,0,0,0,0,0,0,0
614,0,0,0,0,0,0,0,0,0
615,0,0,0,0,0,0,0,0,0
616,0,0,0,0,0,0,0,0,0
617,0,0,0,0,0,0,0,0,0
618,0,0,0,0,0,0,0,0,0
619,0,0,0,0,0,0,0,0,0
620,0,0,0,0,0,0,0,0,0
621,0,0,0,0,0,0,0,0,0
622,0,0,0,0,0,0,0,0,0
623,0,0,0,0,0,0,0,0,0
624,0,0,0,0,0,0,0,0,0
625,0,0,0,0,0,0,0,0,0
626,0,0,0,0,0,0,0,0,0
627,0,0,0,0,0,0,0,0,0
628,0,0,0,0,0,0,0,0,0
629,0,0,0,0,0,0,0,0,0
630,0,0,0,0,0,0,0,0,0
631,0,0,0,0,0,0,0,0,0
632,0,0,0,0,0,0,0,0,0
633,0,0,0,0,0,0,0,0,0
634,0,0,0,0,0,0,0,0,0
635,0,0,0,0,0,0,0,0,0
636,0,0,0,0,0,0,0,0,0
637,0,0,0,0,0,0,0,0,0
638,0,0,0,0,0,0,0,0,0
639,0,0,0,0,0,0,0,0,0
640,0,0,0,0,0,0,0,0,0
641,0,0,0,0,0,0,0,0,0
642,0,0,0,0,0,0,0,0,0
643,0,0,0,0,0,0,0,0,0
644,0,0,0,0,0,0,0,0,0
645,0,0,0,0,0,0,0,0,0
646,0,0,0,0,0,0,0,0,0
647,0,0,0,0,0,0,0,0,0
648,0,0,0,0,0,0,0,0,0
649,0,0,0,0,0,0,0,0,0
650,0,0,0,0,0,0,0,0,0
651,0,0,0,0,0,0,0,0,0
652,0,0,0,0,0,0,0,0,0
653,0,0,0,0,0,0,0,0,0
654,0,0,0,0,0,0,0,0,0
655,0,0,0,0,0,0,0,0,0
656,0,0,0,0,0,0,0,0,0
657,0,0,0,0,0,0,0,0,0
658,0,0,0,0,0,0,0,0,0
659,0,0,0,0,0,0,0,0,0
660,0,0,0,0,0,0,0,0,0
661,0,0,0,0,0,0,0,0,0
662,0,0,0,0,0,0,0,0,0
663,0,0,0,0,0,0,0,0,0
664,0,0,0,0,0,0,0,0,0
665,0,0,0,0,0,0,0,0,0
666,0,0,0,0,0,0,0,0,0
667,0,0,0,0,0,0,0,0,0
668,0,0,0,0,0,0,0,0,0
669,0,0,0,0,0,0,0,0,0
670,0,0,0,0,0,0,0,0,0
671,0,0,0,0,0,0,0,0,0
672,0,0,0,0,0,0,0,0,0
673,0,0,0,0,0,0,0,0,0
674,0,0,0,0,0,0,0,0,0
675,0,0,0,0,0,0,0,0,0
676,0,0,0,0,0,0,0,0,0
677,0,0,0,0,0,0,0,0,0
678,0,0,0,0,0,0,0,0,0
679,0,0,0,0,0,0,0,0,0
680,0,0,0,0,0,0,0,0,0
681,0,0,0,0,0,0,0,0,0
682,0,0,0,0,0,0,0,0,0
683,0,0,0,0,0,0,0,0,0
684,0,0,0,0,0,0,0,0,0
685,0,0,0,0,0,0,0,0,0
686,0,0,0,0,0,0,0,0,0
687,0,0,0,0,0,0,0,0,0
688,0,0,0,0,0,0,0,0,0
689,0,0,0,0,0,0,0,0,0
690,0,0,0,0,0,0,0,0,0
691,0,0,0,0,0,0,0,0,0
692,0,0,0,0,0,0,0,0,0
693,0,0,0,0,0,0,0,0,0
694,0,0,0,0,0,0,0,0,0
695,0,0,0,0,0,0,0,0,0
696,0,0,0,0,0,0,0,0,0
697,0,0,0,0,0,0,0,0,0
698,0,0,0,0,0,0,0,0,0
699,0,0,0,0,0,0,0,0,0
700,0,0,0,0,0,0,0,0,0
701,0,0,0,0,0,0,0,0,0
702,0,0,0,0,0,0,0,0,0
703,0,0,0,0,0,0,0,0,0
704,0,0,0,0,0,0,0,0,0
705,0,0,0,0,0,0,0,0,0
706,0,0,0,0,0,0,0,0,0
707,0,0,0,0,0,0,0,0,0
708,0,0,0,0,0,0,0,0,0
709,0,0,0,0,0,0,0,0,0
710,0,0,0,0,0,0,0,0,0
711,0,0,0,0,0,0,0,0,0
712,0,0,0,0,0,0,0,0,0
713,0,0,0,0,0,0,0,0,0
714,0,0,0,0,0,0,0,0,0
715,0,0,0,0,0,0,0,0,0
716,0,0,0,0,0,0,0,0,0
717,0,0,0,0,0,0,0,0,0
718,0,0,0,0,0,0,0,0,0
719,0,0,0,0,0,0,0,0,0
720,0,0,0,0,0,0,0,0,0
721,0,0,0,0,0,0,0,0,0
722,0,0,0,0,0,0,0,0,0
723,0,0,0,0,0,0,0,0,0
724,0,0,0,0,0,0,0,0,0
725,0,0,0,0,0,0,0,0,0
726,0,0,0,0,0,0,0,0,0
727,0,0,0,0,0,0,0,0,0
728,0,0,0,0,0,0,0,0,0
729,0,0,0,0,0,0,0,0,0
730,0,0,0,0,0,0,0,0,0
731,0,0,0,0,0,0,0,0,0
732,0,0,0,0,0,0,0,0,0
733,0,0,0,0,0,0,0,0,0
734,0,0,0,0,0,0,0,0,0
735,0,0,0,0,0,0,0,0,0
736,0,0,0,0,0,0,0,0,0
737,0,0,0,0,0,0,0,0,0
738,0,0,0,0,0,0,0,0,0
739,0,0,0,0,0,0,0,0,0
740,0,0,0,0,0,0,0,0,0
741,0,0,0,0,0,0,0,0,0
742,0,0,0,0,0,0,0,0,0
743,0,0,0,0,0,0,0,0,0
744,0,0,0,0,0,0,0,0,0
745,0,0,0,0,0,0,0,0,0
746,0,0,0,0,0,0,0,0,0
747,0,0,0,0,0,0,0,0,0
748,0,0,0,0,0,0,0,0,0
749,0,0,0,0,0,0,0,0,0
750,0,0,0,0,0,0,0,0,0
0,194,7257,201425,4077983,57373546,517292847,2626655236,5935079656,3356972874
1,89,2750,60029,948209,10422189,73499856,292282166,517786606,229804923
2,52,1423,26515,362160,3452069,21119802,72997021,112623849,43555605
3,31,819,12990,157022,1303299,6939116,20874861,28049503,9453562
4,22,426,5977,61927,439063,1996488,5101017,5791095,1637812
5,16,295,3811,36049,231351,954200,2192503,2223664,560800
6,11,194,2345,19752,113167,419784,863743,783114,176717
7,11,171,1824,13232,66678,218607,399630,324763,66883
8,11,153,1431,9175,40447,117698,193095,140304,26074
9,6,95,799,4853,19633,53060,80167,53892,9169
10,4,77,544,2876,10067,23382,30440,17519,2498
11,3,62,381,1976,6825,15483,19661,10939,1441
12,2,53,312,1575,5237,11433,13780,7472,899
13,2,24,145,588,1904,3878,4197,2051,222
14,2,20,132,521,1635,3199,3399,1663,171
15,2,18,94,342,879,1587,1480,673,54
16,2,18,87,287,719,1230,1149,526,39
17,2,15,68,237,565,926,813,374,25
18,1,13,59,209,502,778,617,277,22
19,1,10,48,149,335,518,378,184,16
20,0,9,37,95,210,312,200,85,4
21,0,9,37,95,210,312,200,85,4
22,0,9,37,95,210,312,200,85,4
23,0,9,34,88,183,262,162,69,2
24,0,9,34,88,183,262,162,69,2
25,0,9,34,88,183,262,162,69,2
26,0,9,34,85,177,243,143,67,2
27,0,7,26,63,130,180,105,50,1
28,0,6,23,53,110,133,75,35,1
29,0,6,23,53,108,131,68,30,0
30,0,3,15,35,78,96,44,23,0
31,0,3,15,34,73,90,39,22,0
32,0,3,5,13,28,34,14,10,0
33,0,3,5,13,24,30,11,7,0
34,0,3,4,11,17,15,9,5,0
35,0,3,4,11,17,15,9,5,0
36,0,3,4,11,17,15,9,4,0
37,0,3,4,11,17,15,9,4,0
38,0,3,4,11,17,15,9,4,0
39,0,1,0,2,0,1,0,0,0
40,0,0,0,0,0,0,0,0,0
41,0,0,0,0,0,0,0,0,0
42,0,0,0,0,0,0,0,0,0
43,0,0,0,0,0,0,0,0,0
44,0,0,0,0,0,0,0,0,0
45,0,0,0,0,0,0,0,0,0
46,0,0,0,0,0,0,0,0,0
47,0,0,0,0,0,0,0,0,0
48,0,0,0,0,0,0,0,0,0
49,0,0,0,0,0,0,0,0,0
50,0,0,0,0,0,0,0,0,0
51,0,0,0,0,0,0,0,0,0
52,0,0,0,0,0,0,0,0,0
53,0,0,0,0,0,0,0,0,0
54,0,0,0,0,0,0,0,0,0
55,0,0,0,0,0,0,0,0,0
56,0,0,0,0,0,0,0,0,0
57,0,0,0,0,0,0,0,0,0
58,0,0,0,0,0,0,0,0,0
59,0,0,0,0,0,0,0,0,0
60,0,0,0,0,0,0,0,0,0
61,0,0,0,0,0,0,0,0,0
62,0,0,0,0,0,0,0,0,0
63,0,0,0,0,0,0,0,0,0
64,0,0,0,0,0,0,0,0,0
65,0,0,0,0,0,0,0,0,0
66,0,0,0,0,0,0,0,0,0
67,0,0,0,0,0,0,0,0,0
68,0,0,0,0,0,0,0,0,0
69,0,0,0,0,0,0,0,0,0
70,0,0,0,0,0,0,0,0,0
71,0,0,0,0,0,0,0,0,0
72,0,0,0,0,0,0,0,0,0
73,0,0,0,0,0,0,0,0,0
74,0,0,0,0,0,0,0,0,0
75,0,0,0,0,0,0,0,0,0
76,0,0,0,0,0,0,0,0,0
77,0,0,0,0,0,0,0,0,0
78,0,0,0,0,0,0,0,0,0
79,0,0,0,0,0,0,0,0,0
80,0,0,0,0,0,0,0,0,0
81,0,0,0,0,0,0,0,0,0
82,0,0,0,0,0,0,0,0,0
83,0,0,0,0,0,0,0,0,0
84,0,0,0,0,0,0,0,0,0
85,0,0,0,0,0,0,0,0,0
86,0,0,0,0,0,0,0,0,0
87,0,0,0,0,0,0,0,0,0
88,0,0,0,0,0,0,0,0,0
89,0,0,0,0,0,0,0,0,0
90,0,0,0,0,0,0,0,0,0
91,0,0,0,0,0,0,0,0,0
92,0,0,0,0,0,0,0,0,0
93,0,0,0,0,0,0,0,0,0
94,0,0,0,0,0,0,0,0,0
95,0,0,0,0,0,0,0,0,0
96,0,0,0,0,0,0,0,0,0
97,0,0,0,0,0,0,0,0,0
98,0,0,0,0,0,0,0,0,0
99,0,0,0,0,0,0,0,0,0
100,0,0,0,0,0,0,0,0,0
101,0,0,0,0,0,0,0,0,0
102,0,0,0,0,0,0,0,0,0
103,0,0,0,0,0,0,0,0,0
104,0,0,0,0,0,0,0,0,0
105,0,0,0,0,0,0,0,0,0
106,0,0,0,0,0,0,0,0,0
107,0,0,0,0,0,0,0,0,0
108,0,0,0,0,0,0,0,0,0
109,0,0,0,0,0,0,0,0,0
110,0,0,0,0,0,0,0,0,0
111,0,0,0,0,0,0,0,0,0
112,0,0,0,0,0,0,0,0,0
113,0,0,0,0,0,0,0,0,0
114,0,0,0,0,0,0,0,0,0
115,0,0,0,0,0,0,0,0,0
116,0,0,0,0,0,0,0,0,0
117,0,0,0,0,0,0,0,0,0
118,0,0,0,0,0,0,0,0,0
119,0,0,0,0,0,0,0,0,0
120,0,0,0,0,0,0,0,0,0
121,0,0,0,0,0,0,0,0,0
122,0,0,0,0,0,0,0,0,0
123,0,0,0,0,0,0,0,0,0
124,0,0,0,0,0,0,0,0,0
125,0,0,0,0,0,0,0,0,0
126,0,0,0,0,0,0,0,0,0
127,0,0,0,0,0,0,0,0,0
128,0,0,0,0,0,0,0,0,0
129,0,0,0,0,0,0,0,0,0
130,0,0,0,0,0,0,0,0,0
131,0,0,0,0,0,0,0,0,0
132,0,0,0,0,0,0,0,0,0
133,0,0,0,0,0,0,0,0,0
134,0,0,0,0,0,0,0,0,0
135,0,0,0,0,0,0,0,0,0
136,0,0,0,0,0,0,0,0,0
137,0,0,0,0,0,0,0,0,0
138,0,0,0,0,0,0,0,0,0
139,0,0,0,0,0,0,0,0,0
140,0,0,0,0,0,0,0,0,0
141,0,0,0,0,0,0,0,0,0
142,0,0,0,0,0,0,0,0,0
143,0,0,0,0,0,0,0,0,0
144,0,0,0,0,0,0,0,0,0
145,0,0,0,0,0,0,0,0,0
146,0,0,0,0,0,0,0,0,0
147,0,0,0,0,0,0,0,0,0
148,0,0,0,0,0,0,0,0,0
149,0,0,0,0,0,0,0,0,0
150,0,0,0,0,0,0,0,0,0
151,0,0,0,0,0,0,0,0,0
152,0,0,0,0,0,0,0,0,0
153,0,0,0,0,0,0,0,0,0
154,0,0,0,0,0,0,0,0,0
155,0,0,0,0,0,0,0,0,0
156,0,0,0,0,0,0,0,0,0
157,0,0,0,0,0,0,0,0,0
158,0,0,0,0,0,0,0,0,0
159,0,0,0,0,0,0,0,0,0
160,0,0,0,0,0,0,0,0,0
161,0,0,0,0,0,0,0,0,0
162,0,0,0,0,0,0,0,0,0
163,0,0,0,0,0,0,0,0,0
164,0,0,0,0,0,0,0,0,0
165,0,0,0,0,0,0,0,0,0
166,0,0,0,0,0,0,0,0,0
167,0,0,0,0,0,0,0,0,0
168,0,0,0,0,0,0,0,0,0
169,0,0,0,0,0,0,0,0,0
170,0,0,0,0,0,0,0,0,0
171,0,0,0,0,0,0,0,0,0
172,0,0,0,0,0,0,0,0,0
173,0,0,0,0,0,0,0,0,0
174,0,0,0,0,0,0,0,0,0
175,0,0,0,0,0,0,0,0,0
176,0,0,0,0,0,0,0,0,0
177,0,0,0,0,0,0,0,0,0
178,0,0,0,0,0,0,0,0,0
179,0,0,0,0,0,0,0,0,0
180,0,0,0,0,0,0,0,0,0
181,0,0,0,0,0,0,0,0,0
182,0,0,0,0,0,0,0,0,0
183,0,0,0,0,0,0,0,0,0
184,0,0,0,0,0,0,0,0,0
185,0,0,0,0,0,0,0,0,0
186,0,0,0,0,0,0,0,0,0
187,0,0,0,0,0,0,0,0,0
188,0,0,0,0,0,0,0,0,0
189,0,0,0,0,0,0,0,0,0
190,0,0,0,0,0,0,0,0,0
191,0,0,0,0,0,0,0,0,0
192,0,0,0,0,0,0,0,0,0
193,0,0,0,0,0,0,0,0,0
194,0,0,0,0,0,0,0,0,0
195,0,0,0,0,0,0,0,0,0
196,0,0,0,0,0,0,0,0,0
197,0,0,0,0,0,0,0,0,0
198,0,0,0,0,0,0,0,0,0
199,0,0,0,0,0,0,0,0,0
200,0,0,0,0,0,0,0,0,0
201,0,0,0,0,0,0,0,0,0
202,0,0,0,0,0,0,0,0,0
203,0,0,0,0,0,0,0,0,0
204,0,0,0,0,0,0,0,0,0
205,0,0,0,0,0,0,0,0,0
206,0,0,0,0,0,0,0,0,0
207,0,0,0,0,0,0,0,0,0
208,0,0,0,0,0,0,0,0,0
209,0,0,0,0,0,0,0,0,0
210,0,0,0,0,0,0,0,0,0
211,0,0,0,0,0,0,0,0,0
212,0,0,0,0,0,0,0,0,0
213,0,0,0,0,0,0,0,0,0
214,0,0,0,0,0,0,0,0,0
215,0,0,0,0,0,0,0,0,0
216,0,0,0,0,0,0,0,0,0
217,0,0,0,0,0,0,0,0,0
218,0,0,0,0,0,0,0,0,0
219,0,0,0,0,0,0,0,0,0
220,0,0,0,0,0,0,0,0,0
221,0,0,0,0,0,0,0,0,0
222,0,0,0,0,0,0,0,0,0
223,0,0,0,0,0,0,0,0,0
224,0,0,0,0,0,0,0,0,0
225,0,0,0,0,0,0,0,0,0
226,0,0,0,0,0,0,0,0,0
227,0,0,0,0,0,0,0,0,0
228,0,0,0,0,0,0,0,0,0
229,0,0,0,0,0,0,0,0,0
230,0,0,0,0,0,0,0,0,0
231,0,0,0,0,0,0,0,0,0
232,0,0,0,0,0,0,0,0,0
233,0,0,0,0,0,0,0,0,0
234,0,0,0,0,0,0,0,0,0
235,0,0,0,0,0,0,0,0,0
236,0,0,0,0,0,0,0,0,0
237,0,0,0,0,0,0,0,0,0
238,0,0,0,0,0,0,0,0,0
239,0,0,0,0,0,0,0,0,0
240,0,0,0,0,0,0,0,0,0
241,0,0,0,0,0,0,0,0,0
242,0,0,0,0,0,0,0,0,0
243,0,0,0,0,0,0,0,0,0
244,0,0,0,0,0,0,0,0,0
245,0,0,0,0,0,0,0,0,0
246,0,0,0,0,0,0,0,0,0
247,0,0,0,0,0,0,0,0,0
248,0,0,0,0,0,0,0,0,0
249,0,0,0,0,0,0,0,0,0
250,0,0,0,0,0,0,0,0,0
251,0,0,0,0,0,0,0,0,0
252,0,0,0,0,0,0,0,0,0
253,0,0,0,0,0,0,0,0,0
254,0,0,0,0,0,0,0,0,0
255,0,0,0,0,0,0,0,0,0
256,0,0,0,0,0,0,0,0,0
257,0,0,0,0,0,0,0,0,0
258,0,0,0,0,0,0,0,0,0
259,0,0,0,0,0,0,0,0,0
260,0,0,0,0,0,0,0,0,0
261,0,0,0,0,0,0,0,0,0
262,0,0,0,0,0,0,0,0,0
263,0,0,0,0,0,0,0,0,0
264,0,0,0,0,0,0,0,0,0
265,0,0,0,0,0,0,0,0,0
266,0,0,0,0,0,0,0,0,0
267,0,0,0,0,0,0,0,0,0
268,0,0,0,0,0,0,0,0,0
269,0,0,0,0,0,0,0,0,0
270,0,0,0,0,0,0,0,0,0
271,0,0,0,0,0,0,0,0,0
272,0,0,0,0,0,0,0,0,0
273,0,0,0,0,0,0,0,0,0
274,0,0,0,0,0,0,0,0,0
275,0,0,0,0,0,0,0,0,0
276,0,0,0,0,0,0,0,0,0
277,0,0,0,0,0,0,0,0,0
278,0,0,0,0,0,0,0,0,0
279,0,0,0,0,0,0,0,0,0
280,0,0,0,0,0,0,0,0,0
281,0,0,0,0,0,0,0,0,0
282,0,0,0,0,0,0,0,0,0
283,0,0,0,0,0,0,0,0,0
284,0,0,0,0,0,0,0,0,0
285,0,0,0,0,0,0,0,0,0
286,0,0,0,0,0,0,0,0,0
287,0,0,0,0,0,0,0,0,0
288,0,0,0,0,0,0,0,0,0
289,0,0,0,0,0,0,0,0,0
290,0,0,0,0,0,0,0,0,0
291,0,0,0,0,0,0,0,0,0
292,0,0,0,0,0,0,0,0,0
293,0,0,0,0,0,0,0,0,0
294,0,0,0,0,0,0,0,0,0
295,0,0,0,0,0,0,0,0,0
296,0,0,0,0,0,0,0,0,0
297,0,0,0,0,0,0,0,0,0
298,0,0,0,0,0,0,0,0,0
299,0,0,0,0,0,0,0,0,0
300,0,0,0,0,0,0,0,0,0
301,0,0,0,0,0,0,0,0,0
302,0,0,0,0,0,0,0,0,0
303,0,0,0,0,0,0,0,0,0
304,0,0,0,0,0,0,0,0,0
305,0,0,0,0,0,0,0,0,0
306,0,0,0,0,0,0,0,0,0
307,0,0,0,0,0,0,0,0,0
308,0,0,0,0,0,0,0,0,0
309,0,0,0,0,0,0,0,0,0
310,0,0,0,0,0,0,0,0,0
311,0,0,0,0,0,0,0,0,0
312,0,0,0,0,0,0,0,0,0
313,0,0,0,0,0,0,0,0,0
314,0,0,0,0,0,0,0,0,0
315,0,0,0,0,0,0,0,0,0
316,0,0,0,0,0,0,0,0,0
317,0,0,0,0,0,0,0,0,0
318,0,0,0,0,0,0,0,0,0
319,0,0,0,0,0,0,0,0,0
320,0,0,0,0,0,0,0,0,0
321,0,0,0,0,0,0,0,0,0
322,0,0,0,0,0,0,0,0,0
323,0,0,0,0,0,0,0,0,0
324,0,0,0,0,0,0,0,0,0
325,0,0,0,0,0,0,0,0,0
326,0,0,0,0,0,0,0,0,0
327,0,0,0,0,0,0,0,0,0
328,0,0,0,0,0,0,0,0,0
329,0,0,0,0,0,0,0,0,0
330,0,0,0,0,0,0,0,0,0
331,0,0,0,0,0,0,0,0,0
332,0,0,0,0,0,0,0,0,0
333,0,0,0,0,0,0,0,0,0
334,0,0,0,0,0,0,0,0,0
335,0,0,0,0,0,0,0,0,0
336,0,0,0,0,0,0,0,0,0
337,0,0,0,0,0,0,0,0,0
338,0,0,0,0,0,0,0,0,0
339,0,0,0,0,0,0,0,0,0
340,0,0,0,0,0,0,0,0,0
341,0,0,0,0,0,0,0,0,0
342,0,0,0,0,0,0,0,0,0
343,0,0,0,0,0,0,0,0,0
344,0,0,0,0,0,0,0,0,0
345,0,0,0,0,0,0,0,0,0
346,0,0,0,0,0,0,0,0,0
347,0,0,0,0,0,0,0,0,0
348,0,0,0,0,0,0,0,0,0
349,0,0,0,0,0,0,0,0,0
350,0,0,0,0,0,0,0,0,0
351,0,0,0,0,0,0,0,0,0
352,0,0,0,0,0,0,0,0,0
353,0,0,0,0,0,0,0,0,0
354,0,0,0,0,0,0,0,0,0
355,0,0,0,0,0,0,0,0,0
356,0,0,0,0,0,0,0,0,0
357,0,0,0,0,0,0,0,0,0
358,0,0,0,0,0,0,0,0,0
359,0,0,0,0,0,0,0,0,0
360,0,0,0,0,0,0,0,0,0
361,0,0,0,0,0,0,0,0,0
362,0,0,0,0,0,0,0,0,0
363,0,0,0,0,0,0,0,0,0
364,0,0,0,0,0,0,0,0,0
365,0,0,0,0,0,0,0,0,0
366,0,0,0,0,0,0,0,0,0
367,0,0,0,0,0,0,0,0,0
368,0,0,0,0,0,0,0,0,0
369,0,0,0,0,0,0,0,0,0
370,0,0,0,0,0,0,0,0,0
371,0,0,0,0,0,0,0,0,0
372,0,0,0,0,0,0,0,0,0
373,0,0,0,0,0,0,0,0,0
374,0,0,0,0,0,0,0,0,0
375,0,0,0,0,0,0,0,0,0
376,0,0,0,0,0,0,0,0,0
377,0,0,0,0,0,0,0,0,0
378,0,0,0,0,0,0,0,0,0
379,0,0,0,0,0,0,0,0,0
380,0,0,0,0,0,0,0,0,0
381,0,0,0,0,0,0,0,0,0
382,0,0,0,0,0,0,0,0,0
383,0,0,0,0,0,0,0,0,0
384,0,0,0,0,0,0,0,0,0
385,0,0,0,0,0,0,0,0,0
386,0,0,0,0,0,0,0,0,0
387,0,0,0,0,0,0,0,0,0
388,0,0,0,0,0,0,0,0,0
389,0,0,0,0,0,0,0,0,0
390,0,0,0,0,0,0,0,0,0
391,0,0,0,0,0,0,0,0,0
392,0,0,0,0,0,0,0,0,0
393,0,0,0,0,0,0,0,0,0
394,0,0,0,0,0,0,0,0,0
395,0,0,0,0,0,0,0,0,0
396,0,0,0,0,0,0,0,0,0
397,0,0,0,0,0,0,0,0,0
398,0,0,0,0,0,0,0,0,0
399,0,0,0,0,0,0,0,0,0
400,0,0,0,0,0,0,0,0,0
401,0,0,0,0,0,0,0,0,0
402,0,0,0,0,0,0,0,0,0
403,0,0,0,0,0,0,0,0,0
404,0,0,0,0,0,0,0,0,0
405,0,0,0,0,0,0,0,0,0
406,0,0,0,0,0,0,0,0,0
407,0,0,0,0,0,0,0,0,0
408,0,0,0,0,0,0,0,0,0
409,0,0,0,0,0,0,0,0,0
410,0,0,0,0,0,0,0,0,0
411,0,0,0,0,0,0,0,0,0
412,0,0,0,0,0,0,0,0,0
413,0,0,0,0,0,0,0,0,0
414,0,0,0,0,0,0,0,0,0
415,0,0,0,0,0,0,0,0,0
416,0,0,0,0,0,0,0,0,0
417,0,0,0,0,0,0,0,0,0
418,0,0,0,0,0,0,0,0,0
419,0,0,0,0,0,0,0,0,0
420,0,0,0,0,0,0,0,0,0
421,0,0,0,0,0,0,0,0,0
422,0,0,0,0,0,0,0,0,0
423,0,0,0,0,0,0,0,0,0
424,0,0,0,0,0,0,0,0,0
425,0,0,0,0,0,0,0,0,0
426,0,0,0,0,0,0,0,0,0
427,0,0,0,0,0,0,0,0,0
428,0,0,0,0,0,0,0,0,0
429,0,0,0,0,0,0,0,0,0
430,0,0,0,0,0,0,0,0,0
431,0,0,0,0,0,0,0,0,0
432,0,0,0,0,0,0,0,0,0
433,0,0,0,0,0,0,0,0,0
434,0,0,0,0,0,0,0,0,0
435,0,0,0,0,0,0,0,0,0
436,0,0,0,0,0,0,0,0,0
437,0,0,0,0,0,0,0,0,0
438,0,0,0,0,0,0,0,0,0
439,0,0,0,0,0,0,0,0,0
440,0,0,0,0,0,0,0,0,0
441,0,0,0,0,0,0,0,0,0
442,0,0,0,0,0,0,0,0,0
443,0,0,0,0,0,0,0,0,0
444,0,0,0,0,0,0,0,0,0
445,0,0,0,0,0,0,0,0,0
446,0,0,0,0,0,0,0,0,0
447,0,0,0,0,0,0,0,0,0
448,0,0,0,0,0,0,0,0,0
449,0,0,0,0,0,0,0,0,0
450,0,0,0,0,0,0,0,0,0
451,0,0,0,0,0,0,0,0,0
452,0,0,0,0,0,0,0,0,0
453,0,0,0,0,0,0,0,0,0
454,0,0,0,0,0,0,0,0,0
455,0,0,0,0,0,0,0,0,0
456,0,0,0,0,0,0,0,0,0
457,0,0,0,0,0,0,0,0,0
458,0,0,0,0,0,0,0,0,0
459,0,0,0,0,0,0,0,0,0
460,0,0,0,0,0,0,0,0,0
461,0,0,0,0,0,0,0,0,0
462,0,0,0,0,0,0,0,0,0
463,0,0,0,0,0,0,0,0,0
464,0,0,0,0,0,0,0,0,0
465,0,0,0,0,0,0,0,0,0
466,0,0,0,0,0,0,0,0,0
467,0,0,0,0,0,0,0,0,0
468,0,0,0,0,0,0,0,0,0
469,0,0,0,0,0,0,0,0,0
470,0,0,0,0,0,0,0,0,0
471,0,0,0,0,0,0,0,0,0
472,0,0,0,0,0,0,0,0,0
473,0,0,0,0,0,0,0,0,0
474,0,0,0,0,0,0,0,0,0
475,0,0,0,0,0,0,0,0,0
476,0,0,0,0,0,0,0,0,0
477,0,0,0,0,0,0,0,0,0
478,0,0,0,0,0,0,0,0,0
479,0,0,0,0,0,0,0,0,0
480,0,0,0,0,0,0,0,0,0
481,0,0,0,0,0,0,0,0,0
482,0,0,0,0,0,0,0,0,0
483,0,0,0,0,0,0,0,0,0
484,0,0,0,0,0,0,0,0,0
485,0,0,0,0,0,0,0,0,0
486,0,0,0,0,0,0,0,0,0
487,0,0,0,0,0,0,0,0,0
488,0,0,0,0,0,0,0,0,0
489,0,0,0,0,0,0,0,0,0
490,0,0,0,0,0,0,0,0,0
491,0,0,0,0,0,0,0,0,0
492,0,0,0,0,0,0,0,0,0
493,0,0,0,0,0,0,0,0,0
494,0,0,0,0,0,0,0,0,0
495,0,0,0,0,0,0,0,0,0
496,0,0,0,0,0,0,0,0,0
497,0,0,0,0,0,0,0,0,0
498,0,0,0,0,0,0,0,0,0
499,0,0,0,0,0,0,0,0,0
500,0,0,0,0,0,0,0,0,0
501,0,0,0,0,0,0,0,0,0
502,0,0,0,0,0,0,0,0,0
503,0,0,0,0,0,0,0,0,0
504,0,0,0,0,0,0,0,0,0
505,0,0,0,0,0,0,0,0,0
506,0,0,0,0,0,0,0,0,0
507,0,0,0,0,0,0,0,0,0
508,0,0,0,0,0,0,0,0,0
509,0,0,0,0,0,0,0,0,0
510,0,0,0,0,0,0,0,0,0
511,0,0,0,0,0,0,0,0,0
512,0,0,0,0,0,0,0,0,0
513,0,0,0,0,0,0,0,0,0
514,0,0,0,0,0,0,0,0,0
515,0,0,0,0,0,0,0,0,0
516,0,0,0,0,0,0,0,0,0
517,0,0,0,0,0,0,0,0,0
518,0,0,0,0,0,0,0,0,0
519,0,0,0,0,0,0,0,0,0
520,0,0,0,0,0,0,0,0,0
521,0,0,0,0,0,0,0,0,0
522,0,0,0,0,0,0,0,0,0
523,0,0,0,0,0,0,0,0,0
524,0,0,0,0,0,0,0,0,0
525,0,0,0,0,0,0,0,0,0
526,0,0,0,0,0,0,0,0,0
527,0,0,0,0,0,0,0,0,0
528,0,0,0,0,0,0,0,0,0
529,0,0,0,0,0,0,0,0,0
530,0,0,0,0,0,0,0,0,0
531,0,0,0,0,0,0,0,0,0
532,0,0,0,0,0,0,0,0,0
533,0,0,0,0,0,0,0,0,0
534,0,0,0,0,0,0,0,0,0
535,0,0,0,0,0,0,0,0,0
536,0,0,0,0,0,0,0,0,0
537,0,0,0,0,0,0,0,0,0
538,0,0,0,0,0,0,0,0,0
539,0,0,0,0,0,0,0,0,0
540,0,0,0,0,0,0,0,0,0
541,0,0,0,0,0,0,0,0,0
542,0,0,0,0,0,0,0,0,0
543,0,0,0,0,0,0,0,0,0
544,0,0,0,0,0,0,0,0,0
545,0,0,0,0,0,0,0,0,0
546,0,0,0,0,0,0,0,0,0
547,0,0,0,0,0,0,0,0,0
548,0,0,0,0,0,0,0,0,0
549,0,0,0,0,0,0,0,0,0
550,0,0,0,0,0,0,0,0,0
551,0,0,0,0,0,0,0,0,0
552,0,0,0,0,0,0,0,0,0
553,0,0,0,0,0,0,0,0,0
554,0,0,0,0,0,0,0,0,0
555,0,0,0,0,0,0,0,0,0
556,0,0,0,0,0,0,0,0,0
557,0,0,0,0,0,0,0,0,0
558,0,0,0,0,0,0,0,0,0
559,0,0,0,0,0,0,0,0,0
560,0,0,0,0,0,0,0,0,0
561,0,0,0,0,0,0,0,0,0
562,0,0,0,0,0,0,0,0,0
563,0,0,0,0,0,0,0,0,0
564,0,0,0,0,0,0,0,0,0
565,0,0,0,0,0,0,0,0,0
566,0,0,0,0,0,0,0,0,0
567,0,0,0,0,0,0,0,0,0
568,0,0,0,0,0,0,0,0,0
569,0,0,0,0,0,0,0,0,0
570,0,0,0,0,0,0,0,0,0
571,0,0,0,0,0,0,0,0,0
572,0,0,0,0,0,0,0,0,0
573,0,0,0,0,0,0,0,0,0
574,0,0,0,0,0,0,0,0,0
575,0,0,0,0,0,0,0,0,0
576,0,0,0,0,0,0,0,0,0
577,0,0,0,0,0,0,0,0,0
578,0,0,0,0,0,0,0,0,0
579,0,0,0,0,0,0,0,0,0
580,0,0,0,0,0,0,0,0,0
581,0,0,0,0,0,0,0,0,0
582,0,0,0,0,0,0,0,0,0
583,0,0,0,0,0,0,0,0,0
584,0,0,0,0,0,0,0,0,0
585,0,0,0,0,0,0,0,0,0
586,0,0,0,0,0,0,0,0,0
587,0,0,0,0,0,0,0,0,0
588,0,0,0,0,0,0,0,0,0
589,0,0,0,0,0,0,0,0,0
590,0,0,0,0,0,0,0,0,0
591,0,0,0,0,0,0,0,0,0
592,0,0,0,0,0,0,0,0,0
593,0,0,0,0,0,0,0,0,0
594,0,0,0,0,0,0,0,0,0
595,0,0,0,0,0,0,0,0,0
596,0,0,0,0,0,0,0,0,0
597,0,0,0,0,0,0,0,0,0
598,0,0,0,0,0,0,0,0,0
599,0,0,0,0,0,0,0,0,0
600,0,0,0,0,0,0,0,0,0
601,0,0,0,0,0,0,0,0,0
602,0,0,0,0,0,0,0,0,0
603,0,0,0,0,0,0,0,0,0
604,0,0,0,0,0,0,0,0,0
605,0,0,0,0,0,0,0,0,0
606,0,0,0,0,0,0,0,0,0
607,0,0,0,0,0,0,0,0,0
608,0,0,0,0,0,0,0,0,0
609,0,0,0,0,0,0,0,0,0
610,0,0,0,0,0,0,0,0,0
611,0,0,0,0,0,0,0,0,0
612,0,0,0,0,0,0,0,0,0
613,0,0,0,0,0,0,0,0,0
614,0,0,0,0,0,0,0,0,0
615,0,0,0,0,0,0,0,0,0
616,0,0,0,0,0,0,0,0,0
617,0,0,0,0,0,0,0,0,0
618,0,0,0,0,0,0,0,0,0
619,0,0,0,0,0,0,0,0,0
620,0,0,0,0,0,0,0,0,0
621,0,0,0,0,0,0,0,0,0
622,0,0,0,0,0,0,0,0,0
623,0,0,0,0,0,0,0,0,0
624,0,0,0,0,0,0,0,0,0
625,0,0,0,0,0,0,0,0,0
626,0,0,0,0,0,0,0,0,0
627,0,0,0,0,0,0,0,0,0
628,0,0,0,0,0,0,0,0,0
629,0,0,0,0,0,0,0,0,0
630,0,0,0,0,0,0,0,0,0
631,0,0,0,0,0,0,0,0,0
632,0,0,0,0,0,0,0,0,0
633,0,0,0,0,0,0,0,0,0
634,0,0,0,0,0,0,0,0,0
635,0,0,0,0,0,0,0,0,0
636,0,0,0,0,0,0,0,0,0
637,0,0,0,0,0,0,0,0,0
638,0,0,0,0,0,0,0,0,0
639,0,0,0,0,0,0,0,0,0
640,0,0,0,0,0,0,0,0,0
641,0,0,0,0,0,0,0,0,0
642,0,0,0,0,0,0,0,0,0
643,0,0,0,0,0,0,0,0,0
644,0,0,0,0,0,0,0,0,0
645,0,0,0,0,0,0,0,0,0
646,0,0,0,0,0,0,0,0,0
647,0,0,0,0,0,0,0,0,0
648,0,0,0,0,0,0,0,0,0
649,0,0,0,0,0,0,0,0,0
650,0,0,0,0,0,0,0,0,0
651,0,0,0,0,0,0,0,0,0
652,0,0,0,0,0,0,0,0,0
653,0,0,0,0,0,0,0,0,0
654,0,0,0,0,0,0,0,0,0
655,0,0,0,0,0,0,0,0,0
656,0,0,0,0,0,0,0,0,0
657,0,0,0,0,0,0,0,0,0
658,0,0,0,0,0,0,0,0,0
659,0,0,0,0,0,0,0,0,0
660,0,0,0,0,0,0,0,0,0
661,0,0,0,0,0,0,0,0,0
662,0,0,0,0,0,0,0,0,0
663,0,0,0,0,0,0,0,0,0
664,0,0,0,0,0,0,0,0,0
665,0,0,0,0,0,0,0,0,0
666,0,0,0,0,0,0,0,0,0
667,0,0,0,0,0,0,0,0,0
668,0,0,0,0,0,0,0,0,0
669,0,0,0,0,0,0,0,0,0
670,0,0,0,0,0,0,0,0,0
671,0,0,0,0,0,0,0,0,0
672,0,0,0,0,0,0,0,0,0
673,0,0,0,0,0,0,0,0,0
674,0,0,0,0,0,0,0,0,0
675,0,0,0,0,0,0,0,0,0
676,0,0,0,0,0,0,0,0,0
677,0,0,0,0,0,0,0,0,0
678,0,0,0,0,0,0,0,0,0
679,0,0,0,0,0,0,0,0,0
680,0,0,0,0,0,0,0,0,0
681,0,0,0,0,0,0,0,0,0
682,0,0,0,0,0,0,0,0,0
683,0,0,0,0,0,0,0,0,0
684,0,0,0,0,0,0,0,0,0
685,0,0,0,0,0,0,0,0,0
686,0,0,0,0,0,0,0,0,0
687,0,0,0,0,0,0,0,0,0
688,0,0,0,0,0,0,0,0,0
689,0,0,0,0,0,0,0,0,0
690,0,0,0,0,0,0,0,0,0
691,0,0,0,0,0,0,0,0,0
692,0,0,0,0,0,0,0,0,0
693,0,0,0,0,0,0,0,0,0
694,0,0,0,0,0,0,0,0,0
695,0,0,0,0,0,0,0,0,0
696,0,0,0,0,0,0,0,0,0
697,0,0,0,0,0,0,0,0,0
698,0,0,0,0,0,0,0,0,0
699,0,0,0,0,0,0,0,0,0
700,0,0,0,0,0,0,0,0,0
701,0,0,0,0,0,0,0,0,0
702,0,0,0,0,0,0,0,0,0
703,0,0,0,0,0,0,0,0,0
704,0,0,0,0,0,0,0,0,0
705,0,0,0,0,0,0,0,0,0
706,0,0,0,0,0,0,0,0,0
707,0,0,0,0,0,0,0,0,0
708,0,0,0,0,0,0,0,0,0
709,0,0,0,0,0,0,0,0,0
710,0,0,0,0,0,0,0,0,0
711,0,0,0,0,0,0,0,0,0
712,0,0,0,0,0,0,0,0,0
713,0,0,0,0,0,0,0,0,0
714,0,0,0,0,0,0,0,0,0
715,0,0,0,0,0,0,0,0,0
716,0,0,0,0,0,0,0,0,0
717,0,0,0,0,0,0,0,0,0
718,0,0,0,0,0,0,0,0,0
719,0,0,0,0,0,0,0,0,0
720,0,0,0,0,0,0,0,0,0
721,0,0,0,0,0,0,0,0,0
722,0,0,0,0,0,0,0,0,0
723,0,0,0,0,0,0,0,0,0
724,0,0,0,0,0,0,0,0,0
725,0,0,0,0,0,0,0,0,0
726,0,0,0,0,0,0,0,0,0
727,0,0,0,0,0,0,0,0,0
728,0,0,0,0,0,0,0,0,0
729,0,0,0,0,0,0,0,0,0
730,0,0,0,0,0,0,0,0,0
731,0,0,0,0,0,0,0,0,0
732,0,0,0,0,0,0,0,0,0
733,0,0,0,0,0,0,0,0,0
734,0,0,0,0,0,0,0,0,0
735,0,0,0,0,0,0,0,0,0
736,0,0,0,0,0,0,0,0,0
737,0,0,0,0,0,0,0,0,0
738,0,0,0,0,0,0,0,0,0
739,0,0,0,0,0,0,0,0,0
740,0,0,0,0,0,0,0,0,0
741,0,0,0,0,0,0,0,0,0
742,0,0,0,0,0,0,0,0,0
743,0,0,0,0,0,0,0,0,0
744,0,0,0,0,0,0,0,0,0
745,0,0,0,0,0,0,0,0,0
746,0,0,0,0,0,0,0,0,0
747,0,0,0,0,0,0,0,0,0
748,0,0,0,0,0,0,0,0,0
749,0,0,0,0,0,0,0,0,0
750,0,0,0,0,0,0,0,0,0
0,194,7257,201425,4077983,57373546,517292847,2626655236,5935079656,3356972874
1,96,2790,60432,956728,10544538,74542960,297113062,527514002,234727880
2,56,1409,25335,331409,3021453,17711907,58678623,86755864,32179443
3,31,783,11696,125993,939829,4491974,12098601,14492550,4341478
4,21,522,6293,57602,367511,1507057,3492583,3609060,939353
5,20,428,4843,39966,230483,853641,1785849,1666239,390049
6,13,276,2782,22038,117641,404728,784541,680130,147922
7,10,199,1836,13359,64597,199821,348797,273278,54413
8,6,130,1081,7009,32043,91469,146903,105076,19077
9,3,69,533,3205,12945,33910,48871,31578,5253
10,3,51,366,1999,7495,17485,22341,12978,1946
11,3,41,234,1109,3830,8032,9168,4824,682
12,2,35,204,937,3103,6328,7209,3703,530
13,2,29,104,506,1460,2686,2753,1159,114
14,2,14,63,280,795,1461,1511,569,42
15,0,7,32,164,401,621,546,183,14
16,0,7,31,159,365,533,416,119,7
17,0,6,27,122,264,365,239,56,2
18,0,6,14,82,182,253,179,42,2
19,0,6,14,82,176,227,156,32,0
20,0,6,14,78,170,205,138,29,0
21,0,6,14,70,157,149,102,23,0
22,0,6,13,59,125,114,77,21,0
23,0,5,10,44,83,71,44,13,0
24,0,4,9,38,68,45,26,5,0
25,0,4,9,38,68,45,26,5,0
26,0,2,5,10,21,16,8,0,0
27,0,2,5,10,21,15,8,0,0
28,0,2,5,10,21,15,8,0,0
29,0,0,0,0,0,0,0,0,0
30,0,0,0,0,0,0,0,0,0
31,0,0,0,0,0,0,0,0,0
32,0,0,0,0,0,0,0,0,0
33,0,0,0,0,0,0,0,0,0
34,0,0,0,0,0,0,0,0,0
35,0,0,0,0,0,0,0,0,0
36,0,0,0,0,0,0,0,0,0
37,0,0,0,0,0,0,0,0,0
38,0,0,0,0,0,0,0,0,0
39,0,0,0,0,0,0,0,0,0
40,0,0,0,0,0,0,0,0,0
41,0,0,0,0,0,0,0,0,0
42,0,0,0,0,0,0,0,0,0
43,0,0,0,0,0,0,0,0,0
44,0,0,0,0,0,0,0,0,0
45,0,0,0,0,0,0,0,0,0
46,0,0,0,0,0,0,0,0,0
47,0,0,0,0,0,0,0,0,0
48,0,0,0,0,0,0,0,0,0
49,0,0,0,0,0,0,0,0,0
50,0,0,0,0,0,0,0,0,0
51,0,0,0,0,0,0,0,0,0
52,0,0,0,0,0,0,0,0,0
53,0,0,0,0,0,0,0,0,0
54,0,0,0,0,0,0,0,0,0
55,0,0,0,0,0,0,0,0,0
56,0,0,0,0,0,0,0,0,0
57,0,0,0,0,0,0,0,0,0
58,0,0,0,0,0,0,0,0,0
59,0,0,0,0,0,0,0,0,0
60,0,0,0,0,0,0,0,0,0
61,0,0,0,0,0,0,0,0,0
62,0,0,0,0,0,0,0,0,0
63,0,0,0,0,0,0,0,0,0
64,0,0,0,0,0,0,0,0,0
65,0,0,0,0,0,0,0,0,0
66,0,0,0,0,0,0,0,0,0
67,0,0,0,0,0,0,0,0,0
68,0,0,0,0,0,0,0,0,0
69,0,0,0,0,0,0,0,0,0
70,0,0,0,0,0,0,0,0,0
71,0,0,0,0,0,0,0,0,0
72,0,0,0,0,0,0,0,0,0
73,0,0,0,0,0,0,0,0,0
74,0,0,0,0,0,0,0,0,0
75,0,0,0,0,0,0,0,0,0
76,0,0,0,0,0,0,0,0,0
77,0,0,0,0,0,0,0,0,0
78,0,0,0,0,0,0,0,0,0
79,0,0,0,0,0,0,0,0,0
80,0,0,0,0,0,0,0,0,0
81,0,0,0,0,0,0,0,0,0
82,0,0,0,0,0,0,0,0,0
83,0,0,0,0,0,0,0,0,0
84,0,0,0,0,0,0,0,0,0
85,0,0,0,0,0,0,0,0,0
86,0,0,0,0,0,0,0,0,0
87,0,0,0,0,0,0,0,0,0
88,0,0,0,0,0,0,0,0,0
89,0,0,0,0,0,0,0,0,0
90,0,0,0,0,0,0,0,0,0
91,0,0,0,0,0,0,0,0,0
92,0,0,0,0,0,0,0,0,0
93,0,0,0,0,0,0,0,0,0
94,0,0,0,0,0,0,0,0,0
95,0,0,0,0,0,0,0,0,0
96,0,0,0,0,0,0,0,0,0
97,0,0,0,0,0,0,0,0,0
98,0,0,0,0,0,0,0,0,0
99,0,0,0,0,0,0,0,0,0
100,0,0,0,0,0,0,0,0,0
101,0,0,0,0,0,0,0,0,0
102,0,0,0,0,0,0,0,0,0
103,0,0,0,0,0,0,0,0,0
104,0,0,0,0,0,0,0,0,0
105,0,0,0,0,0,0,0,0,0
106,0,0,0,0,0,0,0,0,0
107,0,0,0,0,0,0,0,0,0
108,0,0,0,0,0,0,0,0,0
109,0,0,0,0,0,0,0,0,0
110,0,0,0,0,0,0,0,0,0
111,0,0,0,0,0,0,0,0,0
112,0,0,0,0,0,0,0,0,0
113,0,0,0,0,0,0,0,0,0
114,0,0,0,0,0,0,0,0,0
115,0,0,0,0,0,0,0,0,0
116,0,0,0,0,0,0,0,0,0
117,0,0,0,0,0,0,0,0,0
118,0,0,0,0,0,0,0,0,0
119,0,0,0,0,0,0,0,0,0
120,0,0,0,0,0,0,0,0,0
121,0,0,0,0,0,0,0,0,0
122,0,0,0,0,0,0,0,0,0
123,0,0,0,0,0,0,0,0,0
124,0,0,0,0,0,0,0,0,0
125,0,0,0,0,0,0,0,0,0
126,0,0,0,0,0,0,0,0,0
127,0,0,0,0,0,0,0,0,0
128,0,0,0,0,0,0,0,0,0
129,0,0,0,0,0,0,0,0,0
130,0,0,0,0,0,0,0,0,0
131,0,0,0,0,0,0,0,0,0
132,0,0,0,0,0,0,0,0,0
133,0,0,0,0,0,0,0,0,0
134,0,0,0,0,0,0,0,0,0
135,0,0,0,0,0,0,0,0,0
136,0,0,0,0,0,0,0,0,0
137,0,0,0,0,0,0,0,0,0
138,0,0,0,0,0,0,0,0,0
139,0,0,0,0,0,0,0,0,0
140,0,0,0,0,0,0,0,0,0
141,0,0,0,0,0,0,0,0,0
142,0,0,0,0,0,0,0,0,0
143,0,0,0,0,0,0,0,0,0
144,0,0,0,0,0,0,0,0,0
145,0,0,0,0,0,0,0,0,0
146,0,0,0,0,0,0,0,0,0
147,0,0,0,0,0,0,0,0,0
148,0,0,0,0,0,0,0,0,0
149,0,0,0,0,0,0,0,0,0
150,0,0,0,0,0,0,0,0,0
151,0,0,0,0,0,0,0,0,0
152,0,0,0,0,0,0,0,0,0
153,0,0,0,0,0,0,0,0,0
154,0,0,0,0,0,0,0,0,0
155,0,0,0,0,0,0,0,0,0
156,0,0,0,0,0,0,0,0,0
157,0,0,0,0,0,0,0,0,0
158,0,0,0,0,0,0,0,0,0
159,0,0,0,0,0,0,0,0,0
160,0,0,0,0,0,0,0,0,0
161,0,0,0,0,0,0,0,0,0
162,0,0,0,0,0,0,0,0,0
163,0,0,0,0,0,0,0,0,0
164,0,0,0,0,0,0,0,0,0
165,0,0,0,0,0,0,0,0,0
166,0,0,0,0,0,0,0,0,0
167,0,0,0,0,0,0,0,0,0
168,0,0,0,0,0,0,0,0,0
169,0,0,0,0,0,0,0,0,0
170,0,0,0,0,0,0,0,0,0
171,0,0,0,0,0,0,0,0,0
172,0,0,0,0,0,0,0,0,0
173,0,0,0,0,0,0,0,0,0
174,0,0,0,0,0,0,0,0,0
175,0,0,0,0,0,0,0,0,0
176,0,0,0,0,0,0,0,0,0
177,0,0,0,0,0,0,0,0,0
178,0,0,0,0,0,0,0,0,0
179,0,0,0,0,0,0,0,0,0
180,0,0,0,0,0,0,0,0,0
181,0,0,0,0,0,0,0,0,0
182,0,0,0,0,0,0,0,0,0
183,0,0,0,0,0,0,0,0,0
184,0,0,0,0,0,0,0,0,0
185,0,0,0,0,0,0,0,0,0
186,0,0,0,0,0,0,0,0,0
187,0,0,0,0,0,0,0,0,0
188,0,0,0,0,0,0,0,0,0
189,0,0,0,0,0,0,0,0,0
190,0,0,0,0,0,0,0,0,0
191,0,0,0,0,0,0,0,0,0
192,0,0,0,0,0,0,0,0,0
193,0,0,0,0,0,0,0,0,0
194,0,0,0,0,0,0,0,0,0
195,0,0,0,0,0,0,0,0,0
196,0,0,0,0,0,0,0,0,0
197,0,0,0,0,0,0,0,0,0
198,0,0,0,0,0,0,0,0,0
199,0,0,0,0,0,0,0,0,0
200,0,0,0,0,0,0,0,0,0
201,0,0,0,0,0,0,0,0,0
202,0,0,0,0,0,0,0,0,0
203,0,0,0,0,0,0,0,0,0
204,0,0,0,0,0,0,0,0,0
205,0,0,0,0,0,0,0,0,0
206,0,0,0,0,0,0,0,0,0
207,0,0,0,0,0,0,0,0,0
208,0,0,0,0,0,0,0,0,0
209,0,0,0,0,0,0,0,0,0
210,0,0,0,0,0,0,0,0,0
211,0,0,0,0,0,0,0,0,0
212,0,0,0,0,0,0,0,0,0
213,0,0,0,0,0,0,0,0,0
214,0,0,0,0,0,0,0,0,0
215,0,0,0,0,0,0,0,0,0
216,0,0,0,0,0,0,0,0,0
217,0,0,0,0,0,0,0,0,0
218,0,0,0,0,0,0,0,0,0
219,0,0,0,0,0,0,0,0,0
220,0,0,0,0,0,0,0,0,0
221,0,0,0,0,0,0,0,0,0
222,0,0,0,0,0,0,0,0,0
223,0,0,0,0,0,0,0,0,0
224,0,0,0,0,0,0,0,0,0
225,0,0,0,0,0,0,0,0,0
226,0,0,0,0,0,0,0,0,0
227,0,0,0,0,0,0,0,0,0
228,0,0,0,0,0,0,0,0,0
229,0,0,0,0,0,0,0,0,0
230,0,0,0,0,0,0,0,0,0
231,0,0,0,0,0,0,0,0,0
232,0,0,0,0,0,0,0,0,0
233,0,0,0,0,0,0,0,0,0
234,0,0,0,0,0,0,0,0,0
235,0,0,0,0,0,0,0,0,0
236,0,0,0,0,0,0,0,0,0
237,0,0,0,0,0,0,0,0,0
238,0,0,0,0,0,0,0,0,0
239,0,0,0,0,0,0,0,0,0
240,0,0,0,0,0,0,0,0,0
241,0,0,0,0,0,0,0,0,0
242,0,0,0,0,0,0,0,0,0
243,0,0,0,0,0,0,0,0,0
244,0,0,0,0,0,0,0,0,0
245,0,0,0,0,0,0,0,0,0
246,0,0,0,0,0,0,0,0,0
247,0,0,0,0,0,0,0,0,0
248,0,0,0,0,0,0,0,0,0
249,0,0,0,0,0,0,0,0,0
250,0,0,0,0,0,0,0,0,0
251,0,0,0,0,0,0,0,0,0
252,0,0,0,0,0,0,0,0,0
253,0,0,0,0,0,0,0,0,0
254,0,0,0,0,0,0,0,0,0
255,0,0,0,0,0,0,0,0,0
256,0,0,0,0,0,0,0,0,0
257,0,0,0,0,0,0,0,0,0
258,0,0,0,0,0,0,0,0,0
259,0,0,0,0,0,0,0,0,0
260,0,0,0,0,0,0,0,0,0
261,0,0,0,0,0,0,0,0,0
262,0,0,0,0,0,0,0,0,0
263,0,0,0,0,0,0,0,0,0
264,0,0,0,0,0,0,0,0,0
265,0,0,0,0,0,0,0,0,0
266,0,0,0,0,0,0,0,0,0
267,0,0,0,0,0,0,0,0,0
268,0,0,0,0,0,0,0,0,0
269,0,0,0,0,0,0,0,0,0
270,0,0,0,0,0,0,0,0,0
271,0,0,0,0,0,0,0,0,0
272,0,0,0,0,0,0,0,0,0
273,0,0,0,0,0,0,0,0,0
274,0,0,0,0,0,0,0,0,0
275,0,0,0,0,0,0,0,0,0
276,0,0,0,0,0,0,0,0,0
277,0,0,0,0,0,0,0,0,0
278,0,0,0,0,0,0,0,0,0
279,0,0,0,0,0,0,0,0,0
280,0,0,0,0,0,0,0,0,0
281,0,0,0,0,0,0,0,0,0
282,0,0,0,0,0,0,0,0,0
283,0,0,0,0,0,0,0,0,0
284,0,0,0,0,0,0,0,0,0
285,0,0,0,0,0,0,0,0,0
286,0,0,0,0,0,0,0,0,0
287,0,0,0,0,0,0,0,0,0
288,0,0,0,0,0,0,0,0,0
289,0,0,0,0,0,0,0,0,0
290,0,0,0,0,0,0,0,0,0
291,0,0,0,0,0,0,0,0,0
292,0,0,0,0,0,0,0,0,0
293,0,0,0,0,0,0,0,0,0
294,0,0,0,0,0,0,0,0,0
295,0,0,0,0,0,0,0,0,0
296,0,0,0,0,0,0,0,0,0
297,0,0,0,0,0,0,0,0,0
298,0,0,0,0,0,0,0,0,0
299,0,0,0,0,0,0,0,0,0
300,0,0,0,0,0,0,0,0,0
301,0,0,0,0,0,0,0,0,0
302,0,0,0,0,0,0,0,0,0
303,0,0,0,0,0,0,0,0,0
304,0,0,0,0,0,0,0,0,0
305,0,0,0,0,0,0,0,0,0
306,0,0,0,0,0,0,0,0,0
307,0,0,0,0,0,0,0,0,0
308,0,0,0,0,0,0,0,0,0
309,0,0,0,0,0,0,0,0,0
310,0,0,0,0,0,0,0,0,0
311,0,0,0,0,0,0,0,0,0
312,0,0,0,0,0,0,0,0,0
313,0,0,0,0,0,0,0,0,0
314,0,0,0,0,0,0,0,0,0
315,0,0,0,0,0,0,0,0,0
316,0,0,0,0,0,0,0,0,0
317,0,0,0,0,0,0,0,0,0
318,0,0,0,0,0,0,0,0,0
319,0,0,0,0,0,0,0,0,0
320,0,0,0,0,0,0,0,0,0
321,0,0,0,0,0,0,0,0,0
322,0,0,0,0,0,0,0,0,0
323,0,0,0,0,0,0,0,0,0
324,0,0,0,0,0,0,0,0,0
325,0,0,0,0,0,0,0,0,0
326,0,0,0,0,0,0,0,0,0
327,0,0,0,0,0,0,0,0,0
328,0,0,0,0,0,0,0,0,0
329,0,0,0,0,0,0,0,0,0
330,0,0,0,0,0,0,0,0,0
331,0,0,0,0,0,0,0,0,0
332,0,0,0,0,0,0,0,0,0
333,0,0,0,0,0,0,0,0,0
334,0,0,0,0,0,0,0,0,0
335,0,0,0,0,0,0,0,0,0
336,0,0,0,0,0,0,0,0,0
337,0,0,0,0,0,0,0,0,0
338,0,0,0,0,0,0,0,0,0
339,0,0,0,0,0,0,0,0,0
340,0,0,0,0,0,0,0,0,0
341,0,0,0,0,0,0,0,0,0
342,0,0,0,0,0,0,0,0,0
343,0,0,0,0,0,0,0,0,0
344,0,0,0,0,0,0,0,0,0
345,0,0,0,0,0,0,0,0,0
346,0,0,0,0,0,0,0,0,0
347,0,0,0,0,0,0,0,0,0
348,0,0,0,0,0,0,0,0,0
349,0,0,0,0,0,0,0,0,0
350,0,0,0,0,0,0,0,0,0
351,0,0,0,0,0,0,0,0,0
352,0,0,0,0,0,0,0,0,0
353,0,0,0,0,0,0,0,0,0
354,0,0,0,0,0,0,0,0,0
355,0,0,0,0,0,0,0,0,0
356,0,0,0,0,0,0,0,0,0
357,0,0,0,0,0,0,0,0,0
358,0,0,0,0,0,0,0,0,0
359,0,0,0,0,0,0,0,0,0
360,0,0,0,0,0,0,0,0,0
361,0,0,0,0,0,0,0,0,0
362,0,0,0,0,0,0,0,0,0
363,0,0,0,0,0,0,0,0,0
364,0,0,0,0,0,0,0,0,0
365,0,0,0,0,0,0,0,0,0
366,0,0,0,0,0,0,0,0,0
367,0,0,0,0,0,0,0,0,0
368,0,0,0,0,0,0,0,0,0
369,0,0,0,0,0,0,0,0,0
370,0,0,0,0,0,0,0,0,0
371,0,0,0,0,0,0,0,0,0
372,0,0,0,0,0,0,0,0,0
373,0,0,0,0,0,0,0,0,0
374,0,0,0,0,0,0,0,0,0
375,0,0,0,0,0,0,0,0,0
376,0,0,0,0,0,0,0,0,0
377,0,0,0,0,0,0,0,0,0
378,0,0,0,0,0,0,0,0,0
379,0,0,0,0,0,0,0,0,0
380,0,0,0,0,0,0,0,0,0
381,0,0,0,0,0,0,0,0,0
382,0,0,0,0,0,0,0,0,0
383,0,0,0,0,0,0,0,0,0
384,0,0,0,0,0,0,0,0,0
385,0,0,0,0,0,0,0,0,0
386,0,0,0,0,0,0,0,0,0
387,0,0,0,0,0,0,0,0,0
388,0,0,0,0,0,0,0,0,0
389,0,0,0,0,0,0,0,0,0
390,0,0,0,0,0,0,0,0,0
391,0,0,0,0,0,0,0,0,0
392,0,0,0,0,0,0,0,0,0
393,0,0,0,0,0,0,0,0,0
394,0,0,0,0,0,0,0,0,0
395,0,0,0,0,0,0,0,0,0
396,0,0,0,0,0,0,0,0,0
397,0,0,0,0,0,0,0,0,0
398,0,0,0,0,0,0,0,0,0
399,0,0,0,0,0,0,0,0,0
400,0,0,0,0,0,0,0,0,0
401,0,0,0,0,0,0,0,0,0
402,0,0,0,0,0,0,0,0,0
403,0,0,0,0,0,0,0,0,0
404,0,0,0,0,0,0,0,0,0
405,0,0,0,0,0,0,0,0,0
406,0,0,0,0,0,0,0,0,0
407,0,0,0,0,0,0,0,0,0
408,0,0,0,0,0,0,0,0,0
409,0,0,0,0,0,0,0,0,0
410,0,0,0,0,0,0,0,0,0
411,0,0,0,0,0,0,0,0,0
412,0,0,0,0,0,0,0,0,0
413,0,0,0,0,0,0,0,0,0
414,0,0,0,0,0,0,0,0,0
415,0,0,0,0,0,0,0,0,0
416,0,0,0,0,0,0,0,0,0
417,0,0,0,0,0,0,0,0,0
418,0,0,0,0,0,0,0,0,0
419,0,0,0,0,0,0,0,0,0
420,0,0,0,0,0,0,0,0,0
421,0,0,0,0,0,0,0,0,0
422,0,0,0,0,0,0,0,0,0
423,0,0,0,0,0,0,0,0,0
424,0,0,0,0,0,0,0,0,0
425,0,0,0,0,0,0,0,0,0
426,0,0,0,0,0,0,0,0,0
427,0,0,0,0,0,0,0,0,0
428,0,0,0,0,0,0,0,0,0
429,0,0,0,0,0,0,0,0,0
430,0,0,0,0,0,0,0,0,0
431,0,0,0,0,0,0,0,0,0
432,0,0,0,0,0,0,0,0,0
433,0,0,0,0,0,0,0,0,0
434,0,0,0,0,0,0,0,0,0
435,0,0,0,0,0,0,0,0,0
436,0,0,0,0,0,0,0,0,0
437,0,0,0,0,0,0,0,0,0
438,0,0,0,0,0,0,0,0,0
439,0,0,0,0,0,0,0,0,0
440,0,0,0,0,0,0,0,0,0
441,0,0,0,0,0,0,0,0,0
442,0,0,0,0,0,0,0,0,0
443,0,0,0,0,0,0,0,0,0
444,0,0,0,0,0,0,0,0,0
445,0,0,0,0,0,0,0,0,0
446,0,0,0,0,0,0,0,0,0
447,0,0,0,0,0,0,0,0,0
448,0,0,0,0,0,0,0,0,0
449,0,0,0,0,0,0,0,0,0
450,0,0,0,0,0,0,0,0,0
451,0,0,0,0,0,0,0,0,0
452,0,0,0,0,0,0,0,0,0
453,0,0,0,0,0,0,0,0,0
454,0,0,0,0,0,0,0,0,0
455,0,0,0,0,0,0,0,0,0
456,0,0,0,0,0,0,0,0,0
457,0,0,0,0,0,0,0,0,0
458,0,0,0,0,0,0,0,0,0
459,0,0,0,0,0,0,0,0,0
460,0,0,0,0,0,0,0,0,0
461,0,0,0,0,0,0,0,0,0
462,0,0,0,0,0,0,0,0,0
463,0,0,0,0,0,0,0,0,0
464,0,0,0,0,0,0,0,0,0
465,0,0,0,0,0,0,0,0,0
466,0,0,0,0,0,0,0,0,0
467,0,0,0,0,0,0,0,0,0
468,0,0,0,0,0,0,0,0,0
469,0,0,0,0,0,0,0,0,0
470,0,0,0,0,0,0,0,0,0
471,0,0,0,0,0,0,0,0,0
472,0,0,0,0,0,0,0,0,0
473,0,0,0,0,0,0,0,0,0
474,0,0,0,0,0,0,0,0,0
475,0,0,0,0,0,0,0,0,0
476,0,0,0,0,0,0,0,0,0
477,0,0,0,0,0,0,0,0,0
478,0,0,0,0,0,0,0,0,0
479,0,0,0,0,0,0,0,0,0
480,0,0,0,0,0,0,0,0,0
481,0,0,0,0,0,0,0,0,0
482,0,0,0,0,0,0,0,0,0
483,0,0,0,0,0,0,0,0,0
484,0,0,0,0,0,0,0,0,0
485,0,0,0,0,0,0,0,0,0
486,0,0,0,0,0,0,0,0,0
487,0,0,0,0,0,0,0,0,0
488,0,0,0,0,0,0,0,0,0
489,0,0,0,0,0,0,0,0,0
490,0,0,0,0,0,0,0,0,0
491,0,0,0,0,0,0,0,0,0
492,0,0,0,0,0,0,0,0,0
493,0,0,0,0,0,0,0,0,0
494,0,0,0,0,0,0,0,0,0
495,0,0,0,0,0,0,0,0,0
496,0,0,0,0,0,0,0,0,0
497,0,0,0,0,0,0,0,0,0
498,0,0,0,0,0,0,0,0,0
499,0,0,0,0,0,0,0,0,0
500,0,0,0,0,0,0,0,0,0
501,0,0,0,0,0,0,0,0,0
502,0,0,0,0,0,0,0,0,0
503,0,0,0,0,0,0,0,0,0
504,0,0,0,0,0,0,0,0,0
505,0,0,0,0,0,0,0,0,0
506,0,0,0,0,0,0,0,0,0
507,0,0,0,0,0,0,0,0,0
508,0,0,0,0,0,0,0,0,0
509,0,0,0,0,0,0,0,0,0
510,0,0,0,0,0,0,0,0,0
511,0,0,0,0,0,0,0,0,0
512,0,0,0,0,0,0,0,0,0
513,0,0,0,0,0,0,0,0,0
514,0,0,0,0,0,0,0,0,0
515,0,0,0,0,0,0,0,0,0
516,0,0,0,0,0,0,0,0,0
517,0,0,0,0,0,0,0,0,0
518,0,0,0,0,0,0,0,0,0
519,0,0,0,0,0,0,0,0,0
520,0,0,0,0,0,0,0,0,0
521,0,0,0,0,0,0,0,0,0
522,0,0,0,0,0,0,0,0,0
523,0,0,0,0,0,0,0,0,0
524,0,0,0,0,0,0,0,0,0
525,0,0,0,0,0,0,0,0,0
526,0,0,0,0,0,0,0,0,0
527,0,0,0,0,0,0,0,0,0
528,0,0,0,0,0,0,0,0,0
529,0,0,0,0,0,0,0,0,0
530,0,0,0,0,0,0,0,0,0
531,0,0,0,0,0,0,0,0,0
532,0,0,0,0,0,0,0,0,0
533,0,0,0,0,0,0,0,0,0
534,0,0,0,0,0,0,0,0,0
535,0,0,0,0,0,0,0,0,0
536,0,0,0,0,0,0,0,0,0
537,0,0,0,0,0,0,0,0,0
538,0,0,0,0,0,0,0,0,0
539,0,0,0,0,0,0,0,0,0
540,0,0,0,0,0,0,0,0,0
541,0,0,0,0,0,0,0,0,0
542,0,0,0,0,0,0,0,0,0
543,0,0,0,0,0,0,0,0,0
544,0,0,0,0,0,0,0,0,0
545,0,0,0,0,0,0,0,0,0
546,0,0,0,0,0,0,0,0,0
547,0,0,0,0,0,0,0,0,0
548,0,0,0,0,0,0,0,0,0
549,0,0,0,0,0,0,0,0,0
550,0,0,0,0,0,0,0,0,0
551,0,0,0,0,0,0,0,0,0
552,0,0,0,0,0,0,0,0,0
553,0,0,0,0,0,0,0,0,0
554,0,0,0,0,0,0,0,0,0
555,0,0,0,0,0,0,0,0,0
556,0,0,0,0,0,0,0,0,0
557,0,0,0,0,0,0,0,0,0
558,0,0,0,0,0,0,0,0,0
559,0,0,0,0,0,0,0,0,0
560,0,0,0,0,0,0,0,0,0
561,0,0,0,0,0,0,0,0,0
562,0,0,0,0,0,0,0,0,0
563,0,0,0,0,0,0,0,0,0
564,0,0,0,0,0,0,0,0,0
565,0,0,0,0,0,0,0,0,0
566,0,0,0,0,0,0,0,0,0
567,0,0,0,0,0,0,0,0,0
568,0,0,0,0,0,0,0,0,0
569,0,0,0,0,0,0,0,0,0
570,0,0,0,0,0,0,0,0,0
571,0,0,0,0,0,0,0,0,0
572,0,0,0,0,0,0,0,0,0
573,0,0,0,0,0,0,0,0,0
574,0,0,0,0,0,0,0,0,0
575,0,0,0,0,0,0,0,0,0
576,0,0,0,0,0,0,0,0,0
577,0,0,0,0,0,0,0,0,0
578,0,0,0,0,0,0,0,0,0
579,0,0,0,0,0,0,0,0,0
580,0,0,0,0,0,0,0,0,0
581,0,0,0,0,0,0,0,0,0
582,0,0,0,0,0,0,0,0,0
583,0,0,0,0,0,0,0,0,0
584,0,0,0,0,0,0,0,0,0
585,0,0,0,0,0,0,0,0,0
586,0,0,0,0,0,0,0,0,0
587,0,0,0,0,0,0,0,0,0
588,0,0,0,0,0,0,0,0,0
589,0,0,0,0,0,0,0,0,0
590,0,0,0,0,0,0,0,0,0
591,0,0,0,0,0,0,0,0,0
592,0,0,0,0,0,0,0,0,0
593,0,0,0,0,0,0,0,0,0
594,0,0,0,0,0,0,0,0,0
595,0,0,0,0,0,0,0,0,0
596,0,0,0,0,0,0,0,0,0
597,0,0,0,0,0,0,0,0,0
598,0,0,0,0,0,0,0,0,0
599,0,0,0,0,0,0,0,0,0
600,0,0,0,0,0,0,0,0,0
601,0,0,0,0,0,0,0,0,0
602,0,0,0,0,0,0,0,0,0
603,0,0,0,0,0,0,0,0,0
604,0,0,0,0,0,0,0,0,0
605,0,0,0,0,0,0,0,0,0
606,0,0,0,0,0,0,0,0,0
607,0,0,0,0,0,0,0,0,0
608,0,0,0,0,0,0,0,0,0
609,0,0,0,0,0,0,0,0,0
610,0,0,0,0,0,0,0,0,0
611,0,0,0,0,0,0,0,0,0
612,0,0,0,0,0,0,0,0,0
613,0,0,0,0,0,0,0,0,0
614,0,0,0,0,0,0,0,0,0
615,0,0,0,0,0,0,0,0,0
616,0,0,0,0,0,0,0,0,0
617,0,0,0,0,0,0,0,0,0
618,0,0,0,0,0,0,0,0,0
619,0,0,0,0,0,0,0,0,0
620,0,0,0,0,0,0,0,0,0
621,0,0,0,0,0,0,0,0,0
622,0,0,0,0,0,0,0,0,0
623,0,0,0,0,0,0,0,0,0
624,0,0,0,0,0,0,0,0,0
625,0,0,0,0,0,0,0,0,0
626,0,0,0,0,0,0,0,0,0
627,0,0,0,0,0,0,0,0,0
628,0,0,0,0,0,0,0,0,0
629,0,0,0,0,0,0,0,0,0
630,0,0,0,0,0,0,0,0,0
631,0,0,0,0,0,0,0,0,0
632,0,0,0,0,0,0,0,0,0
633,0,0,0,0,0,0,0,0,0
634,0,0,0,0,0,0,0,0,0
635,0,0,0,0,0,0,0,0,0
636,0,0,0,0,0,0,0,0,0
637,0,0,0,0,0,0,0,0,0
638,0,0,0,0,0,0,0,0,0
639,0,0,0,0,0,0,0,0,0
640,0,0,0,0,0,0,0,0,0
641,0,0,0,0,0,0,0,0,0
642,0,0,0,0,0,0,0,0,0
643,0,0,0,0,0,0,0,0,0
644,0,0,0,0,0,0,0,0,0
645,0,0,0,0,0,0,0,0,0
646,0,0,0,0,0,0,0,0,0
647,0,0,0,0,0,0,0,0,0
648,0,0,0,0,0,0,0,0,0
649,0,0,0,0,0,0,0,0,0
650,0,0,0,0,0,0,0,0,0
651,0,0,0,0,0,0,0,0,0
652,0,0,0,0,0,0,0,0,0
653,0,0,0,0,0,0,0,0,0
654,0,0,0,0,0,0,0,0,0
655,0,0,0,0,0,0,0,0,0
656,0,0,0,0,0,0,0,0,0
657,0,0,0,0,0,0,0,0,0
658,0,0,0,0,0,0,0,0,0
659,0,0,0,0,0,0,0,0,0
660,0,0,0,0,0,0,0,0,0
661,0,0,0,0,0,0,0,0,0
662,0,0,0,0,0,0,0,0,0
663,0,0,0,0,0,0,0,0,0
664,0,0,0,0,0,0,0,0,0
665,0,0,0,0,0,0,0,0,0
666,0,0,0,0,0,0,0,0,0
667,0,0,0,0,0,0,0,0,0
668,0,0,0,0,0,0,0,0,0
669,0,0,0,0,0,0,0,0,0
670,0,0,0,0,0,0,0,0,0
671,0,0,0,0,0,0,0,0,0
672,0,0,0,0,0,0,0,0,0
673,0,0,0,0,0,0,0,0,0
674,0,0,0,0,0,0,0,0,0
675,0,0,0,0,0,0,0,0,0
676,0,0,0,0,0,0,0,0,0
677,0,0,0,0,0,0,0,0,0
678,0,0,0,0,0,0,0,0,0
679,0,0,0,0,0,0,0,0,0
680,0,0,0,0,0,0,0,0,0
681,0,0,0,0,0,0,0,0,0
682,0,0,0,0,0,0,0,0,0
683,0,0,0,0,0,0,0,0,0
684,0,0,0,0,0,0,0,0,0
685,0,0,0,0,0,0,0,0,0
686,0,0,0,0,0,0,0,0,0
687,0,0,0,0,0,0,0,0,0
688,0,0,0,0,0,0,0,0,0
689,0,0,0,0,0,0,0,0,0
690,0,0,0,0,0,0,0,0,0
691,0,0,0,0,0,0,0,0,0
692,0,0,0,0,0,0,0,0,0
693,0,0,0,0,0,0,0,0,0
694,0,0,0,0,0,0,0,0,0
695,0,0,0,0,0,0,0,0,0
696,0,0,0,0,0,0,0,0,0
697,0,0,0,0,0,0,0,0,0
698,0,0,0,0,0,0,0,0,0
699,0,0,0,0,0,0,0,0,0
700,0,0,0,0,0,0,0,0,0
701,0,0,0,0,0,0,0,0,0
702,0,0,0,0,0,0,0,0,0
703,0,0,0,0,0,0,0,0,0
704,0,0,0,0,0,0,0,0,0
705,0,0,0,0,0,0,0,0,0
706,0,0,0,0,0,0,0,0,0
707,0,0,0,0,0,0,0,0,0
708,0,0,0,0,0,0,0,0,0
709,0,0,0,0,0,0,0,0,0
710,0,0,0,0,0,0,0,0,0
711,0,0,0,0,0,0,0,0,0
712,0,0,0,0,0,0,0,0,0
713,0,0,0,0,0,0,0,0,0
714,0,0,0,0,0,0,0,0,0
715,0,0,0,0,0,0,0,0,0
716,0,0,0,0,0,0,0,0,0
717,0,0,0,0,0,0,0,0,0
718,0,0,0,0,0,0,0,0,0
719,0,0,0,0,0,0,0,0,0
720,0,0,0,0,0,0,0,0,0
721,0,0,0,0,0,0,0,0,0
722,0,0,0,0,0,0,0,0,0
723,0,0,0,0,0,0,0,0,0
724,0,0,0,0,0,0,0,0,0
725,0,0,0,0,0,0,0,0,0
726,0,0,0,0,0,0,0,0,0
727,0,0,0,0,0,0,0,0,0
728,0,0,0,0,0,0,0,0,0
729,0,0,0,0,0,0,0,0,0
730,0,0,0,0,0,0,0,0,0
731,0,0,0,0,0,0,0,0,0
732,0,0,0,0,0,0,0,0,0
733,0,0,0,0,0,0,0,0,0
734,0,0,0,0,0,0,0,0,0
735,0,0,0,0,0,0,0,0,0
736,0,0,0,0,0,0,0,0,0
737,0,0,0,0,0,0,0,0,0
738,0,0,0,0,0,0,0,0,0
739,0,0,0,0,0,0,0,0,0
740,0,0,0,0,0,0,0,0,0
741,0,0,0,0,0,0,0,0,0
742,0,0,0,0,0,0,0,0,0
743,0,0,0,0,0,0,0,0,0
744,0,0,0,0,0,0,0,0,0
745,0,0,0,0,0,0,0,0,0
746,0,0,0,0,0,0,0,0,0
747,0,0,0,0,0,0,0,0,0
748,0,0,0,0,0,0,0,0,0
749,0,0,0,0,0,0,0,0,0
750,0,0,0,0,0,0,0,0,0
0,194,7257,201425,4077983,57373546,517292847,2626655236,5935079656,3356972874
1,106,3027,62867,965826,10348130,71161201,276005237,476938866,206512532
2,74,1713,30104,389892,3529497,20482417,67011752,97541547,35505311
3,48,975,14612,163959,1287290,6503293,18539833,23511484,7453757
4,35,516,7124,69473,477263,2102073,5224671,5768076,1584175
5,30,368,4925,44588,284019,1158547,2659850,2708079,684104
6,23,224,2943,22751,127202,448040,883945,767841,164319
7,13,125,1528,11017,56131,176978,314962,248581,48591
8,7,71,748,4834,21412,59717,95108,66058,11477
9,2,43,495,2719,10871,27332,39500,24983,3901
10,0,27,285,1499,5264,12867,17645,10369,1494
11,0,27,257,1272,4420,10456,13683,7871,1088
12,0,22,212,853,2881,5925,6806,3576,464
13,0,22,202,806,2557,4918,5448,2758,364
14,0,22,199,751,2328,4201,4383,1991,233
15,0,14,125,456,1172,1924,1898,759,86
16,0,14,122,442,1099,1798,1788,732,86
17,0,11,99,316,762,1204,1185,467,47
18,0,10,77,244,531,784,687,229,17
19,0,10,58,194,418,598,538,181,11
20,0,9,44,145,303,392,334,122,5
21,0,7,38,114,222,271,197,68,2
22,0,7,38,114,222,271,197,68,2
23,0,6,34,93,186,209,142,49,1
24,0,6,32,90,178,199,129,41,0
25,0,6,31,86,163,176,108,25,0
26,0,1,14,47,88,93,56,9,0
27,0,1,14,45,80,85,53,9,0
28,0,1,14,39,75,85,53,9,0
29,0,1,12,33,51,43,25,5,0
30,0,1,12,30,48,38,20,3,0
31,0,1,12,30,48,38,20,3,0
32,0,1,12,23,32,23,15,0,0
33,0,1,7,16,21,10,7,0,0
34,0,1,5,10,14,6,3,0,0
35,0,0,5,3,3,3,0,0,0
36,0,0,5,3,3,3,0,0,0
37,0,0,5,2,2,3,0,0,0
38,0,0,5,2,2,3,0,0,0
39,0,0,5,2,2,3,0,0,0
40,0,0,5,2,2,3,0,0,0
41,0,0,5,2,2,3,0,0,0
42,0,0,2,0,1,2,0,0,0
43,0,0,2,0,1,2,0,0,0
44,0,0,2,0,1,2,0,0,0
45,0,0,2,0,1,2,0,0,0
46,0,0,2,0,1,2,0,0,0
47,0,0,2,0,1,2,0,0,0
48,0,0,2,0,1,2,0,0,0
49,0,0,2,0,1,2,0,0,0
50,0,0,2,0,1,2,0,0,0
51,0,0,2,0,1,2,0,0,0
52,0,0,2,0,1,2,0,0,0
53,0,0,2,0,1,2,0,0,0
54,0,0,2,0,1,2,0,0,0
55,0,0,2,0,1,2,0,0,0
56,0,0,2,0,1,2,0,0,0
57,0,0,2,0,1,2,0,0,0
58,0,0,2,0,1,2,0,0,0
59,0,0,2,0,1,1,0,0,0
60,0,0,2,0,1,1,0,0,0
61,0,0,1,0,1,1,0,0,0
62,0,0,1,0,1,1,0,0,0
63,0,0,1,0,1,1,0,0,0
64,0,0,1,0,1,1,0,0,0
65,0,0,1,0,1,1,0,0,0
66,0,0,1,0,1,1,0,0,0
67,0,0,1,0,1,1,0,0,0
68,0,0,1,0,1,1,0,0,0
69,0,0,1,0,1,1,0,0,0
70,0,0,1,0,1,1,0,0,0
71,0,0,1,0,0,1,0,0,0
72,0,0,1,0,0,1,0,0,0
73,0,0,1,0,0,1,0,0,0
74,0,0,1,0,0,1,0,0,0
75,0,0,0,0,0,0,0,0,0
76,0,0,0,0,0,0,0,0,0
77,0,0,0,0,0,0,0,0,0
78,0,0,0,0,0,0,0,0,0
79,0,0,0,0,0,0,0,0,0
80,0,0,0,0,0,0,0,0,0
81,0,0,0,0,0,0,0,0,0
82,0,0,0,0,0,0,0,0,0
83,0,0,0,0,0,0,0,0,0
84,0,0,0,0,0,0,0,0,0
85,0,0,0,0,0,0,0,0,0
86,0,0,0,0,0,0,0,0,0
87,0,0,0,0,0,0,0,0,0
88,0,0,0,0,0,0,0,0,0
89,0,0,0,0,0,0,0,0,0
90,0,0,0,0,0,0,0,0,0
91,0,0,0,0,0,0,0,0,0
92,0,0,0,0,0,0,0,0,0
93,0,0,0,0,0,0,0,0,0
94,0,0,0,0,0,0,0,0,0
95,0,0,0,0,0,0,0,0,0
96,0,0,0,0,0,0,0,0,0
97,0,0,0,0,0,0,0,0,0
98,0,0,0,0,0,0,0,0,0
99,0,0,0,0,0,0,0,0,0
100,0,0,0,0,0,0,0,0,0
101,0,0,0,0,0,0,0,0,0
102,0,0,0,0,0,0,0,0,0
103,0,0,0,0,0,0,0,0,0
104,0,0,0,0,0,0,0,0,0
105,0,0,0,0,0,0,0,0,0
106,0,0,0,0,0,0,0,0,0
107,0,0,0,0,0,0,0,0,0
108,0,0,0,0,0,0,0,0,0
109,0,0,0,0,0,0,0,0,0
110,0,0,0,0,0,0,0,0,0
111,0,0,0,0,0,0,0,0,0
112,0,0,0,0,0,0,0,0,0
113,0,0,0,0,0,0,0,0,0
114,0,0,0,0,0,0,0,0,0
115,0,0,0,0,0,0,0,0,0
116,0,0,0,0,0,0,0,0,0
117,0,0,0,0,0,0,0,0,0
118,0,0,0,0,0,0,0,0,0
119,0,0,0,0,0,0,0,0,0
120,0,0,0,0,0,0,0,0,0
121,0,0,0,0,0,0,0,0,0
122,0,0,0,0,0,0,0,0,0
123,0,0,0,0,0,0,0,0,0
124,0,0,0,0,0,0,0,0,0
125,0,0,0,0,0,0,0,0,0
126,0,0,0,0,0,0,0,0,0
127,0,0,0,0,0,0,0,0,0
128,0,0,0,0,0,0,0,0,0
129,0,0,0,0,0,0,0,0,0
130,0,0,0,0,0,0,0,0,0
131,0,0,0,0,0,0,0,0,0
132,0,0,0,0,0,0,0,0,0
133,0,0,0,0,0,0,0,0,0
134,0,0,0,0,0,0,0,0,0
135,0,0,0,0,0,0,0,0,0
136,0,0,0,0,0,0,0,0,0
137,0,0,0,0,0,0,0,0,0
138,0,0,0,0,0,0,0,0,0
139,0,0,0,0,0,0,0,0,0
140,0,0,0,0,0,0,0,0,0
141,0,0,0,0,0,0,0,0,0
142,0,0,0,0,0,0,0,0,0
143,0,0,0,0,0,0,0,0,0
144,0,0,0,0,0,0,0,0,0
145,0,0,0,0,0,0,0,0,0
146,0,0,0,0,0,0,0,0,0
147,0,0,0,0,0,0,0,0,0
148,0,0,0,0,0,0,0,0,0
149,0,0,0,0,0,0,0,0,0
150,0,0,0,0,0,0,0,0,0
151,0,0,0,0,0,0,0,0,0
152,0,0,0,0,0,0,0,0,0
153,0,0,0,0,0,0,0,0,0
154,0,0,0,0,0,0,0,0,0
155,0,0,0,0,0,0,0,0,0
156,0,0,0,0,0,0,0,0,0
157,0,0,0,0,0,0,0,0,0
158,0,0,0,0,0,0,0,0,0
159,0,0,0,0,0,0,0,0,0
160,0,0,0,0,0,0,0,0,0
161,0,0,0,0,0,0,0,0,0
162,0,0,0,0,0,0,0,0,0
163,0,0,0,0,0,0,0,0,0
164,0,0,0,0,0,0,0,0,0
165,0,0,0,0,0,0,0,0,0
166,0,0,0,0,0,0,0,0,0
167,0,0,0,0,0,0,0,0,0
168,0,0,0,0,0,0,0,0,0
169,0,0,0,0,0,0,0,0,0
170,0,0,0,0,0,0,0,0,0
171,0,0,0,0,0,0,0,0,0
172,0,0,0,0,0,0,0,0,0
173,0,0,0,0,0,0,0,0,0
174,0,0,0,0,0,0,0,0,0
175,0,0,0,0,0,0,0,0,0
176,0,0,0,0,0,0,0,0,0
177,0,0,0,0,0,0,0,0,0
178,0,0,0,0,0,0,0,0,0
179,0,0,0,0,0,0,0,0,0
180,0,0,0,0,0,0,0,0,0
181,0,0,0,0,0,0,0,0,0
182,0,0,0,0,0,0,0,0,0
183,0,0,0,0,0,0,0,0,0
184,0,0,0,0,0,0,0,0,0
185,0,0,0,0,0,0,0,0,0
186,0,0,0,0,0,0,0,0,0
187,0,0,0,0,0,0,0,0,0
188,0,0,0,0,0,0,0,0,0
189,0,0,0,0,0,0,0,0,0
190,0,0,0,0,0,0,0,0,0
191,0,0,0,0,0,0,0,0,0
192,0,0,0,0,0,0,0,0,0
193,0,0,0,0,0,0,0,0,0
194,0,0,0,0,0,0,0,0,0
195,0,0,0,0,0,0,0,0,0
196,0,0,0,0,0,0,0,0,0
197,0,0,0,0,0,0,0,0,0
198,0,0,0,0,0,0,0,0,0
199,0,0,0,0,0,0,0,0,0
200,0,0,0,0,0,0,0,0,0
201,0,0,0,0,0,0,0,0,0
202,0,0,0,0,0,0,0,0,0
203,0,0,0,0,0,0,0,0,0
204,0,0,0,0,0,0,0,0,0
205,0,0,0,0,0,0,0,0,0
206,0,0,0,0,0,0,0,0,0
207,0,0,0,0,0,0,0,0,0
208,0,0,0,0,0,0,0,0,0
209,0,0,0,0,0,0,0,0,0
210,0,0,0,0,0,0,0,0,0
211,0,0,0,0,0,0,0,0,0
212,0,0,0,0,0,0,0,0,0
213,0,0,0,0,0,0,0,0,0
214,0,0,0,0,0,0,0,0,0
215,0,0,0,0,0,0,0,0,0
216,0,0,0,0,0,0,0,0,0
217,0,0,0,0,0,0,0,0,0
218,0,0,0,0,0,0,0,0,0
219,0,0,0,0,0,0,0,0,0
220,0,0,0,0,0,0,0,0,0
221,0,0,0,0,0,0,0,0,0
222,0,0,0,0,0,0,0,0,0
223,0,0,0,0,0,0,0,0,0
224,0,0,0,0,0,0,0,0,0
225,0,0,0,0,0,0,0,0,0
226,0,0,0,0,0,0,0,0,0
227,0,0,0,0,0,0,0,0,0
228,0,0,0,0,0,0,0,0,0
229,0,0,0,0,0,0,0,0,0
230,0,0,0,0,0,0,0,0,0
231,0,0,0,0,0,0,0,0,0
232,0,0,0,0,0,0,0,0,0
233,0,0,0,0,0,0,0,0,0
234,0,0,0,0,0,0,0,0,0
235,0,0,0,0,0,0,0,0,0
236,0,0,0,0,0,0,0,0,0
237,0,0,0,0,0,0,0,0,0
238,0,0,0,0,0,0,0,0,0
239,0,0,0,0,0,0,0,0,0
240,0,0,0,0,0,0,0,0,0
241,0,0,0,0,0,0,0,0,0
242,0,0,0,0,0,0,0,0,0
243,0,0,0,0,0,0,0,0,0
244,0,0,0,0,0,0,0,0,0
245,0,0,0,0,0,0,0,0,0
246,0,0,0,0,0,0,0,0,0
247,0,0,0,0,0,0,0,0,0
248,0,0,0,0,0,0,0,0,0
249,0,0,0,0,0,0,0,0,0
250,0,0,0,0,0,0,0,0,0
251,0,0,0,0,0,0,0,0,0
252,0,0,0,0,0,0,0,0,0
253,0,0,0,0,0,0,0,0,0
254,0,0,0,0,0,0,0,0,0
255,0,0,0,0,0,0,0,0,0
256,0,0,0,0,0,0,0,0,0
257,0,0,0,0,0,0,0,0,0
258,0,0,0,0,0,0,0,0,0
259,0,0,0,0,0,0,0,0,0
260,0,0,0,0,0,0,0,0,0
261,0,0,0,0,0,0,0,0,0
262,0,0,0,0,0,0,0,0,0
263,0,0,0,0,0,0,0,0,0
264,0,0,0,0,0,0,0,0,0
265,0,0,0,0,0,0,0,0,0
266,0,0,0,0,0,0,0,0,0
267,0,0,0,0,0,0,0,0,0
268,0,0,0,0,0,0,0,0,0
269,0,0,0,0,0,0,0,0,0
270,0,0,0,0,0,0,0,0,0
271,0,0,0,0,0,0,0,0,0
272,0,0,0,0,0,0,0,0,0
273,0,0,0,0,0,0,0,0,0
274,0,0,0,0,0,0,0,0,0
275,0,0,0,0,0,0,0,0,0
276,0,0,0,0,0,0,0,0,0
277,0,0,0,0,0,0,0,0,0
278,0,0,0,0,0,0,0,0,0
279,0,0,0,0,0,0,0,0,0
280,0,0,0,0,0,0,0,0,0
281,0,0,0,0,0,0,0,0,0
282,0,0,0,0,0,0,0,0,0
283,0,0,0,0,0,0,0,0,0
284,0,0,0,0,0,0,0,0,0
285,0,0,0,0,0,0,0,0,0
286,0,0,0,0,0,0,0,0,0
287,0,0,0,0,0,0,0,0,0
288,0,0,0,0,0,0,0,0,0
289,0,0,0,0,0,0,0,0,0
290,0,0,0,0,0,0,0,0,0
291,0,0,0,0,0,0,0,0,0
292,0,0,0,0,0,0,0,0,0
293,0,0,0,0,0,0,0,0,0
294,0,0,0,0,0,0,0,0,0
295,0,0,0,0,0,0,0,0,0
296,0,0,0,0,0,0,0,0,0
297,0,0,0,0,0,0,0,0,0
298,0,0,0,0,0,0,0,0,0
299,0,0,0,0,0,0,0,0,0
300,0,0,0,0,0,0,0,0,0
301,0,0,0,0,0,0,0,0,0
302,0,0,0,0,0,0,0,0,0
303,0,0,0,0,0,0,0,0,0
304,0,0,0,0,0,0,0,0,0
305,0,0,0,0,0,0,0,0,0
306,0,0,0,0,0,0,0,0,0
307,0,0,0,0,0,0,0,0,0
308,0,0,0,0,0,0,0,0,0
309,0,0,0,0,0,0,0,0,0
310,0,0,0,0,0,0,0,0,0
311,0,0,0,0,0,0,0,0,0
312,0,0,0,0,0,0,0,0,0
313,0,0,0,0,0,0,0,0,0
314,0,0,0,0,0,0,0,0,0
315,0,0,0,0,0,0,0,0,0
316,0,0,0,0,0,0,0,0,0
317,0,0,0,0,0,0,0,0,0
318,0,0,0,0,0,0,0,0,0
319,0,0,0,0,0,0,0,0,0
320,0,0,0,0,0,0,0,0,0
321,0,0,0,0,0,0,0,0,0
322,0,0,0,0,0,0,0,0,0
323,0,0,0,0,0,0,0,0,0
324,0,0,0,0,0,0,0,0,0
325,0,0,0,0,0,0,0,0,0
326,0,0,0,0,0,0,0,0,0
327,0,0,0,0,0,0,0,0,0
328,0,0,0,0,0,0,0,0,0
329,0,0,0,0,0,0,0,0,0
330,0,0,0,0,0,0,0,0,0
331,0,0,0,0,0,0,0,0,0
332,0,0,0,0,0,0,0,0,0
333,0,0,0,0,0,0,0,0,0
334,0,0,0,0,0,0,0,0,0
335,0,0,0,0,0,0,0,0,0
336,0,0,0,0,0,0,0,0,0
337,0,0,0,0,0,0,0,0,0
338,0,0,0,0,0,0,0,0,0
339,0,0,0,0,0,0,0,0,0
340,0,0,0,0,0,0,0,0,0
341,0,0,0,0,0,0,0,0,0
342,0,0,0,0,0,0,0,0,0
343,0,0,0,0,0,0,0,0,0
344,0,0,0,0,0,0,0,0,0
345,0,0,0,0,0,0,0,0,0
346,0,0,0,0,0,0,0,0,0
347,0,0,0,0,0,0,0,0,0
348,0,0,0,0,0,0,0,0,0
349,0,0,0,0,0,0,0,0,0
350,0,0,0,0,0,0,0,0,0
351,0,0,0,0,0,0,0,0,0
352,0,0,0,0,0,0,0,0,0
353,0,0,0,0,0,0,0,0,0
354,0,0,0,0,0,0,0,0,0
355,0,0,0,0,0,0,0,0,0
356,0,0,0,0,0,0,0,0,0
357,0,0,0,0,0,0,0,0,0
358,0,0,0,0,0,0,0,0,0
359,0,0,0,0,0,0,0,0,0
360,0,0,0,0,0,0,0,0,0
361,0,0,0,0,0,0,0,0,0
362,0,0,0,0,0,0,0,0,0
363,0,0,0,0,0,0,0,0,0
364,0,0,0,0,0,0,0,0,0
365,0,0,0,0,0,0,0,0,0
366,0,0,0,0,0,0,0,0,0
367,0,0,0,0,0,0,0,0,0
368,0,0,0,0,0,0,0,0,0
369,0,0,0,0,0,0,0,0,0
370,0,0,0,0,0,0,0,0,0
371,0,0,0,0,0,0,0,0,0
372,0,0,0,0,0,0,0,0,0
373,0,0,0,0,0,0,0,0,0
374,0,0,0,0,0,0,0,0,0
375,0,0,0,0,0,0,0,0,0
376,0,0,0,0,0,0,0,0,0
377,0,0,0,0,0,0,0,0,0
378,0,0,0,0,0,0,0,0,0
379,0,0,0,0,0,0,0,0,0
380,0,0,0,0,0,0,0,0,0
381,0,0,0,0,0,0,0,0,0
382,0,0,0,0,0,0,0,0,0
383,0,0,0,0,0,0,0,0,0
384,0,0,0,0,0,0,0,0,0
385,0,0,0,0,0,0,0,0,0
386,0,0,0,0,0,0,0,0,0
387,0,0,0,0,0,0,0,0,0
388,0,0,0,0,0,0,0,0,0
389,0,0,0,0,0,0,0,0,0
390,0,0,0,0,0,0,0,0,0
391,0,0,0,0,0,0,0,0,0
392,0,0,0,0,0,0,0,0,0
393,0,0,0,0,0,0,0,0,0
394,0,0,0,0,0,0,0,0,0
395,0,0,0,0,0,0,0,0,0
396,0,0,0,0,0,0,0,0,0
397,0,0,0,0,0,0,0,0,0
398,0,0,0,0,0,0,0,0,0
399,0,0,0,0,0,0,0,0,0
400,0,0,0,0,0,0,0,0,0
401,0,0,0,0,0,0,0,0,0
402,0,0,0,0,0,0,0,0,0
403,0,0,0,0,0,0,0,0,0
404,0,0,0,0,0,0,0,0,0
405,0,0,0,0,0,0,0,0,0
406,0,0,0,0,0,0,0,0,0
407,0,0,0,0,0,0,0,0,0
408,0,0,0,0,0,0,0,0,0
409,0,0,0,0,0,0,0,0,0
410,0,0,0,0,0,0,0,0,0
411,0,0,0,0,0,0,0,0,0
412,0,0,0,0,0,0,0,0,0
413,0,0,0,0,0,0,0,0,0
414,0,0,0,0,0,0,0,0,0
415,0,0,0,0,0,0,0,0,0
416,0,0,0,0,0,0,0,0,0
417,0,0,0,0,0,0,0,0,0
418,0,0,0,0,0,0,0,0,0
419,0,0,0,0,0,0,0,0,0
420,0,0,0,0,0,0,0,0,0
421,0,0,0,0,0,0,0,0,0
422,0,0,0,0,0,0,0,0,0
423,0,0,0,0,0,0,0,0,0
424,0,0,0,0,0,0,0,0,0
425,0,0,0,0,0,0,0,0,0
426,0,0,0,0,0,0,0,0,0
427,0,0,0,0,0,0,0,0,0
428,0,0,0,0,0,0,0,0,0
429,0,0,0,0,0,0,0,0,0
430,0,0,0,0,0,0,0,0,0
431,0,0,0,0,0,0,0,0,0
432,0,0,0,0,0,0,0,0,0
433,0,0,0,0,0,0,0,0,0
434,0,0,0,0,0,0,0,0,0
435,0,0,0,0,0,0,0,0,0
436,0,0,0,0,0,0,0,0,0
437,0,0,0,0,0,0,0,0,0
438,0,0,0,0,0,0,0,0,0
439,0,0,0,0,0,0,0,0,0
440,0,0,0,0,0,0,0,0,0
441,0,0,0,0,0,0,0,0,0
442,0,0,0,0,0,0,0,0,0
443,0,0,0,0,0,0,0,0,0
444,0,0,0,0,0,0,0,0,0
445,0,0,0,0,0,0,0,0,0
446,0,0,0,0,0,0,0,0,0
447,0,0,0,0,0,0,0,0,0
448,0,0,0,0,0,0,0,0,0
449,0,0,0,0,0,0,0,0,0
450,0,0,0,0,0,0,0,0,0
451,0,0,0,0,0,0,0,0,0
452,0,0,0,0,0,0,0,0,0
453,0,0,0,0,0,0,0,0,0
454,0,0,0,0,0,0,0,0,0
455,0,0,0,0,0,0,0,0,0
456,0,0,0,0,0,0,0,0,0
457,0,0,0,0,0,0,0,0,0
458,0,0,0,0,0,0,0,0,0
459,0,0,0,0,0,0,0,0,0
460,0,0,0,0,0,0,0,0,0
461,0,0,0,0,0,0,0,0,0
462,0,0,0,0,0,0,0,0,0
463,0,0,0,0,0,0,0,0,0
464,0,0,0,0,0,0,0,0,0
465,0,0,0,0,0,0,0,0,0
466,0,0,0,0,0,0,0,0,0
467,0,0,0,0,0,0,0,0,0
468,0,0,0,0,0,0,0,0,0
469,0,0,0,0,0,0,0,0,0
470,0,0,0,0,0,0,0,0,0
471,0,0,0,0,0,0,0,0,0
472,0,0,0,0,0,0,0,0,0
473,0,0,0,0,0,0,0,0,0
474,0,0,0,0,0,0,0,0,0
475,0,0,0,0,0,0,0,0,0
476,0,0,0,0,0,0,0,0,0
477,0,0,0,0,0,0,0,0,0
478,0,0,0,0,0,0,0,0,0
479,0,0,0,0,0,0,0,0,0
480,0,0,0,0,0,0,0,0,0
481,0,0,0,0,0,0,0,0,0
482,0,0,0,0,0,0,0,0,0
483,0,0,0,0,0,0,0,0,0
484,0,0,0,0,0,0,0,0,0
485,0,0,0,0,0,0,0,0,0
486,0,0,0,0,0,0,0,0,0
487,0,0,0,0,0,0,0,0,0
488,0,0,0,0,0,0,0,0,0
489,0,0,0,0,0,0,0,0,0
490,0,0,0,0,0,0,0,0,0
491,0,0,0,0,0,0,0,0,0
492,0,0,0,0,0,0,0,0,0
493,0,0,0,0,0,0,0,0,0
494,0,0,0,0,0,0,0,0,0
495,0,0,0,0,0,0,0,0,0
496,0,0,0,0,0,0,0,0,0
497,0,0,0,0,0,0,0,0,0
498,0,0,0,0,0,0,0,0,0
499,0,0,0,0,0,0,0,0,0
500,0,0,0,0,0,0,0,0,0
501,0,0,0,0,0,0,0,0,0
502,0,0,0,0,0,0,0,0,0
503,0,0,0,0,0,0,0,0,0
504,0,0,0,0,0,0,0,0,0
505,0,0,0,0,0,0,0,0,0
506,0,0,0,0,0,0,0,0,0
507,0,0,0,0,0,0,0,0,0
508,0,0,0,0,0,0,0,0,0
509,0,0,0,0,0,0,0,0,0
510,0,0,0,0,0,0,0,0,0
511,0,0,0,0,0,0,0,0,0
512,0,0,0,0,0,0,0,0,0
513,0,0,0,0,0,0,0,0,0
514,0,0,0,0,0,0,0,0,0
515,0,0,0,0,0,0,0,0,0
516,0,0,0,0,0,0,0,0,0
517,0,0,0,0,0,0,0,0,0
518,0,0,0,0,0,0,0,0,0
519,0,0,0,0,0,0,0,0,0
520,0,0,0,0,0,0,0,0,0
521,0,0,0,0,0,0,0,0,0
522,0,0,0,0,0,0,0,0,0
523,0,0,0,0,0,0,0,0,0
524,0,0,0,0,0,0,0,0,0
525,0,0,0,0,0,0,0,0,0
526,0,0,0,0,0,0,0,0,0
527,0,0,0,0,0,0,0,0,0
528,0,0,0,0,0,0,0,0,0
529,0,0,0,0,0,0,0,0,0
530,0,0,0,0,0,0,0,0,0
531,0,0,0,0,0,0,0,0,0
532,0,0,0,0,0,0,0,0,0
533,0,0,0,0,0,0,0,0,0
534,0,0,0,0,0,0,0,0,0
535,0,0,0,0,0,0,0,0,0
536,0,0,0,0,0,0,0,0,0
537,0,0,0,0,0,0,0,0,0
538,0,0,0,0,0,0,0,0,0
539,0,0,0,0,0,0,0,0,0
540,0,0,0,0,0,0,0,0,0
541,0,0,0,0,0,0,0,0,0
542,0,0,0,0,0,0,0,0,0
543,0,0,0,0,0,0,0,0,0
544,0,0,0,0,0,0,0,0,0
545,0,0,0,0,0,0,0,0,0
546,0,0,0,0,0,0,0,0,0
547,0,0,0,0,0,0,0,0,0
548,0,0,0,0,0,0,0,0,0
549,0,0,0,0,0,0,0,0,0
550,0,0,0,0,0,0,0,0,0
551,0,0,0,0,0,0,0,0,0
552,0,0,0,0,0,0,0,0,0
553,0,0,0,0,0,0,0,0,0
554,0,0,0,0,0,0,0,0,0
555,0,0,0,0,0,0,0,0,0
556,0,0,0,0,0,0,0,0,0
557,0,0,0,0,0,0,0,0,0
558,0,0,0,0,0,0,0,0,0
559,0,0,0,0,0,0,0,0,0
560,0,0,0,0,0,0,0,0,0
561,0,0,0,0,0,0,0,0,0
562,0,0,0,0,0,0,0,0,0
563,0,0,0,0,0,0,0,0,0
564,0,0,0,0,0,0,0,0,0
565,0,0,0,0,0,0,0,0,0
566,0,0,0,0,0,0,0,0,0
567,0,0,0,0,0,0,0,0,0
568,0,0,0,0,0,0,0,0,0
569,0,0,0,0,0,0,0,0,0
570,0,0,0,0,0,0,0,0,0
571,0,0,0,0,0,0,0,0,0
572,0,0,0,0,0,0,0,0,0
573,0,0,0,0,0,0,0,0,0
574,0,0,0,0,0,0,0,0,0
575,0,0,0,0,0,0,0,0,0
576,0,0,0,0,0,0,0,0,0
577,0,0,0,0,0,0,0,0,0
578,0,0,0,0,0,0,0,0,0
579,0,0,0,0,0,0,0,0,0
580,0,0,0,0,0,0,0,0,0
581,0,0,0,0,0,0,0,0,0
582,0,0,0,0,0,0,0,0,0
583,0,0,0,0,0,0,0,0,0
584,0,0,0,0,0,0,0,0,0
585,0,0,0,0,0,0,0,0,0
586,0,0,0,0,0,0,0,0,0
587,0,0,0,0,0,0,0,0,0
588,0,0,0,0,0,0,0,0,0
589,0,0,0,0,0,0,0,0,0
590,0,0,0,0,0,0,0,0,0
591,0,0,0,0,0,0,0,0,0
592,0,0,0,0,0,0,0,0,0
593,0,0,0,0,0,0,0,0,0
594,0,0,0,0,0,0,0,0,0
595,0,0,0,0,0,0,0,0,0
596,0,0,0,0,0,0,0,0,0
597,0,0,0,0,0,0,0,0,0
598,0,0,0,0,0,0,0,0,0
599,0,0,0,0,0,0,0,0,0
600,0,0,0,0,0,0,0,0,0
601,0,0,0,0,0,0,0,0,0
602,0,0,0,0,0,0,0,0,0
603,0,0,0,0,0,0,0,0,0
604,0,0,0,0,0,0,0,0,0
605,0,0,0,0,0,0,0,0,0
606,0,0,0,0,0,0,0,0,0
607,0,0,0,0,0,0,0,0,0
608,0,0,0,0,0,0,0,0,0
609,0,0,0,0,0,0,0,0,0
610,0,0,0,0,0,0,0,0,0
611,0,0,0,0,0,0,0,0,0
612,0,0,0,0,0,0,0,0,0
613,0,0,0,0,0,0,0,0,0
614,0,0,0,0,0,0,0,0,0
615,0,0,0,0,0,0,0,0,0
616,0,0,0,0,0,0,0,0,0
617,0,0,0,0,0,0,0,0,0
618,0,0,0,0,0,0,0,0,0
619,0,0,0,0,0,0,0,0,0
620,0,0,0,0,0,0,0,0,0
621,0,0,0,0,0,0,0,0,0
622,0,0,0,0,0,0,0,0,0
623,0,0,0,0,0,0,0,0,0
624,0,0,0,0,0,0,0,0,0
625,0,0,0,0,0,0,0,0,0
626,0,0,0,0,0,0,0,0,0
627,0,0,0,0,0,0,0,0,0
628,0,0,0,0,0,0,0,0,0
629,0,0,0,0,0,0,0,0,0
630,0,0,0,0,0,0,0,0,0
631,0,0,0,0,0,0,0,0,0
632,0,0,0,0,0,0,0,0,0
633,0,0,0,0,0,0,0,0,0
634,0,0,0,0,0,0,0,0,0
635,0,0,0,0,0,0,0,0,0
636,0,0,0,0,0,0,0,0,0
637,0,0,0,0,0,0,0,0,0
638,0,0,0,0,0,0,0,0,0
639,0,0,0,0,0,0,0,0,0
640,0,0,0,0,0,0,0,0,0
641,0,0,0,0,0,0,0,0,0
642,0,0,0,0,0,0,0,0,0
643,0,0,0,0,0,0,0,0,0
644,0,0,0,0,0,0,0,0,0
645,0,0,0,0,0,0,0,0,0
646,0,0,0,0,0,0,0,0,0
647,0,0,0,0,0,0,0,0,0
648,0,0,0,0,0,0,0,0,0
649,0,0,0,0,0,0,0,0,0
650,0,0,0,0,0,0,0,0,0
651,0,0,0,0,0,0,0,0,0
652,0,0,0,0,0,0,0,0,0
653,0,0,0,0,0,0,0,0,0
654,0,0,0,0,0,0,0,0,0
655,0,0,0,0,0,0,0,0,0
656,0,0,0,0,0,0,0,0,0
657,0,0,0,0,0,0,0,0,0
658,0,0,0,0,0,0,0,0,0
659,0,0,0,0,0,0,0,0,0
660,0,0,0,0,0,0,0,0,0
661,0,0,0,0,0,0,0,0,0
662,0,0,0,0,0,0,0,0,0
663,0,0,0,0,0,0,0,0,0
664,0,0,0,0,0,0,0,0,0
665,0,0,0,0,0,0,0,0,0
666,0,0,0,0,0,0,0,0,0
667,0,0,0,0,0,0,0,0,0
668,0,0,0,0,0,0,0,0,0
669,0,0,0,0,0,0,0,0,0
670,0,0,0,0,0,0,0,0,0
671,0,0,0,0,0,0,0,0,0
672,0,0,0,0,0,0,0,0,0
673,0,0,0,0,0,0,0,0,0
674,0,0,0,0,0,0,0,0,0
675,0,0,0,0,0,0,0,0,0
676,0,0,0,0,0,0,0,0,0
677,0,0,0,0,0,0,0,0,0
678,0,0,0,0,0,0,0,0,0
679,0,0,0,0,0,0,0,0,0
680,0,0,0,0,0,0,0,0,0
681,0,0,0,0,0,0,0,0,0
682,0,0,0,0,0,0,0,0,0
683,0,0,0,0,0,0,0,0,0
684,0,0,0,0,0,0,0,0,0
685,0,0,0,0,0,0,0,0,0
686,0,0,0,0,0,0,0,0,0
687,0,0,0,0,0,0,0,0,0
688,0,0,0,0,0,0,0,0,0
689,0,0,0,0,0,0,0,0,0
690,0,0,0,0,0,0,0,0,0
691,0,0,0,0,0,0,0,0,0
692,0,0,0,0,0,0,0,0,0
693,0,0,0,0,0,0,0,0,0
694,0,0,0,0,0,0,0,0,0
695,0,0,0,0,0,0,0,0,0
696,0,0,0,0,0,0,0,0,0
697,0,0,0,0,0,0,0,0,0
698,0,0,0,0,0,0,0,0,0
699,0,0,0,0,0,0,0,0,0
700,0,0,0,0,0,0,0,0,0
701,0,0,0,0,0,0,0,0,0
702,0,0,0,0,0,0,0,0,0
703,0,0,0,0,0,0,0,0,0
704,0,0,0,0,0,0,0,0,0
705,0,0,0,0,0,0,0,0,0
706,0,0,0,0,0,0,0,0,0
707,0,0,0,0,0,0,0,0,0
708,0,0,0,0,0,0,0,0,0
709,0,0,0,0,0,0,0,0,0
710,0,0,0,0,0,0,0,0,0
711,0,0,0,0,0,0,0,0,0
712,0,0,0,0,0,0,0,0,0
713,0,0,0,0,0,0,0,0,0
714,0,0,0,0,0,0,0,0,0
715,0,0,0,0,0,0,0,0,0
716,0,0,0,0,0,0,0,0,0
717,0,0,0,0,0,0,0,0,0
718,0,0,0,0,0,0,0,0,0
719,0,0,0,0,0,0,0,0,0
720,0,0,0,0,0,0,0,0,0
721,0,0,0,0,0,0,0,0,0
722,0,0,0,0,0,0,0,0,0
723,0,0,0,0,0,0,0,0,0
724,0,0,0,0,0,0,0,0,0
725,0,0,0,0,0,0,0,0,0
726,0,0,0,0,0,0,0,0,0
727,0,0,0,0,0,0,0,0,0
728,0,0,0,0,0,0,0,0,0
729,0,0,0,0,0,0,0,0,0
730,0,0,0,0,0,0,0,0,0
731,0,0,0,0,0,0,0,0,0
732,0,0,0,0,0,0,0,0,0
733,0,0,0,0,0,0,0,0,0
734,0,0,0,0,0,0,0,0,0
735,0,0,0,0,0,0,0,0,0
736,0,0,0,0,0,0,0,0,0
737,0,0,0,0,0,0,0,0,0
738,0,0,0,0,0,0,0,0,0
739,0,0,0,0,0,0,0,0,0
740,0,0,0,0,0,0,0,0,0
741,0,0,0,0,0,0,0,0,0
742,0,0,0,0,0,0,0,0,0
743,0,0,0,0,0,0,0,0,0
744,0,0,0,0,0,0,0,0,0
745,0,0,0,0,0,0,0,0,0
746,0,0,0,0,0,0,0,0,0
747,0,0,0,0,0,0,0,0,0
748,0,0,0,0,0,0,0,0,0
749,0,0,0,0,0,0,0,0,0
750,0,0,0,0,0,0,0,0,0
0,194,7257,201425,4077983,57373546,517292847,2626655236,5935079656,3356972874
1,117,3552,76111,1185569,12855057,89512896,351791290,616610242,271158264
2,75,1975,33706,419601,3648166,20397398,64434790,90760243,32063295
3,29,759,11188,117991,869050,4133343,11142742,13448504,4087607
4,18,468,6342,59464,388487,1639744,3922979,4203213,1134292
5,9,263,3160,25766,148013,547908,1152904,1088282,260169
6,7,177,1832,11991,57432,175033,302986,232582,44304
7,7,137,1250,7412,31696,87821,138640,97537,17093
8,7,118,1078,6135,25382,67871,104366,71625,12397
9,5,60,529,2841,11268,28523,41224,27062,4542
10,5,52,391,1969,7113,16026,20560,11543,1581
11,5,47,333,1551,5029,9843,11119,5607,676
12,5,41,283,1299,4110,8030,9016,4528,540
13,4,36,215,934,2911,5456,5858,2803,312
14,4,34,185,760,2214,3932,4038,1809,198
15,4,34,165,627,1719,2758,2582,905,87
16,4,32,145,518,1374,2271,2117,737,72
17,4,28,109,325,830,1198,1020,293,26
18,4,28,108,319,809,1142,952,264,21
19,4,14,69,161,383,533,377,87,5
20,3,14,62,146,335,444,331,77,5
21,3,14,62,146,335,444,331,77,5
22,2,12,41,107,183,226,137,33,2
23,2,12,36,101,158,188,108,28,2
24,2,11,27,64,83,109,47,9,0
25,2,9,22,47,56,64,28,7,0
26,2,9,19,39,47,55,22,6,0
27,2,8,16,31,34,39,15,6,0
28,1,2,9,14,11,6,6,1,0
29,1,2,9,14,11,6,6,1,0
30,1,1,8,11,8,6,6,1,0
31,1,1,6,4,1,2,1,0,0
32,1,1,6,4,1,2,1,0,0
33,1,1,6,4,1,2,1,0,0
34,1,1,6,4,1,2,1,0,0
35,1,1,6,4,1,2,1,0,0
36,1,0,2,0,0,1,1,0,0
37,1,0,2,0,0,1,0,0,0
38,1,0,2,0,0,1,0,0,0
39,1,0,2,0,0,1,0,0,0
40,1,0,2,0,0,1,0,0,0
41,1,0,2,0,0,1,0,0,0
42,1,0,1,0,0,1,0,0,0
43,1,0,1,0,0,1,0,0,0
44,1,0,1,0,0,1,0,0,0
45,1,0,1,0,0,1,0,0,0
46,1,0,1,0,0,0,0,0,0
47,1,0,1,0,0,0,0,0,0
48,0,0,1,0,0,0,0,0,0
49,0,0,0,0,0,0,0,0,0
50,0,0,0,0,0,0,0,0,0
51,0,0,0,0,0,0,0,0,0
52,0,0,0,0,0,0,0,0,0
53,0,0,0,0,0,0,0,0,0
54,0,0,0,0,0,0,0,0,0
55,0,0,0,0,0,0,0,0,0
56,0,0,0,0,0,0,0,0,0
57,0,0,0,0,0,0,0,0,0
58,0,0,0,0,0,0,0,0,0
59,0,0,0,0,0,0,0,0,0
60,0,0,0,0,0,0,0,0,0
61,0,0,0,0,0,0,0,0,0
62,0,0,0,0,0,0,0,0,0
63,0,0,0,0,0,0,0,0,0
64,0,0,0,0,0,0,0,0,0
65,0,0,0,0,0,0,0,0,0
66,0,0,0,0,0,0,0,0,0
67,0,0,0,0,0,0,0,0,0
68,0,0,0,0,0,0,0,0,0
69,0,0,0,0,0,0,0,0,0
70,0,0,0,0,0,0,0,0,0
71,0,0,0,0,0,0,0,0,0
72,0,0,0,0,0,0,0,0,0
73,0,0,0,0,0,0,0,0,0
74,0,0,0,0,0,0,0,0,0
75,0,0,0,0,0,0,0,0,0
76,0,0,0,0,0,0,0,0,0
77,0,0,0,0,0,0,0,0,0
78,0,0,0,0,0,0,0,0,0
79,0,0,0,0,0,0,0,0,0
80,0,0,0,0,0,0,0,0,0
81,0,0,0,0,0,0,0,0,0
82,0,0,0,0,0,0,0,0,0
83,0,0,0,0,0,0,0,0,0
84,0,0,0,0,0,0,0,0,0
85,0,0,0,0,0,0,0,0,0
86,0,0,0,0,0,0,0,0,0
87,0,0,0,0,0,0,0,0,0
88,0,0,0,0,0,0,0,0,0
89,0,0,0,0,0,0,0,0,0
90,0,0,0,0,0,0,0,0,0
91,0,0,0,0,0,0,0,0,0
92,0,0,0,0,0,0,0,0,0
93,0,0,0,0,0,0,0,0,0
94,0,0,0,0,0,0,0,0,0
95,0,0,0,0,0,0,0,0,0
96,0,0,0,0,0,0,0,0,0
97,0,0,0,0,0,0,0,0,0
98,0,0,0,0,0,0,0,0,0
99,0,0,0,0,0,0,0,0,0
100,0,0,0,0,0,0,0,0,0
101,0,0,0,0,0,0,0,0,0
102,0,0,0,0,0,0,0,0,0
103,0,0,0,0,0,0,0,0,0
104,0,0,0,0,0,0,0,0,0
105,0,0,0,0,0,0,0,0,0
106,0,0,0,0,0,0,0,0,0
107,0,0,0,0,0,0,0,0,0
108,0,0,0,0,0,0,0,0,0
109,0,0,0,0,0,0,0,0,0
110,0,0,0,0,0,0,0,0,0
111,0,0,0,0,0,0,0,0,0
112,0,0,0,0,0,0,0,0,0
113,0,0,0,0,0,0,0,0,0
114,0,0,0,0,0,0,0,0,0
115,0,0,0,0,0,0,0,0,0
116,0,0,0,0,0,0,0,0,0
117,0,0,0,0,0,0,0,0,0
118,0,0,0,0,0,0,0,0,0
119,0,0,0,0,0,0,0,0,0
120,0,0,0,0,0,0,0,0,0
121,0,0,0,0,0,0,0,0,0
122,0,0,0,0,0,0,0,0,0
123,0,0,0,0,0,0,0,0,0
124,0,0,0,0,0,0,0,0,0
125,0,0,0,0,0,0,0,0,0
126,0,0,0,0,0,0,0,0,0
127,0,0,0,0,0,0,0,0,0
128,0,0,0,0,0,0,0,0,0
129,0,0,0,0,0,0,0,0,0
130,0,0,0,0,0,0,0,0,0
131,0,0,0,0,0,0,0,0,0
132,0,0,0,0,0,0,0,0,0
133,0,0,0,0,0,0,0,0,0
134,0,0,0,0,0,0,0,0,0
135,0,0,0,0,0,0,0,0,0
136,0,0,0,0,0,0,0,0,0
137,0,0,0,0,0,0,0,0,0
138,0,0,0,0,0,0,0,0,0
139,0,0,0,0,0,0,0,0,0
140,0,0,0,0,0,0,0,0,0
141,0,0,0,0,0,0,0,0,0
142,0,0,0,0,0,0,0,0,0
143,0,0,0,0,0,0,0,0,0
144,0,0,0,0,0,0,0,0,0
145,0,0,0,0,0,0,0,0,0
146,0,0,0,0,0,0,0,0,0
147,0,0,0,0,0,0,0,0,0
148,0,0,0,0,0,0,0,0,0
149,0,0,0,0,0,0,0,0,0
150,0,0,0,0,0,0,0,0,0
151,0,0,0,0,0,0,0,0,0
152,0,0,0,0,0,0,0,0,0
153,0,0,0,0,0,0,0,0,0
154,0,0,0,0,0,0,0,0,0
155,0,0,0,0,0,0,0,0,0
156,0,0,0,0,0,0,0,0,0
157,0,0,0,0,0,0,0,0,0
158,0,0,0,0,0,0,0,0,0
159,0,0,0,0,0,0,0,0,0
160,0,0,0,0,0,0,0,0,0
161,0,0,0,0,0,0,0,0,0
162,0,0,0,0,0,0,0,0,0
163,0,0,0,0,0,0,0,0,0
164,0,0,0,0,0,0,0,0,0
165,0,0,0,0,0,0,0,0,0
166,0,0,0,0,0,0,0,0,0
167,0,0,0,0,0,0,0,0,0
168,0,0,0,0,0,0,0,0,0
169,0,0,0,0,0,0,0,0,0
170,0,0,0,0,0,0,0,0,0
171,0,0,0,0,0,0,0,0,0
172,0,0,0,0,0,0,0,0,0
173,0,0,0,0,0,0,0,0,0
174,0,0,0,0,0,0,0,0,0
175,0,0,0,0,0,0,0,0,0
176,0,0,0,0,0,0,0,0,0
177,0,0,0,0,0,0,0,0,0
178,0,0,0,0,0,0,0,0,0
179,0,0,0,0,0,0,0,0,0
180,0,0,0,0,0,0,0,0,0
181,0,0,0,0,0,0,0,0,0
182,0,0,0,0,0,0,0,0,0
183,0,0,0,0,0,0,0,0,0
184,0,0,0,0,0,0,0,0,0
185,0,0,0,0,0,0,0,0,0
186,0,0,0,0,0,0,0,0,0
187,0,0,0,0,0,0,0,0,0
188,0,0,0,0,0,0,0,0,0
189,0,0,0,0,0,0,0,0,0
190,0,0,0,0,0,0,0,0,0
191,0,0,0,0,0,0,0,0,0
192,0,0,0,0,0,0,0,0,0
193,0,0,0,0,0,0,0,0,0
194,0,0,0,0,0,0,0,0,0
195,0,0,0,0,0,0,0,0,0
196,0,0,0,0,0,0,0,0,0
197,0,0,0,0,0,0,0,0,0
198,0,0,0,0,0,0,0,0,0
199,0,0,0,0,0,0,0,0,0
200,0,0,0,0,0,0,0,0,0
201,0,0,0,0,0,0,0,0,0
202,0,0,0,0,0,0,0,0,0
203,0,0,0,0,0,0,0,0,0
204,0,0,0,0,0,0,0,0,0
205,0,0,0,0,0,0,0,0,0
206,0,0,0,0,0,0,0,0,0
207,0,0,0,0,0,0,0,0,0
208,0,0,0,0,0,0,0,0,0
209,0,0,0,0,0,0,0,0,0
210,0,0,0,0,0,0,0,0,0
211,0,0,0,0,0,0,0,0,0
212,0,0,0,0,0,0,0,0,0
213,0,0,0,0,0,0,0,0,0
214,0,0,0,0,0,0,0,0,0
215,0,0,0,0,0,0,0,0,0
216,0,0,0,0,0,0,0,0,0
217,0,0,0,0,0,0,0,0,0
218,0,0,0,0,0,0,0,0,0
219,0,0,0,0,0,0,0,0,0
220,0,0,0,0,0,0,0,0,0
221,0,0,0,0,0,0,0,0,0
222,0,0,0,0,0,0,0,0,0
223,0,0,0,0,0,0,0,0,0
224,0,0,0,0,0,0,0,0,0
225,0,0,0,0,0,0,0,0,0
226,0,0,0,0,0,0,0,0,0
227,0,0,0,0,0,0,0,0,0
228,0,0,0,0,0,0,0,0,0
229,0,0,0,0,0,0,0,0,0
230,0,0,0,0,0,0,0,0,0
231,0,0,0,0,0,0,0,0,0
232,0,0,0,0,0,0,0,0,0
233,0,0,0,0,0,0,0,0,0
234,0,0,0,0,0,0,0,0,0
235,0,0,0,0,0,0,0,0,0
236,0,0,0,0,0,0,0,0,0
237,0,0,0,0,0,0,0,0,0
238,0,0,0,0,0,0,0,0,0
239,0,0,0,0,0,0,0,0,0
240,0,0,0,0,0,0,0,0,0
241,0,0,0,0,0,0,0,0,0
242,0,0,0,0,0,0,0,0,0
243,0,0,0,0,0,0,0,0,0
244,0,0,0,0,0,0,0,0,0
245,0,0,0,0,0,0,0,0,0
246,0,0,0,0,0,0,0,0,0
247,0,0,0,0,0,0,0,0,0
248,0,0,0,0,0,0,0,0,0
249,0,0,0,0,0,0,0,0,0
250,0,0,0,0,0,0,0,0,0
251,0,0,0,0,0,0,0,0,0
252,0,0,0,0,0,0,0,0,0
253,0,0,0,0,0,0,0,0,0
254,0,0,0,0,0,0,0,0,0
255,0,0,0,0,0,0,0,0,0
256,0,0,0,0,0,0,0,0,0
257,0,0,0,0,0,0,0,0,0
258,0,0,0,0,0,0,0,0,0
259,0,0,0,0,0,0,0,0,0
260,0,0,0,0,0,0,0,0,0
261,0,0,0,0,0,0,0,0,0
262,0,0,0,0,0,0,0,0,0
263,0,0,0,0,0,0,0,0,0
264,0,0,0,0,0,0,0,0,0
265,0,0,0,0,0,0,0,0,0
266,0,0,0,0,0,0,0,0,0
267,0,0,0,0,0,0,0,0,0
268,0,0,0,0,0,0,0,0,0
269,0,0,0,0,0,0,0,0,0
270,0,0,0,0,0,0,0,0,0
271,0,0,0,0,0,0,0,0,0
272,0,0,0,0,0,0,0,0,0
273,0,0,0,0,0,0,0,0,0
274,0,0,0,0,0,0,0,0,0
275,0,0,0,0,0,0,0,0,0
276,0,0,0,0,0,0,0,0,0
277,0,0,0,0,0,0,0,0,0
278,0,0,0,0,0,0,0,0,0
279,0,0,0,0,0,0,0,0,0
280,0,0,0,0,0,0,0,0,0
281,0,0,0,0,0,0,0,0,0
282,0,0,0,0,0,0,0,0,0
283,0,0,0,0,0,0,0,0,0
284,0,0,0,0,0,0,0,0,0
285,0,0,0,0,0,0,0,0,0
286,0,0,0,0,0,0,0,0,0
287,0,0,0,0,0,0,0,0,0
288,0,0,0,0,0,0,0,0,0
289,0,0,0,0,0,0,0,0,0
290,0,0,0,0,0,0,0,0,0
291,0,0,0,0,0,0,0,0,0
292,0,0,0,0,0,0,0,0,0
293,0,0,0,0,0,0,0,0,0
294,0,0,0,0,0,0,0,0,0
295,0,0,0,0,0,0,0,0,0
296,0,0,0,0,0,0,0,0,0
297,0,0,0,0,0,0,0,0,0
298,0,0,0,0,0,0,0,0,0
299,0,0,0,0,0,0,0,0,0
300,0,0,0,0,0,0,0,0,0
301,0,0,0,0,0,0,0,0,0
302,0,0,0,0,0,0,0,0,0
303,0,0,0,0,0,0,0,0,0
304,0,0,0,0,0,0,0,0,0
305,0,0,0,0,0,0,0,0,0
306,0,0,0,0,0,0,0,0,0
307,0,0,0,0,0,0,0,0,0
308,0,0,0,0,0,0,0,0,0
309,0,0,0,0,0,0,0,0,0
310,0,0,0,0,0,0,0,0,0
311,0,0,0,0,0,0,0,0,0
312,0,0,0,0,0,0,0,0,0
313,0,0,0,0,0,0,0,0,0
314,0,0,0,0,0,0,0,0,0
315,0,0,0,0,0,0,0,0,0
316,0,0,0,0,0,0,0,0,0
317,0,0,0,0,0,0,0,0,0
318,0,0,0,0,0,0,0,0,0
319,0,0,0,0,0,0,0,0,0
320,0,0,0,0,0,0,0,0,0
321,0,0,0,0,0,0,0,0,0
322,0,0,0,0,0,0,0,0,0
323,0,0,0,0,0,0,0,0,0
324,0,0,0,0,0,0,0,0,0
325,0,0,0,0,0,0,0,0,0
326,0,0,0,0,0,0,0,0,0
327,0,0,0,0,0,0,0,0,0
328,0,0,0,0,0,0,0,0,0
329,0,0,0,0,0,0,0,0,0
330,0,0,0,0,0,0,0,0,0
331,0,0,0,0,0,0,0,0,0
332,0,0,0,0,0,0,0,0,0
333,0,0,0,0,0,0,0,0,0
334,0,0,0,0,0,0,0,0,0
335,0,0,0,0,0,0,0,0,0
336,0,0,0,0,0,0,0,0,0
337,0,0,0,0,0,0,0,0,0
338,0,0,0,0,0,0,0,0,0
339,0,0,0,0,0,0,0,0,0
340,0,0,0,0,0,0,0,0,0
341,0,0,0,0,0,0,0,0,0
342,0,0,0,0,0,0,0,0,0
343,0,0,0,0,0,0,0,0,0
344,0,0,0,0,0,0,0,0,0
345,0,0,0,0,0,0,0,0,0
346,0,0,0,0,0,0,0,0,0
347,0,0,0,0,0,0,0,0,0
348,0,0,0,0,0,0,0,0,0
349,0,0,0,0,0,0,0,0,0
350,0,0,0,0,0,0,0,0,0
351,0,0,0,0,0,0,0,0,0
352,0,0,0,0,0,0,0,0,0
353,0,0,0,0,0,0,0,0,0
354,0,0,0,0,0,0,0,0,0
355,0,0,0,0,0,0,0,0,0
356,0,0,0,0,0,0,0,0,0
357,0,0,0,0,0,0,0,0,0
358,0,0,0,0,0,0,0,0,0
359,0,0,0,0,0,0,0,0,0
360,0,0,0,0,0,0,0,0,0
361,0,0,0,0,0,0,0,0,0
362,0,0,0,0,0,0,0,0,0
363,0,0,0,0,0,0,0,0,0
364,0,0,0,0,0,0,0,0,0
365,0,0,0,0,0,0,0,0,0
366,0,0,0,0,0,0,0,0,0
367,0,0,0,0,0,0,0,0,0
368,0,0,0,0,0,0,0,0,0
369,0,0,0,0,0,0,0,0,0
370,0,0,0,0,0,0,0,0,0
371,0,0,0,0,0,0,0,0,0
372,0,0,0,0,0,0,0,0,0
373,0,0,0,0,0,0,0,0,0
374,0,0,0,0,0,0,0,0,0
375,0,0,0,0,0,0,0,0,0
376,0,0,0,0,0,0,0,0,0
377,0,0,0,0,0,0,0,0,0
378,0,0,0,0,0,0,0,0,0
379,0,0,0,0,0,0,0,0,0
380,0,0,0,0,0,0,0,0,0
381,0,0,0,0,0,0,0,0,0
382,0,0,0,0,0,0,0,0,0
383,0,0,0,0,0,0,0,0,0
384,0,0,0,0,0,0,0,0,0
385,0,0,0,0,0,0,0,0,0
386,0,0,0,0,0,0,0,0,0
387,0,0,0,0,0,0,0,0,0
388,0,0,0,0,0,0,0,0,0
389,0,0,0,0,0,0,0,0,0
390,0,0,0,0,0,0,0,0,0
391,0,0,0,0,0,0,0,0,0
392,0,0,0,0,0,0,0,0,0
393,0,0,0,0,0,0,0,0,0
394,0,0,0,0,0,0,0,0,0
395,0,0,0,0,0,0,0,0,0
396,0,0,0,0,0,0,0,0,0
397,0,0,0,0,0,0,0,0,0
398,0,0,0,0,0,0,0,0,0
399,0,0,0,0,0,0,0,0,0
400,0,0,0,0,0,0,0,0,0
401,0,0,0,0,0,0,0,0,0
402,0,0,0,0,0,0,0,0,0
403,0,0,0,0,0,0,0,0,0
404,0,0,0,0,0,0,0,0,0
405,0,0,0,0,0,0,0,0,0
406,0,0,0,0,0,0,0,0,0
407,0,0,0,0,0,0,0,0,0
408,0,0,0,0,0,0,0,0,0
409,0,0,0,0,0,0,0,0,0
410,0,0,0,0,0,0,0,0,0
411,0,0,0,0,0,0,0,0,0
412,0,0,0,0,0,0,0,0,0
413,0,0,0,0,0,0,0,0,0
414,0,0,0,0,0,0,0,0,0
415,0,0,0,0,0,0,0,0,0
416,0,0,0,0,0,0,0,0,0
417,0,0,0,0,0,0,0,0,0
418,0,0,0,0,0,0,0,0,0
419,0,0,0,0,0,0,0,0,0
420,0,0,0,0,0,0,0,0,0
421,0,0,0,0,0,0,0,0,0
422,0,0,0,0,0,0,0,0,0
423,0,0,0,0,0,0,0,0,0
424,0,0,0,0,0,0,0,0,0
425,0,0,0,0,0,0,0,0,0
426,0,0,0,0,0,0,0,0,0
427,0,0,0,0,0,0,0,0,0
428,0,0,0,0,0,0,0,0,0
429,0,0,0,0,0,0,0,0,0
430,0,0,0,0,0,0,0,0,0
431,0,0,0,0,0,0,0,0,0
432,0,0,0,0,0,0,0,0,0
433,0,0,0,0,0,0,0,0,0
434,0,0,0,0,0,0,0,0,0
435,0,0,0,0,0,0,0,0,0
436,0,0,0,0,0,0,0,0,0
437,0,0,0,0,0,0,0,0,0
438,0,0,0,0,0,0,0,0,0
439,0,0,0,0,0,0,0,0,0
440,0,0,0,0,0,0,0,0,0
441,0,0,0,0,0,0,0,0,0
442,0,0,0,0,0,0,0,0,0
443,0,0,0,0,0,0,0,0,0
444,0,0,0,0,0,0,0,0,0
445,0,0,0,0,0,0,0,0,0
446,0,0,0,0,0,0,0,0,0
447,0,0,0,0,0,0,0,0,0
448,0,0,0,0,0,0,0,0,0
449,0,0,0,0,0,0,0,0,0
450,0,0,0,0,0,0,0,0,0
451,0,0,0,0,0,0,0,0,0
452,0,0,0,0,0,0,0,0,0
453,0,0,0,0,0,0,0,0,0
454,0,0,0,0,0,0,0,0,0
455,0,0,0,0,0,0,0,0,0
456,0,0,0,0,0,0,0,0,0
457,0,0,0,0,0,0,0,0,0
458,0,0,0,0,0,0,0,0,0
459,0,0,0,0,0,0,0,0,0
460,0,0,0,0,0,0,0,0,0
461,0,0,0,0,0,0,0,0,0
462,0,0,0,0,0,0,0,0,0
463,0,0,0,0,0,0,0,0,0
464,0,0,0,0,0,0,0,0,0
465,0,0,0,0,0,0,0,0,0
466,0,0,0,0,0,0,0,0,0
467,0,0,0,0,0,0,0,0,0
468,0,0,0,0,0,0,0,0,0
469,0,0,0,0,0,0,0,0,0
470,0,0,0,0,0,0,0,0,0
471,0,0,0,0,0,0,0,0,0
472,0,0,0,0,0,0,0,0,0
473,0,0,0,0,0,0,0,0,0
474,0,0,0,0,0,0,0,0,0
475,0,0,0,0,0,0,0,0,0
476,0,0,0,0,0,0,0,0,0
477,0,0,0,0,0,0,0,0,0
478,0,0,0,0,0,0,0,0,0
479,0,0,0,0,0,0,0,0,0
480,0,0,0,0,0,0,0,0,0
481,0,0,0,0,0,0,0,0,0
482,0,0,0,0,0,0,0,0,0
483,0,0,0,0,0,0,0,0,0
484,0,0,0,0,0,0,0,0,0
485,0,0,0,0,0,0,0,0,0
486,0,0,0,0,0,0,0,0,0
487,0,0,0,0,0,0,0,0,0
488,0,0,0,0,0,0,0,0,0
489,0,0,0,0,0,0,0,0,0
490,0,0,0,0,0,0,0,0,0
491,0,0,0,0,0,0,0,0,0
492,0,0,0,0,0,0,0,0,0
493,0,0,0,0,0,0,0,0,0
494,0,0,0,0,0,0,0,0,0
495,0,0,0,0,0,0,0,0,0
496,0,0,0,0,0,0,0,0,0
497,0,0,0,0,0,0,0,0,0
498,0,0,0,0,0,0,0,0,0
499,0,0,0,0,0,0,0,0,0
500,0,0,0,0,0,0,0,0,0
501,0,0,0,0,0,0,0,0,0
502,0,0,0,0,0,0,0,0,0
503,0,0,0,0,0,0,0,0,0
504,0,0,0,0,0,0,0,0,0
505,0,0,0,0,0,0,0,0,0
506,0,0,0,0,0,0,0,0,0
507,0,0,0,0,0,0,0,0,0
508,0,0,0,0,0,0,0,0,0
509,0,0,0,0,0,0,0,0,0
510,0,0,0,0,0,0,0,0,0
511,0,0,0,0,0,0,0,0,0
512,0,0,0,0,0,0,0,0,0
513,0,0,0,0,0,0,0,0,0
514,0,0,0,0,0,0,0,0,0
515,0,0,0,0,0,0,0,0,0
516,0,0,0,0,0,0,0,0,0
517,0,0,0,0,0,0,0,0,0
518,0,0,0,0,0,0,0,0,0
519,0,0,0,0,0,0,0,0,0
520,0,0,0,0,0,0,0,0,0
521,0,0,0,0,0,0,0,0,0
522,0,0,0,0,0,0,0,0,0
523,0,0,0,0,0,0,0,0,0
524,0,0,0,0,0,0,0,0,0
525,0,0,0,0,0,0,0,0,0
526,0,0,0,0,0,0,0,0,0
527,0,0,0,0,0,0,0,0,0
528,0,0,0,0,0,0,0,0,0
529,0,0,0,0,0,0,0,0,0
530,0,0,0,0,0,0,0,0,0
531,0,0,0,0,0,0,0,0,0
532,0,0,0,0,0,0,0,0,0
533,0,0,0,0,0,0,0,0,0
534,0,0,0,0,0,0,0,0,0
535,0,0,0,0,0,0,0,0,0
536,0,0,0,0,0,0,0,0,0
537,0,0,0,0,0,0,0,0,0
538,0,0,0,0,0,0,0,0,0
539,0,0,0,0,0,0,0,0,0
540,0,0,0,0,0,0,0,0,0
541,0,0,0,0,0,0,0,0,0
542,0,0,0,0,0,0,0,0,0
543,0,0,0,0,0,0,0,0,0
544,0,0,0,0,0,0,0,0,0
545,0,0,0,0,0,0,0,0,0
546,0,0,0,0,0,0,0,0,0
547,0,0,0,0,0,0,0,0,0
548,0,0,0,0,0,0,0,0,0
549,0,0,0,0,0,0,0,0,0
550,0,0,0,0,0,0,0,0,0
551,0,0,0,0,0,0,0,0,0
552,0,0,0,0,0,0,0,0,0
553,0,0,0,0,0,0,0,0,0
554,0,0,0,0,0,0,0,0,0
555,0,0,0,0,0,0,0,0,0
556,0,0,0,0,0,0,0,0,0
557,0,0,0,0,0,0,0,0,0
558,0,0,0,0,0,0,0,0,0
559,0,0,0,0,0,0,0,0,0
560,0,0,0,0,0,0,0,0,0
561,0,0,0,0,0,0,0,0,0
562,0,0,0,0,0,0,0,0,0
563,0,0,0,0,0,0,0,0,0
564,0,0,0,0,0,0,0,0,0
565,0,0,0,0,0,0,0,0,0
566,0,0,0,0,0,0,0,0,0
567,0,0,0,0,0,0,0,0,0
568,0,0,0,0,0,0,0,0,0
569,0,0,0,0,0,0,0,0,0
570,0,0,0,0,0,0,0,0,0
571,0,0,0,0,0,0,0,0,0
572,0,0,0,0,0,0,0,0,0
573,0,0,0,0,0,0,0,0,0
574,0,0,0,0,0,0,0,0,0
575,0,0,0,0,0,0,0,0,0
576,0,0,0,0,0,0,0,0,0
577,0,0,0,0,0,0,0,0,0
578,0,0,0,0,0,0,0,0,0
579,0,0,0,0,0,0,0,0,0
580,0,0,0,0,0,0,0,0,0
581,0,0,0,0,0,0,0,0,0
582,0,0,0,0,0,0,0,0,0
583,0,0,0,0,0,0,0,0,0
584,0,0,0,0,0,0,0,0,0
585,0,0,0,0,0,0,0,0,0
586,0,0,0,0,0,0,0,0,0
587,0,0,0,0,0,0,0,0,0
588,0,0,0,0,0,0,0,0,0
589,0,0,0,0,0,0,0,0,0
590,0,0,0,0,0,0,0,0,0
591,0,0,0,0,0,0,0,0,0
592,0,0,0,0,0,0,0,0,0
593,0,0,0,0,0,0,0,0,0
594,0,0,0,0,0,0,0,0,0
595,0,0,0,0,0,0,0,0,0
596,0,0,0,0,0,0,0,0,0
597,0,0,0,0,0,0,0,0,0
598,0,0,0,0,0,0,0,0,0
599,0,0,0,0,0,0,0,0,0
600,0,0,0,0,0,0,0,0,0
601,0,0,0,0,0,0,0,0,0
602,0,0,0,0,0,0,0,0,0
603,0,0,0,0,0,0,0,0,0
604,0,0,0,0,0,0,0,0,0
605,0,0,0,0,0,0,0,0,0
606,0,0,0,0,0,0,0,0,0
607,0,0,0,0,0,0,0,0,0
608,0,0,0,0,0,0,0,0,0
609,0,0,0,0,0,0,0,0,0
610,0,0,0,0,0,0,0,0,0
611,0,0,0,0,0,0,0,0,0
612,0,0,0,0,0,0,0,0,0
613,0,0,0,0,0,0,0,0,0
614,0,0,0,0,0,0,0,0,0
615,0,0,0,0,0,0,0,0,0
616,0,0,0,0,0,0,0,0,0
617,0,0,0,0,0,0,0,0,0
618,0,0,0,0,0,0,0,0,0
619,0,0,0,0,0,0,0,0,0
620,0,0,0,0,0,0,0,0,0
621,0,0,0,0,0,0,0,0,0
622,0,0,0,0,0,0,0,0,0
623,0,0,0,0,0,0,0,0,0
624,0,0,0,0,0,0,0,0,0
625,0,0,0,0,0,0,0,0,0
626,0,0,0,0,0,0,0,0,0
627,0,0,0,0,0,0,0,0,0
628,0,0,0,0,0,0,0,0,0
629,0,0,0,0,0,0,0,0,0
630,0,0,0,0,0,0,0,0,0
631,0,0,0,0,0,0,0,0,0
632,0,0,0,0,0,0,0,0,0
633,0,0,0,0,0,0,0,0,0
634,0,0,0,0,0,0,0,0,0
635,0,0,0,0,0,0,0,0,0
636,0,0,0,0,0,0,0,0,0
637,0,0,0,0,0,0,0,0,0
638,0,0,0,0,0,0,0,0,0
639,0,0,0,0,0,0,0,0,0
640,0,0,0,0,0,0,0,0,0
641,0,0,0,0,0,0,0,0,0
642,0,0,0,0,0,0,0,0,0
643,0,0,0,0,0,0,0,0,0
644,0,0,0,0,0,0,0,0,0
645,0,0,0,0,0,0,0,0,0
646,0,0,0,0,0,0,0,0,0
647,0,0,0,0,0,0,0,0,0
648,0,0,0,0,0,0,0,0,0
649,0,0,0,0,0,0,0,0,0
650,0,0,0,0,0,0,0,0,0
651,0,0,0,0,0,0,0,0,0
652,0,0,0,0,0,0,0,0,0
653,0,0,0,0,0,0,0,0,0
654,0,0,0,0,0,0,0,0,0
655,0,0,0,0,0,0,0,0,0
656,0,0,0,0,0,0,0,0,0
657,0,0,0,0,0,0,0,0,0
658,0,0,0,0,0,0,0,0,0
659,0,0,0,0,0,0,0,0,0
660,0,0,0,0,0,0,0,0,0
661,0,0,0,0,0,0,0,0,0
662,0,0,0,0,0,0,0,0,0
663,0,0,0,0,0,0,0,0,0
664,0,0,0,0,0,0,0,0,0
665,0,0,0,0,0,0,0,0,0
666,0,0,0,0,0,0,0,0,0
667,0,0,0,0,0,0,0,0,0
668,0,0,0,0,0,0,0,0,0
669,0,0,0,0,0,0,0,0,0
670,0,0,0,0,0,0,0,0,0
671,0,0,0,0,0,0,0,0,0
672,0,0,0,0,0,0,0,0,0
673,0,0,0,0,0,0,0,0,0
674,0,0,0,0,0,0,0,0,0
675,0,0,0,0,0,0,0,0,0
676,0,0,0,0,0,0,0,0,0
677,0,0,0,0,0,0,0,0,0
678,0,0,0,0,0,0,0,0,0
679,0,0,0,0,0,0,0,0,0
680,0,0,0,0,0,0,0,0,0
681,0,0,0,0,0,0,0,0,0
682,0,0,0,0,0,0,0,0,0
683,0,0,0,0,0,0,0,0,0
684,0,0,0,0,0,0,0,0,0
685,0,0,0,0,0,0,0,0,0
686,0,0,0,0,0,0,0,0,0
687,0,0,0,0,0,0,0,0,0
688,0,0,0,0,0,0,0,0,0
689,0,0,0,0,0,0,0,0,0
690,0,0,0,0,0,0,0,0,0
691,0,0,0,0,0,0,0,0,0
692,0,0,0,0,0,0,0,0,0
693,0,0,0,0,0,0,0,0,0
694,0,0,0,0,0,0,0,0,0
695,0,0,0,0,0,0,0,0,0
696,0,0,0,0,0,0,0,0,0
697,0,0,0,0,0,0,0,0,0
698,0,0,0,0,0,0,0,0,0
699,0,0,0,0,0,0,0,0,0
700,0,0,0,0,0,0,0,0,0
701,0,0,0,0,0,0,0,0,0
702,0,0,0,0,0,0,0,0,0
703,0,0,0,0,0,0,0,0,0
704,0,0,0,0,0,0,0,0,0
705,0,0,0,0,0,0,0,0,0
706,0,0,0,0,0,0,0,0,0
707,0,0,0,0,0,0,0,0,0
708,0,0,0,0,0,0,0,0,0
709,0,0,0,0,0,0,0,0,0
710,0,0,0,0,0,0,0,0,0
711,0,0,0,0,0,0,0,0,0
712,0,0,0,0,0,0,0,0,0
713,0,0,0,0,0,0,0,0,0
714,0,0,0,0,0,0,0,0,0
715,0,0,0,0,0,0,0,0,0
716,0,0,0,0,0,0,0,0,0
717,0,0,0,0,0,0,0,0,0
718,0,0,0,0,0,0,0,0,0
719,0,0,0,0,0,0,0,0,0
720,0,0,0,0,0,0,0,0,0
721,0,0,0,0,0,0,0,0,0
722,0,0,0,0,0,0,0,0,0
723,0,0,0,0,0,0,0,0,0
724,0,0,0,0,0,0,0,0,0
725,0,0,0,0,0,0,0,0,0
726,0,0,0,0,0,0,0,0,0
727,0,0,0,0,0,0,0,0,0
728,0,0,0,0,0,0,0,0,0
729,0,0,0,0,0,0,0,0,0
730,0,0,0,0,0,0,0,0,0
731,0,0,0,0,0,0,0,0,0
732,0,0,0,0,0,0,0,0,0
733,0,0,0,0,0,0,0,0,0
734,0,0,0,0,0,0,0,0,0
735,0,0,0,0,0,0,0,0,0
736,0,0,0,0,0,0,0,0,0
737,0,0,0,0,0,0,0,0,0
738,0,0,0,0,0,0,0,0,0
739,0,0,0,0,0,0,0,0,0
740,0,0,0,0,0,0,0,0,0
741,0,0,0,0,0,0,0,0,0
742,0,0,0,0,0,0,0,0,0
743,0,0,0,0,0,0,0,0,0
744,0,0,0,0,0,0,0,0,0
745,0,0,0,0,0,0,0,0,0
746,0,0,0,0,0,0,0,0,0
747,0,0,0,0,0,0,0,0,0
748,0,0,0,0,0,0,0,0,0
749,0,0,0,0,0,0,0,0,0
750,0,0,0,0,0,0,0,0,0
0,194,7257,201425,4077983,57373546,517292847,2626655236,5935079656,3356972874
1,126,3314,69404,1067567,11429334,78464435,303655538,523314095,225923476
2,57,1322,23835,319766,2989976,17913013,60508073,90937539,34194847
3,36,709,10663,118814,924866,4595010,12835386,15893551,4910650
4,20,318,4486,43976,306398,1355874,3350716,3643716,980877
5,20,270,3309,27730,169871,657383,1413258,1326751,305303
6,2,101,1036,8417,46010,159964,307307,257835,52923
7,2,101,977,7502,39014,128618,233866,185142,35764
8,2,96,848,6195,30385,93887,159302,118200,21294
9,1,31,305,2350,11495,34789,56266,39455,6692
10,1,22,208,1509,6867,18920,27349,17231,2668
11,1,17,131,875,3697,9592,12801,7360,1057
12,1,14,95,632,2523,6180,7599,4054,553
13,1,13,84,538,2054,4842,5647,2869,358
14,0,11,72,409,1409,3000,3237,1467,150
15,0,10,63,312,974,1871,1874,877,96
16,0,9,55,243,748,1336,1268,543,62
17,0,1,23,86,270,409,358,125,16
18,0,1,23,86,265,391,332,121,16
19,0,1,22,80,244,336,263,81,10
20,0,1,18,64,175,238,175,56,6
21,0,1,18,64,175,238,175,56,6
22,0,1,16,42,125,165,112,35,1
23,0,1,15,34,82,99,54,16,0
24,0,1,15,34,82,99,54,16,0
25,0,1,15,33,75,80,42,16,0
26,0,1,15,32,70,71,39,16,0
27,0,1,13,20,51,52,15,4,0
28,0,1,11,19,42,45,14,1,0
29,0,1,10,19,42,43,14,1,0
30,0,1,10,19,40,41,13,1,0
31,0,1,9,14,29,25,5,0,0
32,0,1,9,14,25,21,5,0,0
33,0,1,9,14,16,14,5,0,0
34,0,1,9,14,16,14,5,0,0
35,0,1,9,11,15,13,5,0,0
36,0,1,9,11,15,13,5,0,0
37,0,1,9,11,14,13,5,0,0
38,0,1,9,11,14,13,5,0,0
39,0,1,8,9,13,7,1,0,0
40,0,1,8,9,13,7,1,0,0
41,0,1,8,8,5,3,0,0,0
42,0,1,8,8,5,3,0,0,0
43,0,1,7,8,5,3,0,0,0
44,0,1,7,6,4,3,0,0,0
45,0,1,7,6,4,3,0,0,0
46,0,1,6,4,4,2,0,0,0
47,0,1,0,0,0,0,0,0,0
48,0,1,0,0,0,0,0,0,0
49,0,1,0,0,0,0,0,0,0
50,0,1,0,0,0,0,0,0,0
51,0,1,0,0,0,0,0,0,0
52,0,1,0,0,0,0,0,0,0
53,0,1,0,0,0,0,0,0,0
54,0,1,0,0,0,0,0,0,0
55,0,1,0,0,0,0,0,0,0
56,0,1,0,0,0,0,0,0,0
57,0,1,0,0,0,0,0,0,0
58,0,1,0,0,0,0,0,0,0
59,0,1,0,0,0,0,0,0,0
60,0,1,0,0,0,0,0,0,0
61,0,1,0,0,0,0,0,0,0
62,0,0,0,0,0,0,0,0,0
63,0,0,0,0,0,0,0,0,0
64,0,0,0,0,0,0,0,0,0
65,0,0,0,0,0,0,0,0,0
66,0,0,0,0,0,0,0,0,0
67,0,0,0,0,0,0,0,0,0
68,0,0,0,0,0,0,0,0,0
69,0,0,0,0,0,0,0,0,0
70,0,0,0,0,0,0,0,0,0
71,0,0,0,0,0,0,0,0,0
72,0,0,0,0,0,0,0,0,0
73,0,0,0,0,0,0,0,0,0
74,0,0,0,0,0,0,0,0,0
75,0,0,0,0,0,0,0,0,0
76,0,0,0,0,0,0,0,0,0
77,0,0,0,0,0,0,0,0,0
78,0,0,0,0,0,0,0,0,0
79,0,0,0,0,0,0,0,0,0
80,0,0,0,0,0,0,0,0,0
81,0,0,0,0,0,0,0,0,0
82,0,0,0,0,0,0,0,0,0
83,0,0,0,0,0,0,0,0,0
84,0,0,0,0,0,0,0,0,0
85,0,0,0,0,0,0,0,0,0
86,0,0,0,0,0,0,0,0,0
87,0,0,0,0,0,0,0,0,0
88,0,0,0,0,0,0,0,0,0
89,0,0,0,0,0,0,0,0,0
90,0,0,0,0,0,0,0,0,0
91,0,0,0,0,0,0,0,0,0
92,0,0,0,0,0,0,0,0,0
93,0,0,0,0,0,0,0,0,0
94,0,0,0,0,0,0,0,0,0
95,0,0,0,0,0,0,0,0,0
96,0,0,0,0,0,0,0,0,0
97,0,0,0,0,0,0,0,0,0
98,0,0,0,0,0,0,0,0,0
99,0,0,0,0,0,0,0,0,0
100,0,0,0,0,0,0,0,0,0
101,0,0,0,0,0,0,0,0,0
102,0,0,0,0,0,0,0,0,0
103,0,0,0,0,0,0,0,0,0
104,0,0,0,0,0,0,0,0,0
105,0,0,0,0,0,0,0,0,0
106,0,0,0,0,0,0,0,0,0
107,0,0,0,0,0,0,0,0,0
108,0,0,0,0,0,0,0,0,0
109,0,0,0,0,0,0,0,0,0
110,0,0,0,0,0,0,0,0,0
111,0,0,0,0,0,0,0,0,0
112,0,0,0,0,0,0,0,0,0
113,0,0,0,0,0,0,0,0,0
114,0,0,0,0,0,0,0,0,0
115,0,0,0,0,0,0,0,0,0
116,0,0,0,0,0,0,0,0,0
117,0,0,0,0,0,0,0,0,0
118,0,0,0,0,0,0,0,0,0
119,0,0,0,0,0,0,0,0,0
120,0,0,0,0,0,0,0,0,0
121,0,0,0,0,0,0,0,0,0
122,0,0,0,0,0,0,0,0,0
123,0,0,0,0,0,0,0,0,0
124,0,0,0,0,0,0,0,0,0
125,0,0,0,0,0,0,0,0,0
126,0,0,0,0,0,0,0,0,0
127,0,0,0,0,0,0,0,0,0
128,0,0,0,0,0,0,0,0,0
129,0,0,0,0,0,0,0,0,0
130,0,0,0,0,0,0,0,0,0
131,0,0,0,0,0,0,0,0,0
132,0,0,0,0,0,0,0,0,0
133,0,0,0,0,0,0,0,0,0
134,0,0,0,0,0,0,0,0,0
135,0,0,0,0,0,0,0,0,0
136,0,0,0,0,0,0,0,0,0
137,0,0,0,0,0,0,0,0,0
138,0,0,0,0,0,0,0,0,0
139,0,0,0,0,0,0,0,0,0
140,0,0,0,0,0,0,0,0,0
141,0,0,0,0,0,0,0,0,0
142,0,0,0,0,0,0,0,0,0
143,0,0,0,0,0,0,0,0,0
144,0,0,0,0,0,0,0,0,0
145,0,0,0,0,0,0,0,0,0
146,0,0,0,0,0,0,0,0,0
147,0,0,0,0,0,0,0,0,0
148,0,0,0,0,0,0,0,0,0
149,0,0,0,0,0,0,0,0,0
150,0,0,0,0,0,0,0,0,0
151,0,0,0,0,0,0,0,0,0
152,0,0,0,0,0,0,0,0,0
153,0,0,0,0,0,0,0,0,0
154,0,0,0,0,0,0,0,0,0
155,0,0,0,0,0,0,0,0,0
156,0,0,0,0,0,0,0,0,0
157,0,0,0,0,0,0,0,0,0
158,0,0,0,0,0,0,0,0,0
159,0,0,0,0,0,0,0,0,0
160,0,0,0,0,0,0,0,0,0
161,0,0,0,0,0,0,0,0,0
162,0,0,0,0,0,0,0,0,0
163,0,0,0,0,0,0,0,0,0
164,0,0,0,0,0,0,0,0,0
165,0,0,0,0,0,0,0,0,0
166,0,0,0,0,0,0,0,0,0
167,0,0,0,0,0,0,0,0,0
168,0,0,0,0,0,0,0,0,0
169,0,0,0,0,0,0,0,0,0
170,0,0,0,0,0,0,0,0,0
171,0,0,0,0,0,0,0,0,0
172,0,0,0,0,0,0,0,0,0
173,0,0,0,0,0,0,0,0,0
174,0,0,0,0,0,0,0,0,0
175,0,0,0,0,0,0,0,0,0
176,0,0,0,0,0,0,0,0,0
177,0,0,0,0,0,0,0,0,0
178,0,0,0,0,0,0,0,0,0
179,0,0,0,0,0,0,0,0,0
180,0,0,0,0,0,0,0,0,0
181,0,0,0,0,0,0,0,0,0
182,0,0,0,0,0,0,0,0,0
183,0,0,0,0,0,0,0,0,0
184,0,0,0,0,0,0,0,0,0
185,0,0,0,0,0,0,0,0,0
186,0,0,0,0,0,0,0,0,0
187,0,0,0,0,0,0,0,0,0
188,0,0,0,0,0,0,0,0,0
189,0,0,0,0,0,0,0,0,0
190,0,0,0,0,0,0,0,0,0
191,0,0,0,0,0,0,0,0,0
192,0,0,0,0,0,0,0,0,0
193,0,0,0,0,0,0,0,0,0
194,0,0,0,0,0,0,0,0,0
195,0,0,0,0,0,0,0,0,0
196,0,0,0,0,0,0,0,0,0
197,0,0,0,0,0,0,0,0,0
198,0,0,0,0,0,0,0,0,0
199,0,0,0,0,0,0,0,0,0
200,0,0,0,0,0,0,0,0,0
201,0,0,0,0,0,0,0,0,0
202,0,0,0,0,0,0,0,0,0
203,0,0,0,0,0,0,0,0,0
204,0,0,0,0,0,0,0,0,0
205,0,0,0,0,0,0,0,0,0
206,0,0,0,0,0,0,0,0,0
207,0,0,0,0,0,0,0,0,0
208,0,0,0,0,0,0,0,0,0
209,0,0,0,0,0,0,0,0,0
210,0,0,0,0,0,0,0,0,0
211,0,0,0,0,0,0,0,0,0
212,0,0,0,0,0,0,0,0,0
213,0,0,0,0,0,0,0,0,0
214,0,0,0,0,0,0,0,0,0
215,0,0,0,0,0,0,0,0,0
216,0,0,0,0,0,0,0,0,0
217,0,0,0,0,0,0,0,0,0
218,0,0,0,0,0,0,0,0,0
219,0,0,0,0,0,0,0,0,0
220,0,0,0,0,0,0,0,0,0
221,0,0,0,0,0,0,0,0,0
222,0,0,0,0,0,0,0,0,0
223,0,0,0,0,0,0,0,0,0
224,0,0,0,0,0,0,0,0,0
225,0,0,0,0,0,0,0,0,0
226,0,0,0,0,0,0,0,0,0
227,0,0,0,0,0,0,0,0,0
228,0,0,0,0,0,0,0,0,0
229,0,0,0,0,0,0,0,0,0
230,0,0,0,0,0,0,0,0,0
231,0,0,0,0,0,0,0,0,0
232,0,0,0,0,0,0,0,0,0
233,0,0,0,0,0,0,0,0,0
234,0,0,0,0,0,0,0,0,0
235,0,0,0,0,0,0,0,0,0
236,0,0,0,0,0,0,0,0,0
237,0,0,0,0,0,0,0,0,0
238,0,0,0,0,0,0,0,0,0
239,0,0,0,0,0,0,0,0,0
240,0,0,0,0,0,0,0,0,0
241,0,0,0,0,0,0,0,0,0
242,0,0,0,0,0,0,0,0,0
243,0,0,0,0,0,0,0,0,0
244,0,0,0,0,0,0,0,0,0
245,0,0,0,0,0,0,0,0,0
246,0,0,0,0,0,0,0,0,0
247,0,0,0,0,0,0,0,0,0
248,0,0,0,0,0,0,0,0,0
249,0,0,0,0,0,0,0,0,0
250,0,0,0,0,0,0,0,0,0
251,0,0,0,0,0,0,0,0,0
252,0,0,0,0,0,0,0,0,0
253,0,0,0,0,0,0,0,0,0
254,0,0,0,0,0,0,0,0,0
255,0,0,0,0,0,0,0,0,0
256,0,0,0,0,0,0,0,0,0
257,0,0,0,0,0,0,0,0,0
258,0,0,0,0,0,0,0,0,0
259,0,0,0,0,0,0,0,0,0
260,0,0,0,0,0,0,0,0,0
261,0,0,0,0,0,0,0,0,0
262,0,0,0,0,0,0,0,0,0
263,0,0,0,0,0,0,0,0,0
264,0,0,0,0,0,0,0,0,0
265,0,0,0,0,0,0,0,0,0
266,0,0,0,0,0,0,0,0,0
267,0,0,0,0,0,0,0,0,0
268,0,0,0,0,0,0,0,0,0
269,0,0,0,0,0,0,0,0,0
270,0,0,0,0,0,0,0,0,0
271,0,0,0,0,0,0,0,0,0
272,0,0,0,0,0,0,0,0,0
273,0,0,0,0,0,0,0,0,0
274,0,0,0,0,0,0,0,0,0
275,0,0,0,0,0,0,0,0,0
276,0,0,0,0,0,0,0,0,0
277,0,0,0,0,0,0,0,0,0
278,0,0,0,0,0,0,0,0,0
279,0,0,0,0,0,0,0,0,0
280,0,0,0,0,0,0,0,0,0
281,0,0,0,0,0,0,0,0,0
282,0,0,0,0,0,0,0,0,0
283,0,0,0,0,0,0,0,0,0
284,0,0,0,0,0,0,0,0,0
285,0,0,0,0,0,0,0,0,0
286,0,0,0,0,0,0,0,0,0
287,0,0,0,0,0,0,0,0,0
288,0,0,0,0,0,0,0,0,0
289,0,0,0,0,0,0,0,0,0
290,0,0,0,0,0,0,0,0,0
291,0,0,0,0,0,0,0,0,0
292,0,0,0,0,0,0,0,0,0
293,0,0,0,0,0,0,0,0,0
294,0,0,0,0,0,0,0,0,0
295,0,0,0,0,0,0,0,0,0
296,0,0,0,0,0,0,0,0,0
297,0,0,0,0,0,0,0,0,0
298,0,0,0,0,0,0,0,0,0
299,0,0,0,0,0,0,0,0,0
300,0,0,0,0,0,0,0,0,0
301,0,0,0,0,0,0,0,0,0
302,0,0,0,0,0,0,0,0,0
303,0,0,0,0,0,0,0,0,0
304,0,0,0,0,0,0,0,0,0
305,0,0,0,0,0,0,0,0,0
306,0,0,0,0,0,0,0,0,0
307,0,0,0,0,0,0,0,0,0
308,0,0,0,0,0,0,0,0,0
309,0,0,0,0,0,0,0,0,0
310,0,0,0,0,0,0,0,0,0
311,0,0,0,0,0,0,0,0,0
312,0,0,0,0,0,0,0,0,0
313,0,0,0,0,0,0,0,0,0
314,0,0,0,0,0,0,0,0,0
315,0,0,0,0,0,0,0,0,0
316,0,0,0,0,0,0,0,0,0
317,0,0,0,0,0,0,0,0,0
318,0,0,0,0,0,0,0,0,0
319,0,0,0,0,0,0,0,0,0
320,0,0,0,0,0,0,0,0,0
321,0,0,0,0,0,0,0,0,0
322,0,0,0,0,0,0,0,0,0
323,0,0,0,0,0,0,0,0,0
324,0,0,0,0,0,0,0,0,0
325,0,0,0,0,0,0,0,0,0
326,0,0,0,0,0,0,0,0,0
327,0,0,0,0,0,0,0,0,0
328,0,0,0,0,0,0,0,0,0
329,0,0,0,0,0,0,0,0,0
330,0,0,0,0,0,0,0,0,0
331,0,0,0,0,0,0,0,0,0
332,0,0,0,0,0,0,0,0,0
333,0,0,0,0,0,0,0,0,0
334,0,0,0,0,0,0,0,0,0
335,0,0,0,0,0,0,0,0,0
336,0,0,0,0,0,0,0,0,0
337,0,0,0,0,0,0,0,0,0
338,0,0,0,0,0,0,0,0,0
339,0,0,0,0,0,0,0,0,0
340,0,0,0,0,0,0,0,0,0
341,0,0,0,0,0,0,0,0,0
342,0,0,0,0,0,0,0,0,0
343,0,0,0,0,0,0,0,0,0
344,0,0,0,0,0,0,0,0,0
345,0,0,0,0,0,0,0,0,0
346,0,0,0,0,0,0,0,0,0
347,0,0,0,0,0,0,0,0,0
348,0,0,0,0,0,0,0,0,0
349,0,0,0,0,0,0,0,0,0
350,0,0,0,0,0,0,0,0,0
351,0,0,0,0,0,0,0,0,0
352,0,0,0,0,0,0,0,0,0
353,0,0,0,0,0,0,0,0,0
354,0,0,0,0,0,0,0,0,0
355,0,0,0,0,0,0,0,0,0
356,0,0,0,0,0,0,0,0,0
357,0,0,0,0,0,0,0,0,0
358,0,0,0,0,0,0,0,0,0
359,0,0,0,0,0,0,0,0,0
360,0,0,0,0,0,0,0,0,0
361,0,0,0,0,0,0,0,0,0
362,0,0,0,0,0,0,0,0,0
363,0,0,0,0,0,0,0,0,0
364,0,0,0,0,0,0,0,0,0
365,0,0,0,0,0,0,0,0,0
366,0,0,0,0,0,0,0,0,0
367,0,0,0,0,0,0,0,0,0
368,0,0,0,0,0,0,0,0,0
369,0,0,0,0,0,0,0,0,0
370,0,0,0,0,0,0,0,0,0
371,0,0,0,0,0,0,0,0,0
372,0,0,0,0,0,0,0,0,0
373,0,0,0,0,0,0,0,0,0
374,0,0,0,0,0,0,0,0,0
375,0,0,0,0,0,0,0,0,0
376,0,0,0,0,0,0,0,0,0
377,0,0,0,0,0,0,0,0,0
378,0,0,0,0,0,0,0,0,0
379,0,0,0,0,0,0,0,0,0
380,0,0,0,0,0,0,0,0,0
381,0,0,0,0,0,0,0,0,0
382,0,0,0,0,0,0,0,0,0
383,0,0,0,0,0,0,0,0,0
384,0,0,0,0,0,0,0,0,0
385,0,0,0,0,0,0,0,0,0
386,0,0,0,0,0,0,0,0,0
387,0,0,0,0,0,0,0,0,0
388,0,0,0,0,0,0,0,0,0
389,0,0,0,0,0,0,0,0,0
390,0,0,0,0,0,0,0,0,0
391,0,0,0,0,0,0,0,0,0
392,0,0,0,0,0,0,0,0,0
393,0,0,0,0,0,0,0,0,0
394,0,0,0,0,0,0,0,0,0
395,0,0,0,0,0,0,0,0,0
396,0,0,0,0,0,0,0,0,0
397,0,0,0,0,0,0,0,0,0
398,0,0,0,0,0,0,0,0,0
399,0,0,0,0,0,0,0,0,0
400,0,0,0,0,0,0,0,0,0
401,0,0,0,0,0,0,0,0,0
402,0,0,0,0,0,0,0,0,0
403,0,0,0,0,0,0,0,0,0
404,0,0,0,0,0,0,0,0,0
405,0,0,0,0,0,0,0,0,0
406,0,0,0,0,0,0,0,0,0
407,0,0,0,0,0,0,0,0,0
408,0,0,0,0,0,0,0,0,0
409,0,0,0,0,0,0,0,0,0
410,0,0,0,0,0,0,0,0,0
411,0,0,0,0,0,0,0,0,0
412,0,0,0,0,0,0,0,0,0
413,0,0,0,0,0,0,0,0,0
414,0,0,0,0,0,0,0,0,0
415,0,0,0,0,0,0,0,0,0
416,0,0,0,0,0,0,0,0,0
417,0,0,0,0,0,0,0,0,0
418,0,0,0,0,0,0,0,0,0
419,0,0,0,0,0,0,0,0,0
420,0,0,0,0,0,0,0,0,0
421,0,0,0,0,0,0,0,0,0
422,0,0,0,0,0,0,0,0,0
423,0,0,0,0,0,0,0,0,0
424,0,0,0,0,0,0,0,0,0
425,0,0,0,0,0,0,0,0,0
426,0,0,0,0,0,0,0,0,0
427,0,0,0,0,0,0,0,0,0
428,0,0,0,0,0,0,0,0,0
429,0,0,0,0,0,0,0,0,0
430,0,0,0,0,0,0,0,0,0
431,0,0,0,0,0,0,0,0,0
432,0,0,0,0,0,0,0,0,0
433,0,0,0,0,0,0,0,0,0
434,0,0,0,0,0,0,0,0,0
435,0,0,0,0,0,0,0,0,0
436,0,0,0,0,0,0,0,0,0
437,0,0,0,0,0,0,0,0,0
438,0,0,0,0,0,0,0,0,0
439,0,0,0,0,0,0,0,0,0
440,0,0,0,0,0,0,0,0,0
441,0,0,0,0,0,0,0,0,0
442,0,0,0,0,0,0,0,0,0
443,0,0,0,0,0,0,0,0,0
444,0,0,0,0,0,0,0,0,0
445,0,0,0,0,0,0,0,0,0
446,0,0,0,0,0,0,0,0,0
447,0,0,0,0,0,0,0,0,0
448,0,0,0,0,0,0,0,0,0
449,0,0,0,0,0,0,0,0,0
450,0,0,0,0,0,0,0,0,0
451,0,0,0,0,0,0,0,0,0
452,0,0,0,0,0,0,0,0,0
453,0,0,0,0,0,0,0,0,0
454,0,0,0,0,0,0,0,0,0
455,0,0,0,0,0,0,0,0,0
456,0,0,0,0,0,0,0,0,0
457,0,0,0,0,0,0,0,0,0
458,0,0,0,0,0,0,0,0,0
459,0,0,0,0,0,0,0,0,0
460,0,0,0,0,0,0,0,0,0
461,0,0,0,0,0,0,0,0,0
462,0,0,0,0,0,0,0,0,0
463,0,0,0,0,0,0,0,0,0
464,0,0,0,0,0,0,0,0,0
465,0,0,0,0,0,0,0,0,0
466,0,0,0,0,0,0,0,0,0
467,0,0,0,0,0,0,0,0,0
468,0,0,0,0,0,0,0,0,0
469,0,0,0,0,0,0,0,0,0
470,0,0,0,0,0,0,0,0,0
471,0,0,0,0,0,0,0,0,0
472,0,0,0,0,0,0,0,0,0
473,0,0,0,0,0,0,0,0,0
474,0,0,0,0,0,0,0,0,0
475,0,0,0,0,0,0,0,0,0
476,0,0,0,0,0,0,0,0,0
477,0,0,0,0,0,0,0,0,0
478,0,0,0,0,0,0,0,0,0
479,0,0,0,0,0,0,0,0,0
480,0,0,0,0,0,0,0,0,0
481,0,0,0,0,0,0,0,0,0
482,0,0,0,0,0,0,0,0,0
483,0,0,0,0,0,0,0,0,0
484,0,0,0,0,0,0,0,0,0
485,0,0,0,0,0,0,0,0,0
486,0,0,0,0,0,0,0,0,0
487,0,0,0,0,0,0,0,0,0
488,0,0,0,0,0,0,0,0,0
489,0,0,0,0,0,0,0,0,0
490,0,0,0,0,0,0,0,0,0
491,0,0,0,0,0,0,0,0,0
492,0,0,0,0,0,0,0,0,0
493,0,0,0,0,0,0,0,0,0
494,0,0,0,0,0,0,0,0,0
495,0,0,0,0,0,0,0,0,0
496,0,0,0,0,0,0,0,0,0
497,0,0,0,0,0,0,0,0,0
498,0,0,0,0,0,0,0,0,0
499,0,0,0,0,0,0,0,0,0
500,0,0,0,0,0,0,0,0,0
501,0,0,0,0,0,0,0,0,0
502,0,0,0,0,0,0,0,0,0
503,0,0,0,0,0,0,0,0,0
504,0,0,0,0,0,0,0,0,0
505,0,0,0,0,0,0,0,0,0
506,0,0,0,0,0,0,0,0,0
507,0,0,0,0,0,0,0,0,0
508,0,0,0,0,0,0,0,0,0
509,0,0,0,0,0,0,0,0,0
510,0,0,0,0,0,0,0,0,0
511,0,0,0,0,0,0,0,0,0
512,0,0,0,0,0,0,0,0,0
513,0,0,0,0,0,0,0,0,0
514,0,0,0,0,0,0,0,0,0
515,0,0,0,0,0,0,0,0,0
516,0,0,0,0,0,0,0,0,0
517,0,0,0,0,0,0,0,0,0
518,0,0,0,0,0,0,0,0,0
519,0,0,0,0,0,0,0,0,0
520,0,0,0,0,0,0,0,0,0
521,0,0,0,0,0,0,0,0,0
522,0,0,0,0,0,0,0,0,0
523,0,0,0,0,0,0,0,0,0
524,0,0,0,0,0,0,0,0,0
525,0,0,0,0,0,0,0,0,0
526,0,0,0,0,0,0,0,0,0
527,0,0,0,0,0,0,0,0,0
528,0,0,0,0,0,0,0,0,0
529,0,0,0,0,0,0,0,0,0
530,0,0,0,0,0,0,0,0,0
531,0,0,0,0,0,0,0,0,0
532,0,0,0,0,0,0,0,0,0
533,0,0,0,0,0,0,0,0,0
534,0,0,0,0,0,0,0,0,0
535,0,0,0,0,0,0,0,0,0
536,0,0,0,0,0,0,0,0,0
537,0,0,0,0,0,0,0,0,0
538,0,0,0,0,0,0,0,0,0
539,0,0,0,0,0,0,0,0,0
540,0,0,0,0,0,0,0,0,0
541,0,0,0,0,0,0,0,0,0
542,0,0,0,0,0,0,0,0,0
543,0,0,0,0,0,0,0,0,0
544,0,0,0,0,0,0,0,0,0
545,0,0,0,0,0,0,0,0,0
546,0,0,0,0,0,0,0,0,0
547,0,0,0,0,0,0,0,0,0
548,0,0,0,0,0,0,0,0,0
549,0,0,0,0,0,0,0,0,0
550,0,0,0,0,0,0,0,0,0
551,0,0,0,0,0,0,0,0,0
552,0,0,0,0,0,0,0,0,0
553,0,0,0,0,0,0,0,0,0
554,0,0,0,0,0,0,0,0,0
555,0,0,0,0,0,0,0,0,0
556,0,0,0,0,0,0,0,0,0
557,0,0,0,0,0,0,0,0,0
558,0,0,0,0,0,0,0,0,0
559,0,0,0,0,0,0,0,0,0
560,0,0,0,0,0,0,0,0,0
561,0,0,0,0,0,0,0,0,0
562,0,0,0,0,0,0,0,0,0
563,0,0,0,0,0,0,0,0,0
564,0,0,0,0,0,0,0,0,0
565,0,0,0,0,0,0,0,0,0
566,0,0,0,0,0,0,0,0,0
567,0,0,0,0,0,0,0,0,0
568,0,0,0,0,0,0,0,0,0
569,0,0,0,0,0,0,0,0,0
570,0,0,0,0,0,0,0,0,0
571,0,0,0,0,0,0,0,0,0
572,0,0,0,0,0,0,0,0,0
573,0,0,0,0,0,0,0,0,0
574,0,0,0,0,0,0,0,0,0
575,0,0,0,0,0,0,0,0,0
576,0,0,0,0,0,0,0,0,0
577,0,0,0,0,0,0,0,0,0
578,0,0,0,0,0,0,0,0,0
579,0,0,0,0,0,0,0,0,0
580,0,0,0,0,0,0,0,0,0
581,0,0,0,0,0,0,0,0,0
582,0,0,0,0,0,0,0,0,0
583,0,0,0,0,0,0,0,0,0
584,0,0,0,0,0,0,0,0,0
585,0,0,0,0,0,0,0,0,0
586,0,0,0,0,0,0,0,0,0
587,0,0,0,0,0,0,0,0,0
588,0,0,0,0,0,0,0,0,0
589,0,0,0,0,0,0,0,0,0
590,0,0,0,0,0,0,0,0,0
591,0,0,0,0,0,0,0,0,0
592,0,0,0,0,0,0,0,0,0
593,0,0,0,0,0,0,0,0,0
594,0,0,0,0,0,0,0,0,0
595,0,0,0,0,0,0,0,0,0
596,0,0,0,0,0,0,0,0,0
597,0,0,0,0,0,0,0,0,0
598,0,0,0,0,0,0,0,0,0
599,0,0,0,0,0,0,0,0,0
600,0,0,0,0,0,0,0,0,0
601,0,0,0,0,0,0,0,0,0
602,0,0,0,0,0,0,0,0,0
603,0,0,0,0,0,0,0,0,0
604,0,0,0,0,0,0,0,0,0
605,0,0,0,0,0,0,0,0,0
606,0,0,0,0,0,0,0,0,0
607,0,0,0,0,0,0,0,0,0
608,0,0,0,0,0,0,0,0,0
609,0,0,0,0,0,0,0,0,0
610,0,0,0,0,0,0,0,0,0
611,0,0,0,0,0,0,0,0,0
612,0,0,0,0,0,0,0,0,0
613,0,0,0,0,0,0,0,0,0
614,0,0,0,0,0,0,0,0,0
615,0,0,0,0,0,0,0,0,0
616,0,0,0,0,0,0,0,0,0
617,0,0,0,0,0,0,0,0,0
618,0,0,0,0,0,0,0,0,0
619,0,0,0,0,0,0,0,0,0
620,0,0,0,0,0,0,0,0,0
621,0,0,0,0,0,0,0,0,0
622,0,0,0,0,0,0,0,0,0
623,0,0,0,0,0,0,0,0,0
624,0,0,0,0,0,0,0,0,0
625,0,0,0,0,0,0,0,0,0
626,0,0,0,0,0,0,0,0,0
627,0,0,0,0,0,0,0,0,0
628,0,0,0,0,0,0,0,0,0
629,0,0,0,0,0,0,0,0,0
630,0,0,0,0,0,0,0,0,0
631,0,0,0,0,0,0,0,0,0
632,0,0,0,0,0,0,0,0,0
633,0,0,0,0,0,0,0,0,0
634,0,0,0,0,0,0,0,0,0
635,0,0,0,0,0,0,0,0,0
636,0,0,0,0,0,0,0,0,0
637,0,0,0,0,0,0,0,0,0
638,0,0,0,0,0,0,0,0,0
639,0,0,0,0,0,0,0,0,0
640,0,0,0,0,0,0,0,0,0
641,0,0,0,0,0,0,0,0,0
642,0,0,0,0,0,0,0,0,0
643,0,0,0,0,0,0,0,0,0
644,0,0,0,0,0,0,0,0,0
645,0,0,0,0,0,0,0,0,0
646,0,0,0,0,0,0,0,0,0
647,0,0,0,0,0,0,0,0,0
648,0,0,0,0,0,0,0,0,0
649,0,0,0,0,0,0,0,0,0
650,0,0,0,0,0,0,0,0,0
651,0,0,0,0,0,0,0,0,0
652,0,0,0,0,0,0,0,0,0
653,0,0,0,0,0,0,0,0,0
654,0,0,0,0,0,0,0,0,0
655,0,0,0,0,0,0,0,0,0
656,0,0,0,0,0,0,0,0,0
657,0,0,0,0,0,0,0,0,0
658,0,0,0,0,0,0,0,0,0
659,0,0,0,0,0,0,0,0,0
660,0,0,0,0,0,0,0,0,0
661,0,0,0,0,0,0,0,0,0
662,0,0,0,0,0,0,0,0,0
663,0,0,0,0,0,0,0,0,0
664,0,0,0,0,0,0,0,0,0
665,0,0,0,0,0,0,0,0,0
666,0,0,0,0,0,0,0,0,0
667,0,0,0,0,0,0,0,0,0
668,0,0,0,0,0,0,0,0,0
669,0,0,0,0,0,0,0,0,0
670,0,0,0,0,0,0,0,0,0
671,0,0,0,0,0,0,0,0,0
672,0,0,0,0,0,0,0,0,0
673,0,0,0,0,0,0,0,0,0
674,0,0,0,0,0,0,0,0,0
675,0,0,0,0,0,0,0,0,0
676,0,0,0,0,0,0,0,0,0
677,0,0,0,0,0,0,0,0,0
678,0,0,0,0,0,0,0,0,0
679,0,0,0,0,0,0,0,0,0
680,0,0,0,0,0,0,0,0,0
681,0,0,0,0,0,0,0,0,0
682,0,0,0,0,0,0,0,0,0
683,0,0,0,0,0,0,0,0,0
684,0,0,0,0,0,0,0,0,0
685,0,0,0,0,0,0,0,0,0
686,0,0,0,0,0,0,0,0,0
687,0,0,0,0,0,0,0,0,0
688,0,0,0,0,0,0,0,0,0
689,0,0,0,0,0,0,0,0,0
690,0,0,0,0,0,0,0,0,0
691,0,0,0,0,0,0,0,0,0
692,0,0,0,0,0,0,0,0,0
693,0,0,0,0,0,0,0,0,0
694,0,0,0,0,0,0,0,0,0
695,0,0,0,0,0,0,0,0,0
696,0,0,0,0,0,0,0,0,0
697,0,0,0,0,0,0,0,0,0
698,0,0,0,0,0,0,0,0,0
699,0,0,0,0,0,0,0,0,0
700,0,0,0,0,0,0,0,0,0
701,0,0,0,0,0,0,0,0,0
702,0,0,0,0,0,0,0,0,0
703,0,0,0,0,0,0,0,0,0
704,0,0,0,0,0,0,0,0,0
705,0,0,0,0,0,0,0,0,0
706,0,0,0,0,0,0,0,0,0
707,0,0,0,0,0,0,0,0,0
708,0,0,0,0,0,0,0,0,0
709,0,0,0,0,0,0,0,0,0
710,0,0,0,0,0,0,0,0,0
711,0,0,0,0,0,0,0,0,0
712,0,0,0,0,0,0,0,0,0
713,0,0,0,0,0,0,0,0,0
714,0,0,0,0,0,0,0,0,0
715,0,0,0,0,0,0,0,0,0
716,0,0,0,0,0,0,0,0,0
717,0,0,0,0,0,0,0,0,0
718,0,0,0,0,0,0,0,0,0
719,0,0,0,0,0,0,0,0,0
720,0,0,0,0,0,0,0,0,0
721,0,0,0,0,0,0,0,0,0
722,0,0,0,0,0,0,0,0,0
723,0,0,0,0,0,0,0,0,0
724,0,0,0,0,0,0,0,0,0
725,0,0,0,0,0,0,0,0,0
726,0,0,0,0,0,0,0,0,0
727,0,0,0,0,0,0,0,0,0
728,0,0,0,0,0,0,0,0,0
729,0,0,0,0,0,0,0,0,0
730,0,0,0,0,0,0,0,0,0
731,0,0,0,0,0,0,0,0,0
732,0,0,0,0,0,0,0,0,0
733,0,0,0,0,0,0,0,0,0
734,0,0,0,0,0,0,0,0,0
735,0,0,0,0,0,0,0,0,0
736,0,0,0,0,0,0,0,0,0
737,0,0,0,0,0,0,0,0,0
738,0,0,0,0,0,0,0,0,0
739,0,0,0,0,0,0,0,0,0
740,0,0,0,0,0,0,0,0,0
741,0,0,0,0,0,0,0,0,0
742,0,0,0,0,0,0,0,0,0
743,0,0,0,0,0,0,0,0,0
744,0,0,0,0,0,0,0,0,0
745,0,0,0,0,0,0,0,0,0
746,0,0,0,0,0,0,0,0,0
747,0,0,0,0,0,0,0,0,0
748,0,0,0,0,0,0,0,0,0
749,0,0,0,0,0,0,0,0,0
750,0,0,0,0,0,0,0,0,0
0,194,7257,201425,4077983,57373546,517292847,2626655236,5935079656,3356972874
1,112,3330,74225,1211695,13724103,99591693,407109772,740807762,337560236
2,66,1427,26358,344015,3140611,18332929,60256879,88206178,32314412
3,51,904,13522,150786,1171688,5817015,16323770,20494430,6485346
4,26,531,6429,60026,394414,1655857,3917559,4130766,1096329
5,21,384,4234,34223,198356,731066,1520117,1402421,324721
6,13,297,3010,23354,130798,462358,918465,803907,173984
7,8,141,1204,8713,46738,154474,284699,233107,47167
8,6,105,773,4989,24461,73079,123274,92402,17117
9,5,92,603,3872,18386,53750,89283,66393,12277
10,3,64,424,2541,11713,33497,54054,39107,7051
11,3,62,392,2138,9107,24235,36452,24320,3893
12,1,27,244,1129,4706,11581,16351,10634,1652
13,1,23,191,872,3412,7759,10712,6765,1041
14,1,23,152,693,2607,5796,7672,4710,713
15,1,12,81,383,1437,3111,3986,2339,349
16,1,12,59,266,840,1837,2056,1006,110
17,1,11,49,227,729,1523,1678,747,81
18,0,10,40,154,526,916,882,361,40
19,0,10,38,139,450,827,794,341,38
20,0,5,37,132,404,765,706,309,25
21,0,0,25,92,277,481,417,180,13
22,0,0,25,92,277,481,417,180,13
23,0,0,25,88,256,441,364,154,12
24,0,0,23,78,227,342,241,111,10
25,0,0,0,0,0,0,0,0,0
26,0,0,0,0,0,0,0,0,0
27,0,0,0,0,0,0,0,0,0
28,0,0,0,0,0,0,0,0,0
29,0,0,0,0,0,0,0,0,0
30,0,0,0,0,0,0,0,0,0
31,0,0,0,0,0,0,0,0,0
32,0,0,0,0,0,0,0,0,0
33,0,0,0,0,0,0,0,0,0
34,0,0,0,0,0,0,0,0,0
35,0,0,0,0,0,0,0,0,0
36,0,0,0,0,0,0,0,0,0
37,0,0,0,0,0,0,0,0,0
38,0,0,0,0,0,0,0,0,0
39,0,0,0,0,0,0,0,0,0
40,0,0,0,0,0,0,0,0,0
41,0,0,0,0,0,0,0,0,0
42,0,0,0,0,0,0,0,0,0
43,0,0,0,0,0,0,0,0,0
44,0,0,0,0,0,0,0,0,0
45,0,0,0,0,0,0,0,0,0
46,0,0,0,0,0,0,0,0,0
47,0,0,0,0,0,0,0,0,0
48,0,0,0,0,0,0,0,0,0
49,0,0,0,0,0,0,0,0,0
50,0,0,0,0,0,0,0,0,0
51,0,0,0,0,0,0,0,0,0
52,0,0,0,0,0,0,0,0,0
53,0,0,0,0,0,0,0,0,0
54,0,0,0,0,0,0,0,0,0
55,0,0,0,0,0,0,0,0,0
56,0,0,0,0,0,0,0,0,0
57,0,0,0,0,0,0,0,0,0
58,0,0,0,0,0,0,0,0,0
59,0,0,0,0,0,0,0,0,0
60,0,0,0,0,0,0,0,0,0
61,0,0,0,0,0,0,0,0,0
62,0,0,0,0,0,0,0,0,0
63,0,0,0,0,0,0,0,0,0
64,0,0,0,0,0,0,0,0,0
65,0,0,0,0,0,0,0,0,0
66,0,0,0,0,0,0,0,0,0
67,0,0,0,0,0,0,0,0,0
68,0,0,0,0,0,0,0,0,0
69,0,0,0,0,0,0,0,0,0
70,0,0,0,0,0,0,0,0,0
71,0,0,0,0,0,0,0,0,0
72,0,0,0,0,0,0,0,0,0
73,0,0,0,0,0,0,0,0,0
74,0,0,0,0,0,0,0,0,0
75,0,0,0,0,0,0,0,0,0
76,0,0,0,0,0,0,0,0,0
77,0,0,0,0,0,0,0,0,0
78,0,0,0,0,0,0,0,0,0
79,0,0,0,0,0,0,0,0,0
80,0,0,0,0,0,0,0,0,0
81,0,0,0,0,0,0,0,0,0
82,0,0,0,0,0,0,0,0,0
83,0,0,0,0,0,0,0,0,0
84,0,0,0,0,0,0,0,0,0
85,0,0,0,0,0,0,0,0,0
86,0,0,0,0,0,0,0,0,0
87,0,0,0,0,0,0,0,0,0
88,0,0,0,0,0,0,0,0,0
89,0,0,0,0,0,0,0,0,0
90,0,0,0,0,0,0,0,0,0
91,0,0,0,0,0,0,0,0,0
92,0,0,0,0,0,0,0,0,0
93,0,0,0,0,0,0,0,0,0
94,0,0,0,0,0,0,0,0,0
95,0,0,0,0,0,0,0,0,0
96,0,0,0,0,0,0,0,0,0
97,0,0,0,0,0,0,0,0,0
98,0,0,0,0,0,0,0,0,0
99,0,0,0,0,0,0,0,0,0
100,0,0,0,0,0,0,0,0,0
101,0,0,0,0,0,0,0,0,0
102,0,0,0,0,0,0,0,0,0
103,0,0,0,0,0,0,0,0,0
104,0,0,0,0,0,0,0,0,0
105,0,0,0,0,0,0,0,0,0
106,0,0,0,0,0,0,0,0,0
107,0,0,0,0,0,0,0,0,0
108,0,0,0,0,0,0,0,0,0
109,0,0,0,0,0,0,0,0,0
110,0,0,0,0,0,0,0,0,0
111,0,0,0,0,0,0,0,0,0
112,0,0,0,0,0,0,0,0,0
113,0,0,0,0,0,0,0,0,0
114,0,0,0,0,0,0,0,0,0
115,0,0,0,0,0,0,0,0,0
116,0,0,0,0,0,0,0,0,0
117,0,0,0,0,0,0,0,0,0
118,0,0,0,0,0,0,0,0,0
119,0,0,0,0,0,0,0,0,0
120,0,0,0,0,0,0,0,0,0
121,0,0,0,0,0,0,0,0,0
122,0,0,0,0,0,0,0,0,0
123,0,0,0,0,0,0,0,0,0
124,0,0,0,0,0,0,0,0,0
125,0,0,0,0,0,0,0,0,0
126,0,0,0,0,0,0,0,0,0
127,0,0,0,0,0,0,0,0,0
128,0,0,0,0,0,0,0,0,0
129,0,0,0,0,0,0,0,0,0
130,0,0,0,0,0,0,0,0,0
131,0,0,0,0,0,0,0,0,0
132,0,0,0,0,0,0,0,0,0
133,0,0,0,0,0,0,0,0,0
134,0,0,0,0,0,0,0,0,0
135,0,0,0,0,0,0,0,0,0
136,0,0,0,0,0,0,0,0,0
137,0,0,0,0,0,0,0,0,0
138,0,0,0,0,0,0,0,0,0
139,0,0,0,0,0,0,0,0,0
140,0,0,0,0,0,0,0,0,0
141,0,0,0,0,0,0,0,0,0
142,0,0,0,0,0,0,0,0,0
143,0,0,0,0,0,0,0,0,0
144,0,0,0,0,0,0,0,0,0
145,0,0,0,0,0,0,0,0,0
146,0,0,0,0,0,0,0,0,0
147,0,0,0,0,0,0,0,0,0
148,0,0,0,0,0,0,0,0,0
149,0,0,0,0,0,0,0,0,0
150,0,0,0,0,0,0,0,0,0
151,0,0,0,0,0,0,0,0,0
152,0,0,0,0,0,0,0,0,0
153,0,0,0,0,0,0,0,0,0
154,0,0,0,0,0,0,0,0,0
155,0,0,0,0,0,0,0,0,0
156,0,0,0,0,0,0,0,0,0
157,0,0,0,0,0,0,0,0,0
158,0,0,0,0,0,0,0,0,0
159,0,0,0,0,0,0,0,0,0
160,0,0,0,0,0,0,0,0,0
161,0,0,0,0,0,0,0,0,0
162,0,0,0,0,0,0,0,0,0
163,0,0,0,0,0,0,0,0,0
164,0,0,0,0,0,0,0,0,0
165,0,0,0,0,0,0,0,0,0
166,0,0,0,0,0,0,0,0,0
167,0,0,0,0,0,0,0,0,0
168,0,0,0,0,0,0,0,0,0
169,0,0,0,0,0,0,0,0,0
170,0,0,0,0,0,0,0,0,0
171,0,0,0,0,0,0,0,0,0
172,0,0,0,0,0,0,0,0,0
173,0,0,0,0,0,0,0,0,0
174,0,0,0,0,0,0,0,0,0
175,0,0,0,0,0,0,0,0,0
176,0,0,0,0,0,0,0,0,0
177,0,0,0,0,0,0,0,0,0
178,0,0,0,0,0,0,0,0,0
179,0,0,0,0,0,0,0,0,0
180,0,0,0,0,0,0,0,0,0
181,0,0,0,0,0,0,0,0,0
182,0,0,0,0,0,0,0,0,0
183,0,0,0,0,0,0,0,0,0
184,0,0,0,0,0,0,0,0,0
185,0,0,0,0,0,0,0,0,0
186,0,0,0,0,0,0,0,0,0
187,0,0,0,0,0,0,0,0,0
188,0,0,0,0,0,0,0,0,0
189,0,0,0,0,0,0,0,0,0
190,0,0,0,0,0,0,0,0,0
191,0,0,0,0,0,0,0,0,0
192,0,0,0,0,0,0,0,0,0
193,0,0,0,0,0,0,0,0,0
194,0,0,0,0,0,0,0,0,0
195,0,0,0,0,0,0,0,0,0
196,0,0,0,0,0,0,0,0,0
197,0,0,0,0,0,0,0,0,0
198,0,0,0,0,0,0,0,0,0
199,0,0,0,0,0,0,0,0,0
200,0,0,0,0,0,0,0,0,0
201,0,0,0,0,0,0,0,0,0
202,0,0,0,0,0,0,0,0,0
203,0,0,0,0,0,0,0,0,0
204,0,0,0,0,0,0,0,0,0
205,0,0,0,0,0,0,0,0,0
206,0,0,0,0,0,0,0,0,0
207,0,0,0,0,0,0,0,0,0
208,0,0,0,0,0,0,0,0,0
209,0,0,0,0,0,0,0,0,0
210,0,0,0,0,0,0,0,0,0
211,0,0,0,0,0,0,0,0,0
212,0,0,0,0,0,0,0,0,0
213,0,0,0,0,0,0,0,0,0
214,0,0,0,0,0,0,0,0,0
215,0,0,0,0,0,0,0,0,0
216,0,0,0,0,0,0,0,0,0
217,0,0,0,0,0,0,0,0,0
218,0,0,0,0,0,0,0,0,0
219,0,0,0,0,0,0,0,0,0
220,0,0,0,0,0,0,0,0,0
221,0,0,0,0,0,0,0,0,0
222,0,0,0,0,0,0,0,0,0
223,0,0,0,0,0,0,0,0,0
224,0,0,0,0,0,0,0,0,0
225,0,0,0,0,0,0,0,0,0
226,0,0,0,0,0,0,0,0,0
227,0,0,0,0,0,0,0,0,0
228,0,0,0,0,0,0,0,0,0
229,0,0,0,0,0,0,0,0,0
230,0,0,0,0,0,0,0,0,0
231,0,0,0,0,0,0,0,0,0
232,0,0,0,0,0,0,0,0,0
233,0,0,0,0,0,0,0,0,0
234,0,0,0,0,0,0,0,0,0
235,0,0,0,0,0,0,0,0,0
236,0,0,0,0,0,0,0,0,0
237,0,0,0,0,0,0,0,0,0
238,0,0,0,0,0,0,0,0,0
239,0,0,0,0,0,0,0,0,0
240,0,0,0,0,0,0,0,0,0
241,0,0,0,0,0,0,0,0,0
242,0,0,0,0,0,0,0,0,0
243,0,0,0,0,0,0,0,0,0
244,0,0,0,0,0,0,0,0,0
245,0,0,0,0,0,0,0,0,0
246,0,0,0,0,0,0,0,0,0
247,0,0,0,0,0,0,0,0,0
248,0,0,0,0,0,0,0,0,0
249,0,0,0,0,0,0,0,0,0
250,0,0,0,0,0,0,0,0,0
251,0,0,0,0,0,0,0,0,0
252,0,0,0,0,0,0,0,0,0
253,0,0,0,0,0,0,0,0,0
254,0,0,0,0,0,0,0,0,0
255,0,0,0,0,0,0,0,0,0
256,0,0,0,0,0,0,0,0,0
257,0,0,0,0,0,0,0,0,0
258,0,0,0,0,0,0,0,0,0
259,0,0,0,0,0,0,0,0,0
260,0,0,0,0,0,0,0,0,0
261,0,0,0,0,0,0,0,0,0
262,0,0,0,0,0,0,0,0,0
263,0,0,0,0,0,0,0,0,0
264,0,0,0,0,0,0,0,0,0
265,0,0,0,0,0,0,0,0,0
266,0,0,0,0,0,0,0,0,0
267,0,0,0,0,0,0,0,0,0
268,0,0,0,0,0,0,0,0,0
269,0,0,0,0,0,0,0,0,0
270,0,0,0,0,0,0,0,0,0
271,0,0,0,0,0,0,0,0,0
272,0,0,0,0,0,0,0,0,0
273,0,0,0,0,0,0,0,0,0
274,0,0,0,0,0,0,0,0,0
275,0,0,0,0,0,0,0,0,0
276,0,0,0,0,0,0,0,0,0
277,0,0,0,0,0,0,0,0,0
278,0,0,0,0,0,0,0,0,0
279,0,0,0,0,0,0,0,0,0
280,0,0,0,0,0,0,0,0,0
281,0,0,0,0,0,0,0,0,0
282,0,0,0,0,0,0,0,0,0
283,0,0,0,0,0,0,0,0,0
284,0,0,0,0,0,0,0,0,0
285,0,0,0,0,0,0,0,0,0
286,0,0,0,0,0,0,0,0,0
287,0,0,0,0,0,0,0,0,0
288,0,0,0,0,0,0,0,0,0
289,0,0,0,0,0,0,0,0,0
290,0,0,0,0,0,0,0,0,0
291,0,0,0,0,0,0,0,0,0
292,0,0,0,0,0,0,0,0,0
293,0,0,0,0,0,0,0,0,0
294,0,0,0,0,0,0,0,0,0
295,0,0,0,0,0,0,0,0,0
296,0,0,0,0,0,0,0,0,0
297,0,0,0,0,0,0,0,0,0
298,0,0,0,0,0,0,0,0,0
299,0,0,0,0,0,0,0,0,0
300,0,0,0,0,0,0,0,0,0
301,0,0,0,0,0,0,0,0,0
302,0,0,0,0,0,0,0,0,0
303,0,0,0,0,0,0,0,0,0
304,0,0,0,0,0,0,0,0,0
305,0,0,0,0,0,0,0,0,0
306,0,0,0,0,0,0,0,0,0
307,0,0,0,0,0,0,0,0,0
308,0,0,0,0,0,0,0,0,0
309,0,0,0,0,0,0,0,0,0
310,0,0,0,0,0,0,0,0,0
311,0,0,0,0,0,0,0,0,0
312,0,0,0,0,0,0,0,0,0
313,0,0,0,0,0,0,0,0,0
314,0,0,0,0,0,0,0,0,0
315,0,0,0,0,0,0,0,0,0
316,0,0,0,0,0,0,0,0,0
317,0,0,0,0,0,0,0,0,0
318,0,0,0,0,0,0,0,0,0
319,0,0,0,0,0,0,0,0,0
320,0,0,0,0,0,0,0,0,0
321,0,0,0,0,0,0,0,0,0
322,0,0,0,0,0,0,0,0,0
323,0,0,0,0,0,0,0,0,0
324,0,0,0,0,0,0,0,0,0
325,0,0,0,0,0,0,0,0,0
326,0,0,0,0,0,0,0,0,0
327,0,0,0,0,0,0,0,0,0
328,0,0,0,0,0,0,0,0,0
329,0,0,0,0,0,0,0,0,0
330,0,0,0,0,0,0,0,0,0
331,0,0,0,0,0,0,0,0,0
332,0,0,0,0,0,0,0,0,0
333,0,0,0,0,0,0,0,0,0
334,0,0,0,0,0,0,0,0,0
335,0,0,0,0,0,0,0,0,0
336,0,0,0,0,0,0,0,0,0
337,0,0,0,0,0,0,0,0,0
338,0,0,0,0,0,0,0,0,0
339,0,0,0,0,0,0,0,0,0
340,0,0,0,0,0,0,0,0,0
341,0,0,0,0,0,0,0,0,0
342,0,0,0,0,0,0,0,0,0
343,0,0,0,0,0,0,0,0,0
344,0,0,0,0,0,0,0,0,0
345,0,0,0,0,0,0,0,0,0
346,0,0,0,0,0,0,0,0,0
347,0,0,0,0,0,0,0,0,0
348,0,0,0,0,0,0,0,0,0
349,0,0,0,0,0,0,0,0,0
350,0,0,0,0,0,0,0,0,0
351,0,0,0,0,0,0,0,0,0
352,0,0,0,0,0,0,0,0,0
353,0,0,0,0,0,0,0,0,0
354,0,0,0,0,0,0,0,0,0
355,0,0,0,0,0,0,0,0,0
356,0,0,0,0,0,0,0,0,0
357,0,0,0,0,0,0,0,0,0
358,0,0,0,0,0,0,0,0,0
359,0,0,0,0,0,0,0,0,0
360,0,0,0,0,0,0,0,0,0
361,0,0,0,0,0,0,0,0,0
362,0,0,0,0,0,0,0,0,0
363,0,0,0,0,0,0,0,0,0
364,0,0,0,0,0,0,0,0,0
365,0,0,0,0,0,0,0,0,0
366,0,0,0,0,0,0,0,0,0
367,0,0,0,0,0,0,0,0,0
368,0,0,0,0,0,0,0,0,0
369,0,0,0,0,0,0,0,0,0
370,0,0,0,0,0,0,0,0,0
371,0,0,0,0,0,0,0,0,0
372,0,0,0,0,0,0,0,0,0
373,0,0,0,0,0,0,0,0,0
374,0,0,0,0,0,0,0,0,0
375,0,0,0,0,0,0,0,0,0
376,0,0,0,0,0,0,0,0,0
377,0,0,0,0,0,0,0,0,0
378,0,0,0,0,0,0,0,0,0
379,0,0,0,0,0,0,0,0,0
380,0,0,0,0,0,0,0,0,0
381,0,0,0,0,0,0,0,0,0
382,0,0,0,0,0,0,0,0,0
383,0,0,0,0,0,0,0,0,0
384,0,0,0,0,0,0,0,0,0
385,0,0,0,0,0,0,0,0,0
386,0,0,0,0,0,0,0,0,0
387,0,0,0,0,0,0,0,0,0
388,0,0,0,0,0,0,0,0,0
389,0,0,0,0,0,0,0,0,0
390,0,0,0,0,0,0,0,0,0
391,0,0,0,0,0,0,0,0,0
392,0,0,0,0,0,0,0,0,0
393,0,0,0,0,0,0,0,0,0
394,0,0,0,0,0,0,0,0,0
395,0,0,0,0,0,0,0,0,0
396,0,0,0,0,0,0,0,0,0
397,0,0,0,0,0,0,0,0,0
398,0,0,0,0,0,0,0,0,0
399,0,0,0,0,0,0,0,0,0
400,0,0,0,0,0,0,0,0,0
401,0,0,0,0,0,0,0,0,0
402,0,0,0,0,0,0,0,0,0
403,0,0,0,0,0,0,0,0,0
404,0,0,0,0,0,0,0,0,0
405,0,0,0,0,0,0,0,0,0
406,0,0,0,0,0,0,0,0,0
407,0,0,0,0,0,0,0,0,0
408,0,0,0,0,0,0,0,0,0
409,0,0,0,0,0,0,0,0,0
410,0,0,0,0,0,0,0,0,0
411,0,0,0,0,0,0,0,0,0
412,0,0,0,0,0,0,0,0,0
413,0,0,0,0,0,0,0,0,0
414,0,0,0,0,0,0,0,0,0
415,0,0,0,0,0,0,0,0,0
416,0,0,0,0,0,0,0,0,0
417,0,0,0,0,0,0,0,0,0
418,0,0,0,0,0,0,0,0,0
419,0,0,0,0,0,0,0,0,0
420,0,0,0,0,0,0,0,0,0
421,0,0,0,0,0,0,0,0,0
422,0,0,0,0,0,0,0,0,0
423,0,0,0,0,0,0,0,0,0
424,0,0,0,0,0,0,0,0,0
425,0,0,0,0,0,0,0,0,0
426,0,0,0,0,0,0,0,0,0
427,0,0,0,0,0,0,0,0,0
428,0,0,0,0,0,0,0,0,0
429,0,0,0,0,0,0,0,0,0
430,0,0,0,0,0,0,0,0,0
431,0,0,0,0,0,0,0,0,0
432,0,0,0,0,0,0,0,0,0
433,0,0,0,0,0,0,0,0,0
434,0,0,0,0,0,0,0,0,0
435,0,0,0,0,0,0,0,0,0
436,0,0,0,0,0,0,0,0,0
437,0,0,0,0,0,0,0,0,0
438,0,0,0,0,0,0,0,0,0
439,0,0,0,0,0,0,0,0,0
440,0,0,0,0,0,0,0,0,0
441,0,0,0,0,0,0,0,0,0
442,0,0,0,0,0,0,0,0,0
443,0,0,0,0,0,0,0,0,0
444,0,0,0,0,0,0,0,0,0
445,0,0,0,0,0,0,0,0,0
446,0,0,0,0,0,0,0,0,0
447,0,0,0,0,0,0,0,0,0
448,0,0,0,0,0,0,0,0,0
449,0,0,0,0,0,0,0,0,0
450,0,0,0,0,0,0,0,0,0
451,0,0,0,0,0,0,0,0,0
452,0,0,0,0,0,0,0,0,0
453,0,0,0,0,0,0,0,0,0
454,0,0,0,0,0,0,0,0,0
455,0,0,0,0,0,0,0,0,0
456,0,0,0,0,0,0,0,0,0
457,0,0,0,0,0,0,0,0,0
458,0,0,0,0,0,0,0,0,0
459,0,0,0,0,0,0,0,0,0
460,0,0,0,0,0,0,0,0,0
461,0,0,0,0,0,0,0,0,0
462,0,0,0,0,0,0,0,0,0
463,0,0,0,0,0,0,0,0,0
464,0,0,0,0,0,0,0,0,0
465,0,0,0,0,0,0,0,0,0
466,0,0,0,0,0,0,0,0,0
467,0,0,0,0,0,0,0,0,0
468,0,0,0,0,0,0,0,0,0
469,0,0,0,0,0,0,0,0,0
470,0,0,0,0,0,0,0,0,0
471,0,0,0,0,0,0,0,0,0
472,0,0,0,0,0,0,0,0,0
473,0,0,0,0,0,0,0,0,0
474,0,0,0,0,0,0,0,0,0
475,0,0,0,0,0,0,0,0,0
476,0,0,0,0,0,0,0,0,0
477,0,0,0,0,0,0,0,0,0
478,0,0,0,0,0,0,0,0,0
479,0,0,0,0,0,0,0,0,0
480,0,0,0,0,0,0,0,0,0
481,0,0,0,0,0,0,0,0,0
482,0,0,0,0,0,0,0,0,0
483,0,0,0,0,0,0,0,0,0
484,0,0,0,0,0,0,0,0,0
485,0,0,0,0,0,0,0,0,0
486,0,0,0,0,0,0,0,0,0
487,0,0,0,0,0,0,0,0,0
488,0,0,0,0,0,0,0,0,0
489,0,0,0,0,0,0,0,0,0
490,0,0,0,0,0,0,0,0,0
491,0,0,0,0,0,0,0,0,0
492,0,0,0,0,0,0,0,0,0
493,0,0,0,0,0,0,0,0,0
494,0,0,0,0,0,0,0,0,0
495,0,0,0,0,0,0,0,0,0
496,0,0,0,0,0,0,0,0,0
497,0,0,0,0,0,0,0,0,0
498,0,0,0,0,0,0,0,0,0
499,0,0,0,0,0,0,0,0,0
500,0,0,0,0,0,0,0,0,0
501,0,0,0,0,0,0,0,0,0
502,0,0,0,0,0,0,0,0,0
503,0,0,0,0,0,0,0,0,0
504,0,0,0,0,0,0,0,0,0
505,0,0,0,0,0,0,0,0,0
506,0,0,0,0,0,0,0,0,0
507,0,0,0,0,0,0,0,0,0
508,0,0,0,0,0,0,0,0,0
509,0,0,0,0,0,0,0,0,0
510,0,0,0,0,0,0,0,0,0
511,0,0,0,0,0,0,0,0,0
512,0,0,0,0,0,0,0,0,0
513,0,0,0,0,0,0,0,0,0
514,0,0,0,0,0,0,0,0,0
515,0,0,0,0,0,0,0,0,0
516,0,0,0,0,0,0,0,0,0
517,0,0,0,0,0,0,0,0,0
518,0,0,0,0,0,0,0,0,0
519,0,0,0,0,0,0,0,0,0
520,0,0,0,0,0,0,0,0,0
521,0,0,0,0,0,0,0,0,0
522,0,0,0,0,0,0,0,0,0
523,0,0,0,0,0,0,0,0,0
524,0,0,0,0,0,0,0,0,0
525,0,0,0,0,0,0,0,0,0
526,0,0,0,0,0,0,0,0,0
527,0,0,0,0,0,0,0,0,0
528,0,0,0,0,0,0,0,0,0
529,0,0,0,0,0,0,0,0,0
530,0,0,0,0,0,0,0,0,0
531,0,0,0,0,0,0,0,0,0
532,0,0,0,0,0,0,0,0,0
533,0,0,0,0,0,0,0,0,0
534,0,0,0,0,0,0,0,0,0
535,0,0,0,0,0,0,0,0,0
536,0,0,0,0,0,0,0,0,0
537,0,0,0,0,0,0,0,0,0
538,0,0,0,0,0,0,0,0,0
539,0,0,0,0,0,0,0,0,0
540,0,0,0,0,0,0,0,0,0
541,0,0,0,0,0,0,0,0,0
542,0,0,0,0,0,0,0,0,0
543,0,0,0,0,0,0,0,0,0
544,0,0,0,0,0,0,0,0,0
545,0,0,0,0,0,0,0,0,0
546,0,0,0,0,0,0,0,0,0
547,0,0,0,0,0,0,0,0,0
548,0,0,0,0,0,0,0,0,0
549,0,0,0,0,0,0,0,0,0
550,0,0,0,0,0,0,0,0,0
551,0,0,0,0,0,0,0,0,0
552,0,0,0,0,0,0,0,0,0
553,0,0,0,0,0,0,0,0,0
554,0,0,0,0,0,0,0,0,0
555,0,0,0,0,0,0,0,0,0
556,0,0,0,0,0,0,0,0,0
557,0,0,0,0,0,0,0,0,0
558,0,0,0,0,0,0,0,0,0
559,0,0,0,0,0,0,0,0,0
560,0,0,0,0,0,0,0,0,0
561,0,0,0,0,0,0,0,0,0
562,0,0,0,0,0,0,0,0,0
563,0,0,0,0,0,0,0,0,0
564,0,0,0,0,0,0,0,0,0
565,0,0,0,0,0,0,0,0,0
566,0,0,0,0,0,0,0,0,0
567,0,0,0,0,0,0,0,0,0
568,0,0,0,0,0,0,0,0,0
569,0,0,0,0,0,0,0,0,0
570,0,0,0,0,0,0,0,0,0
571,0,0,0,0,0,0,0,0,0
572,0,0,0,0,0,0,0,0,0
573,0,0,0,0,0,0,0,0,0
574,0,0,0,0,0,0,0,0,0
575,0,0,0,0,0,0,0,0,0
576,0,0,0,0,0,0,0,0,0
577,0,0,0,0,0,0,0,0,0
578,0,0,0,0,0,0,0,0,0
579,0,0,0,0,0,0,0,0,0
580,0,0,0,0,0,0,0,0,0
581,0,0,0,0,0,0,0,0,0
582,0,0,0,0,0,0,0,0,0
583,0,0,0,0,0,0,0,0,0
584,0,0,0,0,0,0,0,0,0
585,0,0,0,0,0,0,0,0,0
586,0,0,0,0,0,0,0,0,0
587,0,0,0,0,0,0,0,0,0
588,0,0,0,0,0,0,0,0,0
589,0,0,0,0,0,0,0,0,0
590,0,0,0,0,0,0,0,0,0
591,0,0,0,0,0,0,0,0,0
592,0,0,0,0,0,0,0,0,0
593,0,0,0,0,0,0,0,0,0
594,0,0,0,0,0,0,0,0,0
595,0,0,0,0,0,0,0,0,0
596,0,0,0,0,0,0,0,0,0
597,0,0,0,0,0,0,0,0,0
598,0,0,0,0,0,0,0,0,0
599,0,0,0,0,0,0,0,0,0
600,0,0,0,0,0,0,0,0,0
601,0,0,0,0,0,0,0,0,0
602,0,0,0,0,0,0,0,0,0
603,0,0,0,0,0,0,0,0,0
604,0,0,0,0,0,0,0,0,0
605,0,0,0,0,0,0,0,0,0
606,0,0,0,0,0,0,0,0,0
607,0,0,0,0,0,0,0,0,0
608,0,0,0,0,0,0,0,0,0
609,0,0,0,0,0,0,0,0,0
610,0,0,0,0,0,0,0,0,0
611,0,0,0,0,0,0,0,0,0
612,0,0,0,0,0,0,0,0,0
613,0,0,0,0,0,0,0,0,0
614,0,0,0,0,0,0,0,0,0
615,0,0,0,0,0,0,0,0,0
616,0,0,0,0,0,0,0,0,0
617,0,0,0,0,0,0,0,0,0
618,0,0,0,0,0,0,0,0,0
619,0,0,0,0,0,0,0,0,0
620,0,0,0,0,0,0,0,0,0
621,0,0,0,0,0,0,0,0,0
622,0,0,0,0,0,0,0,0,0
623,0,0,0,0,0,0,0,0,0
624,0,0,0,0,0,0,0,0,0
625,0,0,0,0,0,0,0,0,0
626,0,0,0,0,0,0,0,0,0
627,0,0,0,0,0,0,0,0,0
628,0,0,0,0,0,0,0,0,0
629,0,0,0,0,0,0,0,0,0
630,0,0,0,0,0,0,0,0,0
631,0,0,0,0,0,0,0,0,0
632,0,0,0,0,0,0,0,0,0
633,0,0,0,0,0,0,0,0,0
634,0,0,0,0,0,0,0,0,0
635,0,0,0,0,0,0,0,0,0
636,0,0,0,0,0,0,0,0,0
637,0,0,0,0,0,0,0,0,0
638,0,0,0,0,0,0,0,0,0
639,0,0,0,0,0,0,0,0,0
640,0,0,0,0,0,0,0,0,0
641,0,0,0,0,0,0,0,0,0
642,0,0,0,0,0,0,0,0,0
643,0,0,0,0,0,0,0,0,0
644,0,0,0,0,0,0,0,0,0
645,0,0,0,0,0,0,0,0,0
646,0,0,0,0,0,0,0,0,0
647,0,0,0,0,0,0,0,0,0
648,0,0,0,0,0,0,0,0,0
649,0,0,0,0,0,0,0,0,0
650,0,0,0,0,0,0,0,0,0
651,0,0,0,0,0,0,0,0,0
652,0,0,0,0,0,0,0,0,0
653,0,0,0,0,0,0,0,0,0
654,0,0,0,0,0,0,0,0,0
655,0,0,0,0,0,0,0,0,0
656,0,0,0,0,0,0,0,0,0
657,0,0,0,0,0,0,0,0,0
658,0,0,0,0,0,0,0,0,0
659,0,0,0,0,0,0,0,0,0
660,0,0,0,0,0,0,0,0,0
661,0,0,0,0,0,0,0,0,0
662,0,0,0,0,0,0,0,0,0
663,0,0,0,0,0,0,0,0,0
664,0,0,0,0,0,0,0,0,0
665,0,0,0,0,0,0,0,0,0
666,0,0,0,0,0,0,0,0,0
667,0,0,0,0,0,0,0,0,0
668,0,0,0,0,0,0,0,0,0
669,0,0,0,0,0,0,0,0,0
670,0,0,0,0,0,0,0,0,0
671,0,0,0,0,0,0,0,0,0
672,0,0,0,0,0,0,0,0,0
673,0,0,0,0,0,0,0,0,0
674,0,0,0,0,0,0,0,0,0
675,0,0,0,0,0,0,0,0,0
676,0,0,0,0,0,0,0,0,0
677,0,0,0,0,0,0,0,0,0
678,0,0,0,0,0,0,0,0,0
679,0,0,0,0,0,0,0,0,0
680,0,0,0,0,0,0,0,0,0
681,0,0,0,0,0,0,0,0,0
682,0,0,0,0,0,0,0,0,0
683,0,0,0,0,0,0,0,0,0
684,0,0,0,0,0,0,0,0,0
685,0,0,0,0,0,0,0,0,0
686,0,0,0,0,0,0,0,0,0
687,0,0,0,0,0,0,0,0,0
688,0,0,0,0,0,0,0,0,0
689,0,0,0,0,0,0,0,0,0
690,0,0,0,0,0,0,0,0,0
691,0,0,0,0,0,0,0,0,0
692,0,0,0,0,0,0,0,0,0
693,0,0,0,0,0,0,0,0,0
694,0,0,0,0,0,0,0,0,0
695,0,0,0,0,0,0,0,0,0
696,0,0,0,0,0,0,0,0,0
697,0,0,0,0,0,0,0,0,0
698,0,0,0,0,0,0,0,0,0
699,0,0,0,0,0,0,0,0,0
700,0,0,0,0,0,0,0,0,0
701,0,0,0,0,0,0,0,0,0
702,0,0,0,0,0,0,0,0,0
703,0,0,0,0,0,0,0,0,0
704,0,0,0,0,0,0,0,0,0
705,0,0,0,0,0,0,0,0,0
706,0,0,0,0,0,0,0,0,0
707,0,0,0,0,0,0,0,0,0
708,0,0,0,0,0,0,0,0,0
709,0,0,0,0,0,0,0,0,0
710,0,0,0,0,0,0,0,0,0
711,0,0,0,0,0,0,0,0,0
712,0,0,0,0,0,0,0,0,0
713,0,0,0,0,0,0,0,0,0
714,0,0,0,0,0,0,0,0,0
715,0,0,0,0,0,0,0,0,0
716,0,0,0,0,0,0,0,0,0
717,0,0,0,0,0,0,0,0,0
718,0,0,0,0,0,0,0,0,0
719,0,0,0,0,0,0,0,0,0
720,0,0,0,0,0,0,0,0,0
721,0,0,0,0,0,0,0,0,0
722,0,0,0,0,0,0,0,0,0
723,0,0,0,0,0,0,0,0,0
724,0,0,0,0,0,0,0,0,0
725,0,0,0,0,0,0,0,0,0
726,0,0,0,0,0,0,0,0,0
727,0,0,0,0,0,0,0,0,0
728,0,0,0,0,0,0,0,0,0
729,0,0,0,0,0,0,0,0,0
730,0,0,0,0,0,0,0,0,0
731,0,0,0,0,0,0,0,0,0
732,0,0,0,0,0,0,0,0,0
733,0,0,0,0,0,0,0,0,0
734,0,0,0,0,0,0,0,0,0
735,0,0,0,0,0,0,0,0,0
736,0,0,0,0,0,0,0,0,0
737,0,0,0,0,0,0,0,0,0
738,0,0,0,0,0,0,0,0,0
739,0,0,0,0,0,0,0,0,0
740,0,0,0,0,0,0,0,0,0
741,0,0,0,0,0,0,0,0,0
742,0,0,0,0,0,0,0,0,0
743,0,0,0,0,0,0,0,0,0
744,0,0,0,0,0,0,0,0,0
745,0,0,0,0,0,0,0,0,0
746,0,0,0,0,0,0,0,0,0
747,0,0,0,0,0,0,0,0,0
748,0,0,0,0,0,0,0,0,0
749,0,0,0,0,0,0,0,0,0
750,0,0,0,0,0,0,0,0,0
0,194,7257,201425,4077983,57373546,517292847,2626655236,5935079656,3356972874
1,100,2864,63494,1011318,11175031,78993804,313813544,553626850,244015352
2,73,1564,28471,364432,3269914,18767424,60563629,86789206,31011794
3,45,723,11588,124070,937926,4529645,12335873,14942630,4520730
4,28,444,6595,61886,413914,1771097,4254973,4538483,1209339
5,19,208,2750,22626,128327,467007,949549,849013,188462
6,13,111,1294,9638,49930,164926,303307,246723,49871
7,12,98,1074,7515,36054,109972,186324,139684,25896
8,11,87,930,5883,25768,72147,113808,79672,13740
9,8,69,737,4317,17738,47532,71643,48009,8007
10,5,40,344,1868,7150,17869,25627,16210,2578
11,2,24,172,928,3387,8269,11167,6372,892
12,1,7,41,261,994,2444,3459,2103,317
13,1,7,35,207,748,1722,2252,1286,185
14,0,3,18,111,331,663,716,320,41
15,0,3,17,102,290,537,540,229,18
16,0,3,16,96,273,504,492,209,16
17,0,3,16,88,235,411,385,152,9
18,0,3,16,76,167,268,235,103,6
19,0,2,15,60,127,185,169,60,5
20,0,2,14,54,115,164,135,43,4
21,0,2,14,53,111,153,126,35,4
22,0,2,12,45,90,111,91,24,2
23,0,2,12,42,82,101,78,19,2
24,0,2,12,42,82,101,78,19,2
25,0,2,11,40,74,86,62,13,2
26,0,2,11,40,74,86,62,13,2
27,0,2,11,40,74,86,62,13,2
28,0,0,0,0,0,0,0,0,0
29,0,0,0,0,0,0,0,0,0
30,0,0,0,0,0,0,0,0,0
31,0,0,0,0,0,0,0,0,0
32,0,0,0,0,0,0,0,0,0
33,0,0,0,0,0,0,0,0,0
34,0,0,0,0,0,0,0,0,0
35,0,0,0,0,0,0,0,0,0
36,0,0,0,0,0,0,0,0,0
37,0,0,0,0,0,0,0,0,0
38,0,0,0,0,0,0,0,0,0
39,0,0,0,0,0,0,0,0,0
40,0,0,0,0,0,0,0,0,0
41,0,0,0,0,0,0,0,0,0
42,0,0,0,0,0,0,0,0,0
43,0,0,0,0,0,0,0,0,0
44,0,0,0,0,0,0,0,0,0
45,0,0,0,0,0,0,0,0,0
46,0,0,0,0,0,0,0,0,0
47,0,0,0,0,0,0,0,0,0
48,0,0,0,0,0,0,0,0,0
49,0,0,0,0,0,0,0,0,0
50,0,0,0,0,0,0,0,0,0
51,0,0,0,0,0,0,0,0,0
52,0,0,0,0,0,0,0,0,0
53,0,0,0,0,0,0,0,0,0
54,0,0,0,0,0,0,0,0,0
55,0,0,0,0,0,0,0,0,0
56,0,0,0,0,0,0,0,0,0
57,0,0,0,0,0,0,0,0,0
58,0,0,0,0,0,0,0,0,0
59,0,0,0,0,0,0,0,0,0
60,0,0,0,0,0,0,0,0,0
61,0,0,0,0,0,0,0,0,0
62,0,0,0,0,0,0,0,0,0
63,0,0,0,0,0,0,0,0,0
64,0,0,0,0,0,0,0,0,0
65,0,0,0,0,0,0,0,0,0
66,0,0,0,0,0,0,0,0,0
67,0,0,0,0,0,0,0,0,0
68,0,0,0,0,0,0,0,0,0
69,0,0,0,0,0,0,0,0,0
70,0,0,0,0,0,0,0,0,0
71,0,0,0,0,0,0,0,0,0
72,0,0,0,0,0,0,0,0,0
73,0,0,0,0,0,0,0,0,0
74,0,0,0,0,0,0,0,0,0
75,0,0,0,0,0,0,0,0,0
76,0,0,0,0,0,0,0,0,0
77,0,0,0,0,0,0,0,0,0
78,0,0,0,0,0,0,0,0,0
79,0,0,0,0,0,0,0,0,0
80,0,0,0,0,0,0,0,0,0
81,0,0,0,0,0,0,0,0,0
82,0,0,0,0,0,0,0,0,0
83,0,0,0,0,0,0,0,0,0
84,0,0,0,0,0,0,0,0,0
85,0,0,0,0,0,0,0,0,0
86,0,0,0,0,0,0,0,0,0
87,0,0,0,0,0,0,0,0,0
88,0,0,0,0,0,0,0,0,0
89,0,0,0,0,0,0,0,0,0
90,0,0,0,0,0,0,0,0,0
91,0,0,0,0,0,0,0,0,0
92,0,0,0,0,0,0,0,0,0
93,0,0,0,0,0,0,0,0,0
94,0,0,0,0,0,0,0,0,0
95,0,0,0,0,0,0,0,0,0
96,0,0,0,0,0,0,0,0,0
97,0,0,0,0,0,0,0,0,0
98,0,0,0,0,0,0,0,0,0
99,0,0,0,0,0,0,0,0,0
100,0,0,0,0,0,0,0,0,0
101,0,0,0,0,0,0,0,0,0
102,0,0,0,0,0,0,0,0,0
103,0,0,0,0,0,0,0,0,0
104,0,0,0,0,0,0,0,0,0
105,0,0,0,0,0,0,0,0,0
106,0,0,0,0,0,0,0,0,0
107,0,0,0,0,0,0,0,0,0
108,0,0,0,0,0,0,0,0,0
109,0,0,0,0,0,0,0,0,0
110,0,0,0,0,0,0,0,0,0
111,0,0,0,0,0,0,0,0,0
112,0,0,0,0,0,0,0,0,0
113,0,0,0,0,0,0,0,0,0
114,0,0,0,0,0,0,0,0,0
115,0,0,0,0,0,0,0,0,0
116,0,0,0,0,0,0,0,0,0
117,0,0,0,0,0,0,0,0,0
118,0,0,0,0,0,0,0,0,0
119,0,0,0,0,0,0,0,0,0
120,0,0,0,0,0,0,0,0,0
121,0,0,0,0,0,0,0,0,0
122,0,0,0,0,0,0,0,0,0
123,0,0,0,0,0,0,0,0,0
124,0,0,0,0,0,0,0,0,0
125,0,0,0,0,0,0,0,0,0
126,0,0,0,0,0,0,0,0,0
127,0,0,0,0,0,0,0,0,0
128,0,0,0,0,0,0,0,0,0
129,0,0,0,0,0,0,0,0,0
130,0,0,0,0,0,0,0,0,0
131,0,0,0,0,0,0,0,0,0
132,0,0,0,0,0,0,0,0,0
133,0,0,0,0,0,0,0,0,0
134,0,0,0,0,0,0,0,0,0
135,0,0,0,0,0,0,0,0,0
136,0,0,0,0,0,0,0,0,0
137,0,0,0,0,0,0,0,0,0
138,0,0,0,0,0,0,0,0,0
139,0,0,0,0,0,0,0,0,0
140,0,0,0,0,0,0,0,0,0
141,0,0,0,0,0,0,0,0,0
142,0,0,0,0,0,0,0,0,0
143,0,0,0,0,0,0,0,0,0
144,0,0,0,0,0,0,0,0,0
145,0,0,0,0,0,0,0,0,0
146,0,0,0,0,0,0,0,0,0
147,0,0,0,0,0,0,0,0,0
148,0,0,0,0,0,0,0,0,0
149,0,0,0,0,0,0,0,0,0
150,0,0,0,0,0,0,0,0,0
151,0,0,0,0,0,0,0,0,0
152,0,0,0,0,0,0,0,0,0
153,0,0,0,0,0,0,0,0,0
154,0,0,0,0,0,0,0,0,0
155,0,0,0,0,0,0,0,0,0
156,0,0,0,0,0,0,0,0,0
157,0,0,0,0,0,0,0,0,0
158,0,0,0,0,0,0,0,0,0
159,0,0,0,0,0,0,0,0,0
160,0,0,0,0,0,0,0,0,0
161,0,0,0,0,0,0,0,0,0
162,0,0,0,0,0,0,0,0,0
163,0,0,0,0,0,0,0,0,0
164,0,0,0,0,0,0,0,0,0
165,0,0,0,0,0,0,0,0,0
166,0,0,0,0,0,0,0,0,0
167,0,0,0,0,0,0,0,0,0
168,0,0,0,0,0,0,0,0,0
169,0,0,0,0,0,0,0,0,0
170,0,0,0,0,0,0,0,0,0
171,0,0,0,0,0,0,0,0,0
172,0,0,0,0,0,0,0,0,0
173,0,0,0,0,0,0,0,0,0
174,0,0,0,0,0,0,0,0,0
175,0,0,0,0,0,0,0,0,0
176,0,0,0,0,0,0,0,0,0
177,0,0,0,0,0,0,0,0,0
178,0,0,0,0,0,0,0,0,0
179,0,0,0,0,0,0,0,0,0
180,0,0,0,0,0,0,0,0,0
181,0,0,0,0,0,0,0,0,0
182,0,0,0,0,0,0,0,0,0
183,0,0,0,0,0,0,0,0,0
184,0,0,0,0,0,0,0,0,0
185,0,0,0,0,0,0,0,0,0
186,0,0,0,0,0,0,0,0,0
187,0,0,0,0,0,0,0,0,0
188,0,0,0,0,0,0,0,0,0
189,0,0,0,0,0,0,0,0,0
190,0,0,0,0,0,0,0,0,0
191,0,0,0,0,0,0,0,0,0
192,0,0,0,0,0,0,0,0,0
193,0,0,0,0,0,0,0,0,0
194,0,0,0,0,0,0,0,0,0
195,0,0,0,0,0,0,0,0,0
196,0,0,0,0,0,0,0,0,0
197,0,0,0,0,0,0,0,0,0
198,0,0,0,0,0,0,0,0,0
199,0,0,0,0,0,0,0,0,0
200,0,0,0,0,0,0,0,0,0
201,0,0,0,0,0,0,0,0,0
202,0,0,0,0,0,0,0,0,0
203,0,0,0,0,0,0,0,0,0
204,0,0,0,0,0,0,0,0,0
205,0,0,0,0,0,0,0,0,0
206,0,0,0,0,0,0,0,0,0
207,0,0,0,0,0,0,0,0,0
208,0,0,0,0,0,0,0,0,0
209,0,0,0,0,0,0,0,0,0
210,0,0,0,0,0,0,0,0,0
211,0,0,0,0,0,0,0,0,0
212,0,0,0,0,0,0,0,0,0
213,0,0,0,0,0,0,0,0,0
214,0,0,0,0,0,0,0,0,0
215,0,0,0,0,0,0,0,0,0
216,0,0,0,0,0,0,0,0,0
217,0,0,0,0,0,0,0,0,0
218,0,0,0,0,0,0,0,0,0
219,0,0,0,0,0,0,0,0,0
220,0,0,0,0,0,0,0,0,0
221,0,0,0,0,0,0,0,0,0
222,0,0,0,0,0,0,0,0,0
223,0,0,0,0,0,0,0,0,0
224,0,0,0,0,0,0,0,0,0
225,0,0,0,0,0,0,0,0,0
226,0,0,0,0,0,0,0,0,0
227,0,0,0,0,0,0,0,0,0
228,0,0,0,0,0,0,0,0,0
229,0,0,0,0,0,0,0,0,0
230,0,0,0,0,0,0,0,0,0
231,0,0,0,0,0,0,0,0,0
232,0,0,0,0,0,0,0,0,0
233,0,0,0,0,0,0,0,0,0
234,0,0,0,0,0,0,0,0,0
235,0,0,0,0,0,0,0,0,0
236,0,0,0,0,0,0,0,0,0
237,0,0,0,0,0,0,0,0,0
238,0,0,0,0,0,0,0,0,0
239,0,0,0,0,0,0,0,0,0
240,0,0,0,0,0,0,0,0,0
241,0,0,0,0,0,0,0,0,0
242,0,0,0,0,0,0,0,0,0
243,0,0,0,0,0,0,0,0,0
244,0,0,0,0,0,0,0,0,0
245,0,0,0,0,0,0,0,0,0
246,0,0,0,0,0,0,0,0,0
247,0,0,0,0,0,0,0,0,0
248,0,0,0,0,0,0,0,0,0
249,0,0,0,0,0,0,0,0,0
250,0,0,0,0,0,0,0,0,0
251,0,0,0,0,0,0,0,0,0
252,0,0,0,0,0,0,0,0,0
253,0,0,0,0,0,0,0,0,0
254,0,0,0,0,0,0,0,0,0
255,0,0,0,0,0,0,0,0,0
256,0,0,0,0,0,0,0,0,0
257,0,0,0,0,0,0,0,0,0
258,0,0,0,0,0,0,0,0,0
259,0,0,0,0,0,0,0,0,0
260,0,0,0,0,0,0,0,0,0
261,0,0,0,0,0,0,0,0,0
262,0,0,0,0,0,0,0,0,0
263,0,0,0,0,0,0,0,0,0
264,0,0,0,0,0,0,0,0,0
265,0,0,0,0,0,0,0,0,0
266,0,0,0,0,0,0,0,0,0
267,0,0,0,0,0,0,0,0,0
268,0,0,0,0,0,0,0,0,0
269,0,0,0,0,0,0,0,0,0
270,0,0,0,0,0,0,0,0,0
271,0,0,0,0,0,0,0,0,0
272,0,0,0,0,0,0,0,0,0
273,0,0,0,0,0,0,0,0,0
274,0,0,0,0,0,0,0,0,0
275,0,0,0,0,0,0,0,0,0
276,0,0,0,0,0,0,0,0,0
277,0,0,0,0,0,0,0,0,0
278,0,0,0,0,0,0,0,0,0
279,0,0,0,0,0,0,0,0,0
280,0,0,0,0,0,0,0,0,0
281,0,0,0,0,0,0,0,0,0
282,0,0,0,0,0,0,0,0,0
283,0,0,0,0,0,0,0,0,0
284,0,0,0,0,0,0,0,0,0
285,0,0,0,0,0,0,0,0,0
286,0,0,0,0,0,0,0,0,0
287,0,0,0,0,0,0,0,0,0
288,0,0,0,0,0,0,0,0,0
289,0,0,0,0,0,0,0,0,0
290,0,0,0,0,0,0,0,0,0
291,0,0,0,0,0,0,0,0,0
292,0,0,0,0,0,0,0,0,0
293,0,0,0,0,0,0,0,0,0
294,0,0,0,0,0,0,0,0,0
295,0,0,0,0,0,0,0,0,0
296,0,0,0,0,0,0,0,0,0
297,0,0,0,0,0,0,0,0,0
298,0,0,0,0,0,0,0,0,0
299,0,0,0,0,0,0,0,0,0
300,0,0,0,0,0,0,0,0,0
301,0,0,0,0,0,0,0,0,0
302,0,0,0,0,0,0,0,0,0
303,0,0,0,0,0,0,0,0,0
304,0,0,0,0,0,0,0,0,0
305,0,0,0,0,0,0,0,0,0
306,0,0,0,0,0,0,0,0,0
307,0,0,0,0,0,0,0,0,0
308,0,0,0,0,0,0,0,0,0
309,0,0,0,0,0,0,0,0,0
310,0,0,0,0,0,0,0,0,0
311,0,0,0,0,0,0,0,0,0
312,0,0,0,0,0,0,0,0,0
313,0,0,0,0,0,0,0,0,0
314,0,0,0,0,0,0,0,0,0
315,0,0,0,0,0,0,0,0,0
316,0,0,0,0,0,0,0,0,0
317,0,0,0,0,0,0,0,0,0
318,0,0,0,0,0,0,0,0,0
319,0,0,0,0,0,0,0,0,0
320,0,0,0,0,0,0,0,0,0
321,0,0,0,0,0,0,0,0,0
322,0,0,0,0,0,0,0,0,0
323,0,0,0,0,0,0,0,0,0
324,0,0,0,0,0,0,0,0,0
325,0,0,0,0,0,0,0,0,0
326,0,0,0,0,0,0,0,0,0
327,0,0,0,0,0,0,0,0,0
328,0,0,0,0,0,0,0,0,0
329,0,0,0,0,0,0,0,0,0
330,0,0,0,0,0,0,0,0,0
331,0,0,0,0,0,0,0,0,0
332,0,0,0,0,0,0,0,0,0
333,0,0,0,0,0,0,0,0,0
334,0,0,0,0,0,0,0,0,0
335,0,0,0,0,0,0,0,0,0
336,0,0,0,0,0,0,0,0,0
337,0,0,0,0,0,0,0,0,0
338,0,0,0,0,0,0,0,0,0
339,0,0,0,0,0,0,0,0,0
340,0,0,0,0,0,0,0,0,0
341,0,0,0,0,0,0,0,0,0
342,0,0,0,0,0,0,0,0,0
343,0,0,0,0,0,0,0,0,0
344,0,0,0,0,0,0,0,0,0
345,0,0,0,0,0,0,0,0,0
346,0,0,0,0,0,0,0,0,0
347,0,0,0,0,0,0,0,0,0
348,0,0,0,0,0,0,0,0,0
349,0,0,0,0,0,0,0,0,0
350,0,0,0,0,0,0,0,0,0
351,0,0,0,0,0,0,0,0,0
352,0,0,0,0,0,0,0,0,0
353,0,0,0,0,0,0,0,0,0
354,0,0,0,0,0,0,0,0,0
355,0,0,0,0,0,0,0,0,0
356,0,0,0,0,0,0,0,0,0
357,0,0,0,0,0,0,0,0,0
358,0,0,0,0,0,0,0,0,0
359,0,0,0,0,0,0,0,0,0
360,0,0,0,0,0,0,0,0,0
361,0,0,0,0,0,0,0,0,0
362,0,0,0,0,0,0,0,0,0
363,0,0,0,0,0,0,0,0,0
364,0,0,0,0,0,0,0,0,0
365,0,0,0,0,0,0,0,0,0
366,0,0,0,0,0,0,0,0,0
367,0,0,0,0,0,0,0,0,0
368,0,0,0,0,0,0,0,0,0
369,0,0,0,0,0,0,0,0,0
370,0,0,0,0,0,0,0,0,0
371,0,0,0,0,0,0,0,0,0
372,0,0,0,0,0,0,0,0,0
373,0,0,0,0,0,0,0,0,0
374,0,0,0,0,0,0,0,0,0
375,0,0,0,0,0,0,0,0,0
376,0,0,0,0,0,0,0,0,0
377,0,0,0,0,0,0,0,0,0
378,0,0,0,0,0,0,0,0,0
379,0,0,0,0,0,0,0,0,0
380,0,0,0,0,0,0,0,0,0
381,0,0,0,0,0,0,0,0,0
382,0,0,0,0,0,0,0,0,0
383,0,0,0,0,0,0,0,0,0
384,0,0,0,0,0,0,0,0,0
385,0,0,0,0,0,0,0,0,0
386,0,0,0,0,0,0,0,0,0
387,0,0,0,0,0,0,0,0,0
388,0,0,0,0,0,0,0,0,0
389,0,0,0,0,0,0,0,0,0
390,0,0,0,0,0,0,0,0,0
391,0,0,0,0,0,0,0,0,0
392,0,0,0,0,0,0,0,0,0
393,0,0,0,0,0,0,0,0,0
394,0,0,0,0,0,0,0,0,0
395,0,0,0,0,0,0,0,0,0
396,0,0,0,0,0,0,0,0,0
397,0,0,0,0,0,0,0,0,0
398,0,0,0,0,0,0,0,0,0
399,0,0,0,0,0,0,0,0,0
400,0,0,0,0,0,0,0,0,0
401,0,0,0,0,0,0,0,0,0
402,0,0,0,0,0,0,0,0,0
403,0,0,0,0,0,0,0,0,0
404,0,0,0,0,0,0,0,0,0
405,0,0,0,0,0,0,0,0,0
406,0,0,0,0,0,0,0,0,0
407,0,0,0,0,0,0,0,0,0
408,0,0,0,0,0,0,0,0,0
409,0,0,0,0,0,0,0,0,0
410,0,0,0,0,0,0,0,0,0
411,0,0,0,0,0,0,0,0,0
412,0,0,0,0,0,0,0,0,0
413,0,0,0,0,0,0,0,0,0
414,0,0,0,0,0,0,0,0,0
415,0,0,0,0,0,0,0,0,0
416,0,0,0,0,0,0,0,0,0
417,0,0,0,0,0,0,0,0,0
418,0,0,0,0,0,0,0,0,0
419,0,0,0,0,0,0,0,0,0
420,0,0,0,0,0,0,0,0,0
421,0,0,0,0,0,0,0,0,0
422,0,0,0,0,0,0,0,0,0
423,0,0,0,0,0,0,0,0,0
424,0,0,0,0,0,0,0,0,0
425,0,0,0,0,0,0,0,0,0
426,0,0,0,0,0,0,0,0,0
427,0,0,0,0,0,0,0,0,0
428,0,0,0,0,0,0,0,0,0
429,0,0,0,0,0,0,0,0,0
430,0,0,0,0,0,0,0,0,0
431,0,0,0,0,0,0,0,0,0
432,0,0,0,0,0,0,0,0,0
433,0,0,0,0,0,0,0,0,0
434,0,0,0,0,0,0,0,0,0
435,0,0,0,0,0,0,0,0,0
436,0,0,0,0,0,0,0,0,0
437,0,0,0,0,0,0,0,0,0
438,0,0,0,0,0,0,0,0,0
439,0,0,0,0,0,0,0,0,0
440,0,0,0,0,0,0,0,0,0
441,0,0,0,0,0,0,0,0,0
442,0,0,0,0,0,0,0,0,0
443,0,0,0,0,0,0,0,0,0
444,0,0,0,0,0,0,0,0,0
445,0,0,0,0,0,0,0,0,0
446,0,0,0,0,0,0,0,0,0
447,0,0,0,0,0,0,0,0,0
448,0,0,0,0,0,0,0,0,0
449,0,0,0,0,0,0,0,0,0
450,0,0,0,0,0,0,0,0,0
451,0,0,0,0,0,0,0,0,0
452,0,0,0,0,0,0,0,0,0
453,0,0,0,0,0,0,0,0,0
454,0,0,0,0,0,0,0,0,0
455,0,0,0,0,0,0,0,0,0
456,0,0,0,0,0,0,0,0,0
457,0,0,0,0,0,0,0,0,0
458,0,0,0,0,0,0,0,0,0
459,0,0,0,0,0,0,0,0,0
460,0,0,0,0,0,0,0,0,0
461,0,0,0,0,0,0,0,0,0
462,0,0,0,0,0,0,0,0,0
463,0,0,0,0,0,0,0,0,0
464,0,0,0,0,0,0,0,0,0
465,0,0,0,0,0,0,0,0,0
466,0,0,0,0,0,0,0,0,0
467,0,0,0,0,0,0,0,0,0
468,0,0,0,0,0,0,0,0,0
469,0,0,0,0,0,0,0,0,0
470,0,0,0,0,0,0,0,0,0
471,0,0,0,0,0,0,0,0,0
472,0,0,0,0,0,0,0,0,0
473,0,0,0,0,0,0,0,0,0
474,0,0,0,0,0,0,0,0,0
475,0,0,0,0,0,0,0,0,0
476,0,0,0,0,0,0,0,0,0
477,0,0,0,0,0,0,0,0,0
478,0,0,0,0,0,0,0,0,0
479,0,0,0,0,0,0,0,0,0
480,0,0,0,0,0,0,0,0,0
481,0,0,0,0,0,0,0,0,0
482,0,0,0,0,0,0,0,0,0
483,0,0,0,0,0,0,0,0,0
484,0,0,0,0,0,0,0,0,0
485,0,0,0,0,0,0,0,0,0
486,0,0,0,0,0,0,0,0,0
487,0,0,0,0,0,0,0,0,0
488,0,0,0,0,0,0,0,0,0
489,0,0,0,0,0,0,0,0,0
490,0,0,0,0,0,0,0,0,0
491,0,0,0,0,0,0,0,0,0
492,0,0,0,0,0,0,0,0,0
493,0,0,0,0,0,0,0,0,0
494,0,0,0,0,0,0,0,0,0
495,0,0,0,0,0,0,0,0,0
496,0,0,0,0,0,0,0,0,0
497,0,0,0,0,0,0,0,0,0
498,0,0,0,0,0,0,0,0,0
499,0,0,0,0,0,0,0,0,0
500,0,0,0,0,0,0,0,0,0
501,0,0,0,0,0,0,0,0,0
502,0,0,0,0,0,0,0,0,0
503,0,0,0,0,0,0,0,0,0
504,0,0,0,0,0,0,0,0,0
505,0,0,0,0,0,0,0,0,0
506,0,0,0,0,0,0,0,0,0
507,0,0,0,0,0,0,0,0,0
508,0,0,0,0,0,0,0,0,0
509,0,0,0,0,0,0,0,0,0
510,0,0,0,0,0,0,0,0,0
511,0,0,0,0,0,0,0,0,0
512,0,0,0,0,0,0,0,0,0
513,0,0,0,0,0,0,0,0,0
514,0,0,0,0,0,0,0,0,0
515,0,0,0,0,0,0,0,0,0
516,0,0,0,0,0,0,0,0,0
517,0,0,0,0,0,0,0,0,0
518,0,0,0,0,0,0,0,0,0
519,0,0,0,0,0,0,0,0,0
520,0,0,0,0,0,0,0,0,0
521,0,0,0,0,0,0,0,0,0
522,0,0,0,0,0,0,0,0,0
523,0,0,0,0,0,0,0,0,0
524,0,0,0,0,0,0,0,0,0
525,0,0,0,0,0,0,0,0,0
526,0,0,0,0,0,0,0,0,0
527,0,0,0,0,0,0,0,0,0
528,0,0,0,0,0,0,0,0,0
529,0,0,0,0,0,0,0,0,0
530,0,0,0,0,0,0,0,0,0
531,0,0,0,0,0,0,0,0,0
532,0,0,0,0,0,0,0,0,0
533,0,0,0,0,0,0,0,0,0
534,0,0,0,0,0,0,0,0,0
535,0,0,0,0,0,0,0,0,0
536,0,0,0,0,0,0,0,0,0
537,0,0,0,0,0,0,0,0,0
538,0,0,0,0,0,0,0,0,0
539,0,0,0,0,0,0,0,0,0
540,0,0,0,0,0,0,0,0,0
541,0,0,0,0,0,0,0,0,0
542,0,0,0,0,0,0,0,0,0
543,0,0,0,0,0,0,0,0,0
544,0,0,0,0,0,0,0,0,0
545,0,0,0,0,0,0,0,0,0
546,0,0,0,0,0,0,0,0,0
547,0,0,0,0,0,0,0,0,0
548,0,0,0,0,0,0,0,0,0
549,0,0,0,0,0,0,0,0,0
550,0,0,0,0,0,0,0,0,0
551,0,0,0,0,0,0,0,0,0
552,0,0,0,0,0,0,0,0,0
553,0,0,0,0,0,0,0,0,0
554,0,0,0,0,0,0,0,0,0
555,0,0,0,0,0,0,0,0,0
556,0,0,0,0,0,0,0,0,0
557,0,0,0,0,0,0,0,0,0
558,0,0,0,0,0,0,0,0,0
559,0,0,0,0,0,0,0,0,0
560,0,0,0,0,0,0,0,0,0
561,0,0,0,0,0,0,0,0,0
562,0,0,0,0,0,0,0,0,0
563,0,0,0,0,0,0,0,0,0
564,0,0,0,0,0,0,0,0,0
565,0,0,0,0,0,0,0,0,0
566,0,0,0,0,0,0,0,0,0
567,0,0,0,0,0,0,0,0,0
568,0,0,0,0,0,0,0,0,0
569,0,0,0,0,0,0,0,0,0
570,0,0,0,0,0,0,0,0,0
571,0,0,0,0,0,0,0,0,0
572,0,0,0,0,0,0,0,0,0
573,0,0,0,0,0,0,0,0,0
574,0,0,0,0,0,0,0,0,0
575,0,0,0,0,0,0,0,0,0
576,0,0,0,0,0,0,0,0,0
577,0,0,0,0,0,0,0,0,0
578,0,0,0,0,0,0,0,0,0
579,0,0,0,0,0,0,0,0,0
580,0,0,0,0,0,0,0,0,0
581,0,0,0,0,0,0,0,0,0
582,0,0,0,0,0,0,0,0,0
583,0,0,0,0,0,0,0,0,0
584,0,0,0,0,0,0,0,0,0
585,0,0,0,0,0,0,0,0,0
586,0,0,0,0,0,0,0,0,0
587,0,0,0,0,0,0,0,0,0
588,0,0,0,0,0,0,0,0,0
589,0,0,0,0,0,0,0,0,0
590,0,0,0,0,0,0,0,0,0
591,0,0,0,0,0,0,0,0,0
592,0,0,0,0,0,0,0,0,0
593,0,0,0,0,0,0,0,0,0
594,0,0,0,0,0,0,0,0,0
595,0,0,0,0,0,0,0,0,0
596,0,0,0,0,0,0,0,0,0
597,0,0,0,0,0,0,0,0,0
598,0,0,0,0,0,0,0,0,0
599,0,0,0,0,0,0,0,0,0
600,0,0,0,0,0,0,0,0,0
601,0,0,0,0,0,0,0,0,0
602,0,0,0,0,0,0,0,0,0
603,0,0,0,0,0,0,0,0,0
604,0,0,0,0,0,0,0,0,0
605,0,0,0,0,0,0,0,0,0
606,0,0,0,0,0,0,0,0,0
607,0,0,0,0,0,0,0,0,0
608,0,0,0,0,0,0,0,0,0
609,0,0,0,0,0,0,0,0,0
610,0,0,0,0,0,0,0,0,0
611,0,0,0,0,0,0,0,0,0
612,0,0,0,0,0,0,0,0,0
613,0,0,0,0,0,0,0,0,0
614,0,0,0,0,0,0,0,0,0
615,0,0,0,0,0,0,0,0,0
616,0,0,0,0,0,0,0,0,0
617,0,0,0,0,0,0,0,0,0
618,0,0,0,0,0,0,0,0,0
619,0,0,0,0,0,0,0,0,0
620,0,0,0,0,0,0,0,0,0
621,0,0,0,0,0,0,0,0,0
622,0,0,0,0,0,0,0,0,0
623,0,0,0,0,0,0,0,0,0
624,0,0,0,0,0,0,0,0,0
625,0,0,0,0,0,0,0,0,0
626,0,0,0,0,0,0,0,0,0
627,0,0,0,0,0,0,0,0,0
628,0,0,0,0,0,0,0,0,0
629,0,0,0,0,0,0,0,0,0
630,0,0,0,0,0,0,0,0,0
631,0,0,0,0,0,0,0,0,0
632,0,0,0,0,0,0,0,0,0
633,0,0,0,0,0,0,0,0,0
634,0,0,0,0,0,0,0,0,0
635,0,0,0,0,0,0,0,0,0
636,0,0,0,0,0,0,0,0,0
637,0,0,0,0,0,0,0,0,0
638,0,0,0,0,0,0,0,0,0
639,0,0,0,0,0,0,0,0,0
640,0,0,0,0,0,0,0,0,0
641,0,0,0,0,0,0,0,0,0
642,0,0,0,0,0,0,0,0,0
643,0,0,0,0,0,0,0,0,0
644,0,0,0,0,0,0,0,0,0
645,0,0,0,0,0,0,0,0,0
646,0,0,0,0,0,0,0,0,0
647,0,0,0,0,0,0,0,0,0
648,0,0,0,0,0,0,0,0,0
649,0,0,0,0,0,0,0,0,0
650,0,0,0,0,0,0,0,0,0
651,0,0,0,0,0,0,0,0,0
652,0,0,0,0,0,0,0,0,0
653,0,0,0,0,0,0,0,0,0
654,0,0,0,0,0,0,0,0,0
655,0,0,0,0,0,0,0,0,0
656,0,0,0,0,0,0,0,0,0
657,0,0,0,0,0,0,0,0,0
658,0,0,0,0,0,0,0,0,0
659,0,0,0,0,0,0,0,0,0
660,0,0,0,0,0,0,0,0,0
661,0,0,0,0,0,0,0,0,0
662,0,0,0,0,0,0,0,0,0
663,0,0,0,0,0,0,0,0,0
664,0,0,0,0,0,0,0,0,0
665,0,0,0,0,0,0,0,0,0
666,0,0,0,0,0,0,0,0,0
667,0,0,0,0,0,0,0,0,0
668,0,0,0,0,0,0,0,0,0
669,0,0,0,0,0,0,0,0,0
670,0,0,0,0,0,0,0,0,0
671,0,0,0,0,0,0,0,0,0
672,0,0,0,0,0,0,0,0,0
673,0,0,0,0,0,0,0,0,0
674,0,0,0,0,0,0,0,0,0
675,0,0,0,0,0,0,0,0,0
676,0,0,0,0,0,0,0,0,0
677,0,0,0,0,0,0,0,0,0
678,0,0,0,0,0,0,0,0,0
679,0,0,0,0,0,0,0,0,0
680,0,0,0,0,0,0,0,0,0
681,0,0,0,0,0,0,0,0,0
682,0,0,0,0,0,0,0,0,0
683,0,0,0,0,0,0,0,0,0
684,0,0,0,0,0,0,0,0,0
685,0,0,0,0,0,0,0,0,0
686,0,0,0,0,0,0,0,0,0
687,0,0,0,0,0,0,0,0,0
688,0,0,0,0,0,0,0,0,0
689,0,0,0,0,0,0,0,0,0
690,0,0,0,0,0,0,0,0,0
691,0,0,0,0,0,0,0,0,0
692,0,0,0,0,0,0,0,0,0
693,0,0,0,0,0,0,0,0,0
694,0,0,0,0,0,0,0,0,0
695,0,0,0,0,0,0,0,0,0
696,0,0,0,0,0,0,0,0,0
697,0,0,0,0,0,0,0,0,0
698,0,0,0,0,0,0,0,0,0
699,0,0,0,0,0,0,0,0,0
700,0,0,0,0,0,0,0,0,0
701,0,0,0,0,0,0,0,0,0
702,0,0,0,0,0,0,0,0,0
703,0,0,0,0,0,0,0,0,0
704,0,0,0,0,0,0,0,0,0
705,0,0,0,0,0,0,0,0,0
706,0,0,0,0,0,0,0,0,0
707,0,0,0,0,0,0,0,0,0
708,0,0,0,0,0,0,0,0,0
709,0,0,0,0,0,0,0,0,0
710,0,0,0,0,0,0,0,0,0
711,0,0,0,0,0,0,0,0,0
712,0,0,0,0,0,0,0,0,0
713,0,0,0,0,0,0,0,0,0
714,0,0,0,0,0,0,0,0,0
715,0,0,0,0,0,0,0,0,0
716,0,0,0,0,0,0,0,0,0
717,0,0,0,0,0,0,0,0,0
718,0,0,0,0,0,0,0,0,0
719,0,0,0,0,0,0,0,0,0
720,0,0,0,0,0,0,0,0,0
721,0,0,0,0,0,0,0,0,0
722,0,0,0,0,0,0,0,0,0
723,0,0,0,0,0,0,0,0,0
724,0,0,0,0,0,0,0,0,0
725,0,0,0,0,0,0,0,0,0
726,0,0,0,0,0,0,0,0,0
727,0,0,0,0,0,0,0,0,0
728,0,0,0,0,0,0,0,0,0
729,0,0,0,0,0,0,0,0,0
730,0,0,0,0,0,0,0,0,0
731,0,0,0,0,0,0,0,0,0
732,0,0,0,0,0,0,0,0,0
733,0,0,0,0,0,0,0,0,0
734,0,0,0,0,0,0,0,0,0
735,0,0,0,0,0,0,0,0,0
736,0,0,0,0,0,0,0,0,0
737,0,0,0,0,0,0,0,0,0
738,0,0,0,0,0,0,0,0,0
739,0,0,0,0,0,0,0,0,0
740,0,0,0,0,0,0,0,0,0
741,0,0,0,0,0,0,0,0,0
742,0,0,0,0,0,0,0,0,0
743,0,0,0,0,0,0,0,0,0
744,0,0,0,0,0,0,0,0,0
745,0,0,0,0,0,0,0,0,0
746,0,0,0,0,0,0,0,0,0
747,0,0,0,0,0,0,0,0,0
748,0,0,0,0,0,0,0,0,0
749,0,0,0,0,0,0,0,0,0
750,0,0,0,0,0,0,0,0,0
0,194,7257,201425,4077983,57373546,517292847,2626655236,5935079656,3356972874
1,94,3048,68415,1121174,12764652,93046272,381548274,695214086,316409924
2,78,1939,35024,459106,4169852,24123698,77912740,110768150,38833583
3,58,1334,21294,247403,2006575,10365382,29885986,37922361,11852403
4,33,649,8917,87511,596923,2609378,6412485,6971561,1875240
5,23,402,4868,42251,256685,991536,2146059,2044309,477726
6,16,270,2871,22549,122594,424543,819310,696550,146299
7,5,108,982,6884,33057,101369,171806,128365,23702
8,5,101,856,5524,24178,67103,103679,71539,12147
9,3,73,594,3529,14759,39531,58880,39434,6521
10,3,72,532,2863,10736,26542,35839,21496,3132
11,2,59,434,2205,7680,17583,22247,12488,1672
12,2,58,391,1866,5954,12484,14266,7174,844
13,1,31,203,910,2958,6072,6820,3397,377
14,1,22,126,532,1689,3254,3447,1596,147
15,1,22,117,499,1508,2821,2760,1221,110
16,1,20,98,379,1144,2015,1942,796,65
17,1,16,75,282,810,1386,1293,518,36
18,1,16,68,258,677,1105,976,382,29
19,1,10,57,208,531,910,796,321,25
20,1,8,50,178,454,799,736,303,23
21,1,8,44,144,373,676,594,229,16
22,1,5,22,39,137,232,262,111,11
23,1,5,21,34,103,173,198,61,5
24,1,2,2,3,16,39,30,18,2
25,0,0,0,0,0,0,0,0,0
26,0,0,0,0,0,0,0,0,0
27,0,0,0,0,0,0,0,0,0
28,0,0,0,0,0,0,0,0,0
29,0,0,0,0,0,0,0,0,0
30,0,0,0,0,0,0,0,0,0
31,0,0,0,0,0,0,0,0,0
32,0,0,0,0,0,0,0,0,0
33,0,0,0,0,0,0,0,0,0
34,0,0,0,0,0,0,0,0,0
35,0,0,0,0,0,0,0,0,0
36,0,0,0,0,0,0,0,0,0
37,0,0,0,0,0,0,0,0,0
38,0,0,0,0,0,0,0,0,0
39,0,0,0,0,0,0,0,0,0
40,0,0,0,0,0,0,0,0,0
41,0,0,0,0,0,0,0,0,0
42,0,0,0,0,0,0,0,0,0
43,0,0,0,0,0,0,0,0,0
44,0,0,0,0,0,0,0,0,0
45,0,0,0,0,0,0,0,0,0
46,0,0,0,0,0,0,0,0,0
47,0,0,0,0,0,0,0,0,0
48,0,0,0,0,0,0,0,0,0
49,0,0,0,0,0,0,0,0,0
50,0,0,0,0,0,0,0,0,0
51,0,0,0,0,0,0,0,0,0
52,0,0,0,0,0,0,0,0,0
53,0,0,0,0,0,0,0,0,0
54,0,0,0,0,0,0,0,0,0
55,0,0,0,0,0,0,0,0,0
56,0,0,0,0,0,0,0,0,0
57,0,0,0,0,0,0,0,0,0
58,0,0,0,0,0,0,0,0,0
59,0,0,0,0,0,0,0,0,0
60,0,0,0,0,0,0,0,0,0
61,0,0,0,0,0,0,0,0,0
62,0,0,0,0,0,0,0,0,0
63,0,0,0,0,0,0,0,0,0
64,0,0,0,0,0,0,0,0,0
65,0,0,0,0,0,0,0,0,0
66,0,0,0,0,0,0,0,0,0
67,0,0,0,0,0,0,0,0,0
68,0,0,0,0,0,0,0,0,0
69,0,0,0,0,0,0,0,0,0
70,0,0,0,0,0,0,0,0,0
71,0,0,0,0,0,0,0,0,0
72,0,0,0,0,0,0,0,0,0
73,0,0,0,0,0,0,0,0,0
74,0,0,0,0,0,0,0,0,0
75,0,0,0,0,0,0,0,0,0
76,0,0,0,0,0,0,0,0,0
77,0,0,0,0,0,0,0,0,0
78,0,0,0,0,0,0,0,0,0
79,0,0,0,0,0,0,0,0,0
80,0,0,0,0,0,0,0,0,0
81,0,0,0,0,0,0,0,0,0
82,0,0,0,0,0,0,0,0,0
83,0,0,0,0,0,0,0,0,0
84,0,0,0,0,0,0,0,0,0
85,0,0,0,0,0,0,0,0,0
86,0,0,0,0,0,0,0,0,0
87,0,0,0,0,0,0,0,0,0
88,0,0,0,0,0,0,0,0,0
89,0,0,0,0,0,0,0,0,0
90,0,0,0,0,0,0,0,0,0
91,0,0,0,0,0,0,0,0,0
92,0,0,0,0,0,0,0,0,0
93,0,0,0,0,0,0,0,0,0
94,0,0,0,0,0,0,0,0,0
95,0,0,0,0,0,0,0,0,0
96,0,0,0,0,0,0,0,0,0
97,0,0,0,0,0,0,0,0,0
98,0,0,0,0,0,0,0,0,0
99,0,0,0,0,0,0,0,0,0
100,0,0,0,0,0,0,0,0,0
101,0,0,0,0,0,0,0,0,0
102,0,0,0,0,0,0,0,0,0
103,0,0,0,0,0,0,0,0,0
104,0,0,0,0,0,0,0,0,0
105,0,0,0,0,0,0,0,0,0
106,0,0,0,0,0,0,0,0,0
107,0,0,0,0,0,0,0,0,0
108,0,0,0,0,0,0,0,0,0
109,0,0,0,0,0,0,0,0,0
110,0,0,0,0,0,0,0,0,0
111,0,0,0,0,0,0,0,0,0
112,0,0,0,0,0,0,0,0,0
113,0,0,0,0,0,0,0,0,0
114,0,0,0,0,0,0,0,0,0
115,0,0,0,0,0,0,0,0,0
116,0,0,0,0,0,0,0,0,0
117,0,0,0,0,0,0,0,0,0
118,0,0,0,0,0,0,0,0,0
119,0,0,0,0,0,0,0,0,0
120,0,0,0,0,0,0,0,0,0
121,0,0,0,0,0,0,0,0,0
122,0,0,0,0,0,0,0,0,0
123,0,0,0,0,0,0,0,0,0
124,0,0,0,0,0,0,0,0,0
125,0,0,0,0,0,0,0,0,0
126,0,0,0,0,0,0,0,0,0
127,0,0,0,0,0,0,0,0,0
128,0,0,0,0,0,0,0,0,0
129,0,0,0,0,0,0,0,0,0
130,0,0,0,0,0,0,0,0,0
131,0,0,0,0,0,0,0,0,0
132,0,0,0,0,0,0,0,0,0
133,0,0,0,0,0,0,0,0,0
134,0,0,0,0,0,0,0,0,0
135,0,0,0,0,0,0,0,0,0
136,0,0,0,0,0,0,0,0,0
137,0,0,0,0,0,0,0,0,0
138,0,0,0,0,0,0,0,0,0
139,0,0,0,0,0,0,0,0,0
140,0,0,0,0,0,0,0,0,0
141,0,0,0,0,0,0,0,0,0
142,0,0,0,0,0,0,0,0,0
143,0,0,0,0,0,0,0,0,0
144,0,0,0,0,0,0,0,0,0
145,0,0,0,0,0,0,0,0,0
146,0,0,0,0,0,0,0,0,0
147,0,0,0,0,0,0,0,0,0
148,0,0,0,0,0,0,0,0,0
149,0,0,0,0,0,0,0,0,0
150,0,0,0,0,0,0,0,0,0
151,0,0,0,0,0,0,0,0,0
152,0,0,0,0,0,0,0,0,0
153,0,0,0,0,0,0,0,0,0
154,0,0,0,0,0,0,0,0,0
155,0,0,0,0,0,0,0,0,0
156,0,0,0,0,0,0,0,0,0
157,0,0,0,0,0,0,0,0,0
158,0,0,0,0,0,0,0,0,0
159,0,0,0,0,0,0,0,0,0
160,0,0,0,0,0,0,0,0,0
161,0,0,0,0,0,0,0,0,0
162,0,0,0,0,0,0,0,0,0
163,0,0,0,0,0,0,0,0,0
164,0,0,0,0,0,0,0,0,0
165,0,0,0,0,0,0,0,0,0
166,0,0,0,0,0,0,0,0,0
167,0,0,0,0,0,0,0,0,0
168,0,0,0,0,0,0,0,0,0
169,0,0,0,0,0,0,0,0,0
170,0,0,0,0,0,0,0,0,0
171,0,0,0,0,0,0,0,0,0
172,0,0,0,0,0,0,0,0,0
173,0,0,0,0,0,0,0,0,0
174,0,0,0,0,0,0,0,0,0
175,0,0,0,0,0,0,0,0,0
176,0,0,0,0,0,0,0,0,0
177,0,0,0,0,0,0,0,0,0
178,0,0,0,0,0,0,0,0,0
179,0,0,0,0,0,0,0,0,0
180,0,0,0,0,0,0,0,0,0
181,0,0,0,0,0,0,0,0,0
182,0,0,0,0,0,0,0,0,0
183,0,0,0,0,0,0,0,0,0
184,0,0,0,0,0,0,0,0,0
185,0,0,0,0,0,0,0,0,0
186,0,0,0,0,0,0,0,0,0
187,0,0,0,0,0,0,0,0,0
188,0,0,0,0,0,0,0,0,0
189,0,0,0,0,0,0,0,0,0
190,0,0,0,0,0,0,0,0,0
191,0,0,0,0,0,0,0,0,0
192,0,0,0,0,0,0,0,0,0
193,0,0,0,0,0,0,0,0,0
194,0,0,0,0,0,0,0,0,0
195,0,0,0,0,0,0,0,0,0
196,0,0,0,0,0,0,0,0,0
197,0,0,0,0,0,0,0,0,0
198,0,0,0,0,0,0,0,0,0
199,0,0,0,0,0,0,0,0,0
200,0,0,0,0,0,0,0,0,0
201,0,0,0,0,0,0,0,0,0
202,0,0,0,0,0,0,0,0,0
203,0,0,0,0,0,0,0,0,0
204,0,0,0,0,0,0,0,0,0
205,0,0,0,0,0,0,0,0,0
206,0,0,0,0,0,0,0,0,0
207,0,0,0,0,0,0,0,0,0
208,0,0,0,0,0,0,0,0,0
209,0,0,0,0,0,0,0,0,0
210,0,0,0,0,0,0,0,0,0
211,0,0,0,0,0,0,0,0,0
212,0,0,0,0,0,0,0,0,0
213,0,0,0,0,0,0,0,0,0
214,0,0,0,0,0,0,0,0,0
215,0,0,0,0,0,0,0,0,0
216,0,0,0,0,0,0,0,0,0
217,0,0,0,0,0,0,0,0,0
218,0,0,0,0,0,0,0,0,0
219,0,0,0,0,0,0,0,0,0
220,0,0,0,0,0,0,0,0,0
221,0,0,0,0,0,0,0,0,0
222,0,0,0,0,0,0,0,0,0
223,0,0,0,0,0,0,0,0,0
224,0,0,0,0,0,0,0,0,0
225,0,0,0,0,0,0,0,0,0
226,0,0,0,0,0,0,0,0,0
227,0,0,0,0,0,0,0,0,0
228,0,0,0,0,0,0,0,0,0
229,0,0,0,0,0,0,0,0,0
230,0,0,0,0,0,0,0,0,0
231,0,0,0,0,0,0,0,0,0
232,0,0,0,0,0,0,0,0,0
233,0,0,0,0,0,0,0,0,0
234,0,0,0,0,0,0,0,0,0
235,0,0,0,0,0,0,0,0,0
236,0,0,0,0,0,0,0,0,0
237,0,0,0,0,0,0,0,0,0
238,0,0,0,0,0,0,0,0,0
239,0,0,0,0,0,0,0,0,0
240,0,0,0,0,0,0,0,0,0
241,0,0,0,0,0,0,0,0,0
242,0,0,0,0,0,0,0,0,0
243,0,0,0,0,0,0,0,0,0
244,0,0,0,0,0,0,0,0,0
245,0,0,0,0,0,0,0,0,0
246,0,0,0,0,0,0,0,0,0
247,0,0,0,0,0,0,0,0,0
248,0,0,0,0,0,0,0,0,0
249,0,0,0,0,0,0,0,0,0
250,0,0,0,0,0,0,0,0,0
251,0,0,0,0,0,0,0,0,0
252,0,0,0,0,0,0,0,0,0
253,0,0,0,0,0,0,0,0,0
254,0,0,0,0,0,0,0,0,0
255,0,0,0,0,0,0,0,0,0
256,0,0,0,0,0,0,0,0,0
257,0,0,0,0,0,0,0,0,0
258,0,0,0,0,0,0,0,0,0
259,0,0,0,0,0,0,0,0,0
260,0,0,0,0,0,0,0,0,0
261,0,0,0,0,0,0,0,0,0
262,0,0,0,0,0,0,0,0,0
263,0,0,0,0,0,0,0,0,0
264,0,0,0,0,0,0,0,0,0
265,0,0,0,0,0,0,0,0,0
266,0,0,0,0,0,0,0,0,0
267,0,0,0,0,0,0,0,0,0
268,0,0,0,0,0,0,0,0,0
269,0,0,0,0,0,0,0,0,0
270,0,0,0,0,0,0,0,0,0
271,0,0,0,0,0,0,0,0,0
272,0,0,0,0,0,0,0,0,0
273,0,0,0,0,0,0,0,0,0
274,0,0,0,0,0,0,0,0,0
275,0,0,0,0,0,0,0,0,0
276,0,0,0,0,0,0,0,0,0
277,0,0,0,0,0,0,0,0,0
278,0,0,0,0,0,0,0,0,0
279,0,0,0,0,0,0,0,0,0
280,0,0,0,0,0,0,0,0,0
281,0,0,0,0,0,0,0,0,0
282,0,0,0,0,0,0,0,0,0
283,0,0,0,0,0,0,0,0,0
284,0,0,0,0,0,0,0,0,0
285,0,0,0,0,0,0,0,0,0
286,0,0,0,0,0,0,0,0,0
287,0,0,0,0,0,0,0,0,0
288,0,0,0,0,0,0,0,0,0
289,0,0,0,0,0,0,0,0,0
290,0,0,0,0,0,0,0,0,0
291,0,0,0,0,0,0,0,0,0
292,0,0,0,0,0,0,0,0,0
293,0,0,0,0,0,0,0,0,0
294,0,0,0,0,0,0,0,0,0
295,0,0,0,0,0,0,0,0,0
296,0,0,0,0,0,0,0,0,0
297,0,0,0,0,0,0,0,0,0
298,0,0,0,0,0,0,0,0,0
299,0,0,0,0,0,0,0,0,0
300,0,0,0,0,0,0,0,0,0
301,0,0,0,0,0,0,0,0,0
302,0,0,0,0,0,0,0,0,0
303,0,0,0,0,0,0,0,0,0
304,0,0,0,0,0,0,0,0,0
305,0,0,0,0,0,0,0,0,0
306,0,0,0,0,0,0,0,0,0
307,0,0,0,0,0,0,0,0,0
308,0,0,0,0,0,0,0,0,0
309,0,0,0,0,0,0,0,0,0
310,0,0,0,0,0,0,0,0,0
311,0,0,0,0,0,0,0,0,0
312,0,0,0,0,0,0,0,0,0
313,0,0,0,0,0,0,0,0,0
314,0,0,0,0,0,0,0,0,0
315,0,0,0,0,0,0,0,0,0
316,0,0,0,0,0,0,0,0,0
317,0,0,0,0,0,0,0,0,0
318,0,0,0,0,0,0,0,0,0
319,0,0,0,0,0,0,0,0,0
320,0,0,0,0,0,0,0,0,0
321,0,0,0,0,0,0,0,0,0
322,0,0,0,0,0,0,0,0,0
323,0,0,0,0,0,0,0,0,0
324,0,0,0,0,0,0,0,0,0
325,0,0,0,0,0,0,0,0,0
326,0,0,0,0,0,0,0,0,0
327,0,0,0,0,0,0,0,0,0
328,0,0,0,0,0,0,0,0,0
329,0,0,0,0,0,0,0,0,0
330,0,0,0,0,0,0,0,0,0
331,0,0,0,0,0,0,0,0,0
332,0,0,0,0,0,0,0,0,0
333,0,0,0,0,0,0,0,0,0
334,0,0,0,0,0,0,0,0,0
335,0,0,0,0,0,0,0,0,0
336,0,0,0,0,0,0,0,0,0
337,0,0,0,0,0,0,0,0,0
338,0,0,0,0,0,0,0,0,0
339,0,0,0,0,0,0,0,0,0
340,0,0,0,0,0,0,0,0,0
341,0,0,0,0,0,0,0,0,0
342,0,0,0,0,0,0,0,0,0
343,0,0,0,0,0,0,0,0,0
344,0,0,0,0,0,0,0,0,0
345,0,0,0,0,0,0,0,0,0
346,0,0,0,0,0,0,0,0,0
347,0,0,0,0,0,0,0,0,0
348,0,0,0,0,0,0,0,0,0
349,0,0,0,0,0,0,0,0,0
350,0,0,0,0,0,0,0,0,0
351,0,0,0,0,0,0,0,0,0
352,0,0,0,0,0,0,0,0,0
353,0,0,0,0,0,0,0,0,0
354,0,0,0,0,0,0,0,0,0
355,0,0,0,0,0,0,0,0,0
356,0,0,0,0,0,0,0,0,0
357,0,0,0,0,0,0,0,0,0
358,0,0,0,0,0,0,0,0,0
359,0,0,0,0,0,0,0,0,0
360,0,0,0,0,0,0,0,0,0
361,0,0,0,0,0,0,0,0,0
362,0,0,0,0,0,0,0,0,0
363,0,0,0,0,0,0,0,0,0
364,0,0,0,0,0,0,0,0,0
365,0,0,0,0,0,0,0,0,0
366,0,0,0,0,0,0,0,0,0
367,0,0,0,0,0,0,0,0,0
368,0,0,0,0,0,0,0,0,0
369,0,0,0,0,0,0,0,0,0
370,0,0,0,0,0,0,0,0,0
371,0,0,0,0,0,0,0,0,0
372,0,0,0,0,0,0,0,0,0
373,0,0,0,0,0,0,0,0,0
374,0,0,0,0,0,0,0,0,0
375,0,0,0,0,0,0,0,0,0
376,0,0,0,0,0,0,0,0,0
377,0,0,0,0,0,0,0,0,0
378,0,0,0,0,0,0,0,0,0
379,0,0,0,0,0,0,0,0,0
380,0,0,0,0,0,0,0,0,0
381,0,0,0,0,0,0,0,0,0
382,0,0,0,0,0,0,0,0,0
383,0,0,0,0,0,0,0,0,0
384,0,0,0,0,0,0,0,0,0
385,0,0,0,0,0,0,0,0,0
386,0,0,0,0,0,0,0,0,0
387,0,0,0,0,0,0,0,0,0
388,0,0,0,0,0,0,0,0,0
389,0,0,0,0,0,0,0,0,0
390,0,0,0,0,0,0,0,0,0
391,0,0,0,0,0,0,0,0,0
392,0,0,0,0,0,0,0,0,0
393,0,0,0,0,0,0,0,0,0
394,0,0,0,0,0,0,0,0,0
395,0,0,0,0,0,0,0,0,0
396,0,0,0,0,0,0,0,0,0
397,0,0,0,0,0,0,0,0,0
398,0,0,0,0,0,0,0,0,0
399,0,0,0,0,0,0,0,0,0
400,0,0,0,0,0,0,0,0,0
401,0,0,0,0,0,0,0,0,0
402,0,0,0,0,0,0,0,0,0
403,0,0,0,0,0,0,0,0,0
404,0,0,0,0,0,0,0,0,0
405,0,0,0,0,0,0,0,0,0
406,0,0,0,0,0,0,0,0,0
407,0,0,0,0,0,0,0,0,0
408,0,0,0,0,0,0,0,0,0
409,0,0,0,0,0,0,0,0,0
410,0,0,0,0,0,0,0,0,0
411,0,0,0,0,0,0,0,0,0
412,0,0,0,0,0,0,0,0,0
413,0,0,0,0,0,0,0,0,0
414,0,0,0,0,0,0,0,0,0
415,0,0,0,0,0,0,0,0,0
416,0,0,0,0,0,0,0,0,0
417,0,0,0,0,0,0,0,0,0
418,0,0,0,0,0,0,0,0,0
419,0,0,0,0,0,0,0,0,0
420,0,0,0,0,0,0,0,0,0
421,0,0,0,0,0,0,0,0,0
422,0,0,0,0,0,0,0,0,0
423,0,0,0,0,0,0,0,0,0
424,0,0,0,0,0,0,0,0,0
425,0,0,0,0,0,0,0,0,0
426,0,0,0,0,0,0,0,0,0
427,0,0,0,0,0,0,0,0,0
428,0,0,0,0,0,0,0,0,0
429,0,0,0,0,0,0,0,0,0
430,0,0,0,0,0,0,0,0,0
431,0,0,0,0,0,0,0,0,0
432,0,0,0,0,0,0,0,0,0
433,0,0,0,0,0,0,0,0,0
434,0,0,0,0,0,0,0,0,0
435,0,0,0,0,0,0,0,0,0
436,0,0,0,0,0,0,0,0,0
437,0,0,0,0,0,0,0,0,0
438,0,0,0,0,0,0,0,0,0
439,0,0,0,0,0,0,0,0,0
440,0,0,0,0,0,0,0,0,0
441,0,0,0,0,0,0,0,0,0
442,0,0,0,0,0,0,0,0,0
443,0,0,0,0,0,0,0,0,0
444,0,0,0,0,0,0,0,0,0
445,0,0,0,0,0,0,0,0,0
446,0,0,0,0,0,0,0,0,0
447,0,0,0,0,0,0,0,0,0
448,0,0,0,0,0,0,0,0,0
449,0,0,0,0,0,0,0,0,0
450,0,0,0,0,0,0,0,0,0
451,0,0,0,0,0,0,0,0,0
452,0,0,0,0,0,0,0,0,0
453,0,0,0,0,0,0,0,0,0
454,0,0,0,0,0,0,0,0,0
455,0,0,0,0,0,0,0,0,0
456,0,0,0,0,0,0,0,0,0
457,0,0,0,0,0,0,0,0,0
458,0,0,0,0,0,0,0,0,0
459,0,0,0,0,0,0,0,0,0
460,0,0,0,0,0,0,0,0,0
461,0,0,0,0,0,0,0,0,0
462,0,0,0,0,0,0,0,0,0
463,0,0,0,0,0,0,0,0,0
464,0,0,0,0,0,0,0,0,0
465,0,0,0,0,0,0,0,0,0
466,0,0,0,0,0,0,0,0,0
467,0,0,0,0,0,0,0,0,0
468,0,0,0,0,0,0,0,0,0
469,0,0,0,0,0,0,0,0,0
470,0,0,0,0,0,0,0,0,0
471,0,0,0,0,0,0,0,0,0
472,0,0,0,0,0,0,0,0,0
473,0,0,0,0,0,0,0,0,0
474,0,0,0,0,0,0,0,0,0
475,0,0,0,0,0,0,0,0,0
476,0,0,0,0,0,0,0,0,0
477,0,0,0,0,0,0,0,0,0
478,0,0,0,0,0,0,0,0,0
479,0,0,0,0,0,0,0,0,0
480,0,0,0,0,0,0,0,0,0
481,0,0,0,0,0,0,0,0,0
482,0,0,0,0,0,0,0,0,0
483,0,0,0,0,0,0,0,0,0
484,0,0,0,0,0,0,0,0,0
485,0,0,0,0,0,0,0,0,0
486,0,0,0,0,0,0,0,0,0
487,0,0,0,0,0,0,0,0,0
488,0,0,0,0,0,0,0,0,0
489,0,0,0,0,0,0,0,0,0
490,0,0,0,0,0,0,0,0,0
491,0,0,0,0,0,0,0,0,0
492,0,0,0,0,0,0,0,0,0
493,0,0,0,0,0,0,0,0,0
494,0,0,0,0,0,0,0,0,0
495,0,0,0,0,0,0,0,0,0
496,0,0,0,0,0,0,0,0,0
497,0,0,0,0,0,0,0,0,0
498,0,0,0,0,0,0,0,0,0
499,0,0,0,0,0,0,0,0,0
500,0,0,0,0,0,0,0,0,0
501,0,0,0,0,0,0,0,0,0
502,0,0,0,0,0,0,0,0,0
503,0,0,0,0,0,0,0,0,0
504,0,0,0,0,0,0,0,0,0
505,0,0,0,0,0,0,0,0,0
506,0,0,0,0,0,0,0,0,0
507,0,0,0,0,0,0,0,0,0
508,0,0,0,0,0,0,0,0,0
509,0,0,0,0,0,0,0,0,0
510,0,0,0,0,0,0,0,0,0
511,0,0,0,0,0,0,0,0,0
512,0,0,0,0,0,0,0,0,0
513,0,0,0,0,0,0,0,0,0
514,0,0,0,0,0,0,0,0,0
515,0,0,0,0,0,0,0,0,0
516,0,0,0,0,0,0,0,0,0
517,0,0,0,0,0,0,0,0,0
518,0,0,0,0,0,0,0,0,0
519,0,0,0,0,0,0,0,0,0
520,0,0,0,0,0,0,0,0,0
521,0,0,0,0,0,0,0,0,0
522,0,0,0,0,0,0,0,0,0
523,0,0,0,0,0,0,0,0,0
524,0,0,0,0,0,0,0,0,0
525,0,0,0,0,0,0,0,0,0
526,0,0,0,0,0,0,0,0,0
527,0,0,0,0,0,0,0,0,0
528,0,0,0,0,0,0,0,0,0
529,0,0,0,0,0,0,0,0,0
530,0,0,0,0,0,0,0,0,0
531,0,0,0,0,0,0,0,0,0
532,0,0,0,0,0,0,0,0,0
533,0,0,0,0,0,0,0,0,0
534,0,0,0,0,0,0,0,0,0
535,0,0,0,0,0,0,0,0,0
536,0,0,0,0,0,0,0,0,0
537,0,0,0,0,0,0,0,0,0
538,0,0,0,0,0,0,0,0,0
539,0,0,0,0,0,0,0,0,0
540,0,0,0,0,0,0,0,0,0
541,0,0,0,0,0,0,0,0,0
542,0,0,0,0,0,0,0,0,0
543,0,0,0,0,0,0,0,0,0
544,0,0,0,0,0,0,0,0,0
545,0,0,0,0,0,0,0,0,0
546,0,0,0,0,0,0,0,0,0
547,0,0,0,0,0,0,0,0,0
548,0,0,0,0,0,0,0,0,0
549,0,0,0,0,0,0,0,0,0
550,0,0,0,0,0,0,0,0,0
551,0,0,0,0,0,0,0,0,0
552,0,0,0,0,0,0,0,0,0
553,0,0,0,0,0,0,0,0,0
554,0,0,0,0,0,0,0,0,0
555,0,0,0,0,0,0,0,0,0
556,0,0,0,0,0,0,0,0,0
557,0,0,0,0,0,0,0,0,0
558,0,0,0,0,0,0,0,0,0
559,0,0,0,0,0,0,0,0,0
560,0,0,0,0,0,0,0,0,0
561,0,0,0,0,0,0,0,0,0
562,0,0,0,0,0,0,0,0,0
563,0,0,0,0,0,0,0,0,0
564,0,0,0,0,0,0,0,0,0
565,0,0,0,0,0,0,0,0,0
566,0,0,0,0,0,0,0,0,0
567,0,0,0,0,0,0,0,0,0
568,0,0,0,0,0,0,0,0,0
569,0,0,0,0,0,0,0,0,0
570,0,0,0,0,0,0,0,0,0
571,0,0,0,0,0,0,0,0,0
572,0,0,0,0,0,0,0,0,0
573,0,0,0,0,0,0,0,0,0
574,0,0,0,0,0,0,0,0,0
575,0,0,0,0,0,0,0,0,0
576,0,0,0,0,0,0,0,0,0
577,0,0,0,0,0,0,0,0,0
578,0,0,0,0,0,0,0,0,0
579,0,0,0,0,0,0,0,0,0
580,0,0,0,0,0,0,0,0,0
581,0,0,0,0,0,0,0,0,0
582,0,0,0,0,0,0,0,0,0
583,0,0,0,0,0,0,0,0,0
584,0,0,0,0,0,0,0,0,0
585,0,0,0,0,0,0,0,0,0
586,0,0,0,0,0,0,0,0,0
587,0,0,0,0,0,0,0,0,0
588,0,0,0,0,0,0,0,0,0
589,0,0,0,0,0,0,0,0,0
590,0,0,0,0,0,0,0,0,0
591,0,0,0,0,0,0,0,0,0
592,0,0,0,0,0,0,0,0,0
593,0,0,0,0,0,0,0,0,0
594,0,0,0,0,0,0,0,0,0
595,0,0,0,0,0,0,0,0,0
596,0,0,0,0,0,0,0,0,0
597,0,0,0,0,0,0,0,0,0
598,0,0,0,0,0,0,0,0,0
599,0,0,0,0,0,0,0,0,0
600,0,0,0,0,0,0,0,0,0
601,0,0,0,0,0,0,0,0,0
602,0,0,0,0,0,0,0,0,0
603,0,0,0,0,0,0,0,0,0
604,0,0,0,0,0,0,0,0,0
605,0,0,0,0,0,0,0,0,0
606,0,0,0,0,0,0,0,0,0
607,0,0,0,0,0,0,0,0,0
608,0,0,0,0,0,0,0,0,0
609,0,0,0,0,0,0,0,0,0
610,0,0,0,0,0,0,0,0,0
611,0,0,0,0,0,0,0,0,0
612,0,0,0,0,0,0,0,0,0
613,0,0,0,0,0,0,0,0,0
614,0,0,0,0,0,0,0,0,0
615,0,0,0,0,0,0,0,0,0
616,0,0,0,0,0,0,0,0,0
617,0,0,0,0,0,0,0,0,0
618,0,0,0,0,0,0,0,0,0
619,0,0,0,0,0,0,0,0,0
620,0,0,0,0,0,0,0,0,0
621,0,0,0,0,0,0,0,0,0
622,0,0,0,0,0,0,0,0,0
623,0,0,0,0,0,0,0,0,0
624,0,0,0,0,0,0,0,0,0
625,0,0,0,0,0,0,0,0,0
626,0,0,0,0,0,0,0,0,0
627,0,0,0,0,0,0,0,0,0
628,0,0,0,0,0,0,0,0,0
629,0,0,0,0,0,0,0,0,0
630,0,0,0,0,0,0,0,0,0
631,0,0,0,0,0,0,0,0,0
632,0,0,0,0,0,0,0,0,0
633,0,0,0,0,0,0,0,0,0
634,0,0,0,0,0,0,0,0,0
635,0,0,0,0,0,0,0,0,0
636,0,0,0,0,0,0,0,0,0
637,0,0,0,0,0,0,0,0,0
638,0,0,0,0,0,0,0,0,0
639,0,0,0,0,0,0,0,0,0
640,0,0,0,0,0,0,0,0,0
641,0,0,0,0,0,0,0,0,0
642,0,0,0,0,0,0,0,0,0
643,0,0,0,0,0,0,0,0,0
644,0,0,0,0,0,0,0,0,0
645,0,0,0,0,0,0,0,0,0
646,0,0,0,0,0,0,0,0,0
647,0,0,0,0,0,0,0,0,0
648,0,0,0,0,0,0,0,0,0
649,0,0,0,0,0,0,0,0,0
650,0,0,0,0,0,0,0,0,0
651,0,0,0,0,0,0,0,0,0
652,0,0,0,0,0,0,0,0,0
653,0,0,0,0,0,0,0,0,0
654,0,0,0,0,0,0,0,0,0
655,0,0,0,0,0,0,0,0,0
656,0,0,0,0,0,0,0,0,0
657,0,0,0,0,0,0,0,0,0
658,0,0,0,0,0,0,0,0,0
659,0,0,0,0,0,0,0,0,0
660,0,0,0,0,0,0,0,0,0
661,0,0,0,0,0,0,0,0,0
662,0,0,0,0,0,0,0,0,0
663,0,0,0,0,0,0,0,0,0
664,0,0,0,0,0,0,0,0,0
665,0,0,0,0,0,0,0,0,0
666,0,0,0,0,0,0,0,0,0
667,0,0,0,0,0,0,0,0,0
668,0,0,0,0,0,0,0,0,0
669,0,0,0,0,0,0,0,0,0
670,0,0,0,0,0,0,0,0,0
671,0,0,0,0,0,0,0,0,0
672,0,0,0,0,0,0,0,0,0
673,0,0,0,0,0,0,0,0,0
674,0,0,0,0,0,0,0,0,0
675,0,0,0,0,0,0,0,0,0
676,0,0,0,0,0,0,0,0,0
677,0,0,0,0,0,0,0,0,0
678,0,0,0,0,0,0,0,0,0
679,0,0,0,0,0,0,0,0,0
680,0,0,0,0,0,0,0,0,0
681,0,0,0,0,0,0,0,0,0
682,0,0,0,0,0,0,0,0,0
683,0,0,0,0,0,0,0,0,0
684,0,0,0,0,0,0,0,0,0
685,0,0,0,0,0,0,0,0,0
686,0,0,0,0,0,0,0,0,0
687,0,0,0,0,0,0,0,0,0
688,0,0,0,0,0,0,0,0,0
689,0,0,0,0,0,0,0,0,0
690,0,0,0,0,0,0,0,0,0
691,0,0,0,0,0,0,0,0,0
692,0,0,0,0,0,0,0,0,0
693,0,0,0,0,0,0,0,0,0
694,0,0,0,0,0,0,0,0,0
695,0,0,0,0,0,0,0,0,0
696,0,0,0,0,0,0,0,0,0
697,0,0,0,0,0,0,0,0,0
698,0,0,0,0,0,0,0,0,0
699,0,0,0,0,0,0,0,0,0
700,0,0,0,0,0,0,0,0,0
701,0,0,0,0,0,0,0,0,0
702,0,0,0,0,0,0,0,0,0
703,0,0,0,0,0,0,0,0,0
704,0,0,0,0,0,0,0,0,0
705,0,0,0,0,0,0,0,0,0
706,0,0,0,0,0,0,0,0,0
707,0,0,0,0,0,0,0,0,0
708,0,0,0,0,0,0,0,0,0
709,0,0,0,0,0,0,0,0,0
710,0,0,0,0,0,0,0,0,0
711,0,0,0,0,0,0,0,0,0
712,0,0,0,0,0,0,0,0,0
713,0,0,0,0,0,0,0,0,0
714,0,0,0,0,0,0,0,0,0
715,0,0,0,0,0,0,0,0,0
716,0,0,0,0,0,0,0,0,0
717,0,0,0,0,0,0,0,0,0
718,0,0,0,0,0,0,0,0,0
719,0,0,0,0,0,0,0,0,0
720,0,0,0,0,0,0,0,0,0
721,0,0,0,0,0,0,0,0,0
722,0,0,0,0,0,0,0,0,0
723,0,0,0,0,0,0,0,0,0
724,0,0,0,0,0,0,0,0,0
725,0,0,0,0,0,0,0,0,0
726,0,0,0,0,0,0,0,0,0
727,0,0,0,0,0,0,0,0,0
728,0,0,0,0,0,0,0,0,0
729,0,0,0,0,0,0,0,0,0
730,0,0,0,0,0,0,0,0,0
731,0,0,0,0,0,0,0,0,0
732,0,0,0,0,0,0,0,0,0
733,0,0,0,0,0,0,0,0,0
734,0,0,0,0,0,0,0,0,0
735,0,0,0,0,0,0,0,0,0
736,0,0,0,0,0,0,0,0,0
737,0,0,0,0,0,0,0,0,0
738,0,0,0,0,0,0,0,0,0
739,0,0,0,0,0,0,0,0,0
740,0,0,0,0,0,0,0,0,0
741,0,0,0,0,0,0,0,0,0
742,0,0,0,0,0,0,0,0,0
743,0,0,0,0,0,0,0,0,0
744,0,0,0,0,0,0,0,0,0
745,0,0,0,0,0,0,0,0,0
746,0,0,0,0,0,0,0,0,0
747,0,0,0,0,0,0,0,0,0
748,0,0,0,0,0,0,0,0,0
749,0,0,0,0,0,0,0,0,0
750,0,0,0,0,0,0,0,0,0
0,194,7257,201425,4077983,57373546,517292847,2626655236,5935079656,3356972874
1,101,2767,60426,950222,10391052,72887305,287975637,506201009,222659864
2,71,1573,28175,368979,3361974,19697072,65120596,95940337,35420766
3,43,879,14061,164496,1335307,6963992,20446311,26660166,8666135
4,39,725,10091,102582,724177,3300241,8512556,9814224,2835645
5,29,457,5267,45896,276306,1075154,2358760,2317489,569794
6,24,350,3871,31294,177973,651006,1342682,1232275,283118
7,17,232,2245,16589,85631,284731,532747,443474,92866
8,14,193,1739,12118,58754,183798,323604,253035,49437
9,13,145,1194,7875,35626,103938,167991,120634,21507
10,8,92,761,4541,18744,48514,68830,42764,6605
11,7,77,610,3383,13194,32045,42586,24553,3481
12,6,65,480,2565,9461,22251,28353,15743,2099
13,3,38,269,1367,4892,11572,14446,7925,1043
14,3,37,243,1202,4102,9047,10653,5660,727
15,1,19,112,561,1910,4045,4729,2546,329
16,1,19,111,525,1646,3269,3486,1718,197
17,1,19,99,437,1266,2236,2185,924,103
18,1,18,88,372,940,1542,1400,561,63
19,1,18,85,329,803,1274,1043,428,41
20,1,18,85,329,803,1274,1043,428,41
21,1,12,64,224,502,763,611,259,29
22,1,10,55,191,443,648,549,239,27
23,1,8,53,181,408,581,478,195,22
24,1,6,27,116,212,286,217,78,8
25,1,6,25,104,187,263,194,70,7
26,0,3,13,66,113,163,110,43,4
27,0,3,10,37,70,102,71,26,2
28,0,3,7,27,53,75,48,23,1
29,0,2,5,23,49,64,41,19,1
30,0,2,5,18,31,36,23,12,1
31,0,2,5,17,26,27,21,7,1
32,0,2,4,16,17,25,20,6,1
33,0,2,3,10,16,18,16,3,0
34,0,2,3,10,15,18,13,3,0
35,0,1,2,9,5,11,5,2,0
36,0,1,2,8,4,10,5,1,0
37,0,1,2,8,4,10,5,1,0
38,0,1,2,8,3,7,5,1,0
39,0,1,2,8,3,4,5,1,0
40,0,1,2,5,2,2,3,1,0
41,0,1,2,5,2,2,3,1,0
42,0,0,1,3,0,2,0,0,0
43,0,0,0,0,0,0,0,0,0
44,0,0,0,0,0,0,0,0,0
45,0,0,0,0,0,0,0,0,0
46,0,0,0,0,0,0,0,0,0
47,0,0,0,0,0,0,0,0,0
48,0,0,0,0,0,0,0,0,0
49,0,0,0,0,0,0,0,0,0
50,0,0,0,0,0,0,0,0,0
51,0,0,0,0,0,0,0,0,0
52,0,0,0,0,0,0,0,0,0
53,0,0,0,0,0,0,0,0,0
54,0,0,0,0,0,0,0,0,0
55,0,0,0,0,0,0,0,0,0
56,0,0,0,0,0,0,0,0,0
57,0,0,0,0,0,0,0,0,0
58,0,0,0,0,0,0,0,0,0
59,0,0,0,0,0,0,0,0,0
60,0,0,0,0,0,0,0,0,0
61,0,0,0,0,0,0,0,0,0
62,0,0,0,0,0,0,0,0,0
63,0,0,0,0,0,0,0,0,0
64,0,0,0,0,0,0,0,0,0
65,0,0,0,0,0,0,0,0,0
66,0,0,0,0,0,0,0,0,0
67,0,0,0,0,0,0,0,0,0
68,0,0,0,0,0,0,0,0,0
69,0,0,0,0,0,0,0,0,0
70,0,0,0,0,0,0,0,0,0
71,0,0,0,0,0,0,0,0,0
72,0,0,0,0,0,0,0,0,0
73,0,0,0,0,0,0,0,0,0
74,0,0,0,0,0,0,0,0,0
75,0,0,0,0,0,0,0,0,0
76,0,0,0,0,0,0,0,0,0
77,0,0,0,0,0,0,0,0,0
78,0,0,0,0,0,0,0,0,0
79,0,0,0,0,0,0,0,0,0
80,0,0,0,0,0,0,0,0,0
81,0,0,0,0,0,0,0,0,0
82,0,0,0,0,0,0,0,0,0
83,0,0,0,0,0,0,0,0,0
84,0,0,0,0,0,0,0,0,0
85,0,0,0,0,0,0,0,0,0
86,0,0,0,0,0,0,0,0,0
87,0,0,0,0,0,0,0,0,0
88,0,0,0,0,0,0,0,0,0
89,0,0,0,0,0,0,0,0,0
90,0,0,0,0,0,0,0,0,0
91,0,0,0,0,0,0,0,0,0
92,0,0,0,0,0,0,0,0,0
93,0,0,0,0,0,0,0,0,0
94,0,0,0,0,0,0,0,0,0
95,0,0,0,0,0,0,0,0,0
96,0,0,0,0,0,0,0,0,0
97,0,0,0,0,0,0,0,0,0
98,0,0,0,0,0,0,0,0,0
99,0,0,0,0,0,0,0,0,0
100,0,0,0,0,0,0,0,0,0
101,0,0,0,0,0,0,0,0,0
102,0,0,0,0,0,0,0,0,0
103,0,0,0,0,0,0,0,0,0
104,0,0,0,0,0,0,0,0,0
105,0,0,0,0,0,0,0,0,0
106,0,0,0,0,0,0,0,0,0
107,0,0,0,0,0,0,0,0,0
108,0,0,0,0,0,0,0,0,0
109,0,0,0,0,0,0,0,0,0
110,0,0,0,0,0,0,0,0,0
111,0,0,0,0,0,0,0,0,0
112,0,0,0,0,0,0,0,0,0
113,0,0,0,0,0,0,0,0,0
114,0,0,0,0,0,0,0,0,0
115,0,0,0,0,0,0,0,0,0
116,0,0,0,0,0,0,0,0,0
117,0,0,0,0,0,0,0,0,0
118,0,0,0,0,0,0,0,0,0
119,0,0,0,0,0,0,0,0,0
120,0,0,0,0,0,0,0,0,0
121,0,0,0,0,0,0,0,0,0
122,0,0,0,0,0,0,0,0,0
123,0,0,0,0,0,0,0,0,0
124,0,0,0,0,0,0,0,0,0
125,0,0,0,0,0,0,0,0,0
126,0,0,0,0,0,0,0,0,0
127,0,0,0,0,0,0,0,0,0
128,0,0,0,0,0,0,0,0,0
129,0,0,0,0,0,0,0,0,0
130,0,0,0,0,0,0,0,0,0
131,0,0,0,0,0,0,0,0,0
132,0,0,0,0,0,0,0,0,0
133,0,0,0,0,0,0,0,0,0
134,0,0,0,0,0,0,0,0,0
135,0,0,0,0,0,0,0,0,0
136,0,0,0,0,0,0,0,0,0
137,0,0,0,0,0,0,0,0,0
138,0,0,0,0,0,0,0,0,0
139,0,0,0,0,0,0,0,0,0
140,0,0,0,0,0,0,0,0,0
141,0,0,0,0,0,0,0,0,0
142,0,0,0,0,0,0,0,0,0
143,0,0,0,0,0,0,0,0,0
144,0,0,0,0,0,0,0,0,0
145,0,0,0,0,0,0,0,0,0
146,0,0,0,0,0,0,0,0,0
147,0,0,0,0,0,0,0,0,0
148,0,0,0,0,0,0,0,0,0
149,0,0,0,0,0,0,0,0,0
150,0,0,0,0,0,0,0,0,0
151,0,0,0,0,0,0,0,0,0
152,0,0,0,0,0,0,0,0,0
153,0,0,0,0,0,0,0,0,0
154,0,0,0,0,0,0,0,0,0
155,0,0,0,0,0,0,0,0,0
156,0,0,0,0,0,0,0,0,0
157,0,0,0,0,0,0,0,0,0
158,0,0,0,0,0,0,0,0,0
159,0,0,0,0,0,0,0,0,0
160,0,0,0,0,0,0,0,0,0
161,0,0,0,0,0,0,0,0,0
162,0,0,0,0,0,0,0,0,0
163,0,0,0,0,0,0,0,0,0
164,0,0,0,0,0,0,0,0,0
165,0,0,0,0,0,0,0,0,0
166,0,0,0,0,0,0,0,0,0
167,0,0,0,0,0,0,0,0,0
168,0,0,0,0,0,0,0,0,0
169,0,0,0,0,0,0,0,0,0
170,0,0,0,0,0,0,0,0,0
171,0,0,0,0,0,0,0,0,0
172,0,0,0,0,0,0,0,0,0
173,0,0,0,0,0,0,0,0,0
174,0,0,0,0,0,0,0,0,0
175,0,0,0,0,0,0,0,0,0
176,0,0,0,0,0,0,0,0,0
177,0,0,0,0,0,0,0,0,0
178,0,0,0,0,0,0,0,0,0
179,0,0,0,0,0,0,0,0,0
180,0,0,0,0,0,0,0,0,0
181,0,0,0,0,0,0,0,0,0
182,0,0,0,0,0,0,0,0,0
183,0,0,0,0,0,0,0,0,0
184,0,0,0,0,0,0,0,0,0
185,0,0,0,0,0,0,0,0,0
186,0,0,0,0,0,0,0,0,0
187,0,0,0,0,0,0,0,0,0
188,0,0,0,0,0,0,0,0,0
189,0,0,0,0,0,0,0,0,0
190,0,0,0,0,0,0,0,0,0
191,0,0,0,0,0,0,0,0,0
192,0,0,0,0,0,0,0,0,0
193,0,0,0,0,0,0,0,0,0
194,0,0,0,0,0,0,0,0,0
195,0,0,0,0,0,0,0,0,0
196,0,0,0,0,0,0,0,0,0
197,0,0,0,0,0,0,0,0,0
198,0,0,0,0,0,0,0,0,0
199,0,0,0,0,0,0,0,0,0
200,0,0,0,0,0,0,0,0,0
201,0,0,0,0,0,0,0,0,0
202,0,0,0,0,0,0,0,0,0
203,0,0,0,0,0,0,0,0,0
204,0,0,0,0,0,0,0,0,0
205,0,0,0,0,0,0,0,0,0
206,0,0,0,0,0,0,0,0,0
207,0,0,0,0,0,0,0,0,0
208,0,0,0,0,0,0,0,0,0
209,0,0,0,0,0,0,0,0,0
210,0,0,0,0,0,0,0,0,0
211,0,0,0,0,0,0,0,0,0
212,0,0,0,0,0,0,0,0,0
213,0,0,0,0,0,0,0,0,0
214,0,0,0,0,0,0,0,0,0
215,0,0,0,0,0,0,0,0,0
216,0,0,0,0,0,0,0,0,0
217,0,0,0,0,0,0,0,0,0
218,0,0,0,0,0,0,0,0,0
219,0,0,0,0,0,0,0,0,0
220,0,0,0,0,0,0,0,0,0
221,0,0,0,0,0,0,0,0,0
222,0,0,0,0,0,0,0,0,0
223,0,0,0,0,0,0,0,0,0
224,0,0,0,0,0,0,0,0,0
225,0,0,0,0,0,0,0,0,0
226,0,0,0,0,0,0,0,0,0
227,0,0,0,0,0,0,0,0,0
228,0,0,0,0,0,0,0,0,0
229,0,0,0,0,0,0,0,0,0
230,0,0,0,0,0,0,0,0,0
231,0,0,0,0,0,0,0,0,0
232,0,0,0,0,0,0,0,0,0
233,0,0,0,0,0,0,0,0,0
234,0,0,0,0,0,0,0,0,0
235,0,0,0,0,0,0,0,0,0
236,0,0,0,0,0,0,0,0,0
237,0,0,0,0,0,0,0,0,0
238,0,0,0,0,0,0,0,0,0
239,0,0,0,0,0,0,0,0,0
240,0,0,0,0,0,0,0,0,0
241,0,0,0,0,0,0,0,0,0
242,0,0,0,0,0,0,0,0,0
243,0,0,0,0,0,0,0,0,0
244,0,0,0,0,0,0,0,0,0
245,0,0,0,0,0,0,0,0,0
246,0,0,0,0,0,0,0,0,0
247,0,0,0,0,0,0,0,0,0
248,0,0,0,0,0,0,0,0,0
249,0,0,0,0,0,0,0,0,0
250,0,0,0,0,0,0,0,0,0
251,0,0,0,0,0,0,0,0,0
252,0,0,0,0,0,0,0,0,0
253,0,0,0,0,0,0,0,0,0
254,0,0,0,0,0,0,0,0,0
255,0,0,0,0,0,0,0,0,0
256,0,0,0,0,0,0,0,0,0
257,0,0,0,0,0,0,0,0,0
258,0,0,0,0,0,0,0,0,0
259,0,0,0,0,0,0,0,0,0
260,0,0,0,0,0,0,0,0,0
261,0,0,0,0,0,0,0,0,0
262,0,0,0,0,0,0,0,0,0
263,0,0,0,0,0,0,0,0,0
264,0,0,0,0,0,0,0,0,0
265,0,0,0,0,0,0,0,0,0
266,0,0,0,0,0,0,0,0,0
267,0,0,0,0,0,0,0,0,0
268,0,0,0,0,0,0,0,0,0
269,0,0,0,0,0,0,0,0,0
270,0,0,0,0,0,0,0,0,0
271,0,0,0,0,0,0,0,0,0
272,0,0,0,0,0,0,0,0,0
273,0,0,0,0,0,0,0,0,0
274,0,0,0,0,0,0,0,0,0
275,0,0,0,0,0,0,0,0,0
276,0,0,0,0,0,0,0,0,0
277,0,0,0,0,0,0,0,0,0
278,0,0,0,0,0,0,0,0,0
279,0,0,0,0,0,0,0,0,0
280,0,0,0,0,0,0,0,0,0
281,0,0,0,0,0,0,0,0,0
282,0,0,0,0,0,0,0,0,0
283,0,0,0,0,0,0,0,0,0
284,0,0,0,0,0,0,0,0,0
285,0,0,0,0,0,0,0,0,0
286,0,0,0,0,0,0,0,0,0
287,0,0,0,0,0,0,0,0,0
288,0,0,0,0,0,0,0,0,0
289,0,0,0,0,0,0,0,0,0
290,0,0,0,0,0,0,0,0,0
291,0,0,0,0,0,0,0,0,0
292,0,0,0,0,0,0,0,0,0
293,0,0,0,0,0,0,0,0,0
294,0,0,0,0,0,0,0,0,0
295,0,0,0,0,0,0,0,0,0
296,0,0,0,0,0,0,0,0,0
297,0,0,0,0,0,0,0,0,0
298,0,0,0,0,0,0,0,0,0
299,0,0,0,0,0,0,0,0,0
300,0,0,0,0,0,0,0,0,0
301,0,0,0,0,0,0,0,0,0
302,0,0,0,0,0,0,0,0,0
303,0,0,0,0,0,0,0,0,0
304,0,0,0,0,0,0,0,0,0
305,0,0,0,0,0,0,0,0,0
306,0,0,0,0,0,0,0,0,0
307,0,0,0,0,0,0,0,0,0
308,0,0,0,0,0,0,0,0,0
309,0,0,0,0,0,0,0,0,0
310,0,0,0,0,0,0,0,0,0
311,0,0,0,0,0,0,0,0,0
312,0,0,0,0,0,0,0,0,0
313,0,0,0,0,0,0,0,0,0
314,0,0,0,0,0,0,0,0,0
315,0,0,0,0,0,0,0,0,0
316,0,0,0,0,0,0,0,0,0
317,0,0,0,0,0,0,0,0,0
318,0,0,0,0,0,0,0,0,0
319,0,0,0,0,0,0,0,0,0
320,0,0,0,0,0,0,0,0,0
321,0,0,0,0,0,0,0,0,0
322,0,0,0,0,0,0,0,0,0
323,0,0,0,0,0,0,0,0,0
324,0,0,0,0,0,0,0,0,0
325,0,0,0,0,0,0,0,0,0
326,0,0,0,0,0,0,0,0,0
327,0,0,0,0,0,0,0,0,0
328,0,0,0,0,0,0,0,0,0
329,0,0,0,0,0,0,0,0,0
330,0,0,0,0,0,0,0,0,0
331,0,0,0,0,0,0,0,0,0
332,0,0,0,0,0,0,0,0,0
333,0,0,0,0,0,0,0,0,0
334,0,0,0,0,0,0,0,0,0
335,0,0,0,0,0,0,0,0,0
336,0,0,0,0,0,0,0,0,0
337,0,0,0,0,0,0,0,0,0
338,0,0,0,0,0,0,0,0,0
339,0,0,0,0,0,0,0,0,0
340,0,0,0,0,0,0,0,0,0
341,0,0,0,0,0,0,0,0,0
342,0,0,0,0,0,0,0,0,0
343,0,0,0,0,0,0,0,0,0
344,0,0,0,0,0,0,0,0,0
345,0,0,0,0,0,0,0,0,0
346,0,0,0,0,0,0,0,0,0
347,0,0,0,0,0,0,0,0,0
348,0,0,0,0,0,0,0,0,0
349,0,0,0,0,0,0,0,0,0
350,0,0,0,0,0,0,0,0,0
351,0,0,0,0,0,0,0,0,0
352,0,0,0,0,0,0,0,0,0
353,0,0,0,0,0,0,0,0,0
354,0,0,0,0,0,0,0,0,0
355,0,0,0,0,0,0,0,0,0
356,0,0,0,0,0,0,0,0,0
357,0,0,0,0,0,0,0,0,0
358,0,0,0,0,0,0,0,0,0
359,0,0,0,0,0,0,0,0,0
360,0,0,0,0,0,0,0,0,0
361,0,0,0,0,0,0,0,0,0
362,0,0,0,0,0,0,0,0,0
363,0,0,0,0,0,0,0,0,0
364,0,0,0,0,0,0,0,0,0
365,0,0,0,0,0,0,0,0,0
366,0,0,0,0,0,0,0,0,0
367,0,0,0,0,0,0,0,0,0
368,0,0,0,0,0,0,0,0,0
369,0,0,0,0,0,0,0,0,0
370,0,0,0,0,0,0,0,0,0
371,0,0,0,0,0,0,0,0,0
372,0,0,0,0,0,0,0,0,0
373,0,0,0,0,0,0,0,0,0
374,0,0,0,0,0,0,0,0,0
375,0,0,0,0,0,0,0,0,0
376,0,0,0,0,0,0,0,0,0
377,0,0,0,0,0,0,0,0,0
378,0,0,0,0,0,0,0,0,0
379,0,0,0,0,0,0,0,0,0
380,0,0,0,0,0,0,0,0,0
381,0,0,0,0,0,0,0,0,0
382,0,0,0,0,0,0,0,0,0
383,0,0,0,0,0,0,0,0,0
384,0,0,0,0,0,0,0,0,0
385,0,0,0,0,0,0,0,0,0
386,0,0,0,0,0,0,0,0,0
387,0,0,0,0,0,0,0,0,0
388,0,0,0,0,0,0,0,0,0
389,0,0,0,0,0,0,0,0,0
390,0,0,0,0,0,0,0,0,0
391,0,0,0,0,0,0,0,0,0
392,0,0,0,0,0,0,0,0,0
393,0,0,0,0,0,0,0,0,0
394,0,0,0,0,0,0,0,0,0
395,0,0,0,0,0,0,0,0,0
396,0,0,0,0,0,0,0,0,0
397,0,0,0,0,0,0,0,0,0
398,0,0,0,0,0,0,0,0,0
399,0,0,0,0,0,0,0,0,0
400,0,0,0,0,0,0,0,0,0
401,0,0,0,0,0,0,0,0,0
402,0,0,0,0,0,0,0,0,0
403,0,0,0,0,0,0,0,0,0
404,0,0,0,0,0,0,0,0,0
405,0,0,0,0,0,0,0,0,0
406,0,0,0,0,0,0,0,0,0
407,0,0,0,0,0,0,0,0,0
408,0,0,0,0,0,0,0,0,0
409,0,0,0,0,0,0,0,0,0
410,0,0,0,0,0,0,0,0,0
411,0,0,0,0,0,0,0,0,0
412,0,0,0,0,0,0,0,0,0
413,0,0,0,0,0,0,0,0,0
414,0,0,0,0,0,0,0,0,0
415,0,0,0,0,0,0,0,0,0
416,0,0,0,0,0,0,0,0,0
417,0,0,0,0,0,0,0,0,0
418,0,0,0,0,0,0,0,0,0
419,0,0,0,0,0,0,0,0,0
420,0,0,0,0,0,0,0,0,0
421,0,0,0,0,0,0,0,0,0
422,0,0,0,0,0,0,0,0,0
423,0,0,0,0,0,0,0,0,0
424,0,0,0,0,0,0,0,0,0
425,0,0,0,0,0,0,0,0,0
426,0,0,0,0,0,0,0,0,0
427,0,0,0,0,0,0,0,0,0
428,0,0,0,0,0,0,0,0,0
429,0,0,0,0,0,0,0,0,0
430,0,0,0,0,0,0,0,0,0
431,0,0,0,0,0,0,0,0,0
432,0,0,0,0,0,0,0,0,0
433,0,0,0,0,0,0,0,0,0
434,0,0,0,0,0,0,0,0,0
435,0,0,0,0,0,0,0,0,0
436,0,0,0,0,0,0,0,0,0
437,0,0,0,0,0,0,0,0,0
438,0,0,0,0,0,0,0,0,0
439,0,0,0,0,0,0,0,0,0
440,0,0,0,0,0,0,0,0,0
441,0,0,0,0,0,0,0,0,0
442,0,0,0,0,0,0,0,0,0
443,0,0,0,0,0,0,0,0,0
444,0,0,0,0,0,0,0,0,0
445,0,0,0,0,0,0,0,0,0
446,0,0,0,0,0,0,0,0,0
447,0,0,0,0,0,0,0,0,0
448,0,0,0,0,0,0,0,0,0
449,0,0,0,0,0,0,0,0,0
450,0,0,0,0,0,0,0,0,0
451,0,0,0,0,0,0,0,0,0
452,0,0,0,0,0,0,0,0,0
453,0,0,0,0,0,0,0,0,0
454,0,0,0,0,0,0,0,0,0
455,0,0,0,0,0,0,0,0,0
456,0,0,0,0,0,0,0,0,0
457,0,0,0,0,0,0,0,0,0
458,0,0,0,0,0,0,0,0,0
459,0,0,0,0,0,0,0,0,0
460,0,0,0,0,0,0,0,0,0
461,0,0,0,0,0,0,0,0,0
462,0,0,0,0,0,0,0,0,0
463,0,0,0,0,0,0,0,0,0
464,0,0,0,0,0,0,0,0,0
465,0,0,0,0,0,0,0,0,0
466,0,0,0,0,0,0,0,0,0
467,0,0,0,0,0,0,0,0,0
468,0,0,0,0,0,0,0,0,0
469,0,0,0,0,0,0,0,0,0
470,0,0,0,0,0,0,0,0,0
471,0,0,0,0,0,0,0,0,0
472,0,0,0,0,0,0,0,0,0
473,0,0,0,0,0,0,0,0,0
474,0,0,0,0,0,0,0,0,0
475,0,0,0,0,0,0,0,0,0
476,0,0,0,0,0,0,0,0,0
477,0,0,0,0,0,0,0,0,0
478,0,0,0,0,0,0,0,0,0
479,0,0,0,0,0,0,0,0,0
480,0,0,0,0,0,0,0,0,0
481,0,0,0,0,0,0,0,0,0
482,0,0,0,0,0,0,0,0,0
483,0,0,0,0,0,0,0,0,0
484,0,0,0,0,0,0,0,0,0
485,0,0,0,0,0,0,0,0,0
486,0,0,0,0,0,0,0,0,0
487,0,0,0,0,0,0,0,0,0
488,0,0,0,0,0,0,0,0,0
489,0,0,0,0,0,0,0,0,0
490,0,0,0,0,0,0,0,0,0
491,0,0,0,0,0,0,0,0,0
492,0,0,0,0,0,0,0,0,0
493,0,0,0,0,0,0,0,0,0
494,0,0,0,0,0,0,0,0,0
495,0,0,0,0,0,0,0,0,0
496,0,0,0,0,0,0,0,0,0
497,0,0,0,0,0,0,0,0,0
498,0,0,0,0,0,0,0,0,0
499,0,0,0,0,0,0,0,0,0
500,0,0,0,0,0,0,0,0,0
501,0,0,0,0,0,0,0,0,0
502,0,0,0,0,0,0,0,0,0
503,0,0,0,0,0,0,0,0,0
504,0,0,0,0,0,0,0,0,0
505,0,0,0,0,0,0,0,0,0
506,0,0,0,0,0,0,0,0,0
507,0,0,0,0,0,0,0,0,0
508,0,0,0,0,0,0,0,0,0
509,0,0,0,0,0,0,0,0,0
510,0,0,0,0,0,0,0,0,0
511,0,0,0,0,0,0,0,0,0
512,0,0,0,0,0,0,0,0,0
513,0,0,0,0,0,0,0,0,0
514,0,0,0,0,0,0,0,0,0
515,0,0,0,0,0,0,0,0,0
516,0,0,0,0,0,0,0,0,0
517,0,0,0,0,0,0,0,0,0
518,0,0,0,0,0,0,0,0,0
519,0,0,0,0,0,0,0,0,0
520,0,0,0,0,0,0,0,0,0
521,0,0,0,0,0,0,0,0,0
522,0,0,0,0,0,0,0,0,0
523,0,0,0,0,0,0,0,0,0
524,0,0,0,0,0,0,0,0,0
525,0,0,0,0,0,0,0,0,0
526,0,0,0,0,0,0,0,0,0
527,0,0,0,0,0,0,0,0,0
528,0,0,0,0,0,0,0,0,0
529,0,0,0,0,0,0,0,0,0
530,0,0,0,0,0,0,0,0,0
531,0,0,0,0,0,0,0,0,0
532,0,0,0,0,0,0,0,0,0
533,0,0,0,0,0,0,0,0,0
534,0,0,0,0,0,0,0,0,0
535,0,0,0,0,0,0,0,0,0
536,0,0,0,0,0,0,0,0,0
537,0,0,0,0,0,0,0,0,0
538,0,0,0,0,0,0,0,0,0
539,0,0,0,0,0,0,0,0,0
540,0,0,0,0,0,0,0,0,0
541,0,0,0,0,0,0,0,0,0
542,0,0,0,0,0,0,0,0,0
543,0,0,0,0,0,0,0,0,0
544,0,0,0,0,0,0,0,0,0
545,0,0,0,0,0,0,0,0,0
546,0,0,0,0,0,0,0,0,0
547,0,0,0,0,0,0,0,0,0
548,0,0,0,0,0,0,0,0,0
549,0,0,0,0,0,0,0,0,0
550,0,0,0,0,0,0,0,0,0
551,0,0,0,0,0,0,0,0,0
552,0,0,0,0,0,0,0,0,0
553,0,0,0,0,0,0,0,0,0
554,0,0,0,0,0,0,0,0,0
555,0,0,0,0,0,0,0,0,0
556,0,0,0,0,0,0,0,0,0
557,0,0,0,0,0,0,0,0,0
558,0,0,0,0,0,0,0,0,0
559,0,0,0,0,0,0,0,0,0
560,0,0,0,0,0,0,0,0,0
561,0,0,0,0,0,0,0,0,0
562,0,0,0,0,0,0,0,0,0
563,0,0,0,0,0,0,0,0,0
564,0,0,0,0,0,0,0,0,0
565,0,0,0,0,0,0,0,0,0
566,0,0,0,0,0,0,0,0,0
567,0,0,0,0,0,0,0,0,0
568,0,0,0,0,0,0,0,0,0
569,0,0,0,0,0,0,0,0,0
570,0,0,0,0,0,0,0,0,0
571,0,0,0,0,0,0,0,0,0
572,0,0,0,0,0,0,0,0,0
573,0,0,0,0,0,0,0,0,0
574,0,0,0,0,0,0,0,0,0
575,0,0,0,0,0,0,0,0,0
576,0,0,0,0,0,0,0,0,0
577,0,0,0,0,0,0,0,0,0
578,0,0,0,0,0,0,0,0,0
579,0,0,0,0,0,0,0,0,0
580,0,0,0,0,0,0,0,0,0
581,0,0,0,0,0,0,0,0,0
582,0,0,0,0,0,0,0,0,0
583,0,0,0,0,0,0,0,0,0
584,0,0,0,0,0,0,0,0,0
585,0,0,0,0,0,0,0,0,0
586,0,0,0,0,0,0,0,0,0
587,0,0,0,0,0,0,0,0,0
588,0,0,0,0,0,0,0,0,0
589,0,0,0,0,0,0,0,0,0
590,0,0,0,0,0,0,0,0,0
591,0,0,0,0,0,0,0,0,0
592,0,0,0,0,0,0,0,0,0
593,0,0,0,0,0,0,0,0,0
594,0,0,0,0,0,0,0,0,0
595,0,0,0,0,0,0,0,0,0
596,0,0,0,0,0,0,0,0,0
597,0,0,0,0,0,0,0,0,0
598,0,0,0,0,0,0,0,0,0
599,0,0,0,0,0,0,0,0,0
600,0,0,0,0,0,0,0,0,0
601,0,0,0,0,0,0,0,0,0
602,0,0,0,0,0,0,0,0,0
603,0,0,0,0,0,0,0,0,0
604,0,0,0,0,0,0,0,0,0
605,0,0,0,0,0,0,0,0,0
606,0,0,0,0,0,0,0,0,0
607,0,0,0,0,0,0,0,0,0
608,0,0,0,0,0,0,0,0,0
609,0,0,0,0,0,0,0,0,0
610,0,0,0,0,0,0,0,0,0
611,0,0,0,0,0,0,0,0,0
612,0,0,0,0,0,0,0,0,0
613,0,0,0,0,0,0,0,0,0
614,0,0,0,0,0,0,0,0,0
615,0,0,0,0,0,0,0,0,0
616,0,0,0,0,0,0,0,0,0
617,0,0,0,0,0,0,0,0,0
618,0,0,0,0,0,0,0,0,0
619,0,0,0,0,0,0,0,0,0
620,0,0,0,0,0,0,0,0,0
621,0,0,0,0,0,0,0,0,0
622,0,0,0,0,0,0,0,0,0
623,0,0,0,0,0,0,0,0,0
624,0,0,0,0,0,0,0,0,0
625,0,0,0,0,0,0,0,0,0
626,0,0,0,0,0,0,0,0,0
627,0,0,0,0,0,0,0,0,0
628,0,0,0,0,0,0,0,0,0
629,0,0,0,0,0,0,0,0,0
630,0,0,0,0,0,0,0,0,0
631,0,0,0,0,0,0,0,0,0
632,0,0,0,0,0,0,0,0,0
633,0,0,0,0,0,0,0,0,0
634,0,0,0,0,0,0,0,0,0
635,0,0,0,0,0,0,0,0,0
636,0,0,0,0,0,0,0,0,0
637,0,0,0,0,0,0,0,0,0
638,0,0,0,0,0,0,0,0,0
639,0,0,0,0,0,0,0,0,0
640,0,0,0,0,0,0,0,0,0
641,0,0,0,0,0,0,0,0,0
642,0,0,0,0,0,0,0,0,0
643,0,0,0,0,0,0,0,0,0
644,0,0,0,0,0,0,0,0,0
645,0,0,0,0,0,0,0,0,0
646,0,0,0,0,0,0,0,0,0
647,0,0,0,0,0,0,0,0,0
648,0,0,0,0,0,0,0,0,0
649,0,0,0,0,0,0,0,0,0
650,0,0,0,0,0,0,0,0,0
651,0,0,0,0,0,0,0,0,0
652,0,0,0,0,0,0,0,0,0
653,0,0,0,0,0,0,0,0,0
654,0,0,0,0,0,0,0,0,0
655,0,0,0,0,0,0,0,0,0
656,0,0,0,0,0,0,0,0,0
657,0,0,0,0,0,0,0,0,0
658,0,0,0,0,0,0,0,0,0
659,0,0,0,0,0,0,0,0,0
660,0,0,0,0,0,0,0,0,0
661,0,0,0,0,0,0,0,0,0
662,0,0,0,0,0,0,0,0,0
663,0,0,0,0,0,0,0,0,0
664,0,0,0,0,0,0,0,0,0
665,0,0,0,0,0,0,0,0,0
666,0,0,0,0,0,0,0,0,0
667,0,0,0,0,0,0,0,0,0
668,0,0,0,0,0,0,0,0,0
669,0,0,0,0,0,0,0,0,0
670,0,0,0,0,0,0,0,0,0
671,0,0,0,0,0,0,0,0,0
672,0,0,0,0,0,0,0,0,0
673,0,0,0,0,0,0,0,0,0
674,0,0,0,0,0,0,0,0,0
675,0,0,0,0,0,0,0,0,0
676,0,0,0,0,0,0,0,0,0
677,0,0,0,0,0,0,0,0,0
678,0,0,0,0,0,0,0,0,0
679,0,0,0,0,0,0,0,0,0
680,0,0,0,0,0,0,0,0,0
681,0,0,0,0,0,0,0,0,0
682,0,0,0,0,0,0,0,0,0
683,0,0,0,0,0,0,0,0,0
684,0,0,0,0,0,0,0,0,0
685,0,0,0,0,0,0,0,0,0
686,0,0,0,0,0,0,0,0,0
687,0,0,0,0,0,0,0,0,0
688,0,0,0,0,0,0,0,0,0
689,0,0,0,0,0,0,0,0,0
690,0,0,0,0,0,0,0,0,0
691,0,0,0,0,0,0,0,0,0
692,0,0,0,0,0,0,0,0,0
693,0,0,0,0,0,0,0,0,0
694,0,0,0,0,0,0,0,0,0
695,0,0,0,0,0,0,0,0,0
696,0,0,0,0,0,0,0,0,0
697,0,0,0,0,0,0,0,0,0
698,0,0,0,0,0,0,0,0,0
699,0,0,0,0,0,0,0,0,0
700,0,0,0,0,0,0,0,0,0
701,0,0,0,0,0,0,0,0,0
702,0,0,0,0,0,0,0,0,0
703,0,0,0,0,0,0,0,0,0
704,0,0,0,0,0,0,0,0,0
705,0,0,0,0,0,0,0,0,0
706,0,0,0,0,0,0,0,0,0
707,0,0,0,0,0,0,0,0,0
708,0,0,0,0,0,0,0,0,0
709,0,0,0,0,0,0,0,0,0
710,0,0,0,0,0,0,0,0,0
711,0,0,0,0,0,0,0,0,0
712,0,0,0,0,0,0,0,0,0
713,0,0,0,0,0,0,0,0,0
714,0,0,0,0,0,0,0,0,0
715,0,0,0,0,0,0,0,0,0
716,0,0,0,0,0,0,0,0,0
717,0,0,0,0,0,0,0,0,0
718,0,0,0,0,0,0,0,0,0
719,0,0,0,0,0,0,0,0,0
720,0,0,0,0,0,0,0,0,0
721,0,0,0,0,0,0,0,0,0
722,0,0,0,0,0,0,0,0,0
723,0,0,0,0,0,0,0,0,0
724,0,0,0,0,0,0,0,0,0
725,0,0,0,0,0,0,0,0,0
726,0,0,0,0,0,0,0,0,0
727,0,0,0,0,0,0,0,0,0
728,0,0,0,0,0,0,0,0,0
729,0,0,0,0,0,0,0,0,0
730,0,0,0,0,0,0,0,0,0
731,0,0,0,0,0,0,0,0,0
732,0,0,0,0,0,0,0,0,0
733,0,0,0,0,0,0,0,0,0
734,0,0,0,0,0,0,0,0,0
735,0,0,0,0,0,0,0,0,0
736,0,0,0,0,0,0,0,0,0
737,0,0,0,0,0,0,0,0,0
738,0,0,0,0,0,0,0,0,0
739,0,0,0,0,0,0,0,0,0
740,0,0,0,0,0,0,0,0,0
741,0,0,0,0,0,0,0,0,0
742,0,0,0,0,0,0,0,0,0
743,0,0,0,0,0,0,0,0,0
744,0,0,0,0,0,0,0,0,0
745,0,0,0,0,0,0,0,0,0
746,0,0,0,0,0,0,0,0,0
747,0,0,0,0,0,0,0,0,0
748,0,0,0,0,0,0,0,0,0
749,0,0,0,0,0,0,0,0,0
750,0,0,0,0,0,0,0,0,0
0,194,7257,201425,4077983,57373546,517292847,2626655236,5935079656,3356972874
1,103,3028,66019,1030516,11191239,77724033,303519228,526573557,228289937
2,72,1745,32025,419118,3823402,22359160,73670907,108027055,39648938
3,42,944,14759,162086,1236069,6021230,16456480,19953641,6030802
4,30,569,7869,74248,490206,2060225,4863718,5106117,1345724
5,14,307,3740,31587,186823,702495,1474516,1359912,310556
6,7,208,2279,17345,94411,330430,647610,562874,121575
7,4,116,1262,8655,42109,133628,237253,187997,37076
8,4,92,967,5803,25754,72808,113800,79658,14014
9,4,73,685,3906,16474,44438,66087,43789,7298
10,4,44,387,2218,8772,22464,31703,19783,3087
11,4,32,267,1471,5501,13449,17879,10203,1443
12,4,22,229,1119,4261,9850,12443,6843,937
13,3,14,154,695,2537,5608,6653,3412,425
14,3,13,131,585,2026,4303,5002,2517,310
15,3,11,106,445,1538,3210,3566,1703,196
16,3,9,78,330,1110,2357,2652,1242,140
17,3,9,74,304,899,1799,1881,843,99
18,3,8,54,199,561,1117,1153,486,46
19,3,7,52,192,514,1015,1050,434,41
20,3,3,27,88,251,576,614,252,22
21,1,0,13,50,142,293,313,127,13
22,1,0,12,39,127,262,294,120,13
23,0,0,0,0,0,0,0,0,0
24,0,0,0,0,0,0,0,0,0
25,0,0,0,0,0,0,0,0,0
26,0,0,0,0,0,0,0,0,0
27,0,0,0,0,0,0,0,0,0
28,0,0,0,0,0,0,0,0,0
29,0,0,0,0,0,0,0,0,0
30,0,0,0,0,0,0,0,0,0
31,0,0,0,0,0,0,0,0,0
32,0,0,0,0,0,0,0,0,0
33,0,0,0,0,0,0,0,0,0
34,0,0,0,0,0,0,0,0,0
35,0,0,0,0,0,0,0,0,0
36,0,0,0,0,0,0,0,0,0
37,0,0,0,0,0,0,0,0,0
38,0,0,0,0,0,0,0,0,0
39,0,0,0,0,0,0,0,0,0
40,0,0,0,0,0,0,0,0,0
41,0,0,0,0,0,0,0,0,0
42,0,0,0,0,0,0,0,0,0
43,0,0,0,0,0,0,0,0,0
44,0,0,0,0,0,0,0,0,0
45,0,0,0,0,0,0,0,0,0
46,0,0,0,0,0,0,0,0,0
47,0,0,0,0,0,0,0,0,0
48,0,0,0,0,0,0,0,0,0
49,0,0,0,0,0,0,0,0,0
50,0,0,0,0,0,0,0,0,0
51,0,0,0,0,0,0,0,0,0
52,0,0,0,0,0,0,0,0,0
53,0,0,0,0,0,0,0,0,0
54,0,0,0,0,0,0,0,0,0
55,0,0,0,0,0,0,0,0,0
56,0,0,0,0,0,0,0,0,0
57,0,0,0,0,0,0,0,0,0
58,0,0,0,0,0,0,0,0,0
59,0,0,0,0,0,0,0,0,0
60,0,0,0,0,0,0,0,0,0
61,0,0,0,0,0,0,0,0,0
62,0,0,0,0,0,0,0,0,0
63,0,0,0,0,0,0,0,0,0
64,0,0,0,0,0,0,0,0,0
65,0,0,0,0,0,0,0,0,0
66,0,0,0,0,0,0,0,0,0
67,0,0,0,0,0,0,0,0,0
68,0,0,0,0,0,0,0,0,0
69,0,0,0,0,0,0,0,0,0
70,0,0,0,0,0,0,0,0,0
71,0,0,0,0,0,0,0,0,0
72,0,0,0,0,0,0,0,0,0
73,0,0,0,0,0,0,0,0,0
74,0,0,0,0,0,0,0,0,0
75,0,0,0,0,0,0,0,0,0
76,0,0,0,0,0,0,0,0,0
77,0,0,0,0,0,0,0,0,0
78,0,0,0,0,0,0,0,0,0
79,0,0,0,0,0,0,0,0,0
80,0,0,0,0,0,0,0,0,0
81,0,0,0,0,0,0,0,0,0
82,0,0,0,0,0,0,0,0,0
83,0,0,0,0,0,0,0,0,0
84,0,0,0,0,0,0,0,0,0
85,0,0,0,0,0,0,0,0,0
86,0,0,0,0,0,0,0,0,0
87,0,0,0,0,0,0,0,0,0
88,0,0,0,0,0,0,0,0,0
89,0,0,0,0,0,0,0,0,0
90,0,0,0,0,0,0,0,0,0
91,0,0,0,0,0,0,0,0,0
92,0,0,0,0,0,0,0,0,0
93,0,0,0,0,0,0,0,0,0
94,0,0,0,0,0,0,0,0,0
95,0,0,0,0,0,0,0,0,0
96,0,0,0,0,0,0,0,0,0
97,0,0,0,0,0,0,0,0,0
98,0,0,0,0,0,0,0,0,0
99,0,0,0,0,0,0,0,0,0
100,0,0,0,0,0,0,0,0,0
101,0,0,0,0,0,0,0,0,0
102,0,0,0,0,0,0,0,0,0
103,0,0,0,0,0,0,0,0,0
104,0,0,0,0,0,0,0,0,0
105,0,0,0,0,0,0,0,0,0
106,0,0,0,0,0,0,0,0,0
107,0,0,0,0,0,0,0,0,0
108,0,0,0,0,0,0,0,0,0
109,0,0,0,0,0,0,0,0,0
110,0,0,0,0,0,0,0,0,0
111,0,0,0,0,0,0,0,0,0
112,0,0,0,0,0,0,0,0,0
113,0,0,0,0,0,0,0,0,0
114,0,0,0,0,0,0,0,0,0
115,0,0,0,0,0,0,0,0,0
116,0,0,0,0,0,0,0,0,0
117,0,0,0,0,0,0,0,0,0
118,0,0,0,0,0,0,0,0,0
119,0,0,0,0,0,0,0,0,0
120,0,0,0,0,0,0,0,0,0
121,0,0,0,0,0,0,0,0,0
122,0,0,0,0,0,0,0,0,0
123,0,0,0,0,0,0,0,0,0
124,0,0,0,0,0,0,0,0,0
125,0,0,0,0,0,0,0,0,0
126,0,0,0,0,0,0,0,0,0
127,0,0,0,0,0,0,0,0,0
128,0,0,0,0,0,0,0,0,0
129,0,0,0,0,0,0,0,0,0
130,0,0,0,0,0,0,0,0,0
131,0,0,0,0,0,0,0,0,0
132,0,0,0,0,0,0,0,0,0
133,0,0,0,0,0,0,0,0,0
134,0,0,0,0,0,0,0,0,0
135,0,0,0,0,0,0,0,0,0
136,0,0,0,0,0,0,0,0,0
137,0,0,0,0,0,0,0,0,0
138,0,0,0,0,0,0,0,0,0
139,0,0,0,0,0,0,0,0,0
140,0,0,0,0,0,0,0,0,0
141,0,0,0,0,0,0,0,0,0
142,0,0,0,0,0,0,0,0,0
143,0,0,0,0,0,0,0,0,0
144,0,0,0,0,0,0,0,0,0
145,0,0,0,0,0,0,0,0,0
146,0,0,0,0,0,0,0,0,0
147,0,0,0,0,0,0,0,0,0
148,0,0,0,0,0,0,0,0,0
149,0,0,0,0,0,0,0,0,0
150,0,0,0,0,0,0,0,0,0
151,0,0,0,0,0,0,0,0,0
152,0,0,0,0,0,0,0,0,0
153,0,0,0,0,0,0,0,0,0
154,0,0,0,0,0,0,0,0,0
155,0,0,0,0,0,0,0,0,0
156,0,0,0,0,0,0,0,0,0
157,0,0,0,0,0,0,0,0,0
158,0,0,0,0,0,0,0,0,0
159,0,0,0,0,0,0,0,0,0
160,0,0,0,0,0,0,0,0,0
161,0,0,0,0,0,0,0,0,0
162,0,0,0,0,0,0,0,0,0
163,0,0,0,0,0,0,0,0,0
164,0,0,0,0,0,0,0,0,0
165,0,0,0,0,0,0,0,0,0
166,0,0,0,0,0,0,0,0,0
167,0,0,0,0,0,0,0,0,0
168,0,0,0,0,0,0,0,0,0
169,0,0,0,0,0,0,0,0,0
170,0,0,0,0,0,0,0,0,0
171,0,0,0,0,0,0,0,0,0
172,0,0,0,0,0,0,0,0,0
173,0,0,0,0,0,0,0,0,0
174,0,0,0,0,0,0,0,0,0
175,0,0,0,0,0,0,0,0,0
176,0,0,0,0,0,0,0,0,0
177,0,0,0,0,0,0,0,0,0
178,0,0,0,0,0,0,0,0,0
179,0,0,0,0,0,0,0,0,0
180,0,0,0,0,0,0,0,0,0
181,0,0,0,0,0,0,0,0,0
182,0,0,0,0,0,0,0,0,0
183,0,0,0,0,0,0,0,0,0
184,0,0,0,0,0,0,0,0,0
185,0,0,0,0,0,0,0,0,0
186,0,0,0,0,0,0,0,0,0
187,0,0,0,0,0,0,0,0,0
188,0,0,0,0,0,0,0,0,0
189,0,0,0,0,0,0,0,0,0
190,0,0,0,0,0,0,0,0,0
191,0,0,0,0,0,0,0,0,0
192,0,0,0,0,0,0,0,0,0
193,0,0,0,0,0,0,0,0,0
194,0,0,0,0,0,0,0,0,0
195,0,0,0,0,0,0,0,0,0
196,0,0,0,0,0,0,0,0,0
197,0,0,0,0,0,0,0,0,0
198,0,0,0,0,0,0,0,0,0
199,0,0,0,0,0,0,0,0,0
200,0,0,0,0,0,0,0,0,0
201,0,0,0,0,0,0,0,0,0
202,0,0,0,0,0,0,0,0,0
203,0,0,0,0,0,0,0,0,0
204,0,0,0,0,0,0,0,0,0
205,0,0,0,0,0,0,0,0,0
206,0,0,0,0,0,0,0,0,0
207,0,0,0,0,0,0,0,0,0
208,0,0,0,0,0,0,0,0,0
209,0,0,0,0,0,0,0,0,0
210,0,0,0,0,0,0,0,0,0
211,0,0,0,0,0,0,0,0,0
212,0,0,0,0,0,0,0,0,0
213,0,0,0,0,0,0,0,0,0
214,0,0,0,0,0,0,0,0,0
215,0,0,0,0,0,0,0,0,0
216,0,0,0,0,0,0,0,0,0
217,0,0,0,0,0,0,0,0,0
218,0,0,0,0,0,0,0,0,0
219,0,0,0,0,0,0,0,0,0
220,0,0,0,0,0,0,0,0,0
221,0,0,0,0,0,0,0,0,0
222,0,0,0,0,0,0,0,0,0
223,0,0,0,0,0,0,0,0,0
224,0,0,0,0,0,0,0,0,0
225,0,0,0,0,0,0,0,0,0
226,0,0,0,0,0,0,0,0,0
227,0,0,0,0,0,0,0,0,0
228,0,0,0,0,0,0,0,0,0
229,0,0,0,0,0,0,0,0,0
230,0,0,0,0,0,0,0,0,0
231,0,0,0,0,0,0,0,0,0
232,0,0,0,0,0,0,0,0,0
233,0,0,0,0,0,0,0,0,0
234,0,0,0,0,0,0,0,0,0
235,0,0,0,0,0,0,0,0,0
236,0,0,0,0,0,0,0,0,0
237,0,0,0,0,0,0,0,0,0
238,0,0,0,0,0,0,0,0,0
239,0,0,0,0,0,0,0,0,0
240,0,0,0,0,0,0,0,0,0
241,0,0,0,0,0,0,0,0,0
242,0,0,0,0,0,0,0,0,0
243,0,0,0,0,0,0,0,0,0
244,0,0,0,0,0,0,0,0,0
245,0,0,0,0,0,0,0,0,0
246,0,0,0,0,0,0,0,0,0
247,0,0,0,0,0,0,0,0,0
248,0,0,0,0,0,0,0,0,0
249,0,0,0,0,0,0,0,0,0
250,0,0,0,0,0,0,0,0,0
251,0,0,0,0,0,0,0,0,0
252,0,0,0,0,0,0,0,0,0
253,0,0,0,0,0,0,0,0,0
254,0,0,0,0,0,0,0,0,0
255,0,0,0,0,0,0,0,0,0
256,0,0,0,0,0,0,0,0,0
257,0,0,0,0,0,0,0,0,0
258,0,0,0,0,0,0,0,0,0
259,0,0,0,0,0,0,0,0,0
260,0,0,0,0,0,0,0,0,0
261,0,0,0,0,0,0,0,0,0
262,0,0,0,0,0,0,0,0,0
263,0,0,0,0,0,0,0,0,0
264,0,0,0,0,0,0,0,0,0
265,0,0,0,0,0,0,0,0,0
266,0,0,0,0,0,0,0,0,0
267,0,0,0,0,0,0,0,0,0
268,0,0,0,0,0,0,0,0,0
269,0,0,0,0,0,0,0,0,0
270,0,0,0,0,0,0,0,0,0
271,0,0,0,0,0,0,0,0,0
272,0,0,0,0,0,0,0,0,0
273,0,0,0,0,0,0,0,0,0
274,0,0,0,0,0,0,0,0,0
275,0,0,0,0,0,0,0,0,0
276,0,0,0,0,0,0,0,0,0
277,0,0,0,0,0,0,0,0,0
278,0,0,0,0,0,0,0,0,0
279,0,0,0,0,0,0,0,0,0
280,0,0,0,0,0,0,0,0,0
281,0,0,0,0,0,0,0,0,0
282,0,0,0,0,0,0,0,0,0
283,0,0,0,0,0,0,0,0,0
284,0,0,0,0,0,0,0,0,0
285,0,0,0,0,0,0,0,0,0
286,0,0,0,0,0,0,0,0,0
287,0,0,0,0,0,0,0,0,0
288,0,0,0,0,0,0,0,0,0
289,0,0,0,0,0,0,0,0,0
290,0,0,0,0,0,0,0,0,0
291,0,0,0,0,0,0,0,0,0
292,0,0,0,0,0,0,0,0,0
293,0,0,0,0,0,0,0,0,0
294,0,0,0,0,0,0,0,0,0
295,0,0,0,0,0,0,0,0,0
296,0,0,0,0,0,0,0,0,0
297,0,0,0,0,0,0,0,0,0
298,0,0,0,0,0,0,0,0,0
299,0,0,0,0,0,0,0,0,0
300,0,0,0,0,0,0,0,0,0
301,0,0,0,0,0,0,0,0,0
302,0,0,0,0,0,0,0,0,0
303,0,0,0,0,0,0,0,0,0
304,0,0,0,0,0,0,0,0,0
305,0,0,0,0,0,0,0,0,0
306,0,0,0,0,0,0,0,0,0
307,0,0,0,0,0,0,0,0,0
308,0,0,0,0,0,0,0,0,0
309,0,0,0,0,0,0,0,0,0
310,0,0,0,0,0,0,0,0,0
311,0,0,0,0,0,0,0,0,0
312,0,0,0,0,0,0,0,0,0
313,0,0,0,0,0,0,0,0,0
314,0,0,0,0,0,0,0,0,0
315,0,0,0,0,0,0,0,0,0
316,0,0,0,0,0,0,0,0,0
317,0,0,0,0,0,0,0,0,0
318,0,0,0,0,0,0,0,0,0
319,0,0,0,0,0,0,0,0,0
320,0,0,0,0,0,0,0,0,0
321,0,0,0,0,0,0,0,0,0
322,0,0,0,0,0,0,0,0,0
323,0,0,0,0,0,0,0,0,0
324,0,0,0,0,0,0,0,0,0
325,0,0,0,0,0,0,0,0,0
326,0,0,0,0,0,0,0,0,0
327,0,0,0,0,0,0,0,0,0
328,0,0,0,0,0,0,0,0,0
329,0,0,0,0,0,0,0,0,0
330,0,0,0,0,0,0,0,0,0
331,0,0,0,0,0,0,0,0,0
332,0,0,0,0,0,0,0,0,0
333,0,0,0,0,0,0,0,0,0
334,0,0,0,0,0,0,0,0,0
335,0,0,0,0,0,0,0,0,0
336,0,0,0,0,0,0,0,0,0
337,0,0,0,0,0,0,0,0,0
338,0,0,0,0,0,0,0,0,0
339,0,0,0,0,0,0,0,0,0
340,0,0,0,0,0,0,0,0,0
341,0,0,0,0,0,0,0,0,0
342,0,0,0,0,0,0,0,0,0
343,0,0,0,0,0,0,0,0,0
344,0,0,0,0,0,0,0,0,0
345,0,0,0,0,0,0,0,0,0
346,0,0,0,0,0,0,0,0,0
347,0,0,0,0,0,0,0,0,0
348,0,0,0,0,0,0,0,0,0
349,0,0,0,0,0,0,0,0,0
350,0,0,0,0,0,0,0,0,0
351,0,0,0,0,0,0,0,0,0
352,0,0,0,0,0,0,0,0,0
353,0,0,0,0,0,0,0,0,0
354,0,0,0,0,0,0,0,0,0
355,0,0,0,0,0,0,0,0,0
356,0,0,0,0,0,0,0,0,0
357,0,0,0,0,0,0,0,0,0
358,0,0,0,0,0,0,0,0,0
359,0,0,0,0,0,0,0,0,0
360,0,0,0,0,0,0,0,0,0
361,0,0,0,0,0,0,0,0,0
362,0,0,0,0,0,0,0,0,0
363,0,0,0,0,0,0,0,0,0
364,0,0,0,0,0,0,0,0,0
365,0,0,0,0,0,0,0,0,0
366,0,0,0,0,0,0,0,0,0
367,0,0,0,0,0,0,0,0,0
368,0,0,0,0,0,0,0,0,0
369,0,0,0,0,0,0,0,0,0
370,0,0,0,0,0,0,0,0,0
371,0,0,0,0,0,0,0,0,0
372,0,0,0,0,0,0,0,0,0
373,0,0,0,0,0,0,0,0,0
374,0,0,0,0,0,0,0,0,0
375,0,0,0,0,0,0,0,0,0
376,0,0,0,0,0,0,0,0,0
377,0,0,0,0,0,0,0,0,0
378,0,0,0,0,0,0,0,0,0
379,0,0,0,0,0,0,0,0,0
380,0,0,0,0,0,0,0,0,0
381,0,0,0,0,0,0,0,0,0
382,0,0,0,0,0,0,0,0,0
383,0,0,0,0,0,0,0,0,0
384,0,0,0,0,0,0,0,0,0
385,0,0,0,0,0,0,0,0,0
386,0,0,0,0,0,0,0,0,0
387,0,0,0,0,0,0,0,0,0
388,0,0,0,0,0,0,0,0,0
389,0,0,0,0,0,0,0,0,0
390,0,0,0,0,0,0,0,0,0
391,0,0,0,0,0,0,0,0,0
392,0,0,0,0,0,0,0,0,0
393,0,0,0,0,0,0,0,0,0
394,0,0,0,0,0,0,0,0,0
395,0,0,0,0,0,0,0,0,0
396,0,0,0,0,0,0,0,0,0
397,0,0,0,0,0,0,0,0,0
398,0,0,0,0,0,0,0,0,0
399,0,0,0,0,0,0,0,0,0
400,0,0,0,0,0,0,0,0,0
401,0,0,0,0,0,0,0,0,0
402,0,0,0,0,0,0,0,0,0
403,0,0,0,0,0,0,0,0,0
404,0,0,0,0,0,0,0,0,0
405,0,0,0,0,0,0,0,0,0
406,0,0,0,0,0,0,0,0,0
407,0,0,0,0,0,0,0,0,0
408,0,0,0,0,0,0,0,0,0
409,0,0,0,0,0,0,0,0,0
410,0,0,0,0,0,0,0,0,0
411,0,0,0,0,0,0,0,0,0
412,0,0,0,0,0,0,0,0,0
413,0,0,0,0,0,0,0,0,0
414,0,0,0,0,0,0,0,0,0
415,0,0,0,0,0,0,0,0,0
416,0,0,0,0,0,0,0,0,0
417,0,0,0,0,0,0,0,0,0
418,0,0,0,0,0,0,0,0,0
419,0,0,0,0,0,0,0,0,0
420,0,0,0,0,0,0,0,0,0
421,0,0,0,0,0,0,0,0,0
422,0,0,0,0,0,0,0,0,0
423,0,0,0,0,0,0,0,0,0
424,0,0,0,0,0,0,0,0,0
425,0,0,0,0,0,0,0,0,0
426,0,0,0,0,0,0,0,0,0
427,0,0,0,0,0,0,0,0,0
428,0,0,0,0,0,0,0,0,0
429,0,0,0,0,0,0,0,0,0
430,0,0,0,0,0,0,0,0,0
431,0,0,0,0,0,0,0,0,0
432,0,0,0,0,0,0,0,0,0
433,0,0,0,0,0,0,0,0,0
434,0,0,0,0,0,0,0,0,0
435,0,0,0,0,0,0,0,0,0
436,0,0,0,0,0,0,0,0,0
437,0,0,0,0,0,0,0,0,0
438,0,0,0,0,0,0,0,0,0
439,0,0,0,0,0,0,0,0,0
440,0,0,0,0,0,0,0,0,0
441,0,0,0,0,0,0,0,0,0
442,0,0,0,0,0,0,0,0,0
443,0,0,0,0,0,0,0,0,0
444,0,0,0,0,0,0,0,0,0
445,0,0,0,0,0,0,0,0,0
446,0,0,0,0,0,0,0,0,0
447,0,0,0,0,0,0,0,0,0
448,0,0,0,0,0,0,0,0,0
449,0,0,0,0,0,0,0,0,0
450,0,0,0,0,0,0,0,0,0
451,0,0,0,0,0,0,0,0,0
452,0,0,0,0,0,0,0,0,0
453,0,0,0,0,0,0,0,0,0
454,0,0,0,0,0,0,0,0,0
455,0,0,0,0,0,0,0,0,0
456,0,0,0,0,0,0,0,0,0
457,0,0,0,0,0,0,0,0,0
458,0,0,0,0,0,0,0,0,0
459,0,0,0,0,0,0,0,0,0
460,0,0,0,0,0,0,0,0,0
461,0,0,0,0,0,0,0,0,0
462,0,0,0,0,0,0,0,0,0
463,0,0,0,0,0,0,0,0,0
464,0,0,0,0,0,0,0,0,0
465,0,0,0,0,0,0,0,0,0
466,0,0,0,0,0,0,0,0,0
467,0,0,0,0,0,0,0,0,0
468,0,0,0,0,0,0,0,0,0
469,0,0,0,0,0,0,0,0,0
470,0,0,0,0,0,0,0,0,0
471,0,0,0,0,0,0,0,0,0
472,0,0,0,0,0,0,0,0,0
473,0,0,0,0,0,0,0,0,0
474,0,0,0,0,0,0,0,0,0
475,0,0,0,0,0,0,0,0,0
476,0,0,0,0,0,0,0,0,0
477,0,0,0,0,0,0,0,0,0
478,0,0,0,0,0,0,0,0,0
479,0,0,0,0,0,0,0,0,0
480,0,0,0,0,0,0,0,0,0
481,0,0,0,0,0,0,0,0,0
482,0,0,0,0,0,0,0,0,0
483,0,0,0,0,0,0,0,0,0
484,0,0,0,0,0,0,0,0,0
485,0,0,0,0,0,0,0,0,0
486,0,0,0,0,0,0,0,0,0
487,0,0,0,0,0,0,0,0,0
488,0,0,0,0,0,0,0,0,0
489,0,0,0,0,0,0,0,0,0
490,0,0,0,0,0,0,0,0,0
491,0,0,0,0,0,0,0,0,0
492,0,0,0,0,0,0,0,0,0
493,0,0,0,0,0,0,0,0,0
494,0,0,0,0,0,0,0,0,0
495,0,0,0,0,0,0,0,0,0
496,0,0,0,0,0,0,0,0,0
497,0,0,0,0,0,0,0,0,0
498,0,0,0,0,0,0,0,0,0
499,0,0,0,0,0,0,0,0,0
500,0,0,0,0,0,0,0,0,0
501,0,0,0,0,0,0,0,0,0
502,0,0,0,0,0,0,0,0,0
503,0,0,0,0,0,0,0,0,0
504,0,0,0,0,0,0,0,0,0
505,0,0,0,0,0,0,0,0,0
506,0,0,0,0,0,0,0,0,0
507,0,0,0,0,0,0,0,0,0
508,0,0,0,0,0,0,0,0,0
509,0,0,0,0,0,0,0,0,0
510,0,0,0,0,0,0,0,0,0
511,0,0,0,0,0,0,0,0,0
512,0,0,0,0,0,0,0,0,0
513,0,0,0,0,0,0,0,0,0
514,0,0,0,0,0,0,0,0,0
515,0,0,0,0,0,0,0,0,0
516,0,0,0,0,0,0,0,0,0
517,0,0,0,0,0,0,0,0,0
518,0,0,0,0,0,0,0,0,0
519,0,0,0,0,0,0,0,0,0
520,0,0,0,0,0,0,0,0,0
521,0,0,0,0,0,0,0,0,0
522,0,0,0,0,0,0,0,0,0
523,0,0,0,0,0,0,0,0,0
524,0,0,0,0,0,0,0,0,0
525,0,0,0,0,0,0,0,0,0
526,0,0,0,0,0,0,0,0,0
527,0,0,0,0,0,0,0,0,0
528,0,0,0,0,0,0,0,0,0
529,0,0,0,0,0,0,0,0,0
530,0,0,0,0,0,0,0,0,0
531,0,0,0,0,0,0,0,0,0
532,0,0,0,0,0,0,0,0,0
533,0,0,0,0,0,0,0,0,0
534,0,0,0,0,0,0,0,0,0
535,0,0,0,0,0,0,0,0,0
536,0,0,0,0,0,0,0,0,0
537,0,0,0,0,0,0,0,0,0
538,0,0,0,0,0,0,0,0,0
539,0,0,0,0,0,0,0,0,0
540,0,0,0,0,0,0,0,0,0
541,0,0,0,0,0,0,0,0,0
542,0,0,0,0,0,0,0,0,0
543,0,0,0,0,0,0,0,0,0
544,0,0,0,0,0,0,0,0,0
545,0,0,0,0,0,0,0,0,0
546,0,0,0,0,0,0,0,0,0
547,0,0,0,0,0,0,0,0,0
548,0,0,0,0,0,0,0,0,0
549,0,0,0,0,0,0,0,0,0
550,0,0,0,0,0,0,0,0,0
551,0,0,0,0,0,0,0,0,0
552,0,0,0,0,0,0,0,0,0
553,0,0,0,0,0,0,0,0,0
554,0,0,0,0,0,0,0,0,0
555,0,0,0,0,0,0,0,0,0
556,0,0,0,0,0,0,0,0,0
557,0,0,0,0,0,0,0,0,0
558,0,0,0,0,0,0,0,0,0
559,0,0,0,0,0,0,0,0,0
560,0,0,0,0,0,0,0,0,0
561,0,0,0,0,0,0,0,0,0
562,0,0,0,0,0,0,0,0,0
563,0,0,0,0,0,0,0,0,0
564,0,0,0,0,0,0,0,0,0
565,0,0,0,0,0,0,0,0,0
566,0,0,0,0,0,0,0,0,0
567,0,0,0,0,0,0,0,0,0
568,0,0,0,0,0,0,0,0,0
569,0,0,0,0,0,0,0,0,0
570,0,0,0,0,0,0,0,0,0
571,0,0,0,0,0,0,0,0,0
572,0,0,0,0,0,0,0,0,0
573,0,0,0,0,0,0,0,0,0
574,0,0,0,0,0,0,0,0,0
575,0,0,0,0,0,0,0,0,0
576,0,0,0,0,0,0,0,0,0
577,0,0,0,0,0,0,0,0,0
578,0,0,0,0,0,0,0,0,0
579,0,0,0,0,0,0,0,0,0
580,0,0,0,0,0,0,0,0,0
581,0,0,0,0,0,0,0,0,0
582,0,0,0,0,0,0,0,0,0
583,0,0,0,0,0,0,0,0,0
584,0,0,0,0,0,0,0,0,0
585,0,0,0,0,0,0,0,0,0
586,0,0,0,0,0,0,0,0,0
587,0,0,0,0,0,0,0,0,0
588,0,0,0,0,0,0,0,0,0
589,0,0,0,0,0,0,0,0,0
590,0,0,0,0,0,0,0,0,0
591,0,0,0,0,0,0,0,0,0
592,0,0,0,0,0,0,0,0,0
593,0,0,0,0,0,0,0,0,0
594,0,0,0,0,0,0,0,0,0
595,0,0,0,0,0,0,0,0,0
596,0,0,0,0,0,0,0,0,0
597,0,0,0,0,0,0,0,0,0
598,0,0,0,0,0,0,0,0,0
599,0,0,0,0,0,0,0,0,0
600,0,0,0,0,0,0,0,0,0
601,0,0,0,0,0,0,0,0,0
602,0,0,0,0,0,0,0,0,0
603,0,0,0,0,0,0,0,0,0
604,0,0,0,0,0,0,0,0,0
605,0,0,0,0,0,0,0,0,0
606,0,0,0,0,0,0,0,0,0
607,0,0,0,0,0,0,0,0,0
608,0,0,0,0,0,0,0,0,0
609,0,0,0,0,0,0,0,0,0
610,0,0,0,0,0,0,0,0,0
611,0,0,0,0,0,0,0,0,0
612,0,0,0,0,0,0,0,0,0
613,0,0,0,0,0,0,0,0,0
614,0,0,0,0,0,0,0,0,0
615,0,0,0,0,0,0,0,0,0
616,0,0,0,0,0,0,0,0,0
617,0,0,0,0,0,0,0,0,0
618,0,0,0,0,0,0,0,0,0
619,0,0,0,0,0,0,0,0,0
620,0,0,0,0,0,0,0,0,0
621,0,0,0,0,0,0,0,0,0
622,0,0,0,0,0,0,0,0,0
623,0,0,0,0,0,0,0,0,0
624,0,0,0,0,0,0,0,0,0
625,0,0,0,0,0,0,0,0,0
626,0,0,0,0,0,0,0,0,0
627,0,0,0,0,0,0,0,0,0
628,0,0,0,0,0,0,0,0,0
629,0,0,0,0,0,0,0,0,0
630,0,0,0,0,0,0,0,0,0
631,0,0,0,0,0,0,0,0,0
632,0,0,0,0,0,0,0,0,0
633,0,0,0,0,0,0,0,0,0
634,0,0,0,0,0,0,0,0,0
635,0,0,0,0,0,0,0,0,0
636,0,0,0,0,0,0,0,0,0
637,0,0,0,0,0,0,0,0,0
638,0,0,0,0,0,0,0,0,0
639,0,0,0,0,0,0,0,0,0
640,0,0,0,0,0,0,0,0,0
641,0,0,0,0,0,0,0,0,0
642,0,0,0,0,0,0,0,0,0
643,0,0,0,0,0,0,0,0,0
644,0,0,0,0,0,0,0,0,0
645,0,0,0,0,0,0,0,0,0
646,0,0,0,0,0,0,0,0,0
647,0,0,0,0,0,0,0,0,0
648,0,0,0,0,0,0,0,0,0
649,0,0,0,0,0,0,0,0,0
650,0,0,0,0,0,0,0,0,0
651,0,0,0,0,0,0,0,0,0
652,0,0,0,0,0,0,0,0,0
653,0,0,0,0,0,0,0,0,0
654,0,0,0,0,0,0,0,0,0
655,0,0,0,0,0,0,0,0,0
656,0,0,0,0,0,0,0,0,0
657,0,0,0,0,0,0,0,0,0
658,0,0,0,0,0,0,0,0,0
659,0,0,0,0,0,0,0,0,0
660,0,0,0,0,0,0,0,0,0
661,0,0,0,0,0,0,0,0,0
662,0,0,0,0,0,0,0,0,0
663,0,0,0,0,0,0,0,0,0
664,0,0,0,0,0,0,0,0,0
665,0,0,0,0,0,0,0,0,0
666,0,0,0,0,0,0,0,0,0
667,0,0,0,0,0,0,0,0,0
668,0,0,0,0,0,0,0,0,0
669,0,0,0,0,0,0,0,0,0
670,0,0,0,0,0,0,0,0,0
671,0,0,0,0,0,0,0,0,0
672,0,0,0,0,0,0,0,0,0
673,0,0,0,0,0,0,0,0,0
674,0,0,0,0,0,0,0,0,0
675,0,0,0,0,0,0,0,0,0
676,0,0,0,0,0,0,0,0,0
677,0,0,0,0,0,0,0,0,0
678,0,0,0,0,0,0,0,0,0
679,0,0,0,0,0,0,0,0,0
680,0,0,0,0,0,0,0,0,0
681,0,0,0,0,0,0,0,0,0
682,0,0,0,0,0,0,0,0,0
683,0,0,0,0,0,0,0,0,0
684,0,0,0,0,0,0,0,0,0
685,0,0,0,0,0,0,0,0,0
686,0,0,0,0,0,0,0,0,0
687,0,0,0,0,0,0,0,0,0
688,0,0,0,0,0,0,0,0,0
689,0,0,0,0,0,0,0,0,0
690,0,0,0,0,0,0,0,0,0
691,0,0,0,0,0,0,0,0,0
692,0,0,0,0,0,0,0,0,0
693,0,0,0,0,0,0,0,0,0
694,0,0,0,0,0,0,0,0,0
695,0,0,0,0,0,0,0,0,0
696,0,0,0,0,0,0,0,0,0
697,0,0,0,0,0,0,0,0,0
698,0,0,0,0,0,0,0,0,0
699,0,0,0,0,0,0,0,0,0
700,0,0,0,0,0,0,0,0,0
701,0,0,0,0,0,0,0,0,0
702,0,0,0,0,0,0,0,0,0
703,0,0,0,0,0,0,0,0,0
704,0,0,0,0,0,0,0,0,0
705,0,0,0,0,0,0,0,0,0
706,0,0,0,0,0,0,0,0,0
707,0,0,0,0,0,0,0,0,0
708,0,0,0,0,0,0,0,0,0
709,0,0,0,0,0,0,0,0,0
710,0,0,0,0,0,0,0,0,0
711,0,0,0,0,0,0,0,0,0
712,0,0,0,0,0,0,0,0,0
713,0,0,0,0,0,0,0,0,0
714,0,0,0,0,0,0,0,0,0
715,0,0,0,0,0,0,0,0,0
716,0,0,0,0,0,0,0,0,0
717,0,0,0,0,0,0,0,0,0
718,0,0,0,0,0,0,0,0,0
719,0,0,0,0,0,0,0,0,0
720,0,0,0,0,0,0,0,0,0
721,0,0,0,0,0,0,0,0,0
722,0,0,0,0,0,0,0,0,0
723,0,0,0,0,0,0,0,0,0
724,0,0,0,0,0,0,0,0,0
725,0,0,0,0,0,0,0,0,0
726,0,0,0,0,0,0,0,0,0
727,0,0,0,0,0,0,0,0,0
728,0,0,0,0,0,0,0,0,0
729,0,0,0,0,0,0,0,0,0
730,0,0,0,0,0,0,0,0,0
731,0,0,0,0,0,0,0,0,0
732,0,0,0,0,0,0,0,0,0
733,0,0,0,0,0,0,0,0,0
734,0,0,0,0,0,0,0,0,0
735,0,0,0,0,0,0,0,0,0
736,0,0,0,0,0,0,0,0,0
737,0,0,0,0,0,0,0,0,0
738,0,0,0,0,0,0,0,0,0
739,0,0,0,0,0,0,0,0,0
740,0,0,0,0,0,0,0,0,0
741,0,0,0,0,0,0,0,0,0
742,0,0,0,0,0,0,0,0,0
743,0,0,0,0,0,0,0,0,0
744,0,0,0,0,0,0,0,0,0
745,0,0,0,0,0,0,0,0,0
746,0,0,0,0,0,0,0,0,0
747,0,0,0,0,0,0,0,0,0
748,0,0,0,0,0,0,0,0,0
749,0,0,0,0,0,0,0,0,0
750,0,0,0,0,0,0,0,0,0
0,194,7257,201425,4077983,57373546,517292847,2626655236,5935079656,3356972874
1,100,3228,72644,1190418,13533875,98437283,402593757,731375455,331851789
2,48,1235,23428,318878,2993731,17972791,60551684,90418337,33618847
3,33,795,13190,158124,1307024,6904952,20483668,26931835,8829799
4,20,468,6561,67533,478787,2159399,5491115,6212329,1762980
5,16,321,3795,34644,218306,876361,1990129,2027716,521574
6,14,264,2851,24391,145535,550048,1176681,1129126,272492
7,13,200,1964,14705,77778,259826,493457,419646,89291
8,10,134,1196,8062,39025,118390,203488,155458,29272
9,7,86,731,4543,20029,55467,87143,60244,10205
10,5,70,545,3184,13573,35895,54818,36662,6136
11,3,51,372,2077,8159,19809,27842,16941,2637
12,2,34,249,1385,5189,12327,16845,10090,1569
13,0,20,125,660,2531,5896,8043,4805,756
14,0,18,111,543,1963,4434,5814,3285,502
15,0,10,54,255,824,1801,2169,1224,187
16,0,8,37,168,517,1014,1143,606,86
17,0,7,34,134,394,741,802,449,73
18,0,7,32,118,340,588,596,285,44
19,0,7,32,117,334,569,566,272,42
20,0,6,24,87,231,351,358,165,25
21,0,6,24,80,216,305,305,133,12
22,0,1,5,11,40,75,75,35,4
23,0,1,5,11,40,75,75,35,4
24,0,1,5,11,40,75,75,35,4
25,0,1,5,10,35,62,57,28,4
26,0,1,2,8,22,40,32,10,1
27,0,1,2,8,22,40,32,10,1
28,0,1,1,2,7,9,11,1,0
29,0,1,1,2,7,9,11,1,0
30,0,1,1,0,0,0,0,0,0
31,0,1,1,0,0,0,0,0,0
32,0,1,1,0,0,0,0,0,0
33,0,0,0,0,0,0,0,0,0
34,0,0,0,0,0,0,0,0,0
35,0,0,0,0,0,0,0,0,0
36,0,0,0,0,0,0,0,0,0
37,0,0,0,0,0,0,0,0,0
38,0,0,0,0,0,0,0,0,0
39,0,0,0,0,0,0,0,0,0
40,0,0,0,0,0,0,0,0,0
41,0,0,0,0,0,0,0,0,0
42,0,0,0,0,0,0,0,0,0
43,0,0,0,0,0,0,0,0,0
44,0,0,0,0,0,0,0,0,0
45,0,0,0,0,0,0,0,0,0
46,0,0,0,0,0,0,0,0,0
47,0,0,0,0,0,0,0,0,0
48,0,0,0,0,0,0,0,0,0
49,0,0,0,0,0,0,0,0,0
50,0,0,0,0,0,0,0,0,0
51,0,0,0,0,0,0,0,0,0
52,0,0,0,0,0,0,0,0,0
53,0,0,0,0,0,0,0,0,0
54,0,0,0,0,0,0,0,0,0
55,0,0,0,0,0,0,0,0,0
56,0,0,0,0,0,0,0,0,0
57,0,0,0,0,0,0,0,0,0
58,0,0,0,0,0,0,0,0,0
59,0,0,0,0,0,0,0,0,0
60,0,0,0,0,0,0,0,0,0
61,0,0,0,0,0,0,0,0,0
62,0,0,0,0,0,0,0,0,0
63,0,0,0,0,0,0,0,0,0
64,0,0,0,0,0,0,0,0,0
65,0,0,0,0,0,0,0,0,0
66,0,0,0,0,0,0,0,0,0
67,0,0,0,0,0,0,0,0,0
68,0,0,0,0,0,0,0,0,0
69,0,0,0,0,0,0,0,0,0
70,0,0,0,0,0,0,0,0,0
71,0,0,0,0,0,0,0,0,0
72,0,0,0,0,0,0,0,0,0
73,0,0,0,0,0,0,0,0,0
74,0,0,0,0,0,0,0,0,0
75,0,0,0,0,0,0,0,0,0
76,0,0,0,0,0,0,0,0,0
77,0,0,0,0,0,0,0,0,0
78,0,0,0,0,0,0,0,0,0
79,0,0,0,0,0,0,0,0,0
80,0,0,0,0,0,0,0,0,0
81,0,0,0,0,0,0,0,0,0
82,0,0,0,0,0,0,0,0,0
83,0,0,0,0,0,0,0,0,0
84,0,0,0,0,0,0,0,0,0
85,0,0,0,0,0,0,0,0,0
86,0,0,0,0,0,0,0,0,0
87,0,0,0,0,0,0,0,0,0
88,0,0,0,0,0,0,0,0,0
89,0,0,0,0,0,0,0,0,0
90,0,0,0,0,0,0,0,0,0
91,0,0,0,0,0,0,0,0,0
92,0,0,0,0,0,0,0,0,0
93,0,0,0,0,0,0,0,0,0
94,0,0,0,0,0,0,0,0,0
95,0,0,0,0,0,0,0,0,0
96,0,0,0,0,0,0,0,0,0
97,0,0,0,0,0,0,0,0,0
98,0,0,0,0,0,0,0,0,0
99,0,0,0,0,0,0,0,0,0
100,0,0,0,0,0,0,0,0,0
101,0,0,0,0,0,0,0,0,0
102,0,0,0,0,0,0,0,0,0
103,0,0,0,0,0,0,0,0,0
104,0,0,0,0,0,0,0,0,0
105,0,0,0,0,0,0,0,0,0
106,0,0,0,0,0,0,0,0,0
107,0,0,0,0,0,0,0,0,0
108,0,0,0,0,0,0,0,0,0
109,0,0,0,0,0,0,0,0,0
110,0,0,0,0,0,0,0,0,0
111,0,0,0,0,0,0,0,0,0
112,0,0,0,0,0,0,0,0,0
113,0,0,0,0,0,0,0,0,0
114,0,0,0,0,0,0,0,0,0
115,0,0,0,0,0,0,0,0,0
116,0,0,0,0,0,0,0,0,0
117,0,0,0,0,0,0,0,0,0
118,0,0,0,0,0,0,0,0,0
119,0,0,0,0,0,0,0,0,0
120,0,0,0,0,0,0,0,0,0
121,0,0,0,0,0,0,0,0,0
122,0,0,0,0,0,0,0,0,0
123,0,0,0,0,0,0,0,0,0
124,0,0,0,0,0,0,0,0,0
125,0,0,0,0,0,0,0,0,0
126,0,0,0,0,0,0,0,0,0
127,0,0,0,0,0,0,0,0,0
128,0,0,0,0,0,0,0,0,0
129,0,0,0,0,0,0,0,0,0
130,0,0,0,0,0,0,0,0,0
131,0,0,0,0,0,0,0,0,0
132,0,0,0,0,0,0,0,0,0
133,0,0,0,0,0,0,0,0,0
134,0,0,0,0,0,0,0,0,0
135,0,0,0,0,0,0,0,0,0
136,0,0,0,0,0,0,0,0,0
137,0,0,0,0,0,0,0,0,0
138,0,0,0,0,0,0,0,0,0
139,0,0,0,0,0,0,0,0,0
140,0,0,0,0,0,0,0,0,0
141,0,0,0,0,0,0,0,0,0
142,0,0,0,0,0,0,0,0,0
143,0,0,0,0,0,0,0,0,0
144,0,0,0,0,0,0,0,0,0
145,0,0,0,0,0,0,0,0,0
146,0,0,0,0,0,0,0,0,0
147,0,0,0,0,0,0,0,0,0
148,0,0,0,0,0,0,0,0,0
149,0,0,0,0,0,0,0,0,0
150,0,0,0,0,0,0,0,0,0
151,0,0,0,0,0,0,0,0,0
152,0,0,0,0,0,0,0,0,0
153,0,0,0,0,0,0,0,0,0
154,0,0,0,0,0,0,0,0,0
155,0,0,0,0,0,0,0,0,0
156,0,0,0,0,0,0,0,0,0
157,0,0,0,0,0,0,0,0,0
158,0,0,0,0,0,0,0,0,0
159,0,0,0,0,0,0,0,0,0
160,0,0,0,0,0,0,0,0,0
161,0,0,0,0,0,0,0,0,0
162,0,0,0,0,0,0,0,0,0
163,0,0,0,0,0,0,0,0,0
164,0,0,0,0,0,0,0,0,0
165,0,0,0,0,0,0,0,0,0
166,0,0,0,0,0,0,0,0,0
167,0,0,0,0,0,0,0,0,0
168,0,0,0,0,0,0,0,0,0
169,0,0,0,0,0,0,0,0,0
170,0,0,0,0,0,0,0,0,0
171,0,0,0,0,0,0,0,0,0
172,0,0,0,0,0,0,0,0,0
173,0,0,0,0,0,0,0,0,0
174,0,0,0,0,0,0,0,0,0
175,0,0,0,0,0,0,0,0,0
176,0,0,0,0,0,0,0,0,0
177,0,0,0,0,0,0,0,0,0
178,0,0,0,0,0,0,0,0,0
179,0,0,0,0,0,0,0,0,0
180,0,0,0,0,0,0,0,0,0
181,0,0,0,0,0,0,0,0,0
182,0,0,0,0,0,0,0,0,0
183,0,0,0,0,0,0,0,0,0
184,0,0,0,0,0,0,0,0,0
185,0,0,0,0,0,0,0,0,0
186,0,0,0,0,0,0,0,0,0
187,0,0,0,0,0,0,0,0,0
188,0,0,0,0,0,0,0,0,0
189,0,0,0,0,0,0,0,0,0
190,0,0,0,0,0,0,0,0,0
191,0,0,0,0,0,0,0,0,0
192,0,0,0,0,0,0,0,0,0
193,0,0,0,0,0,0,0,0,0
194,0,0,0,0,0,0,0,0,0
195,0,0,0,0,0,0,0,0,0
196,0,0,0,0,0,0,0,0,0
197,0,0,0,0,0,0,0,0,0
198,0,0,0,0,0,0,0,0,0
199,0,0,0,0,0,0,0,0,0
200,0,0,0,0,0,0,0,0,0
201,0,0,0,0,0,0,0,0,0
202,0,0,0,0,0,0,0,0,0
203,0,0,0,0,0,0,0,0,0
204,0,0,0,0,0,0,0,0,0
205,0,0,0,0,0,0,0,0,0
206,0,0,0,0,0,0,0,0,0
207,0,0,0,0,0,0,0,0,0
208,0,0,0,0,0,0,0,0,0
209,0,0,0,0,0,0,0,0,0
210,0,0,0,0,0,0,0,0,0
211,0,0,0,0,0,0,0,0,0
212,0,0,0,0,0,0,0,0,0
213,0,0,0,0,0,0,0,0,0
214,0,0,0,0,0,0,0,0,0
215,0,0,0,0,0,0,0,0,0
216,0,0,0,0,0,0,0,0,0
217,0,0,0,0,0,0,0,0,0
218,0,0,0,0,0,0,0,0,0
219,0,0,0,0,0,0,0,0,0
220,0,0,0,0,0,0,0,0,0
221,0,0,0,0,0,0,0,0,0
222,0,0,0,0,0,0,0,0,0
223,0,0,0,0,0,0,0,0,0
224,0,0,0,0,0,0,0,0,0
225,0,0,0,0,0,0,0,0,0
226,0,0,0,0,0,0,0,0,0
227,0,0,0,0,0,0,0,0,0
228,0,0,0,0,0,0,0,0,0
229,0,0,0,0,0,0,0,0,0
230,0,0,0,0,0,0,0,0,0
231,0,0,0,0,0,0,0,0,0
232,0,0,0,0,0,0,0,0,0
233,0,0,0,0,0,0,0,0,0
234,0,0,0,0,0,0,0,0,0
235,0,0,0,0,0,0,0,0,0
236,0,0,0,0,0,0,0,0,0
237,0,0,0,0,0,0,0,0,0
238,0,0,0,0,0,0,0,0,0
239,0,0,0,0,0,0,0,0,0
240,0,0,0,0,0,0,0,0,0
241,0,0,0,0,0,0,0,0,0
242,0,0,0,0,0,0,0,0,0
243,0,0,0,0,0,0,0,0,0
244,0,0,0,0,0,0,0,0,0
245,0,0,0,0,0,0,0,0,0
246,0,0,0,0,0,0,0,0,0
247,0,0,0,0,0,0,0,0,0
248,0,0,0,0,0,0,0,0,0
249,0,0,0,0,0,0,0,0,0
250,0,0,0,0,0,0,0,0,0
251,0,0,0,0,0,0,0,0,0
252,0,0,0,0,0,0,0,0,0
253,0,0,0,0,0,0,0,0,0
254,0,0,0,0,0,0,0,0,0
255,0,0,0,0,0,0,0,0,0
256,0,0,0,0,0,0,0,0,0
257,0,0,0,0,0,0,0,0,0
258,0,0,0,0,0,0,0,0,0
259,0,0,0,0,0,0,0,0,0
260,0,0,0,0,0,0,0,0,0
261,0,0,0,0,0,0,0,0,0
262,0,0,0,0,0,0,0,0,0
263,0,0,0,0,0,0,0,0,0
264,0,0,0,0,0,0,0,0,0
265,0,0,0,0,0,0,0,0,0
266,0,0,0,0,0,0,0,0,0
267,0,0,0,0,0,0,0,0,0
268,0,0,0,0,0,0,0,0,0
269,0,0,0,0,0,0,0,0,0
270,0,0,0,0,0,0,0,0,0
271,0,0,0,0,0,0,0,0,0
272,0,0,0,0,0,0,0,0,0
273,0,0,0,0,0,0,0,0,0
274,0,0,0,0,0,0,0,0,0
275,0,0,0,0,0,0,0,0,0
276,0,0,0,0,0,0,0,0,0
277,0,0,0,0,0,0,0,0,0
278,0,0,0,0,0,0,0,0,0
279,0,0,0,0,0,0,0,0,0
280,0,0,0,0,0,0,0,0,0
281,0,0,0,0,0,0,0,0,0
282,0,0,0,0,0,0,0,0,0
283,0,0,0,0,0,0,0,0,0
284,0,0,0,0,0,0,0,0,0
285,0,0,0,0,0,0,0,0,0
286,0,0,0,0,0,0,0,0,0
287,0,0,0,0,0,0,0,0,0
288,0,0,0,0,0,0,0,0,0
289,0,0,0,0,0,0,0,0,0
290,0,0,0,0,0,0,0,0,0
291,0,0,0,0,0,0,0,0,0
292,0,0,0,0,0,0,0,0,0
293,0,0,0,0,0,0,0,0,0
294,0,0,0,0,0,0,0,0,0
295,0,0,0,0,0,0,0,0,0
296,0,0,0,0,0,0,0,0,0
297,0,0,0,0,0,0,0,0,0
298,0,0,0,0,0,0,0,0,0
299,0,0,0,0,0,0,0,0,0
300,0,0,0,0,0,0,0,0,0
301,0,0,0,0,0,0,0,0,0
302,0,0,0,0,0,0,0,0,0
303,0,0,0,0,0,0,0,0,0
304,0,0,0,0,0,0,0,0,0
305,0,0,0,0,0,0,0,0,0
306,0,0,0,0,0,0,0,0,0
307,0,0,0,0,0,0,0,0,0
308,0,0,0,0,0,0,0,0,0
309,0,0,0,0,0,0,0,0,0
310,0,0,0,0,0,0,0,0,0
311,0,0,0,0,0,0,0,0,0
312,0,0,0,0,0,0,0,0,0
313,0,0,0,0,0,0,0,0,0
314,0,0,0,0,0,0,0,0,0
315,0,0,0,0,0,0,0,0,0
316,0,0,0,0,0,0,0,0,0
317,0,0,0,0,0,0,0,0,0
318,0,0,0,0,0,0,0,0,0
319,0,0,0,0,0,0,0,0,0
320,0,0,0,0,0,0,0,0,0
321,0,0,0,0,0,0,0,0,0
322,0,0,0,0,0,0,0,0,0
323,0,0,0,0,0,0,0,0,0
324,0,0,0,0,0,0,0,0,0
325,0,0,0,0,0,0,0,0,0
326,0,0,0,0,0,0,0,0,0
327,0,0,0,0,0,0,0,0,0
328,0,0,0,0,0,0,0,0,0
329,0,0,0,0,0,0,0,0,0
330,0,0,0,0,0,0,0,0,0
331,0,0,0,0,0,0,0,0,0
332,0,0,0,0,0,0,0,0,0
333,0,0,0,0,0,0,0,0,0
334,0,0,0,0,0,0,0,0,0
335,0,0,0,0,0,0,0,0,0
336,0,0,0,0,0,0,0,0,0
337,0,0,0,0,0,0,0,0,0
338,0,0,0,0,0,0,0,0,0
339,0,0,0,0,0,0,0,0,0
340,0,0,0,0,0,0,0,0,0
341,0,0,0,0,0,0,0,0,0
342,0,0,0,0,0,0,0,0,0
343,0,0,0,0,0,0,0,0,0
344,0,0,0,0,0,0,0,0,0
345,0,0,0,0,0,0,0,0,0
346,0,0,0,0,0,0,0,0,0
347,0,0,0,0,0,0,0,0,0
348,0,0,0,0,0,0,0,0,0
349,0,0,0,0,0,0,0,0,0
350,0,0,0,0,0,0,0,0,0
351,0,0,0,0,0,0,0,0,0
352,0,0,0,0,0,0,0,0,0
353,0,0,0,0,0,0,0,0,0
354,0,0,0,0,0,0,0,0,0
355,0,0,0,0,0,0,0,0,0
356,0,0,0,0,0,0,0,0,0
357,0,0,0,0,0,0,0,0,0
358,0,0,0,0,0,0,0,0,0
359,0,0,0,0,0,0,0,0,0
360,0,0,0,0,0,0,0,0,0
361,0,0,0,0,0,0,0,0,0
362,0,0,0,0,0,0,0,0,0
363,0,0,0,0,0,0,0,0,0
364,0,0,0,0,0,0,0,0,0
365,0,0,0,0,0,0,0,0,0
366,0,0,0,0,0,0,0,0,0
367,0,0,0,0,0,0,0,0,0
368,0,0,0,0,0,0,0,0,0
369,0,0,0,0,0,0,0,0,0
370,0,0,0,0,0,0,0,0,0
371,0,0,0,0,0,0,0,0,0
372,0,0,0,0,0,0,0,0,0
373,0,0,0,0,0,0,0,0,0
374,0,0,0,0,0,0,0,0,0
375,0,0,0,0,0,0,0,0,0
376,0,0,0,0,0,0,0,0,0
377,0,0,0,0,0,0,0,0,0
378,0,0,0,0,0,0,0,0,0
379,0,0,0,0,0,0,0,0,0
380,0,0,0,0,0,0,0,0,0
381,0,0,0,0,0,0,0,0,0
382,0,0,0,0,0,0,0,0,0
383,0,0,0,0,0,0,0,0,0
384,0,0,0,0,0,0,0,0,0
385,0,0,0,0,0,0,0,0,0
386,0,0,0,0,0,0,0,0,0
387,0,0,0,0,0,0,0,0,0
388,0,0,0,0,0,0,0,0,0
389,0,0,0,0,0,0,0,0,0
390,0,0,0,0,0,0,0,0,0
391,0,0,0,0,0,0,0,0,0
392,0,0,0,0,0,0,0,0,0
393,0,0,0,0,0,0,0,0,0
394,0,0,0,0,0,0,0,0,0
395,0,0,0,0,0,0,0,0,0
396,0,0,0,0,0,0,0,0,0
397,0,0,0,0,0,0,0,0,0
398,0,0,0,0,0,0,0,0,0
399,0,0,0,0,0,0,0,0,0
400,0,0,0,0,0,0,0,0,0
401,0,0,0,0,0,0,0,0,0
402,0,0,0,0,0,0,0,0,0
403,0,0,0,0,0,0,0,0,0
404,0,0,0,0,0,0,0,0,0
405,0,0,0,0,0,0,0,0,0
406,0,0,0,0,0,0,0,0,0
407,0,0,0,0,0,0,0,0,0
408,0,0,0,0,0,0,0,0,0
409,0,0,0,0,0,0,0,0,0
410,0,0,0,0,0,0,0,0,0
411,0,0,0,0,0,0,0,0,0
412,0,0,0,0,0,0,0,0,0
413,0,0,0,0,0,0,0,0,0
414,0,0,0,0,0,0,0,0,0
415,0,0,0,0,0,0,0,0,0
416,0,0,0,0,0,0,0,0,0
417,0,0,0,0,0,0,0,0,0
418,0,0,0,0,0,0,0,0,0
419,0,0,0,0,0,0,0,0,0
420,0,0,0,0,0,0,0,0,0
421,0,0,0,0,0,0,0,0,0
422,0,0,0,0,0,0,0,0,0
423,0,0,0,0,0,0,0,0,0
424,0,0,0,0,0,0,0,0,0
425,0,0,0,0,0,0,0,0,0
426,0,0,0,0,0,0,0,0,0
427,0,0,0,0,0,0,0,0,0
428,0,0,0,0,0,0,0,0,0
429,0,0,0,0,0,0,0,0,0
430,0,0,0,0,0,0,0,0,0
431,0,0,0,0,0,0,0,0,0
432,0,0,0,0,0,0,0,0,0
433,0,0,0,0,0,0,0,0,0
434,0,0,0,0,0,0,0,0,0
435,0,0,0,0,0,0,0,0,0
436,0,0,0,0,0,0,0,0,0
437,0,0,0,0,0,0,0,0,0
438,0,0,0,0,0,0,0,0,0
439,0,0,0,0,0,0,0,0,0
440,0,0,0,0,0,0,0,0,0
441,0,0,0,0,0,0,0,0,0
442,0,0,0,0,0,0,0,0,0
443,0,0,0,0,0,0,0,0,0
444,0,0,0,0,0,0,0,0,0
445,0,0,0,0,0,0,0,0,0
446,0,0,0,0,0,0,0,0,0
447,0,0,0,0,0,0,0,0,0
448,0,0,0,0,0,0,0,0,0
449,0,0,0,0,0,0,0,0,0
450,0,0,0,0,0,0,0,0,0
451,0,0,0,0,0,0,0,0,0
452,0,0,0,0,0,0,0,0,0
453,0,0,0,0,0,0,0,0,0
454,0,0,0,0,0,0,0,0,0
455,0,0,0,0,0,0,0,0,0
456,0,0,0,0,0,0,0,0,0
457,0,0,0,0,0,0,0,0,0
458,0,0,0,0,0,0,0,0,0
459,0,0,0,0,0,0,0,0,0
460,0,0,0,0,0,0,0,0,0
461,0,0,0,0,0,0,0,0,0
462,0,0,0,0,0,0,0,0,0
463,0,0,0,0,0,0,0,0,0
464,0,0,0,0,0,0,0,0,0
465,0,0,0,0,0,0,0,0,0
466,0,0,0,0,0,0,0,0,0
467,0,0,0,0,0,0,0,0,0
468,0,0,0,0,0,0,0,0,0
469,0,0,0,0,0,0,0,0,0
470,0,0,0,0,0,0,0,0,0
471,0,0,0,0,0,0,0,0,0
472,0,0,0,0,0,0,0,0,0
473,0,0,0,0,0,0,0,0,0
474,0,0,0,0,0,0,0,0,0
475,0,0,0,0,0,0,0,0,0
476,0,0,0,0,0,0,0,0,0
477,0,0,0,0,0,0,0,0,0
478,0,0,0,0,0,0,0,0,0
479,0,0,0,0,0,0,0,0,0
480,0,0,0,0,0,0,0,0,0
481,0,0,0,0,0,0,0,0,0
482,0,0,0,0,0,0,0,0,0
483,0,0,0,0,0,0,0,0,0
484,0,0,0,0,0,0,0,0,0
485,0,0,0,0,0,0,0,0,0
486,0,0,0,0,0,0,0,0,0
487,0,0,0,0,0,0,0,0,0
488,0,0,0,0,0,0,0,0,0
489,0,0,0,0,0,0,0,0,0
490,0,0,0,0,0,0,0,0,0
491,0,0,0,0,0,0,0,0,0
492,0,0,0,0,0,0,0,0,0
493,0,0,0,0,0,0,0,0,0
494,0,0,0,0,0,0,0,0,0
495,0,0,0,0,0,0,0,0,0
496,0,0,0,0,0,0,0,0,0
497,0,0,0,0,0,0,0,0,0
498,0,0,0,0,0,0,0,0,0
499,0,0,0,0,0,0,0,0,0
500,0,0,0,0,0,0,0,0,0
501,0,0,0,0,0,0,0,0,0
502,0,0,0,0,0,0,0,0,0
503,0,0,0,0,0,0,0,0,0
504,0,0,0,0,0,0,0,0,0
505,0,0,0,0,0,0,0,0,0
506,0,0,0,0,0,0,0,0,0
507,0,0,0,0,0,0,0,0,0
508,0,0,0,0,0,0,0,0,0
509,0,0,0,0,0,0,0,0,0
510,0,0,0,0,0,0,0,0,0
511,0,0,0,0,0,0,0,0,0
512,0,0,0,0,0,0,0,0,0
513,0,0,0,0,0,0,0,0,0
514,0,0,0,0,0,0,0,0,0
515,0,0,0,0,0,0,0,0,0
516,0,0,0,0,0,0,0,0,0
517,0,0,0,0,0,0,0,0,0
518,0,0,0,0,0,0,0,0,0
519,0,0,0,0,0,0,0,0,0
520,0,0,0,0,0,0,0,0,0
521,0,0,0,0,0,0,0,0,0
522,0,0,0,0,0,0,0,0,0
523,0,0,0,0,0,0,0,0,0
524,0,0,0,0,0,0,0,0,0
525,0,0,0,0,0,0,0,0,0
526,0,0,0,0,0,0,0,0,0
527,0,0,0,0,0,0,0,0,0
528,0,0,0,0,0,0,0,0,0
529,0,0,0,0,0,0,0,0,0
530,0,0,0,0,0,0,0,0,0
531,0,0,0,0,0,0,0,0,0
532,0,0,0,0,0,0,0,0,0
533,0,0,0,0,0,0,0,0,0
534,0,0,0,0,0,0,0,0,0
535,0,0,0,0,0,0,0,0,0
536,0,0,0,0,0,0,0,0,0
537,0,0,0,0,0,0,0,0,0
538,0,0,0,0,0,0,0,0,0
539,0,0,0,0,0,0,0,0,0
540,0,0,0,0,0,0,0,0,0
541,0,0,0,0,0,0,0,0,0
542,0,0,0,0,0,0,0,0,0
543,0,0,0,0,0,0,0,0,0
544,0,0,0,0,0,0,0,0,0
545,0,0,0,0,0,0,0,0,0
546,0,0,0,0,0,0,0,0,0
547,0,0,0,0,0,0,0,0,0
548,0,0,0,0,0,0,0,0,0
549,0,0,0,0,0,0,0,0,0
550,0,0,0,0,0,0,0,0,0
551,0,0,0,0,0,0,0,0,0
552,0,0,0,0,0,0,0,0,0
553,0,0,0,0,0,0,0,0,0
554,0,0,0,0,0,0,0,0,0
555,0,0,0,0,0,0,0,0,0
556,0,0,0,0,0,0,0,0,0
557,0,0,0,0,0,0,0,0,0
558,0,0,0,0,0,0,0,0,0
559,0,0,0,0,0,0,0,0,0
560,0,0,0,0,0,0,0,0,0
561,0,0,0,0,0,0,0,0,0
562,0,0,0,0,0,0,0,0,0
563,0,0,0,0,0,0,0,0,0
564,0,0,0,0,0,0,0,0,0
565,0,0,0,0,0,0,0,0,0
566,0,0,0,0,0,0,0,0,0
567,0,0,0,0,0,0,0,0,0
568,0,0,0,0,0,0,0,0,0
569,0,0,0,0,0,0,0,0,0
570,0,0,0,0,0,0,0,0,0
571,0,0,0,0,0,0,0,0,0
572,0,0,0,0,0,0,0,0,0
573,0,0,0,0,0,0,0,0,0
574,0,0,0,0,0,0,0,0,0
575,0,0,0,0,0,0,0,0,0
576,0,0,0,0,0,0,0,0,0
577,0,0,0,0,0,0,0,0,0
578,0,0,0,0,0,0,0,0,0
579,0,0,0,0,0,0,0,0,0
580,0,0,0,0,0,0,0,0,0
581,0,0,0,0,0,0,0,0,0
582,0,0,0,0,0,0,0,0,0
583,0,0,0,0,0,0,0,0,0
584,0,0,0,0,0,0,0,0,0
585,0,0,0,0,0,0,0,0,0
586,0,0,0,0,0,0,0,0,0
587,0,0,0,0,0,0,0,0,0
588,0,0,0,0,0,0,0,0,0
589,0,0,0,0,0,0,0,0,0
590,0,0,0,0,0,0,0,0,0
591,0,0,0,0,0,0,0,0,0
592,0,0,0,0,0,0,0,0,0
593,0,0,0,0,0,0,0,0,0
594,0,0,0,0,0,0,0,0,0
595,0,0,0,0,0,0,0,0,0
596,0,0,0,0,0,0,0,0,0
597,0,0,0,0,0,0,0,0,0
598,0,0,0,0,0,0,0,0,0
599,0,0,0,0,0,0,0,0,0
600,0,0,0,0,0,0,0,0,0
601,0,0,0,0,0,0,0,0,0
602,0,0,0,0,0,0,0,0,0
603,0,0,0,0,0,0,0,0,0
604,0,0,0,0,0,0,0,0,0
605,0,0,0,0,0,0,0,0,0
606,0,0,0,0,0,0,0,0,0
607,0,0,0,0,0,0,0,0,0
608,0,0,0,0,0,0,0,0,0
609,0,0,0,0,0,0,0,0,0
610,0,0,0,0,0,0,0,0,0
611,0,0,0,0,0,0,0,0,0
612,0,0,0,0,0,0,0,0,0
613,0,0,0,0,0,0,0,0,0
614,0,0,0,0,0,0,0,0,0
615,0,0,0,0,0,0,0,0,0
616,0,0,0,0,0,0,0,0,0
617,0,0,0,0,0,0,0,0,0
618,0,0,0,0,0,0,0,0,0
619,0,0,0,0,0,0,0,0,0
620,0,0,0,0,0,0,0,0,0
621,0,0,0,0,0,0,0,0,0
622,0,0,0,0,0,0,0,0,0
623,0,0,0,0,0,0,0,0,0
624,0,0,0,0,0,0,0,0,0
625,0,0,0,0,0,0,0,0,0
626,0,0,0,0,0,0,0,0,0
627,0,0,0,0,0,0,0,0,0
628,0,0,0,0,0,0,0,0,0
629,0,0,0,0,0,0,0,0,0
630,0,0,0,0,0,0,0,0,0
631,0,0,0,0,0,0,0,0,0
632,0,0,0,0,0,0,0,0,0
633,0,0,0,0,0,0,0,0,0
634,0,0,0,0,0,0,0,0,0
635,0,0,0,0,0,0,0,0,0
636,0,0,0,0,0,0,0,0,0
637,0,0,0,0,0,0,0,0,0
638,0,0,0,0,0,0,0,0,0
639,0,0,0,0,0,0,0,0,0
640,0,0,0,0,0,0,0,0,0
641,0,0,0,0,0,0,0,0,0
642,0,0,0,0,0,0,0,0,0
643,0,0,0,0,0,0,0,0,0
644,0,0,0,0,0,0,0,0,0
645,0,0,0,0,0,0,0,0,0
646,0,0,0,0,0,0,0,0,0
647,0,0,0,0,0,0,0,0,0
648,0,0,0,0,0,0,0,0,0
649,0,0,0,0,0,0,0,0,0
650,0,0,0,0,0,0,0,0,0
651,0,0,0,0,0,0,0,0,0
652,0,0,0,0,0,0,0,0,0
653,0,0,0,0,0,0,0,0,0
654,0,0,0,0,0,0,0,0,0
655,0,0,0,0,0,0,0,0,0
656,0,0,0,0,0,0,0,0,0
657,0,0,0,0,0,0,0,0,0
658,0,0,0,0,0,0,0,0,0
659,0,0,0,0,0,0,0,0,0
660,0,0,0,0,0,0,0,0,0
661,0,0,0,0,0,0,0,0,0
662,0,0,0,0,0,0,0,0,0
663,0,0,0,0,0,0,0,0,0
664,0,0,0,0,0,0,0,0,0
665,0,0,0,0,0,0,0,0,0
666,0,0,0,0,0,0,0,0,0
667,0,0,0,0,0,0,0,0,0
668,0,0,0,0,0,0,0,0,0
669,0,0,0,0,0,0,0,0,0
670,0,0,0,0,0,0,0,0,0
671,0,0,0,0,0,0,0,0,0
672,0,0,0,0,0,0,0,0,0
673,0,0,0,0,0,0,0,0,0
674,0,0,0,0,0,0,0,0,0
675,0,0,0,0,0,0,0,0,0
676,0,0,0,0,0,0,0,0,0
677,0,0,0,0,0,0,0,0,0
678,0,0,0,0,0,0,0,0,0
679,0,0,0,0,0,0,0,0,0
680,0,0,0,0,0,0,0,0,0
681,0,0,0,0,0,0,0,0,0
682,0,0,0,0,0,0,0,0,0
683,0,0,0,0,0,0,0,0,0
684,0,0,0,0,0,0,0,0,0
685,0,0,0,0,0,0,0,0,0
686,0,0,0,0,0,0,0,0,0
687,0,0,0,0,0,0,0,0,0
688,0,0,0,0,0,0,0,0,0
689,0,0,0,0,0,0,0,0,0
690,0,0,0,0,0,0,0,0,0
691,0,0,0,0,0,0,0,0,0
692,0,0,0,0,0,0,0,0,0
693,0,0,0,0,0,0,0,0,0
694,0,0,0,0,0,0,0,0,0
695,0,0,0,0,0,0,0,0,0
696,0,0,0,0,0,0,0,0,0
697,0,0,0,0,0,0,0,0,0
698,0,0,0,0,0,0,0,0,0
699,0,0,0,0,0,0,0,0,0
700,0,0,0,0,0,0,0,0,0
701,0,0,0,0,0,0,0,0,0
702,0,0,0,0,0,0,0,0,0
703,0,0,0,0,0,0,0,0,0
704,0,0,0,0,0,0,0,0,0
705,0,0,0,0,0,0,0,0,0
706,0,0,0,0,0,0,0,0,0
707,0,0,0,0,0,0,0,0,0
708,0,0,0,0,0,0,0,0,0
709,0,0,0,0,0,0,0,0,0
710,0,0,0,0,0,0,0,0,0
711,0,0,0,0,0,0,0,0,0
712,0,0,0,0,0,0,0,0,0
713,0,0,0,0,0,0,0,0,0
714,0,0,0,0,0,0,0,0,0
715,0,0,0,0,0,0,0,0,0
716,0,0,0,0,0,0,0,0,0
717,0,0,0,0,0,0,0,0,0
718,0,0,0,0,0,0,0,0,0
719,0,0,0,0,0,0,0,0,0
720,0,0,0,0,0,0,0,0,0
721,0,0,0,0,0,0,0,0,0
722,0,0,0,0,0,0,0,0,0
723,0,0,0,0,0,0,0,0,0
724,0,0,0,0,0,0,0,0,0
725,0,0,0,0,0,0,0,0,0
726,0,0,0,0,0,0,0,0,0
727,0,0,0,0,0,0,0,0,0
728,0,0,0,0,0,0,0,0,0
729,0,0,0,0,0,0,0,0,0
730,0,0,0,0,0,0,0,0,0
731,0,0,0,0,0,0,0,0,0
732,0,0,0,0,0,0,0,0,0
733,0,0,0,0,0,0,0,0,0
734,0,0,0,0,0,0,0,0,0
735,0,0,0,0,0,0,0,0,0
736,0,0,0,0,0,0,0,0,0
737,0,0,0,0,0,0,0,0,0
738,0,0,0,0,0,0,0,0,0
739,0,0,0,0,0,0,0,0,0
740,0,0,0,0,0,0,0,0,0
741,0,0,0,0,0,0,0,0,0
742,0,0,0,0,0,0,0,0,0
743,0,0,0,0,0,0,0,0,0
744,0,0,0,0,0,0,0,0,0
745,0,0,0,0,0,0,0,0,0
746,0,0,0,0,0,0,0,0,0
747,0,0,0,0,0,0,0,0,0
748,0,0,0,0,0,0,0,0,0
749,0,0,0,0,0,0,0,0,0
750,0,0,0,0,0,0,0,0,0
0,194,7257,201425,4077983,57373546,517292847,2626655236,5935079656,3356972874
1,95,2613,57203,900334,9843268,69078199,273362833,481749685,212623152
2,57,1194,20148,252285,2185944,12105956,37784051,52502664,18279628
3,29,604,9110,97718,723801,3435815,9228105,11072452,3342213
4,18,318,4363,41426,277368,1190476,2903887,3182197,883534
5,11,162,2081,17386,100885,377741,806724,777863,190549
6,6,113,1405,10557,56080,193021,376677,331173,73203
7,4,48,586,3971,18600,56744,98466,76547,14649
8,4,45,486,2992,12818,35165,54627,37916,6460
9,4,44,437,2521,9859,24705,34464,21753,3401
10,3,32,272,1522,5866,14395,19943,12344,1860
11,2,24,210,1162,4110,9645,12716,7380,1084
12,0,12,128,683,2262,5027,6245,3264,400
13,0,10,82,458,1451,2973,3498,1729,207
14,0,10,69,379,1168,2314,2519,1119,120
15,0,5,51,263,833,1529,1573,669,56
16,0,5,51,240,726,1336,1399,622,54
17,0,5,40,175,491,824,774,305,22
18,0,5,36,116,360,513,414,152,7
19,0,5,35,102,319,413,297,99,3
20,0,5,34,94,285,364,260,83,3
21,0,2,14,32,73,93,63,15,0
22,0,1,8,16,32,52,37,11,0
23,0,1,7,13,16,25,20,7,0
24,0,1,7,13,16,25,20,7,0
25,0,1,7,12,16,23,16,4,0
26,0,1,7,10,14,18,11,4,0
27,0,1,7,10,14,18,11,4,0
28,0,1,5,8,13,14,10,4,0
29,0,1,5,7,12,13,10,4,0
30,0,0,1,2,2,3,0,0,0
31,0,0,1,2,2,3,0,0,0
32,0,0,1,2,2,3,0,0,0
33,0,0,0,0,0,0,0,0,0
34,0,0,0,0,0,0,0,0,0
35,0,0,0,0,0,0,0,0,0
36,0,0,0,0,0,0,0,0,0
37,0,0,0,0,0,0,0,0,0
38,0,0,0,0,0,0,0,0,0
39,0,0,0,0,0,0,0,0,0
40,0,0,0,0,0,0,0,0,0
41,0,0,0,0,0,0,0,0,0
42,0,0,0,0,0,0,0,0,0
43,0,0,0,0,0,0,0,0,0
44,0,0,0,0,0,0,0,0,0
45,0,0,0,0,0,0,0,0,0
46,0,0,0,0,0,0,0,0,0
47,0,0,0,0,0,0,0,0,0
48,0,0,0,0,0,0,0,0,0
49,0,0,0,0,0,0,0,0,0
50,0,0,0,0,0,0,0,0,0
51,0,0,0,0,0,0,0,0,0
52,0,0,0,0,0,0,0,0,0
53,0,0,0,0,0,0,0,0,0
54,0,0,0,0,0,0,0,0,0
55,0,0,0,0,0,0,0,0,0
56,0,0,0,0,0,0,0,0,0
57,0,0,0,0,0,0,0,0,0
58,0,0,0,0,0,0,0,0,0
59,0,0,0,0,0,0,0,0,0
60,0,0,0,0,0,0,0,0,0
61,0,0,0,0,0,0,0,0,0
62,0,0,0,0,0,0,0,0,0
63,0,0,0,0,0,0,0,0,0
64,0,0,0,0,0,0,0,0,0
65,0,0,0,0,0,0,0,0,0
66,0,0,0,0,0,0,0,0,0
67,0,0,0,0,0,0,0,0,0
68,0,0,0,0,0,0,0,0,0
69,0,0,0,0,0,0,0,0,0
70,0,0,0,0,0,0,0,0,0
71,0,0,0,0,0,0,0,0,0
72,0,0,0,0,0,0,0,0,0
73,0,0,0,0,0,0,0,0,0
74,0,0,0,0,0,0,0,0,0
75,0,0,0,0,0,0,0,0,0
76,0,0,0,0,0,0,0,0,0
77,0,0,0,0,0,0,0,0,0
78,0,0,0,0,0,0,0,0,0
79,0,0,0,0,0,0,0,0,0
80,0,0,0,0,0,0,0,0,0
81,0,0,0,0,0,0,0,0,0
82,0,0,0,0,0,0,0,0,0
83,0,0,0,0,0,0,0,0,0
84,0,0,0,0,0,0,0,0,0
85,0,0,0,0,0,0,0,0,0
86,0,0,0,0,0,0,0,0,0
87,0,0,0,0,0,0,0,0,0
88,0,0,0,0,0,0,0,0,0
89,0,0,0,0,0,0,0,0,0
90,0,0,0,0,0,0,0,0,0
91,0,0,0,0,0,0,0,0,0
92,0,0,0,0,0,0,0,0,0
93,0,0,0,0,0,0,0,0,0
94,0,0,0,0,0,0,0,0,0
95,0,0,0,0,0,0,0,0,0
96,0,0,0,0,0,0,0,0,0
97,0,0,0,0,0,0,0,0,0
98,0,0,0,0,0,0,0,0,0
99,0,0,0,0,0,0,0,0,0
100,0,0,0,0,0,0,0,0,0
101,0,0,0,0,0,0,0,0,0
102,0,0,0,0,0,0,0,0,0
103,0,0,0,0,0,0,0,0,0
104,0,0,0,0,0,0,0,0,0
105,0,0,0,0,0,0,0,0,0
106,0,0,0,0,0,0,0,0,0
107,0,0,0,0,0,0,0,0,0
108,0,0,0,0,0,0,0,0,0
109,0,0,0,0,0,0,0,0,0
110,0,0,0,0,0,0,0,0,0
111,0,0,0,0,0,0,0,0,0
112,0,0,0,0,0,0,0,0,0
113,0,0,0,0,0,0,0,0,0
114,0,0,0,0,0,0,0,0,0
115,0,0,0,0,0,0,0,0,0
116,0,0,0,0,0,0,0,0,0
117,0,0,0,0,0,0,0,0,0
118,0,0,0,0,0,0,0,0,0
119,0,0,0,0,0,0,0,0,0
120,0,0,0,0,0,0,0,0,0
121,0,0,0,0,0,0,0,0,0
122,0,0,0,0,0,0,0,0,0
123,0,0,0,0,0,0,0,0,0
124,0,0,0,0,0,0,0,0,0
125,0,0,0,0,0,0,0,0,0
126,0,0,0,0,0,0,0,0,0
127,0,0,0,0,0,0,0,0,0
128,0,0,0,0,0,0,0,0,0
129,0,0,0,0,0,0,0,0,0
130,0,0,0,0,0,0,0,0,0
131,0,0,0,0,0,0,0,0,0
132,0,0,0,0,0,0,0,0,0
133,0,0,0,0,0,0,0,0,0
134,0,0,0,0,0,0,0,0,0
135,0,0,0,0,0,0,0,0,0
136,0,0,0,0,0,0,0,0,0
137,0,0,0,0,0,0,0,0,0
138,0,0,0,0,0,0,0,0,0
139,0,0,0,0,0,0,0,0,0
140,0,0,0,0,0,0,0,0,0
141,0,0,0,0,0,0,0,0,0
142,0,0,0,0,0,0,0,0,0
143,0,0,0,0,0,0,0,0,0
144,0,0,0,0,0,0,0,0,0
145,0,0,0,0,0,0,0,0,0
146,0,0,0,0,0,0,0,0,0
147,0,0,0,0,0,0,0,0,0
148,0,0,0,0,0,0,0,0,0
149,0,0,0,0,0,0,0,0,0
150,0,0,0,0,0,0,0,0,0
151,0,0,0,0,0,0,0,0,0
152,0,0,0,0,0,0,0,0,0
153,0,0,0,0,0,0,0,0,0
154,0,0,0,0,0,0,0,0,0
155,0,0,0,0,0,0,0,0,0
156,0,0,0,0,0,0,0,0,0
157,0,0,0,0,0,0,0,0,0
158,0,0,0,0,0,0,0,0,0
159,0,0,0,0,0,0,0,0,0
160,0,0,0,0,0,0,0,0,0
161,0,0,0,0,0,0,0,0,0
162,0,0,0,0,0,0,0,0,0
163,0,0,0,0,0,0,0,0,0
164,0,0,0,0,0,0,0,0,0
165,0,0,0,0,0,0,0,0,0
166,0,0,0,0,0,0,0,0,0
167,0,0,0,0,0,0,0,0,0
168,0,0,0,0,0,0,0,0,0
169,0,0,0,0,0,0,0,0,0
170,0,0,0,0,0,0,0,0,0
171,0,0,0,0,0,0,0,0,0
172,0,0,0,0,0,0,0,0,0
173,0,0,0,0,0,0,0,0,0
174,0,0,0,0,0,0,0,0,0
175,0,0,0,0,0,0,0,0,0
176,0,0,0,0,0,0,0,0,0
177,0,0,0,0,0,0,0,0,0
178,0,0,0,0,0,0,0,0,0
179,0,0,0,0,0,0,0,0,0
180,0,0,0,0,0,0,0,0,0
181,0,0,0,0,0,0,0,0,0
182,0,0,0,0,0,0,0,0,0
183,0,0,0,0,0,0,0,0,0
184,0,0,0,0,0,0,0,0,0
185,0,0,0,0,0,0,0,0,0
186,0,0,0,0,0,0,0,0,0
187,0,0,0,0,0,0,0,0,0
188,0,0,0,0,0,0,0,0,0
189,0,0,0,0,0,0,0,0,0
190,0,0,0,0,0,0,0,0,0
191,0,0,0,0,0,0,0,0,0
192,0,0,0,0,0,0,0,0,0
193,0,0,0,0,0,0,0,0,0
194,0,0,0,0,0,0,0,0,0
195,0,0,0,0,0,0,0,0,0
196,0,0,0,0,0,0,0,0,0
197,0,0,0,0,0,0,0,0,0
198,0,0,0,0,0,0,0,0,0
199,0,0,0,0,0,0,0,0,0
200,0,0,0,0,0,0,0,0,0
201,0,0,0,0,0,0,0,0,0
202,0,0,0,0,0,0,0,0,0
203,0,0,0,0,0,0,0,0,0
204,0,0,0,0,0,0,0,0,0
205,0,0,0,0,0,0,0,0,0
206,0,0,0,0,0,0,0,0,0
207,0,0,0,0,0,0,0,0,0
208,0,0,0,0,0,0,0,0,0
209,0,0,0,0,0,0,0,0,0
210,0,0,0,0,0,0,0,0,0
211,0,0,0,0,0,0,0,0,0
212,0,0,0,0,0,0,0,0,0
213,0,0,0,0,0,0,0,0,0
214,0,0,0,0,0,0,0,0,0
215,0,0,0,0,0,0,0,0,0
216,0,0,0,0,0,0,0,0,0
217,0,0,0,0,0,0,0,0,0
218,0,0,0,0,0,0,0,0,0
219,0,0,0,0,0,0,0,0,0
220,0,0,0,0,0,0,0,0,0
221,0,0,0,0,0,0,0,0,0
222,0,0,0,0,0,0,0,0,0
223,0,0,0,0,0,0,0,0,0
224,0,0,0,0,0,0,0,0,0
225,0,0,0,0,0,0,0,0,0
226,0,0,0,0,0,0,0,0,0
227,0,0,0,0,0,0,0,0,0
228,0,0,0,0,0,0,0,0,0
229,0,0,0,0,0,0,0,0,0
230,0,0,0,0,0,0,0,0,0
231,0,0,0,0,0,0,0,0,0
232,0,0,0,0,0,0,0,0,0
233,0,0,0,0,0,0,0,0,0
234,0,0,0,0,0,0,0,0,0
235,0,0,0,0,0,0,0,0,0
236,0,0,0,0,0,0,0,0,0
237,0,0,0,0,0,0,0,0,0
238,0,0,0,0,0,0,0,0,0
239,0,0,0,0,0,0,0,0,0
240,0,0,0,0,0,0,0,0,0
241,0,0,0,0,0,0,0,0,0
242,0,0,0,0,0,0,0,0,0
243,0,0,0,0,0,0,0,0,0
244,0,0,0,0,0,0,0,0,0
245,0,0,0,0,0,0,0,0,0
246,0,0,0,0,0,0,0,0,0
247,0,0,0,0,0,0,0,0,0
248,0,0,0,0,0,0,0,0,0
249,0,0,0,0,0,0,0,0,0
250,0,0,0,0,0,0,0,0,0
251,0,0,0,0,0,0,0,0,0
252,0,0,0,0,0,0,0,0,0
253,0,0,0,0,0,0,0,0,0
254,0,0,0,0,0,0,0,0,0
255,0,0,0,0,0,0,0,0,0
256,0,0,0,0,0,0,0,0,0
257,0,0,0,0,0,0,0,0,0
258,0,0,0,0,0,0,0,0,0
259,0,0,0,0,0,0,0,0,0
260,0,0,0,0,0,0,0,0,0
261,0,0,0,0,0,0,0,0,0
262,0,0,0,0,0,0,0,0,0
263,0,0,0,0,0,0,0,0,0
264,0,0,0,0,0,0,0,0,0
265,0,0,0,0,0,0,0,0,0
266,0,0,0,0,0,0,0,0,0
267,0,0,0,0,0,0,0,0,0
268,0,0,0,0,0,0,0,0,0
269,0,0,0,0,0,0,0,0,0
270,0,0,0,0,0,0,0,0,0
271,0,0,0,0,0,0,0,0,0
272,0,0,0,0,0,0,0,0,0
273,0,0,0,0,0,0,0,0,0
274,0,0,0,0,0,0,0,0,0
275,0,0,0,0,0,0,0,0,0
276,0,0,0,0,0,0,0,0,0
277,0,0,0,0,0,0,0,0,0
278,0,0,0,0,0,0,0,0,0
279,0,0,0,0,0,0,0,0,0
280,0,0,0,0,0,0,0,0,0
281,0,0,0,0,0,0,0,0,0
282,0,0,0,0,0,0,0,0,0
283,0,0,0,0,0,0,0,0,0
284,0,0,0,0,0,0,0,0,0
285,0,0,0,0,0,0,0,0,0
286,0,0,0,0,0,0,0,0,0
287,0,0,0,0,0,0,0,0,0
288,0,0,0,0,0,0,0,0,0
289,0,0,0,0,0,0,0,0,0
290,0,0,0,0,0,0,0,0,0
291,0,0,0,0,0,0,0,0,0
292,0,0,0,0,0,0,0,0,0
293,0,0,0,0,0,0,0,0,0
294,0,0,0,0,0,0,0,0,0
295,0,0,0,0,0,0,0,0,0
296,0,0,0,0,0,0,0,0,0
297,0,0,0,0,0,0,0,0,0
298,0,0,0,0,0,0,0,0,0
299,0,0,0,0,0,0,0,0,0
300,0,0,0,0,0,0,0,0,0
301,0,0,0,0,0,0,0,0,0
302,0,0,0,0,0,0,0,0,0
303,0,0,0,0,0,0,0,0,0
304,0,0,0,0,0,0,0,0,0
305,0,0,0,0,0,0,0,0,0
306,0,0,0,0,0,0,0,0,0
307,0,0,0,0,0,0,0,0,0
308,0,0,0,0,0,0,0,0,0
309,0,0,0,0,0,0,0,0,0
310,0,0,0,0,0,0,0,0,0
311,0,0,0,0,0,0,0,0,0
312,0,0,0,0,0,0,0,0,0
313,0,0,0,0,0,0,0,0,0
314,0,0,0,0,0,0,0,0,0
315,0,0,0,0,0,0,0,0,0
316,0,0,0,0,0,0,0,0,0
317,0,0,0,0,0,0,0,0,0
318,0,0,0,0,0,0,0,0,0
319,0,0,0,0,0,0,0,0,0
320,0,0,0,0,0,0,0,0,0
321,0,0,0,0,0,0,0,0,0
322,0,0,0,0,0,0,0,0,0
323,0,0,0,0,0,0,0,0,0
324,0,0,0,0,0,0,0,0,0
325,0,0,0,0,0,0,0,0,0
326,0,0,0,0,0,0,0,0,0
327,0,0,0,0,0,0,0,0,0
328,0,0,0,0,0,0,0,0,0
329,0,0,0,0,0,0,0,0,0
330,0,0,0,0,0,0,0,0,0
331,0,0,0,0,0,0,0,0,0
332,0,0,0,0,0,0,0,0,0
333,0,0,0,0,0,0,0,0,0
334,0,0,0,0,0,0,0,0,0
335,0,0,0,0,0,0,0,0,0
336,0,0,0,0,0,0,0,0,0
337,0,0,0,0,0,0,0,0,0
338,0,0,0,0,0,0,0,0,0
339,0,0,0,0,0,0,0,0,0
340,0,0,0,0,0,0,0,0,0
341,0,0,0,0,0,0,0,0,0
342,0,0,0,0,0,0,0,0,0
343,0,0,0,0,0,0,0,0,0
344,0,0,0,0,0,0,0,0,0
345,0,0,0,0,0,0,0,0,0
346,0,0,0,0,0,0,0,0,0
347,0,0,0,0,0,0,0,0,0
348,0,0,0,0,0,0,0,0,0
349,0,0,0,0,0,0,0,0,0
350,0,0,0,0,0,0,0,0,0
351,0,0,0,0,0,0,0,0,0
352,0,0,0,0,0,0,0,0,0
353,0,0,0,0,0,0,0,0,0
354,0,0,0,0,0,0,0,0,0
355,0,0,0,0,0,0,0,0,0
356,0,0,0,0,0,0,0,0,0
357,0,0,0,0,0,0,0,0,0
358,0,0,0,0,0,0,0,0,0
359,0,0,0,0,0,0,0,0,0
360,0,0,0,0,0,0,0,0,0
361,0,0,0,0,0,0,0,0,0
362,0,0,0,0,0,0,0,0,0
363,0,0,0,0,0,0,0,0,0
364,0,0,0,0,0,0,0,0,0
365,0,0,0,0,0,0,0,0,0
366,0,0,0,0,0,0,0,0,0
367,0,0,0,0,0,0,0,0,0
368,0,0,0,0,0,0,0,0,0
369,0,0,0,0,0,0,0,0,0
370,0,0,0,0,0,0,0,0,0
371,0,0,0,0,0,0,0,0,0
372,0,0,0,0,0,0,0,0,0
373,0,0,0,0,0,0,0,0,0
374,0,0,0,0,0,0,0,0,0
375,0,0,0,0,0,0,0,0,0
376,0,0,0,0,0,0,0,0,0
377,0,0,0,0,0,0,0,0,0
378,0,0,0,0,0,0,0,0,0
379,0,0,0,0,0,0,0,0,0
380,0,0,0,0,0,0,0,0,0
381,0,0,0,0,0,0,0,0,0
382,0,0,0,0,0,0,0,0,0
383,0,0,0,0,0,0,0,0,0
384,0,0,0,0,0,0,0,0,0
385,0,0,0,0,0,0,0,0,0
386,0,0,0,0,0,0,0,0,0
387,0,0,0,0,0,0,0,0,0
388,0,0,0,0,0,0,0,0,0
389,0,0,0,0,0,0,0,0,0
390,0,0,0,0,0,0,0,0,0
391,0,0,0,0,0,0,0,0,0
392,0,0,0,0,0,0,0,0,0
393,0,0,0,0,0,0,0,0,0
394,0,0,0,0,0,0,0,0,0
395,0,0,0,0,0,0,0,0,0
396,0,0,0,0,0,0,0,0,0
397,0,0,0,0,0,0,0,0,0
398,0,0,0,0,0,0,0,0,0
399,0,0,0,0,0,0,0,0,0
400,0,0,0,0,0,0,0,0,0
401,0,0,0,0,0,0,0,0,0
402,0,0,0,0,0,0,0,0,0
403,0,0,0,0,0,0,0,0,0
404,0,0,0,0,0,0,0,0,0
405,0,0,0,0,0,0,0,0,0
406,0,0,0,0,0,0,0,0,0
407,0,0,0,0,0,0,0,0,0
408,0,0,0,0,0,0,0,0,0
409,0,0,0,0,0,0,0,0,0
410,0,0,0,0,0,0,0,0,0
411,0,0,0,0,0,0,0,0,0
412,0,0,0,0,0,0,0,0,0
413,0,0,0,0,0,0,0,0,0
414,0,0,0,0,0,0,0,0,0
415,0,0,0,0,0,0,0,0,0
416,0,0,0,0,0,0,0,0,0
417,0,0,0,0,0,0,0,0,0
418,0,0,0,0,0,0,0,0,0
419,0,0,0,0,0,0,0,0,0
420,0,0,0,0,0,0,0,0,0
421,0,0,0,0,0,0,0,0,0
422,0,0,0,0,0,0,0,0,0
423,0,0,0,0,0,0,0,0,0
424,0,0,0,0,0,0,0,0,0
425,0,0,0,0,0,0,0,0,0
426,0,0,0,0,0,0,0,0,0
427,0,0,0,0,0,0,0,0,0
428,0,0,0,0,0,0,0,0,0
429,0,0,0,0,0,0,0,0,0
430,0,0,0,0,0,0,0,0,0
431,0,0,0,0,0,0,0,0,0
432,0,0,0,0,0,0,0,0,0
433,0,0,0,0,0,0,0,0,0
434,0,0,0,0,0,0,0,0,0
435,0,0,0,0,0,0,0,0,0
436,0,0,0,0,0,0,0,0,0
437,0,0,0,0,0,0,0,0,0
438,0,0,0,0,0,0,0,0,0
439,0,0,0,0,0,0,0,0,0
440,0,0,0,0,0,0,0,0,0
441,0,0,0,0,0,0,0,0,0
442,0,0,0,0,0,0,0,0,0
443,0,0,0,0,0,0,0,0,0
444,0,0,0,0,0,0,0,0,0
445,0,0,0,0,0,0,0,0,0
446,0,0,0,0,0,0,0,0,0
447,0,0,0,0,0,0,0,0,0
448,0,0,0,0,0,0,0,0,0
449,0,0,0,0,0,0,0,0,0
450,0,0,0,0,0,0,0,0,0
451,0,0,0,0,0,0,0,0,0
452,0,0,0,0,0,0,0,0,0
453,0,0,0,0,0,0,0,0,0
454,0,0,0,0,0,0,0,0,0
455,0,0,0,0,0,0,0,0,0
456,0,0,0,0,0,0,0,0,0
457,0,0,0,0,0,0,0,0,0
458,0,0,0,0,0,0,0,0,0
459,0,0,0,0,0,0,0,0,0
460,0,0,0,0,0,0,0,0,0
461,0,0,0,0,0,0,0,0,0
462,0,0,0,0,0,0,0,0,0
463,0,0,0,0,0,0,0,0,0
464,0,0,0,0,0,0,0,0,0
465,0,0,0,0,0,0,0,0,0
466,0,0,0,0,0,0,0,0,0
467,0,0,0,0,0,0,0,0,0
468,0,0,0,0,0,0,0,0,0
469,0,0,0,0,0,0,0,0,0
470,0,0,0,0,0,0,0,0,0
471,0,0,0,0,0,0,0,0,0
472,0,0,0,0,0,0,0,0,0
473,0,0,0,0,0,0,0,0,0
474,0,0,0,0,0,0,0,0,0
475,0,0,0,0,0,0,0,0,0
476,0,0,0,0,0,0,0,0,0
477,0,0,0,0,0,0,0,0,0
478,0,0,0,0,0,0,0,0,0
479,0,0,0,0,0,0,0,0,0
480,0,0,0,0,0,0,0,0,0
481,0,0,0,0,0,0,0,0,0
482,0,0,0,0,0,0,0,0,0
483,0,0,0,0,0,0,0,0,0
484,0,0,0,0,0,0,0,0,0
485,0,0,0,0,0,0,0,0,0
486,0,0,0,0,0,0,0,0,0
487,0,0,0,0,0,0,0,0,0
488,0,0,0,0,0,0,0,0,0
489,0,0,0,0,0,0,0,0,0
490,0,0,0,0,0,0,0,0,0
491,0,0,0,0,0,0,0,0,0
492,0,0,0,0,0,0,0,0,0
493,0,0,0,0,0,0,0,0,0
494,0,0,0,0,0,0,0,0,0
495,0,0,0,0,0,0,0,0,0
496,0,0,0,0,0,0,0,0,0
497,0,0,0,0,0,0,0,0,0
498,0,0,0,0,0,0,0,0,0
499,0,0,0,0,0,0,0,0,0
500,0,0,0,0,0,0,0,0,0
501,0,0,0,0,0,0,0,0,0
502,0,0,0,0,0,0,0,0,0
503,0,0,0,0,0,0,0,0,0
504,0,0,0,0,0,0,0,0,0
505,0,0,0,0,0,0,0,0,0
506,0,0,0,0,0,0,0,0,0
507,0,0,0,0,0,0,0,0,0
508,0,0,0,0,0,0,0,0,0
509,0,0,0,0,0,0,0,0,0
510,0,0,0,0,0,0,0,0,0
511,0,0,0,0,0,0,0,0,0
512,0,0,0,0,0,0,0,0,0
513,0,0,0,0,0,0,0,0,0
514,0,0,0,0,0,0,0,0,0
515,0,0,0,0,0,0,0,0,0
516,0,0,0,0,0,0,0,0,0
517,0,0,0,0,0,0,0,0,0
518,0,0,0,0,0,0,0,0,0
519,0,0,0,0,0,0,0,0,0
520,0,0,0,0,0,0,0,0,0
521,0,0,0,0,0,0,0,0,0
522,0,0,0,0,0,0,0,0,0
523,0,0,0,0,0,0,0,0,0
524,0,0,0,0,0,0,0,0,0
525,0,0,0,0,0,0,0,0,0
526,0,0,0,0,0,0,0,0,0
527,0,0,0,0,0,0,0,0,0
528,0,0,0,0,0,0,0,0,0
529,0,0,0,0,0,0,0,0,0
530,0,0,0,0,0,0,0,0,0
531,0,0,0,0,0,0,0,0,0
532,0,0,0,0,0,0,0,0,0
533,0,0,0,0,0,0,0,0,0
534,0,0,0,0,0,0,0,0,0
535,0,0,0,0,0,0,0,0,0
536,0,0,0,0,0,0,0,0,0
537,0,0,0,0,0,0,0,0,0
538,0,0,0,0,0,0,0,0,0
539,0,0,0,0,0,0,0,0,0
540,0,0,0,0,0,0,0,0,0
541,0,0,0,0,0,0,0,0,0
542,0,0,0,0,0,0,0,0,0
543,0,0,0,0,0,0,0,0,0
544,0,0,0,0,0,0,0,0,0
545,0,0,0,0,0,0,0,0,0
546,0,0,0,0,0,0,0,0,0
547,0,0,0,0,0,0,0,0,0
548,0,0,0,0,0,0,0,0,0
549,0,0,0,0,0,0,0,0,0
550,0,0,0,0,0,0,0,0,0
551,0,0,0,0,0,0,0,0,0
552,0,0,0,0,0,0,0,0,0
553,0,0,0,0,0,0,0,0,0
554,0,0,0,0,0,0,0,0,0
555,0,0,0,0,0,0,0,0,0
556,0,0,0,0,0,0,0,0,0
557,0,0,0,0,0,0,0,0,0
558,0,0,0,0,0,0,0,0,0
559,0,0,0,0,0,0,0,0,0
560,0,0,0,0,0,0,0,0,0
561,0,0,0,0,0,0,0,0,0
562,0,0,0,0,0,0,0,0,0
563,0,0,0,0,0,0,0,0,0
564,0,0,0,0,0,0,0,0,0
565,0,0,0,0,0,0,0,0,0
566,0,0,0,0,0,0,0,0,0
567,0,0,0,0,0,0,0,0,0
568,0,0,0,0,0,0,0,0,0
569,0,0,0,0,0,0,0,0,0
570,0,0,0,0,0,0,0,0,0
571,0,0,0,0,0,0,0,0,0
572,0,0,0,0,0,0,0,0,0
573,0,0,0,0,0,0,0,0,0
574,0,0,0,0,0,0,0,0,0
575,0,0,0,0,0,0,0,0,0
576,0,0,0,0,0,0,0,0,0
577,0,0,0,0,0,0,0,0,0
578,0,0,0,0,0,0,0,0,0
579,0,0,0,0,0,0,0,0,0
580,0,0,0,0,0,0,0,0,0
581,0,0,0,0,0,0,0,0,0
582,0,0,0,0,0,0,0,0,0
583,0,0,0,0,0,0,0,0,0
584,0,0,0,0,0,0,0,0,0
585,0,0,0,0,0,0,0,0,0
586,0,0,0,0,0,0,0,0,0
587,0,0,0,0,0,0,0,0,0
588,0,0,0,0,0,0,0,0,0
589,0,0,0,0,0,0,0,0,0
590,0,0,0,0,0,0,0,0,0
591,0,0,0,0,0,0,0,0,0
592,0,0,0,0,0,0,0,0,0
593,0,0,0,0,0,0,0,0,0
594,0,0,0,0,0,0,0,0,0
595,0,0,0,0,0,0,0,0,0
596,0,0,0,0,0,0,0,0,0
597,0,0,0,0,0,0,0,0,0
598,0,0,0,0,0,0,0,0,0
599,0,0,0,0,0,0,0,0,0
600,0,0,0,0,0,0,0,0,0
601,0,0,0,0,0,0,0,0,0
602,0,0,0,0,0,0,0,0,0
603,0,0,0,0,0,0,0,0,0
604,0,0,0,0,0,0,0,0,0
605,0,0,0,0,0,0,0,0,0
606,0,0,0,0,0,0,0,0,0
607,0,0,0,0,0,0,0,0,0
608,0,0,0,0,0,0,0,0,0
609,0,0,0,0,0,0,0,0,0
610,0,0,0,0,0,0,0,0,0
611,0,0,0,0,0,0,0,0,0
612,0,0,0,0,0,0,0,0,0
613,0,0,0,0,0,0,0,0,0
614,0,0,0,0,0,0,0,0,0
615,0,0,0,0,0,0,0,0,0
616,0,0,0,0,0,0,0,0,0
617,0,0,0,0,0,0,0,0,0
618,0,0,0,0,0,0,0,0,0
619,0,0,0,0,0,0,0,0,0
620,0,0,0,0,0,0,0,0,0
621,0,0,0,0,0,0,0,0,0
622,0,0,0,0,0,0,0,0,0
623,0,0,0,0,0,0,0,0,0
624,0,0,0,0,0,0,0,0,0
625,0,0,0,0,0,0,0,0,0
626,0,0,0,0,0,0,0,0,0
627,0,0,0,0,0,0,0,0,0
628,0,0,0,0,0,0,0,0,0
629,0,0,0,0,0,0,0,0,0
630,0,0,0,0,0,0,0,0,0
631,0,0,0,0,0,0,0,0,0
632,0,0,0,0,0,0,0,0,0
633,0,0,0,0,0,0,0,0,0
634,0,0,0,0,0,0,0,0,0
635,0,0,0,0,0,0,0,0,0
636,0,0,0,0,0,0,0,0,0
637,0,0,0,0,0,0,0,0,0
638,0,0,0,0,0,0,0,0,0
639,0,0,0,0,0,0,0,0,0
640,0,0,0,0,0,0,0,0,0
641,0,0,0,0,0,0,0,0,0
642,0,0,0,0,0,0,0,0,0
643,0,0,0,0,0,0,0,0,0
644,0,0,0,0,0,0,0,0,0
645,0,0,0,0,0,0,0,0,0
646,0,0,0,0,0,0,0,0,0
647,0,0,0,0,0,0,0,0,0
648,0,0,0,0,0,0,0,0,0
649,0,0,0,0,0,0,0,0,0
650,0,0,0,0,0,0,0,0,0
651,0,0,0,0,0,0,0,0,0
652,0,0,0,0,0,0,0,0,0
653,0,0,0,0,0,0,0,0,0
654,0,0,0,0,0,0,0,0,0
655,0,0,0,0,0,0,0,0,0
656,0,0,0,0,0,0,0,0,0
657,0,0,0,0,0,0,0,0,0
658,0,0,0,0,0,0,0,0,0
659,0,0,0,0,0,0,0,0,0
660,0,0,0,0,0,0,0,0,0
661,0,0,0,0,0,0,0,0,0
662,0,0,0,0,0,0,0,0,0
663,0,0,0,0,0,0,0,0,0
664,0,0,0,0,0,0,0,0,0
665,0,0,0,0,0,0,0,0,0
666,0,0,0,0,0,0,0,0,0
667,0,0,0,0,0,0,0,0,0
668,0,0,0,0,0,0,0,0,0
669,0,0,0,0,0,0,0,0,0
670,0,0,0,0,0,0,0,0,0
671,0,0,0,0,0,0,0,0,0
672,0,0,0,0,0,0,0,0,0
673,0,0,0,0,0,0,0,0,0
674,0,0,0,0,0,0,0,0,0
675,0,0,0,0,0,0,0,0,0
676,0,0,0,0,0,0,0,0,0
677,0,0,0,0,0,0,0,0,0
678,0,0,0,0,0,0,0,0,0
679,0,0,0,0,0,0,0,0,0
680,0,0,0,0,0,0,0,0,0
681,0,0,0,0,0,0,0,0,0
682,0,0,0,0,0,0,0,0,0
683,0,0,0,0,0,0,0,0,0
684,0,0,0,0,0,0,0,0,0
685,0,0,0,0,0,0,0,0,0
686,0,0,0,0,0,0,0,0,0
687,0,0,0,0,0,0,0,0,0
688,0,0,0,0,0,0,0,0,0
689,0,0,0,0,0,0,0,0,0
690,0,0,0,0,0,0,0,0,0
691,0,0,0,0,0,0,0,0,0
692,0,0,0,0,0,0,0,0,0
693,0,0,0,0,0,0,0,0,0
694,0,0,0,0,0,0,0,0,0
695,0,0,0,0,0,0,0,0,0
696,0,0,0,0,0,0,0,0,0
697,0,0,0,0,0,0,0,0,0
698,0,0,0,0,0,0,0,0,0
699,0,0,0,0,0,0,0,0,0
700,0,0,0,0,0,0,0,0,0
701,0,0,0,0,0,0,0,0,0
702,0,0,0,0,0,0,0,0,0
703,0,0,0,0,0,0,0,0,0
704,0,0,0,0,0,0,0,0,0
705,0,0,0,0,0,0,0,0,0
706,0,0,0,0,0,0,0,0,0
707,0,0,0,0,0,0,0,0,0
708,0,0,0,0,0,0,0,0,0
709,0,0,0,0,0,0,0,0,0
710,0,0,0,0,0,0,0,0,0
711,0,0,0,0,0,0,0,0,0
712,0,0,0,0,0,0,0,0,0
713,0,0,0,0,0,0,0,0,0
714,0,0,0,0,0,0,0,0,0
715,0,0,0,0,0,0,0,0,0
716,0,0,0,0,0,0,0,0,0
717,0,0,0,0,0,0,0,0,0
718,0,0,0,0,0,0,0,0,0
719,0,0,0,0,0,0,0,0,0
720,0,0,0,0,0,0,0,0,0
721,0,0,0,0,0,0,0,0,0
722,0,0,0,0,0,0,0,0,0
723,0,0,0,0,0,0,0,0,0
724,0,0,0,0,0,0,0,0,0
725,0,0,0,0,0,0,0,0,0
726,0,0,0,0,0,0,0,0,0
727,0,0,0,0,0,0,0,0,0
728,0,0,0,0,0,0,0,0,0
729,0,0,0,0,0,0,0,0,0
730,0,0,0,0,0,0,0,0,0
731,0,0,0,0,0,0,0,0,0
732,0,0,0,0,0,0,0,0,0
733,0,0,0,0,0,0,0,0,0
734,0,0,0,0,0,0,0,0,0
735,0,0,0,0,0,0,0,0,0
736,0,0,0,0,0,0,0,0,0
737,0,0,0,0,0,0,0,0,0
738,0,0,0,0,0,0,0,0,0
739,0,0,0,0,0,0,0,0,0
740,0,0,0,0,0,0,0,0,0
741,0,0,0,0,0,0,0,0,0
742,0,0,0,0,0,0,0,0,0
743,0,0,0,0,0,0,0,0,0
744,0,0,0,0,0,0,0,0,0
745,0,0,0,0,0,0,0,0,0
746,0,0,0,0,0,0,0,0,0
747,0,0,0,0,0,0,0,0,0
748,0,0,0,0,0,0,0,0,0
749,0,0,0,0,0,0,0,0,0
750,0,0,0,0,0,0,0,0,0
0,194,7257,201425,4077983,57373546,517292847,2626655236,5935079656,3356972874
1,118,3648,83084,1359816,15458661,112314839,457736923,826596336,371955060
2,85,1929,35143,467138,4339925,25832927,86532366,128875773,48039907
3,54,1118,17536,200279,1594878,8138168,23352797,29772578,9482909
4,35,718,9381,95355,672768,3048488,7765298,8801244,2496771
5,28,491,5783,51715,322415,1278787,2847082,2812857,693632
6,20,300,3210,25978,144121,507907,1001991,871133,187954
7,16,242,2277,16291,81529,255507,444862,339871,64445
8,10,159,1268,7825,35054,99788,160056,114251,20397
9,10,143,1084,6483,27435,74116,112897,76078,12761
10,7,90,620,3388,13332,33436,47163,29701,4723
11,7,83,525,2706,9983,23441,30242,17229,2466
12,6,59,336,1521,5179,10830,12449,6410,838
13,6,56,303,1248,4051,7949,8624,4211,520
14,5,23,130,519,1618,3030,3068,1492,165
15,4,21,86,321,958,1687,1540,719,74
16,4,15,68,225,598,917,706,275,25
17,4,14,57,164,431,631,482,175,21
18,2,11,38,109,306,452,367,130,13
19,2,11,38,104,266,373,267,78,3
20,1,9,21,54,155,227,178,50,2
21,0,7,15,51,126,168,125,31,1
22,0,7,15,45,113,139,107,29,1
23,0,7,15,45,113,134,103,29,1
24,0,7,14,42,106,115,84,23,0
25,0,7,14,39,94,96,66,17,0
26,0,7,14,39,94,96,66,17,0
27,0,7,14,38,75,72,53,14,0
28,0,4,9,15,23,28,18,4,0
29,0,4,9,15,23,28,18,4,0
30,0,4,9,15,23,28,18,4,0
31,0,1,5,9,13,19,13,4,0
32,0,1,5,9,13,19,13,4,0
33,0,1,5,9,13,19,13,4,0
34,0,1,5,9,8,10,7,1,0
35,0,1,5,9,8,10,7,1,0
36,0,1,5,9,8,10,7,1,0
37,0,1,5,8,6,9,7,1,0
38,0,1,5,8,6,9,7,1,0
39,0,1,5,7,5,6,4,1,0
40,0,1,2,2,1,1,1,0,0
41,0,1,2,2,1,1,1,0,0
42,0,1,2,2,1,1,1,0,0
43,0,1,1,0,0,1,1,0,0
44,0,1,1,0,0,0,0,0,0
45,0,0,0,0,0,0,0,0,0
46,0,0,0,0,0,0,0,0,0
47,0,0,0,0,0,0,0,0,0
48,0,0,0,0,0,0,0,0,0
49,0,0,0,0,0,0,0,0,0
50,0,0,0,0,0,0,0,0,0
51,0,0,0,0,0,0,0,0,0
52,0,0,0,0,0,0,0,0,0
53,0,0,0,0,0,0,0,0,0
54,0,0,0,0,0,0,0,0,0
55,0,0,0,0,0,0,0,0,0
56,0,0,0,0,0,0,0,0,0
57,0,0,0,0,0,0,0,0,0
58,0,0,0,0,0,0,0,0,0
59,0,0,0,0,0,0,0,0,0
60,0,0,0,0,0,0,0,0,0
61,0,0,0,0,0,0,0,0,0
62,0,0,0,0,0,0,0,0,0
63,0,0,0,0,0,0,0,0,0
64,0,0,0,0,0,0,0,0,0
65,0,0,0,0,0,0,0,0,0
66,0,0,0,0,0,0,0,0,0
67,0,0,0,0,0,0,0,0,0
68,0,0,0,0,0,0,0,0,0
69,0,0,0,0,0,0,0,0,0
70,0,0,0,0,0,0,0,0,0
71,0,0,0,0,0,0,0,0,0
72,0,0,0,0,0,0,0,0,0
73,0,0,0,0,0,0,0,0,0
74,0,0,0,0,0,0,0,0,0
75,0,0,0,0,0,0,0,0,0
76,0,0,0,0,0,0,0,0,0
77,0,0,0,0,0,0,0,0,0
78,0,0,0,0,0,0,0,0,0
79,0,0,0,0,0,0,0,0,0
80,0,0,0,0,0,0,0,0,0
81,0,0,0,0,0,0,0,0,0
82,0,0,0,0,0,0,0,0,0
83,0,0,0,0,0,0,0,0,0
84,0,0,0,0,0,0,0,0,0
85,0,0,0,0,0,0,0,0,0
86,0,0,0,0,0,0,0,0,0
87,0,0,0,0,0,0,0,0,0
88,0,0,0,0,0,0,0,0,0
89,0,0,0,0,0,0,0,0,0
90,0,0,0,0,0,0,0,0,0
91,0,0,0,0,0,0,0,0,0
92,0,0,0,0,0,0,0,0,0
93,0,0,0,0,0,0,0,0,0
94,0,0,0,0,0,0,0,0,0
95,0,0,0,0,0,0,0,0,0
96,0,0,0,0,0,0,0,0,0
97,0,0,0,0,0,0,0,0,0
98,0,0,0,0,0,0,0,0,0
99,0,0,0,0,0,0,0,0,0
100,0,0,0,0,0,0,0,0,0
101,0,0,0,0,0,0,0,0,0
102,0,0,0,0,0,0,0,0,0
103,0,0,0,0,0,0,0,0,0
104,0,0,0,0,0,0,0,0,0
105,0,0,0,0,0,0,0,0,0
106,0,0,0,0,0,0,0,0,0
107,0,0,0,0,0,0,0,0,0
108,0,0,0,0,0,0,0,0,0
109,0,0,0,0,0,0,0,0,0
110,0,0,0,0,0,0,0,0,0
111,0,0,0,0,0,0,0,0,0
112,0,0,0,0,0,0,0,0,0
113,0,0,0,0,0,0,0,0,0
114,0,0,0,0,0,0,0,0,0
115,0,0,0,0,0,0,0,0,0
116,0,0,0,0,0,0,0,0,0
117,0,0,0,0,0,0,0,0,0
118,0,0,0,0,0,0,0,0,0
119,0,0,0,0,0,0,0,0,0
120,0,0,0,0,0,0,0,0,0
121,0,0,0,0,0,0,0,0,0
122,0,0,0,0,0,0,0,0,0
123,0,0,0,0,0,0,0,0,0
124,0,0,0,0,0,0,0,0,0
125,0,0,0,0,0,0,0,0,0
126,0,0,0,0,0,0,0,0,0
127,0,0,0,0,0,0,0,0,0
128,0,0,0,0,0,0,0,0,0
129,0,0,0,0,0,0,0,0,0
130,0,0,0,0,0,0,0,0,0
131,0,0,0,0,0,0,0,0,0
132,0,0,0,0,0,0,0,0,0
133,0,0,0,0,0,0,0,0,0
134,0,0,0,0,0,0,0,0,0
135,0,0,0,0,0,0,0,0,0
136,0,0,0,0,0,0,0,0,0
137,0,0,0,0,0,0,0,0,0
138,0,0,0,0,0,0,0,0,0
139,0,0,0,0,0,0,0,0,0
140,0,0,0,0,0,0,0,0,0
141,0,0,0,0,0,0,0,0,0
142,0,0,0,0,0,0,0,0,0
143,0,0,0,0,0,0,0,0,0
144,0,0,0,0,0,0,0,0,0
145,0,0,0,0,0,0,0,0,0
146,0,0,0,0,0,0,0,0,0
147,0,0,0,0,0,0,0,0,0
148,0,0,0,0,0,0,0,0,0
149,0,0,0,0,0,0,0,0,0
150,0,0,0,0,0,0,0,0,0
151,0,0,0,0,0,0,0,0,0
152,0,0,0,0,0,0,0,0,0
153,0,0,0,0,0,0,0,0,0
154,0,0,0,0,0,0,0,0,0
155,0,0,0,0,0,0,0,0,0
156,0,0,0,0,0,0,0,0,0
157,0,0,0,0,0,0,0,0,0
158,0,0,0,0,0,0,0,0,0
159,0,0,0,0,0,0,0,0,0
160,0,0,0,0,0,0,0,0,0
161,0,0,0,0,0,0,0,0,0
162,0,0,0,0,0,0,0,0,0
163,0,0,0,0,0,0,0,0,0
164,0,0,0,0,0,0,0,0,0
165,0,0,0,0,0,0,0,0,0
166,0,0,0,0,0,0,0,0,0
167,0,0,0,0,0,0,0,0,0
168,0,0,0,0,0,0,0,0,0
169,0,0,0,0,0,0,0,0,0
170,0,0,0,0,0,0,0,0,0
171,0,0,0,0,0,0,0,0,0
172,0,0,0,0,0,0,0,0,0
173,0,0,0,0,0,0,0,0,0
174,0,0,0,0,0,0,0,0,0
175,0,0,0,0,0,0,0,0,0
176,0,0,0,0,0,0,0,0,0
177,0,0,0,0,0,0,0,0,0
178,0,0,0,0,0,0,0,0,0
179,0,0,0,0,0,0,0,0,0
180,0,0,0,0,0,0,0,0,0
181,0,0,0,0,0,0,0,0,0
182,0,0,0,0,0,0,0,0,0
183,0,0,0,0,0,0,0,0,0
184,0,0,0,0,0,0,0,0,0
185,0,0,0,0,0,0,0,0,0
186,0,0,0,0,0,0,0,0,0
187,0,0,0,0,0,0,0,0,0
188,0,0,0,0,0,0,0,0,0
189,0,0,0,0,0,0,0,0,0
190,0,0,0,0,0,0,0,0,0
191,0,0,0,0,0,0,0,0,0
192,0,0,0,0,0,0,0,0,0
193,0,0,0,0,0,0,0,0,0
194,0,0,0,0,0,0,0,0,0
195,0,0,0,0,0,0,0,0,0
196,0,0,0,0,0,0,0,0,0
197,0,0,0,0,0,0,0,0,0
198,0,0,0,0,0,0,0,0,0
199,0,0,0,0,0,0,0,0,0
200,0,0,0,0,0,0,0,0,0
201,0,0,0,0,0,0,0,0,0
202,0,0,0,0,0,0,0,0,0
203,0,0,0,0,0,0,0,0,0
204,0,0,0,0,0,0,0,0,0
205,0,0,0,0,0,0,0,0,0
206,0,0,0,0,0,0,0,0,0
207,0,0,0,0,0,0,0,0,0
208,0,0,0,0,0,0,0,0,0
209,0,0,0,0,0,0,0,0,0
210,0,0,0,0,0,0,0,0,0
211,0,0,0,0,0,0,0,0,0
212,0,0,0,0,0,0,0,0,0
213,0,0,0,0,0,0,0,0,0
214,0,0,0,0,0,0,0,0,0
215,0,0,0,0,0,0,0,0,0
216,0,0,0,0,0,0,0,0,0
217,0,0,0,0,0,0,0,0,0
218,0,0,0,0,0,0,0,0,0
219,0,0,0,0,0,0,0,0,0
220,0,0,0,0,0,0,0,0,0
221,0,0,0,0,0,0,0,0,0
222,0,0,0,0,0,0,0,0,0
223,0,0,0,0,0,0,0,0,0
224,0,0,0,0,0,0,0,0,0
225,0,0,0,0,0,0,0,0,0
226,0,0,0,0,0,0,0,0,0
227,0,0,0,0,0,0,0,0,0
228,0,0,0,0,0,0,0,0,0
229,0,0,0,0,0,0,0,0,0
230,0,0,0,0,0,0,0,0,0
231,0,0,0,0,0,0,0,0,0
232,0,0,0,0,0,0,0,0,0
233,0,0,0,0,0,0,0,0,0
234,0,0,0,0,0,0,0,0,0
235,0,0,0,0,0,0,0,0,0
236,0,0,0,0,0,0,0,0,0
237,0,0,0,0,0,0,0,0,0
238,0,0,0,0,0,0,0,0,0
239,0,0,0,0,0,0,0,0,0
240,0,0,0,0,0,0,0,0,0
241,0,0,0,0,0,0,0,0,0
242,0,0,0,0,0,0,0,0,0
243,0,0,0,0,0,0,0,0,0
244,0,0,0,0,0,0,0,0,0
245,0,0,0,0,0,0,0,0,0
246,0,0,0,0,0,0,0,0,0
247,0,0,0,0,0,0,0,0,0
248,0,0,0,0,0,0,0,0,0
249,0,0,0,0,0,0,0,0,0
250,0,0,0,0,0,0,0,0,0
251,0,0,0,0,0,0,0,0,0
252,0,0,0,0,0,0,0,0,0
253,0,0,0,0,0,0,0,0,0
254,0,0,0,0,0,0,0,0,0
255,0,0,0,0,0,0,0,0,0
256,0,0,0,0,0,0,0,0,0
257,0,0,0,0,0,0,0,0,0
258,0,0,0,0,0,0,0,0,0
259,0,0,0,0,0,0,0,0,0
260,0,0,0,0,0,0,0,0,0
261,0,0,0,0,0,0,0,0,0
262,0,0,0,0,0,0,0,0,0
263,0,0,0,0,0,0,0,0,0
264,0,0,0,0,0,0,0,0,0
265,0,0,0,0,0,0,0,0,0
266,0,0,0,0,0,0,0,0,0
267,0,0,0,0,0,0,0,0,0
268,0,0,0,0,0,0,0,0,0
269,0,0,0,0,0,0,0,0,0
270,0,0,0,0,0,0,0,0,0
271,0,0,0,0,0,0,0,0,0
272,0,0,0,0,0,0,0,0,0
273,0,0,0,0,0,0,0,0,0
274,0,0,0,0,0,0,0,0,0
275,0,0,0,0,0,0,0,0,0
276,0,0,0,0,0,0,0,0,0
277,0,0,0,0,0,0,0,0,0
278,0,0,0,0,0,0,0,0,0
279,0,0,0,0,0,0,0,0,0
280,0,0,0,0,0,0,0,0,0
281,0,0,0,0,0,0,0,0,0
282,0,0,0,0,0,0,0,0,0
283,0,0,0,0,0,0,0,0,0
284,0,0,0,0,0,0,0,0,0
285,0,0,0,0,0,0,0,0,0
286,0,0,0,0,0,0,0,0,0
287,0,0,0,0,0,0,0,0,0
288,0,0,0,0,0,0,0,0,0
289,0,0,0,0,0,0,0,0,0
290,0,0,0,0,0,0,0,0,0
291,0,0,0,0,0,0,0,0,0
292,0,0,0,0,0,0,0,0,0
293,0,0,0,0,0,0,0,0,0
294,0,0,0,0,0,0,0,0,0
295,0,0,0,0,0,0,0,0,0
296,0,0,0,0,0,0,0,0,0
297,0,0,0,0,0,0,0,0,0
298,0,0,0,0,0,0,0,0,0
299,0,0,0,0,0,0,0,0,0
300,0,0,0,0,0,0,0,0,0
301,0,0,0,0,0,0,0,0,0
302,0,0,0,0,0,0,0,0,0
303,0,0,0,0,0,0,0,0,0
304,0,0,0,0,0,0,0,0,0
305,0,0,0,0,0,0,0,0,0
306,0,0,0,0,0,0,0,0,0
307,0,0,0,0,0,0,0,0,0
308,0,0,0,0,0,0,0,0,0
309,0,0,0,0,0,0,0,0,0
310,0,0,0,0,0,0,0,0,0
311,0,0,0,0,0,0,0,0,0
312,0,0,0,0,0,0,0,0,0
313,0,0,0,0,0,0,0,0,0
314,0,0,0,0,0,0,0,0,0
315,0,0,0,0,0,0,0,0,0
316,0,0,0,0,0,0,0,0,0
317,0,0,0,0,0,0,0,0,0
318,0,0,0,0,0,0,0,0,0
319,0,0,0,0,0,0,0,0,0
320,0,0,0,0,0,0,0,0,0
321,0,0,0,0,0,0,0,0,0
322,0,0,0,0,0,0,0,0,0
323,0,0,0,0,0,0,0,0,0
324,0,0,0,0,0,0,0,0,0
325,0,0,0,0,0,0,0,0,0
326,0,0,0,0,0,0,0,0,0
327,0,0,0,0,0,0,0,0,0
328,0,0,0,0,0,0,0,0,0
329,0,0,0,0,0,0,0,0,0
330,0,0,0,0,0,0,0,0,0
331,0,0,0,0,0,0,0,0,0
332,0,0,0,0,0,0,0,0,0
333,0,0,0,0,0,0,0,0,0
334,0,0,0,0,0,0,0,0,0
335,0,0,0,0,0,0,0,0,0
336,0,0,0,0,0,0,0,0,0
337,0,0,0,0,0,0,0,0,0
338,0,0,0,0,0,0,0,0,0
339,0,0,0,0,0,0,0,0,0
340,0,0,0,0,0,0,0,0,0
341,0,0,0,0,0,0,0,0,0
342,0,0,0,0,0,0,0,0,0
343,0,0,0,0,0,0,0,0,0
344,0,0,0,0,0,0,0,0,0
345,0,0,0,0,0,0,0,0,0
346,0,0,0,0,0,0,0,0,0
347,0,0,0,0,0,0,0,0,0
348,0,0,0,0,0,0,0,0,0
349,0,0,0,0,0,0,0,0,0
350,0,0,0,0,0,0,0,0,0
351,0,0,0,0,0,0,0,0,0
352,0,0,0,0,0,0,0,0,0
353,0,0,0,0,0,0,0,0,0
354,0,0,0,0,0,0,0,0,0
355,0,0,0,0,0,0,0,0,0
356,0,0,0,0,0,0,0,0,0
357,0,0,0,0,0,0,0,0,0
358,0,0,0,0,0,0,0,0,0
359,0,0,0,0,0,0,0,0,0
360,0,0,0,0,0,0,0,0,0
361,0,0,0,0,0,0,0,0,0
362,0,0,0,0,0,0,0,0,0
363,0,0,0,0,0,0,0,0,0
364,0,0,0,0,0,0,0,0,0
365,0,0,0,0,0,0,0,0,0
366,0,0,0,0,0,0,0,0,0
367,0,0,0,0,0,0,0,0,0
368,0,0,0,0,0,0,0,0,0
369,0,0,0,0,0,0,0,0,0
370,0,0,0,0,0,0,0,0,0
371,0,0,0,0,0,0,0,0,0
372,0,0,0,0,0,0,0,0,0
373,0,0,0,0,0,0,0,0,0
374,0,0,0,0,0,0,0,0,0
375,0,0,0,0,0,0,0,0,0
376,0,0,0,0,0,0,0,0,0
377,0,0,0,0,0,0,0,0,0
378,0,0,0,0,0,0,0,0,0
379,0,0,0,0,0,0,0,0,0
380,0,0,0,0,0,0,0,0,0
381,0,0,0,0,0,0,0,0,0
382,0,0,0,0,0,0,0,0,0
383,0,0,0,0,0,0,0,0,0
384,0,0,0,0,0,0,0,0,0
385,0,0,0,0,0,0,0,0,0
386,0,0,0,0,0,0,0,0,0
387,0,0,0,0,0,0,0,0,0
388,0,0,0,0,0,0,0,0,0
389,0,0,0,0,0,0,0,0,0
390,0,0,0,0,0,0,0,0,0
391,0,0,0,0,0,0,0,0,0
392,0,0,0,0,0,0,0,0,0
393,0,0,0,0,0,0,0,0,0
394,0,0,0,0,0,0,0,0,0
395,0,0,0,0,0,0,0,0,0
396,0,0,0,0,0,0,0,0,0
397,0,0,0,0,0,0,0,0,0
398,0,0,0,0,0,0,0,0,0
399,0,0,0,0,0,0,0,0,0
400,0,0,0,0,0,0,0,0,0
401,0,0,0,0,0,0,0,0,0
402,0,0,0,0,0,0,0,0,0
403,0,0,0,0,0,0,0,0,0
404,0,0,0,0,0,0,0,0,0
405,0,0,0,0,0,0,0,0,0
406,0,0,0,0,0,0,0,0,0
407,0,0,0,0,0,0,0,0,0
408,0,0,0,0,0,0,0,0,0
409,0,0,0,0,0,0,0,0,0
410,0,0,0,0,0,0,0,0,0
411,0,0,0,0,0,0,0,0,0
412,0,0,0,0,0,0,0,0,0
413,0,0,0,0,0,0,0,0,0
414,0,0,0,0,0,0,0,0,0
415,0,0,0,0,0,0,0,0,0
416,0,0,0,0,0,0,0,0,0
417,0,0,0,0,0,0,0,0,0
418,0,0,0,0,0,0,0,0,0
419,0,0,0,0,0,0,0,0,0
420,0,0,0,0,0,0,0,0,0
421,0,0,0,0,0,0,0,0,0
422,0,0,0,0,0,0,0,0,0
423,0,0,0,0,0,0,0,0,0
424,0,0,0,0,0,0,0,0,0
425,0,0,0,0,0,0,0,0,0
426,0,0,0,0,0,0,0,0,0
427,0,0,0,0,0,0,0,0,0
428,0,0,0,0,0,0,0,0,0
429,0,0,0,0,0,0,0,0,0
430,0,0,0,0,0,0,0,0,0
431,0,0,0,0,0,0,0,0,0
432,0,0,0,0,0,0,0,0,0
433,0,0,0,0,0,0,0,0,0
434,0,0,0,0,0,0,0,0,0
435,0,0,0,0,0,0,0,0,0
436,0,0,0,0,0,0,0,0,0
437,0,0,0,0,0,0,0,0,0
438,0,0,0,0,0,0,0,0,0
439,0,0,0,0,0,0,0,0,0
440,0,0,0,0,0,0,0,0,0
441,0,0,0,0,0,0,0,0,0
442,0,0,0,0,0,0,0,0,0
443,0,0,0,0,0,0,0,0,0
444,0,0,0,0,0,0,0,0,0
445,0,0,0,0,0,0,0,0,0
446,0,0,0,0,0,0,0,0,0
447,0,0,0,0,0,0,0,0,0
448,0,0,0,0,0,0,0,0,0
449,0,0,0,0,0,0,0,0,0
450,0,0,0,0,0,0,0,0,0
451,0,0,0,0,0,0,0,0,0
452,0,0,0,0,0,0,0,0,0
453,0,0,0,0,0,0,0,0,0
454,0,0,0,0,0,0,0,0,0
455,0,0,0,0,0,0,0,0,0
456,0,0,0,0,0,0,0,0,0
457,0,0,0,0,0,0,0,0,0
458,0,0,0,0,0,0,0,0,0
459,0,0,0,0,0,0,0,0,0
460,0,0,0,0,0,0,0,0,0
461,0,0,0,0,0,0,0,0,0
462,0,0,0,0,0,0,0,0,0
463,0,0,0,0,0,0,0,0,0
464,0,0,0,0,0,0,0,0,0
465,0,0,0,0,0,0,0,0,0
466,0,0,0,0,0,0,0,0,0
467,0,0,0,0,0,0,0,0,0
468,0,0,0,0,0,0,0,0,0
469,0,0,0,0,0,0,0,0,0
470,0,0,0,0,0,0,0,0,0
471,0,0,0,0,0,0,0,0,0
472,0,0,0,0,0,0,0,0,0
473,0,0,0,0,0,0,0,0,0
474,0,0,0,0,0,0,0,0,0
475,0,0,0,0,0,0,0,0,0
476,0,0,0,0,0,0,0,0,0
477,0,0,0,0,0,0,0,0,0
478,0,0,0,0,0,0,0,0,0
479,0,0,0,0,0,0,0,0,0
480,0,0,0,0,0,0,0,0,0
481,0,0,0,0,0,0,0,0,0
482,0,0,0,0,0,0,0,0,0
483,0,0,0,0,0,0,0,0,0
484,0,0,0,0,0,0,0,0,0
485,0,0,0,0,0,0,0,0,0
486,0,0,0,0,0,0,0,0,0
487,0,0,0,0,0,0,0,0,0
488,0,0,0,0,0,0,0,0,0
489,0,0,0,0,0,0,0,0,0
490,0,0,0,0,0,0,0,0,0
491,0,0,0,0,0,0,0,0,0
492,0,0,0,0,0,0,0,0,0
493,0,0,0,0,0,0,0,0,0
494,0,0,0,0,0,0,0,0,0
495,0,0,0,0,0,0,0,0,0
496,0,0,0,0,0,0,0,0,0
497,0,0,0,0,0,0,0,0,0
498,0,0,0,0,0,0,0,0,0
499,0,0,0,0,0,0,0,0,0
500,0,0,0,0,0,0,0,0,0
501,0,0,0,0,0,0,0,0,0
502,0,0,0,0,0,0,0,0,0
503,0,0,0,0,0,0,0,0,0
504,0,0,0,0,0,0,0,0,0
505,0,0,0,0,0,0,0,0,0
506,0,0,0,0,0,0,0,0,0
507,0,0,0,0,0,0,0,0,0
508,0,0,0,0,0,0,0,0,0
509,0,0,0,0,0,0,0,0,0
510,0,0,0,0,0,0,0,0,0
511,0,0,0,0,0,0,0,0,0
512,0,0,0,0,0,0,0,0,0
513,0,0,0,0,0,0,0,0,0
514,0,0,0,0,0,0,0,0,0
515,0,0,0,0,0,0,0,0,0
516,0,0,0,0,0,0,0,0,0
517,0,0,0,0,0,0,0,0,0
518,0,0,0,0,0,0,0,0,0
519,0,0,0,0,0,0,0,0,0
520,0,0,0,0,0,0,0,0,0
521,0,0,0,0,0,0,0,0,0
522,0,0,0,0,0,0,0,0,0
523,0,0,0,0,0,0,0,0,0
524,0,0,0,0,0,0,0,0,0
525,0,0,0,0,0,0,0,0,0
526,0,0,0,0,0,0,0,0,0
527,0,0,0,0,0,0,0,0,0
528,0,0,0,0,0,0,0,0,0
529,0,0,0,0,0,0,0,0,0
530,0,0,0,0,0,0,0,0,0
531,0,0,0,0,0,0,0,0,0
532,0,0,0,0,0,0,0,0,0
533,0,0,0,0,0,0,0,0,0
534,0,0,0,0,0,0,0,0,0
535,0,0,0,0,0,0,0,0,0
536,0,0,0,0,0,0,0,0,0
537,0,0,0,0,0,0,0,0,0
538,0,0,0,0,0,0,0,0,0
539,0,0,0,0,0,0,0,0,0
540,0,0,0,0,0,0,0,0,0
541,0,0,0,0,0,0,0,0,0
542,0,0,0,0,0,0,0,0,0
543,0,0,0,0,0,0,0,0,0
544,0,0,0,0,0,0,0,0,0
545,0,0,0,0,0,0,0,0,0
546,0,0,0,0,0,0,0,0,0
547,0,0,0,0,0,0,0,0,0
548,0,0,0,0,0,0,0,0,0
549,0,0,0,0,0,0,0,0,0
550,0,0,0,0,0,0,0,0,0
551,0,0,0,0,0,0,0,0,0
552,0,0,0,0,0,0,0,0,0
553,0,0,0,0,0,0,0,0,0
554,0,0,0,0,0,0,0,0,0
555,0,0,0,0,0,0,0,0,0
556,0,0,0,0,0,0,0,0,0
557,0,0,0,0,0,0,0,0,0
558,0,0,0,0,0,0,0,0,0
559,0,0,0,0,0,0,0,0,0
560,0,0,0,0,0,0,0,0,0
561,0,0,0,0,0,0,0,0,0
562,0,0,0,0,0,0,0,0,0
563,0,0,0,0,0,0,0,0,0
564,0,0,0,0,0,0,0,0,0
565,0,0,0,0,0,0,0,0,0
566,0,0,0,0,0,0,0,0,0
567,0,0,0,0,0,0,0,0,0
568,0,0,0,0,0,0,0,0,0
569,0,0,0,0,0,0,0,0,0
570,0,0,0,0,0,0,0,0,0
571,0,0,0,0,0,0,0,0,0
572,0,0,0,0,0,0,0,0,0
573,0,0,0,0,0,0,0,0,0
574,0,0,0,0,0,0,0,0,0
575,0,0,0,0,0,0,0,0,0
576,0,0,0,0,0,0,0,0,0
577,0,0,0,0,0,0,0,0,0
578,0,0,0,0,0,0,0,0,0
579,0,0,0,0,0,0,0,0,0
580,0,0,0,0,0,0,0,0,0
581,0,0,0,0,0,0,0,0,0
582,0,0,0,0,0,0,0,0,0
583,0,0,0,0,0,0,0,0,0
584,0,0,0,0,0,0,0,0,0
585,0,0,0,0,0,0,0,0,0
586,0,0,0,0,0,0,0,0,0
587,0,0,0,0,0,0,0,0,0
588,0,0,0,0,0,0,0,0,0
589,0,0,0,0,0,0,0,0,0
590,0,0,0,0,0,0,0,0,0
591,0,0,0,0,0,0,0,0,0
592,0,0,0,0,0,0,0,0,0
593,0,0,0,0,0,0,0,0,0
594,0,0,0,0,0,0,0,0,0
595,0,0,0,0,0,0,0,0,0
596,0,0,0,0,0,0,0,0,0
597,0,0,0,0,0,0,0,0,0
598,0,0,0,0,0,0,0,0,0
599,0,0,0,0,0,0,0,0,0
600,0,0,0,0,0,0,0,0,0
601,0,0,0,0,0,0,0,0,0
602,0,0,0,0,0,0,0,0,0
603,0,0,0,0,0,0,0,0,0
604,0,0,0,0,0,0,0,0,0
605,0,0,0,0,0,0,0,0,0
606,0,0,0,0,0,0,0,0,0
607,0,0,0,0,0,0,0,0,0
608,0,0,0,0,0,0,0,0,0
609,0,0,0,0,0,0,0,0,0
610,0,0,0,0,0,0,0,0,0
611,0,0,0,0,0,0,0,0,0
612,0,0,0,0,0,0,0,0,0
613,0,0,0,0,0,0,0,0,0
614,0,0,0,0,0,0,0,0,0
615,0,0,0,0,0,0,0,0,0
616,0,0,0,0,0,0,0,0,0
617,0,0,0,0,0,0,0,0,0
618,0,0,0,0,0,0,0,0,0
619,0,0,0,0,0,0,0,0,0
620,0,0,0,0,0,0,0,0,0
621,0,0,0,0,0,0,0,0,0
622,0,0,0,0,0,0,0,0,0
623,0,0,0,0,0,0,0,0,0
624,0,0,0,0,0,0,0,0,0
625,0,0,0,0,0,0,0,0,0
626,0,0,0,0,0,0,0,0,0
627,0,0,0,0,0,0,0,0,0
628,0,0,0,0,0,0,0,0,0
629,0,0,0,0,0,0,0,0,0
630,0,0,0,0,0,0,0,0,0
631,0,0,0,0,0,0,0,0,0
632,0,0,0,0,0,0,0,0,0
633,0,0,0,0,0,0,0,0,0
634,0,0,0,0,0,0,0,0,0
635,0,0,0,0,0,0,0,0,0
636,0,0,0,0,0,0,0,0,0
637,0,0,0,0,0,0,0,0,0
638,0,0,0,0,0,0,0,0,0
639,0,0,0,0,0,0,0,0,0
640,0,0,0,0,0,0,0,0,0
641,0,0,0,0,0,0,0,0,0
642,0,0,0,0,0,0,0,0,0
643,0,0,0,0,0,0,0,0,0
644,0,0,0,0,0,0,0,0,0
645,0,0,0,0,0,0,0,0,0
646,0,0,0,0,0,0,0,0,0
647,0,0,0,0,0,0,0,0,0
648,0,0,0,0,0,0,0,0,0
649,0,0,0,0,0,0,0,0,0
650,0,0,0,0,0,0,0,0,0
651,0,0,0,0,0,0,0,0,0
652,0,0,0,0,0,0,0,0,0
653,0,0,0,0,0,0,0,0,0
654,0,0,0,0,0,0,0,0,0
655,0,0,0,0,0,0,0,0,0
656,0,0,0,0,0,0,0,0,0
657,0,0,0,0,0,0,0,0,0
658,0,0,0,0,0,0,0,0,0
659,0,0,0,0,0,0,0,0,0
660,0,0,0,0,0,0,0,0,0
661,0,0,0,0,0,0,0,0,0
662,0,0,0,0,0,0,0,0,0
663,0,0,0,0,0,0,0,0,0
664,0,0,0,0,0,0,0,0,0
665,0,0,0,0,0,0,0,0,0
666,0,0,0,0,0,0,0,0,0
667,0,0,0,0,0,0,0,0,0
668,0,0,0,0,0,0,0,0,0
669,0,0,0,0,0,0,0,0,0
670,0,0,0,0,0,0,0,0,0
671,0,0,0,0,0,0,0,0,0
672,0,0,0,0,0,0,0,0,0
673,0,0,0,0,0,0,0,0,0
674,0,0,0,0,0,0,0,0,0
675,0,0,0,0,0,0,0,0,0
676,0,0,0,0,0,0,0,0,0
677,0,0,0,0,0,0,0,0,0
678,0,0,0,0,0,0,0,0,0
679,0,0,0,0,0,0,0,0,0
680,0,0,0,0,0,0,0,0,0
681,0,0,0,0,0,0,0,0,0
682,0,0,0,0,0,0,0,0,0
683,0,0,0,0,0,0,0,0,0
684,0,0,0,0,0,0,0,0,0
685,0,0,0,0,0,0,0,0,0
686,0,0,0,0,0,0,0,0,0
687,0,0,0,0,0,0,0,0,0
688,0,0,0,0,0,0,0,0,0
689,0,0,0,0,0,0,0,0,0
690,0,0,0,0,0,0,0,0,0
691,0,0,0,0,0,0,0,0,0
692,0,0,0,0,0,0,0,0,0
693,0,0,0,0,0,0,0,0,0
694,0,0,0,0,0,0,0,0,0
695,0,0,0,0,0,0,0,0,0
696,0,0,0,0,0,0,0,0,0
697,0,0,0,0,0,0,0,0,0
698,0,0,0,0,0,0,0,0,0
699,0,0,0,0,0,0,0,0,0
700,0,0,0,0,0,0,0,0,0
701,0,0,0,0,0,0,0,0,0
702,0,0,0,0,0,0,0,0,0
703,0,0,0,0,0,0,0,0,0
704,0,0,0,0,0,0,0,0,0
705,0,0,0,0,0,0,0,0,0
706,0,0,0,0,0,0,0,0,0
707,0,0,0,0,0,0,0,0,0
708,0,0,0,0,0,0,0,0,0
709,0,0,0,0,0,0,0,0,0
710,0,0,0,0,0,0,0,0,0
711,0,0,0,0,0,0,0,0,0
712,0,0,0,0,0,0,0,0,0
713,0,0,0,0,0,0,0,0,0
714,0,0,0,0,0,0,0,0,0
715,0,0,0,0,0,0,0,0,0
716,0,0,0,0,0,0,0,0,0
717,0,0,0,0,0,0,0,0,0
718,0,0,0,0,0,0,0,0,0
719,0,0,0,0,0,0,0,0,0
720,0,0,0,0,0,0,0,0,0
721,0,0,0,0,0,0,0,0,0
722,0,0,0,0,0,0,0,0,0
723,0,0,0,0,0,0,0,0,0
724,0,0,0,0,0,0,0,0,0
725,0,0,0,0,0,0,0,0,0
726,0,0,0,0,0,0,0,0,0
727,0,0,0,0,0,0,0,0,0
728,0,0,0,0,0,0,0,0,0
729,0,0,0,0,0,0,0,0,0
730,0,0,0,0,0,0,0,0,0
731,0,0,0,0,0,0,0,0,0
732,0,0,0,0,0,0,0,0,0
733,0,0,0,0,0,0,0,0,0
734,0,0,0,0,0,0,0,0,0
735,0,0,0,0,0,0,0,0,0
736,0,0,0,0,0,0,0,0,0
737,0,0,0,0,0,0,0,0,0
738,0,0,0,0,0,0,0,0,0
739,0,0,0,0,0,0,0,0,0
740,0,0,0,0,0,0,0,0,0
741,0,0,0,0,0,0,0,0,0
742,0,0,0,0,0,0,0,0,0
743,0,0,0,0,0,0,0,0,0
744,0,0,0,0,0,0,0,0,0
745,0,0,0,0,0,0,0,0,0
746,0,0,0,0,0,0,0,0,0
747,0,0,0,0,0,0,0,0,0
748,0,0,0,0,0,0,0,0,0
749,0,0,0,0,0,0,0,0,0
750,0,0,0,0,0,0,0,0,0
0,194,7257,201425,4077983,57373546,517292847,2626655236,5935079656,3356972874
1,101,2819,60781,966653,10718475,76013968,302974630,535959284,236693006
2,76,1690,30827,418530,3953578,23902958,81270897,122846546,46475608
3,56,945,14159,159582,1254568,6323269,17896745,22460476,7020564
4,28,364,4770,46164,313021,1362075,3327233,3608576,977106
5,22,244,2914,25192,155829,614831,1354694,1315492,318852
6,20,175,1821,14476,80718,282399,558865,493984,111463
7,17,152,1450,10522,55230,183098,344965,291650,63072
8,6,98,860,5894,28921,90731,161464,127706,25852
9,6,68,532,3316,15081,43391,70338,50415,9288
10,6,52,384,2254,10109,27584,43552,29609,5280
11,5,41,315,1713,6944,17423,24942,15134,2533
12,3,16,142,707,2610,6110,7995,4478,607
13,1,11,94,419,1427,3098,3589,1851,231
14,0,8,60,242,759,1544,1596,724,80
15,0,4,31,126,298,558,525,202,14
16,0,4,28,99,234,461,424,170,12
17,0,4,28,89,216,415,362,142,10
18,0,2,21,71,151,256,213,51,1
19,0,2,21,68,142,224,191,44,1
20,0,0,0,0,0,0,0,0,0
21,0,0,0,0,0,0,0,0,0
22,0,0,0,0,0,0,0,0,0
23,0,0,0,0,0,0,0,0,0
24,0,0,0,0,0,0,0,0,0
25,0,0,0,0,0,0,0,0,0
26,0,0,0,0,0,0,0,0,0
27,0,0,0,0,0,0,0,0,0
28,0,0,0,0,0,0,0,0,0
29,0,0,0,0,0,0,0,0,0
30,0,0,0,0,0,0,0,0,0
31,0,0,0,0,0,0,0,0,0
32,0,0,0,0,0,0,0,0,0
33,0,0,0,0,0,0,0,0,0
34,0,0,0,0,0,0,0,0,0
35,0,0,0,0,0,0,0,0,0
36,0,0,0,0,0,0,0,0,0
37,0,0,0,0,0,0,0,0,0
38,0,0,0,0,0,0,0,0,0
39,0,0,0,0,0,0,0,0,0
40,0,0,0,0,0,0,0,0,0
41,0,0,0,0,0,0,0,0,0
42,0,0,0,0,0,0,0,0,0
43,0,0,0,0,0,0,0,0,0
44,0,0,0,0,0,0,0,0,0
45,0,0,0,0,0,0,0,0,0
46,0,0,0,0,0,0,0,0,0
47,0,0,0,0,0,0,0,0,0
48,0,0,0,0,0,0,0,0,0
49,0,0,0,0,0,0,0,0,0
50,0,0,0,0,0,0,0,0,0
51,0,0,0,0,0,0,0,0,0
52,0,0,0,0,0,0,0,0,0
53,0,0,0,0,0,0,0,0,0
54,0,0,0,0,0,0,0,0,0
55,0,0,0,0,0,0,0,0,0
56,0,0,0,0,0,0,0,0,0
57,0,0,0,0,0,0,0,0,0
58,0,0,0,0,0,0,0,0,0
59,0,0,0,0,0,0,0,0,0
60,0,0,0,0,0,0,0,0,0
61,0,0,0,0,0,0,0,0,0
62,0,0,0,0,0,0,0,0,0
63,0,0,0,0,0,0,0,0,0
64,0,0,0,0,0,0,0,0,0
65,0,0,0,0,0,0,0,0,0
66,0,0,0,0,0,0,0,0,0
67,0,0,0,0,0,0,0,0,0
68,0,0,0,0,0,0,0,0,0
69,0,0,0,0,0,0,0,0,0
70,0,0,0,0,0,0,0,0,0
71,0,0,0,0,0,0,0,0,0
72,0,0,0,0,0,0,0,0,0
73,0,0,0,0,0,0,0,0,0
74,0,0,0,0,0,0,0,0,0
75,0,0,0,0,0,0,0,0,0
76,0,0,0,0,0,0,0,0,0
77,0,0,0,0,0,0,0,0,0
78,0,0,0,0,0,0,0,0,0
79,0,0,0,0,0,0,0,0,0
80,0,0,0,0,0,0,0,0,0
81,0,0,0,0,0,0,0,0,0
82,0,0,0,0,0,0,0,0,0
83,0,0,0,0,0,0,0,0,0
84,0,0,0,0,0,0,0,0,0
85,0,0,0,0,0,0,0,0,0
86,0,0,0,0,0,0,0,0,0
87,0,0,0,0,0,0,0,0,0
88,0,0,0,0,0,0,0,0,0
89,0,0,0,0,0,0,0,0,0
90,0,0,0,0,0,0,0,0,0
91,0,0,0,0,0,0,0,0,0
92,0,0,0,0,0,0,0,0,0
93,0,0,0,0,0,0,0,0,0
94,0,0,0,0,0,0,0,0,0
95,0,0,0,0,0,0,0,0,0
96,0,0,0,0,0,0,0,0,0
97,0,0,0,0,0,0,0,0,0
98,0,0,0,0,0,0,0,0,0
99,0,0,0,0,0,0,0,0,0
100,0,0,0,0,0,0,0,0,0
101,0,0,0,0,0,0,0,0,0
102,0,0,0,0,0,0,0,0,0
103,0,0,0,0,0,0,0,0,0
104,0,0,0,0,0,0,0,0,0
105,0,0,0,0,0,0,0,0,0
106,0,0,0,0,0,0,0,0,0
107,0,0,0,0,0,0,0,0,0
108,0,0,0,0,0,0,0,0,0
109,0,0,0,0,0,0,0,0,0
110,0,0,0,0,0,0,0,0,0
111,0,0,0,0,0,0,0,0,0
112,0,0,0,0,0,0,0,0,0
113,0,0,0,0,0,0,0,0,0
114,0,0,0,0,0,0,0,0,0
115,0,0,0,0,0,0,0,0,0
116,0,0,0,0,0,0,0,0,0
117,0,0,0,0,0,0,0,0,0
118,0,0,0,0,0,0,0,0,0
119,0,0,0,0,0,0,0,0,0
120,0,0,0,0,0,0,0,0,0
121,0,0,0,0,0,0,0,0,0
122,0,0,0,0,0,0,0,0,0
123,0,0,0,0,0,0,0,0,0
124,0,0,0,0,0,0,0,0,0
125,0,0,0,0,0,0,0,0,0
126,0,0,0,0,0,0,0,0,0
127,0,0,0,0,0,0,0,0,0
128,0,0,0,0,0,0,0,0,0
129,0,0,0,0,0,0,0,0,0
130,0,0,0,0,0,0,0,0,0
131,0,0,0,0,0,0,0,0,0
132,0,0,0,0,0,0,0,0,0
133,0,0,0,0,0,0,0,0,0
134,0,0,0,0,0,0,0,0,0
135,0,0,0,0,0,0,0,0,0
136,0,0,0,0,0,0,0,0,0
137,0,0,0,0,0,0,0,0,0
138,0,0,0,0,0,0,0,0,0
139,0,0,0,0,0,0,0,0,0
140,0,0,0,0,0,0,0,0,0
141,0,0,0,0,0,0,0,0,0
142,0,0,0,0,0,0,0,0,0
143,0,0,0,0,0,0,0,0,0
144,0,0,0,0,0,0,0,0,0
145,0,0,0,0,0,0,0,0,0
146,0,0,0,0,0,0,0,0,0
147,0,0,0,0,0,0,0,0,0
148,0,0,0,0,0,0,0,0,0
149,0,0,0,0,0,0,0,0,0
150,0,0,0,0,0,0,0,0,0
151,0,0,0,0,0,0,0,0,0
152,0,0,0,0,0,0,0,0,0
153,0,0,0,0,0,0,0,0,0
154,0,0,0,0,0,0,0,0,0
155,0,0,0,0,0,0,0,0,0
156,0,0,0,0,0,0,0,0,0
157,0,0,0,0,0,0,0,0,0
158,0,0,0,0,0,0,0,0,0
159,0,0,0,0,0,0,0,0,0
160,0,0,0,0,0,0,0,0,0
161,0,0,0,0,0,0,0,0,0
162,0,0,0,0,0,0,0,0,0
163,0,0,0,0,0,0,0,0,0
164,0,0,0,0,0,0,0,0,0
165,0,0,0,0,0,0,0,0,0
166,0,0,0,0,0,0,0,0,0
167,0,0,0,0,0,0,0,0,0
168,0,0,0,0,0,0,0,0,0
169,0,0,0,0,0,0,0,0,0
170,0,0,0,0,0,0,0,0,0
171,0,0,0,0,0,0,0,0,0
172,0,0,0,0,0,0,0,0,0
173,0,0,0,0,0,0,0,0,0
174,0,0,0,0,0,0,0,0,0
175,0,0,0,0,0,0,0,0,0
176,0,0,0,0,0,0,0,0,0
177,0,0,0,0,0,0,0,0,0
178,0,0,0,0,0,0,0,0,0
179,0,0,0,0,0,0,0,0,0
180,0,0,0,0,0,0,0,0,0
181,0,0,0,0,0,0,0,0,0
182,0,0,0,0,0,0,0,0,0
183,0,0,0,0,0,0,0,0,0
184,0,0,0,0,0,0,0,0,0
185,0,0,0,0,0,0,0,0,0
186,0,0,0,0,0,0,0,0,0
187,0,0,0,0,0,0,0,0,0
188,0,0,0,0,0,0,0,0,0
189,0,0,0,0,0,0,0,0,0
190,0,0,0,0,0,0,0,0,0
191,0,0,0,0,0,0,0,0,0
192,0,0,0,0,0,0,0,0,0
193,0,0,0,0,0,0,0,0,0
194,0,0,0,0,0,0,0,0,0
195,0,0,0,0,0,0,0,0,0
196,0,0,0,0,0,0,0,0,0
197,0,0,0,0,0,0,0,0,0
198,0,0,0,0,0,0,0,0,0
199,0,0,0,0,0,0,0,0,0
200,0,0,0,0,0,0,0,0,0
201,0,0,0,0,0,0,0,0,0
202,0,0,0,0,0,0,0,0,0
203,0,0,0,0,0,0,0,0,0
204,0,0,0,0,0,0,0,0,0
205,0,0,0,0,0,0,0,0,0
206,0,0,0,0,0,0,0,0,0
207,0,0,0,0,0,0,0,0,0
208,0,0,0,0,0,0,0,0,0
209,0,0,0,0,0,0,0,0,0
210,0,0,0,0,0,0,0,0,0
211,0,0,0,0,0,0,0,0,0
212,0,0,0,0,0,0,0,0,0
213,0,0,0,0,0,0,0,0,0
214,0,0,0,0,0,0,0,0,0
215,0,0,0,0,0,0,0,0,0
216,0,0,0,0,0,0,0,0,0
217,0,0,0,0,0,0,0,0,0
218,0,0,0,0,0,0,0,0,0
219,0,0,0,0,0,0,0,0,0
220,0,0,0,0,0,0,0,0,0
221,0,0,0,0,0,0,0,0,0
222,0,0,0,0,0,0,0,0,0
223,0,0,0,0,0,0,0,0,0
224,0,0,0,0,0,0,0,0,0
225,0,0,0,0,0,0,0,0,0
226,0,0,0,0,0,0,0,0,0
227,0,0,0,0,0,0,0,0,0
228,0,0,0,0,0,0,0,0,0
229,0,0,0,0,0,0,0,0,0
230,0,0,0,0,0,0,0,0,0
231,0,0,0,0,0,0,0,0,0
232,0,0,0,0,0,0,0,0,0
233,0,0,0,0,0,0,0,0,0
234,0,0,0,0,0,0,0,0,0
235,0,0,0,0,0,0,0,0,0
236,0,0,0,0,0,0,0,0,0
237,0,0,0,0,0,0,0,0,0
238,0,0,0,0,0,0,0,0,0
239,0,0,0,0,0,0,0,0,0
240,0,0,0,0,0,0,0,0,0
241,0,0,0,0,0,0,0,0,0
242,0,0,0,0,0,0,0,0,0
243,0,0,0,0,0,0,0,0,0
244,0,0,0,0,0,0,0,0,0
245,0,0,0,0,0,0,0,0,0
246,0,0,0,0,0,0,0,0,0
247,0,0,0,0,0,0,0,0,0
248,0,0,0,0,0,0,0,0,0
249,0,0,0,0,0,0,0,0,0
250,0,0,0,0,0,0,0,0,0
251,0,0,0,0,0,0,0,0,0
252,0,0,0,0,0,0,0,0,0
253,0,0,0,0,0,0,0,0,0
254,0,0,0,0,0,0,0,0,0
255,0,0,0,0,0,0,0,0,0
256,0,0,0,0,0,0,0,0,0
257,0,0,0,0,0,0,0,0,0
258,0,0,0,0,0,0,0,0,0
259,0,0,0,0,0,0,0,0,0
260,0,0,0,0,0,0,0,0,0
261,0,0,0,0,0,0,0,0,0
262,0,0,0,0,0,0,0,0,0
263,0,0,0,0,0,0,0,0,0
264,0,0,0,0,0,0,0,0,0
265,0,0,0,0,0,0,0,0,0
266,0,0,0,0,0,0,0,0,0
267,0,0,0,0,0,0,0,0,0
268,0,0,0,0,0,0,0,0,0
269,0,0,0,0,0,0,0,0,0
270,0,0,0,0,0,0,0,0,0
271,0,0,0,0,0,0,0,0,0
272,0,0,0,0,0,0,0,0,0
273,0,0,0,0,0,0,0,0,0
274,0,0,0,0,0,0,0,0,0
275,0,0,0,0,0,0,0,0,0
276,0,0,0,0,0,0,0,0,0
277,0,0,0,0,0,0,0,0,0
278,0,0,0,0,0,0,0,0,0
279,0,0,0,0,0,0,0,0,0
280,0,0,0,0,0,0,0,0,0
281,0,0,0,0,0,0,0,0,0
282,0,0,0,0,0,0,0,0,0
283,0,0,0,0,0,0,0,0,0
284,0,0,0,0,0,0,0,0,0
285,0,0,0,0,0,0,0,0,0
286,0,0,0,0,0,0,0,0,0
287,0,0,0,0,0,0,0,0,0
288,0,0,0,0,0,0,0,0,0
289,0,0,0,0,0,0,0,0,0
290,0,0,0,0,0,0,0,0,0
291,0,0,0,0,0,0,0,0,0
292,0,0,0,0,0,0,0,0,0
293,0,0,0,0,0,0,0,0,0
294,0,0,0,0,0,0,0,0,0
295,0,0,0,0,0,0,0,0,0
296,0,0,0,0,0,0,0,0,0
297,0,0,0,0,0,0,0,0,0
298,0,0,0,0,0,0,0,0,0
299,0,0,0,0,0,0,0,0,0
300,0,0,0,0,0,0,0,0,0
301,0,0,0,0,0,0,0,0,0
302,0,0,0,0,0,0,0,0,0
303,0,0,0,0,0,0,0,0,0
304,0,0,0,0,0,0,0,0,0
305,0,0,0,0,0,0,0,0,0
306,0,0,0,0,0,0,0,0,0
307,0,0,0,0,0,0,0,0,0
308,0,0,0,0,0,0,0,0,0
309,0,0,0,0,0,0,0,0,0
310,0,0,0,0,0,0,0,0,0
311,0,0,0,0,0,0,0,0,0
312,0,0,0,0,0,0,0,0,0
313,0,0,0,0,0,0,0,0,0
314,0,0,0,0,0,0,0,0,0
315,0,0,0,0,0,0,0,0,0
316,0,0,0,0,0,0,0,0,0
317,0,0,0,0,0,0,0,0,0
318,0,0,0,0,0,0,0,0,0
319,0,0,0,0,0,0,0,0,0
320,0,0,0,0,0,0,0,0,0
321,0,0,0,0,0,0,0,0,0
322,0,0,0,0,0,0,0,0,0
323,0,0,0,0,0,0,0,0,0
324,0,0,0,0,0,0,0,0,0
325,0,0,0,0,0,0,0,0,0
326,0,0,0,0,0,0,0,0,0
327,0,0,0,0,0,0,0,0,0
328,0,0,0,0,0,0,0,0,0
329,0,0,0,0,0,0,0,0,0
330,0,0,0,0,0,0,0,0,0
331,0,0,0,0,0,0,0,0,0
332,0,0,0,0,0,0,0,0,0
333,0,0,0,0,0,0,0,0,0
334,0,0,0,0,0,0,0,0,0
335,0,0,0,0,0,0,0,0,0
336,0,0,0,0,0,0,0,0,0
337,0,0,0,0,0,0,0,0,0
338,0,0,0,0,0,0,0,0,0
339,0,0,0,0,0,0,0,0,0
340,0,0,0,0,0,0,0,0,0
341,0,0,0,0,0,0,0,0,0
342,0,0,0,0,0,0,0,0,0
343,0,0,0,0,0,0,0,0,0
344,0,0,0,0,0,0,0,0,0
345,0,0,0,0,0,0,0,0,0
346,0,0,0,0,0,0,0,0,0
347,0,0,0,0,0,0,0,0,0
348,0,0,0,0,0,0,0,0,0
349,0,0,0,0,0,0,0,0,0
350,0,0,0,0,0,0,0,0,0
351,0,0,0,0,0,0,0,0,0
352,0,0,0,0,0,0,0,0,0
353,0,0,0,0,0,0,0,0,0
354,0,0,0,0,0,0,0,0,0
355,0,0,0,0,0,0,0,0,0
356,0,0,0,0,0,0,0,0,0
357,0,0,0,0,0,0,0,0,0
358,0,0,0,0,0,0,0,0,0
359,0,0,0,0,0,0,0,0,0
360,0,0,0,0,0,0,0,0,0
361,0,0,0,0,0,0,0,0,0
362,0,0,0,0,0,0,0,0,0
363,0,0,0,0,0,0,0,0,0
364,0,0,0,0,0,0,0,0,0
365,0,0,0,0,0,0,0,0,0
366,0,0,0,0,0,0,0,0,0
367,0,0,0,0,0,0,0,0,0
368,0,0,0,0,0,0,0,0,0
369,0,0,0,0,0,0,0,0,0
370,0,0,0,0,0,0,0,0,0
371,0,0,0,0,0,0,0,0,0
372,0,0,0,0,0,0,0,0,0
373,0,0,0,0,0,0,0,0,0
374,0,0,0,0,0,0,0,0,0
375,0,0,0,0,0,0,0,0,0
376,0,0,0,0,0,0,0,0,0
377,0,0,0,0,0,0,0,0,0
378,0,0,0,0,0,0,0,0,0
379,0,0,0,0,0,0,0,0,0
380,0,0,0,0,0,0,0,0,0
381,0,0,0,0,0,0,0,0,0
382,0,0,0,0,0,0,0,0,0
383,0,0,0,0,0,0,0,0,0
384,0,0,0,0,0,0,0,0,0
385,0,0,0,0,0,0,0,0,0
386,0,0,0,0,0,0,0,0,0
387,0,0,0,0,0,0,0,0,0
388,0,0,0,0,0,0,0,0,0
389,0,0,0,0,0,0,0,0,0
390,0,0,0,0,0,0,0,0,0
391,0,0,0,0,0,0,0,0,0
392,0,0,0,0,0,0,0,0,0
393,0,0,0,0,0,0,0,0,0
394,0,0,0,0,0,0,0,0,0
395,0,0,0,0,0,0,0,0,0
396,0,0,0,0,0,0,0,0,0
397,0,0,0,0,0,0,0,0,0
398,0,0,0,0,0,0,0,0,0
399,0,0,0,0,0,0,0,0,0
400,0,0,0,0,0,0,0,0,0
401,0,0,0,0,0,0,0,0,0
402,0,0,0,0,0,0,0,0,0
403,0,0,0,0,0,0,0,0,0
404,0,0,0,0,0,0,0,0,0
405,0,0,0,0,0,0,0,0,0
406,0,0,0,0,0,0,0,0,0
407,0,0,0,0,0,0,0,0,0
408,0,0,0,0,0,0,0,0,0
409,0,0,0,0,0,0,0,0,0
410,0,0,0,0,0,0,0,0,0
411,0,0,0,0,0,0,0,0,0
412,0,0,0,0,0,0,0,0,0
413,0,0,0,0,0,0,0,0,0
414,0,0,0,0,0,0,0,0,0
415,0,0,0,0,0,0,0,0,0
416,0,0,0,0,0,0,0,0,0
417,0,0,0,0,0,0,0,0,0
418,0,0,0,0,0,0,0,0,0
419,0,0,0,0,0,0,0,0,0
420,0,0,0,0,0,0,0,0,0
421,0,0,0,0,0,0,0,0,0
422,0,0,0,0,0,0,0,0,0
423,0,0,0,0,0,0,0,0,0
424,0,0,0,0,0,0,0,0,0
425,0,0,0,0,0,0,0,0,0
426,0,0,0,0,0,0,0,0,0
427,0,0,0,0,0,0,0,0,0
428,0,0,0,0,0,0,0,0,0
429,0,0,0,0,0,0,0,0,0
430,0,0,0,0,0,0,0,0,0
431,0,0,0,0,0,0,0,0,0
432,0,0,0,0,0,0,0,0,0
433,0,0,0,0,0,0,0,0,0
434,0,0,0,0,0,0,0,0,0
435,0,0,0,0,0,0,0,0,0
436,0,0,0,0,0,0,0,0,0
437,0,0,0,0,0,0,0,0,0
438,0,0,0,0,0,0,0,0,0
439,0,0,0,0,0,0,0,0,0
440,0,0,0,0,0,0,0,0,0
441,0,0,0,0,0,0,0,0,0
442,0,0,0,0,0,0,0,0,0
443,0,0,0,0,0,0,0,0,0
444,0,0,0,0,0,0,0,0,0
445,0,0,0,0,0,0,0,0,0
446,0,0,0,0,0,0,0,0,0
447,0,0,0,0,0,0,0,0,0
448,0,0,0,0,0,0,0,0,0
449,0,0,0,0,0,0,0,0,0
450,0,0,0,0,0,0,0,0,0
451,0,0,0,0,0,0,0,0,0
452,0,0,0,0,0,0,0,0,0
453,0,0,0,0,0,0,0,0,0
454,0,0,0,0,0,0,0,0,0
455,0,0,0,0,0,0,0,0,0
456,0,0,0,0,0,0,0,0,0
457,0,0,0,0,0,0,0,0,0
458,0,0,0,0,0,0,0,0,0
459,0,0,0,0,0,0,0,0,0
460,0,0,0,0,0,0,0,0,0
461,0,0,0,0,0,0,0,0,0
462,0,0,0,0,0,0,0,0,0
463,0,0,0,0,0,0,0,0,0
464,0,0,0,0,0,0,0,0,0
465,0,0,0,0,0,0,0,0,0
466,0,0,0,0,0,0,0,0,0
467,0,0,0,0,0,0,0,0,0
468,0,0,0,0,0,0,0,0,0
469,0,0,0,0,0,0,0,0,0
470,0,0,0,0,0,0,0,0,0
471,0,0,0,0,0,0,0,0,0
472,0,0,0,0,0,0,0,0,0
473,0,0,0,0,0,0,0,0,0
474,0,0,0,0,0,0,0,0,0
475,0,0,0,0,0,0,0,0,0
476,0,0,0,0,0,0,0,0,0
477,0,0,0,0,0,0,0,0,0
478,0,0,0,0,0,0,0,0,0
479,0,0,0,0,0,0,0,0,0
480,0,0,0,0,0,0,0,0,0
481,0,0,0,0,0,0,0,0,0
482,0,0,0,0,0,0,0,0,0
483,0,0,0,0,0,0,0,0,0
484,0,0,0,0,0,0,0,0,0
485,0,0,0,0,0,0,0,0,0
486,0,0,0,0,0,0,0,0,0
487,0,0,0,0,0,0,0,0,0
488,0,0,0,0,0,0,0,0,0
489,0,0,0,0,0,0,0,0,0
490,0,0,0,0,0,0,0,0,0
491,0,0,0,0,0,0,0,0,0
492,0,0,0,0,0,0,0,0,0
493,0,0,0,0,0,0,0,0,0
494,0,0,0,0,0,0,0,0,0
495,0,0,0,0,0,0,0,0,0
496,0,0,0,0,0,0,0,0,0
497,0,0,0,0,0,0,0,0,0
498,0,0,0,0,0,0,0,0,0
499,0,0,0,0,0,0,0,0,0
500,0,0,0,0,0,0,0,0,0
501,0,0,0,0,0,0,0,0,0
502,0,0,0,0,0,0,0,0,0
503,0,0,0,0,0,0,0,0,0
504,0,0,0,0,0,0,0,0,0
505,0,0,0,0,0,0,0,0,0
506,0,0,0,0,0,0,0,0,0
507,0,0,0,0,0,0,0,0,0
508,0,0,0,0,0,0,0,0,0
509,0,0,0,0,0,0,0,0,0
510,0,0,0,0,0,0,0,0,0
511,0,0,0,0,0,0,0,0,0
512,0,0,0,0,0,0,0,0,0
513,0,0,0,0,0,0,0,0,0
514,0,0,0,0,0,0,0,0,0
515,0,0,0,0,0,0,0,0,0
516,0,0,0,0,0,0,0,0,0
517,0,0,0,0,0,0,0,0,0
518,0,0,0,0,0,0,0,0,0
519,0,0,0,0,0,0,0,0,0
520,0,0,0,0,0,0,0,0,0
521,0,0,0,0,0,0,0,0,0
522,0,0,0,0,0,0,0,0,0
523,0,0,0,0,0,0,0,0,0
524,0,0,0,0,0,0,0,0,0
525,0,0,0,0,0,0,0,0,0
526,0,0,0,0,0,0,0,0,0
527,0,0,0,0,0,0,0,0,0
528,0,0,0,0,0,0,0,0,0
529,0,0,0,0,0,0,0,0,0
530,0,0,0,0,0,0,0,0,0
531,0,0,0,0,0,0,0,0,0
532,0,0,0,0,0,0,0,0,0
533,0,0,0,0,0,0,0,0,0
534,0,0,0,0,0,0,0,0,0
535,0,0,0,0,0,0,0,0,0
536,0,0,0,0,0,0,0,0,0
537,0,0,0,0,0,0,0,0,0
538,0,0,0,0,0,0,0,0,0
539,0,0,0,0,0,0,0,0,0
540,0,0,0,0,0,0,0,0,0
541,0,0,0,0,0,0,0,0,0
542,0,0,0,0,0,0,0,0,0
543,0,0,0,0,0,0,0,0,0
544,0,0,0,0,0,0,0,0,0
545,0,0,0,0,0,0,0,0,0
546,0,0,0,0,0,0,0,0,0
547,0,0,0,0,0,0,0,0,0
548,0,0,0,0,0,0,0,0,0
549,0,0,0,0,0,0,0,0,0
550,0,0,0,0,0,0,0,0,0
551,0,0,0,0,0,0,0,0,0
552,0,0,0,0,0,0,0,0,0
553,0,0,0,0,0,0,0,0,0
554,0,0,0,0,0,0,0,0,0
555,0,0,0,0,0,0,0,0,0
556,0,0,0,0,0,0,0,0,0
557,0,0,0,0,0,0,0,0,0
558,0,0,0,0,0,0,0,0,0
559,0,0,0,0,0,0,0,0,0
560,0,0,0,0,0,0,0,0,0
561,0,0,0,0,0,0,0,0,0
562,0,0,0,0,0,0,0,0,0
563,0,0,0,0,0,0,0,0,0
564,0,0,0,0,0,0,0,0,0
565,0,0,0,0,0,0,0,0,0
566,0,0,0,0,0,0,0,0,0
567,0,0,0,0,0,0,0,0,0
568,0,0,0,0,0,0,0,0,0
569,0,0,0,0,0,0,0,0,0
570,0,0,0,0,0,0,0,0,0
571,0,0,0,0,0,0,0,0,0
572,0,0,0,0,0,0,0,0,0
573,0,0,0,0,0,0,0,0,0
574,0,0,0,0,0,0,0,0,0
575,0,0,0,0,0,0,0,0,0
576,0,0,0,0,0,0,0,0,0
577,0,0,0,0,0,0,0,0,0
578,0,0,0,0,0,0,0,0,0
579,0,0,0,0,0,0,0,0,0
580,0,0,0,0,0,0,0,0,0
581,0,0,0,0,0,0,0,0,0
582,0,0,0,0,0,0,0,0,0
583,0,0,0,0,0,0,0,0,0
584,0,0,0,0,0,0,0,0,0
585,0,0,0,0,0,0,0,0,0
586,0,0,0,0,0,0,0,0,0
587,0,0,0,0,0,0,0,0,0
588,0,0,0,0,0,0,0,0,0
589,0,0,0,0,0,0,0,0,0
590,0,0,0,0,0,0,0,0,0
591,0,0,0,0,0,0,0,0,0
592,0,0,0,0,0,0,0,0,0
593,0,0,0,0,0,0,0,0,0
594,0,0,0,0,0,0,0,0,0
595,0,0,0,0,0,0,0,0,0
596,0,0,0,0,0,0,0,0,0
597,0,0,0,0,0,0,0,0,0
598,0,0,0,0,0,0,0,0,0
599,0,0,0,0,0,0,0,0,0
600,0,0,0,0,0,0,0,0,0
601,0,0,0,0,0,0,0,0,0
602,0,0,0,0,0,0,0,0,0
603,0,0,0,0,0,0,0,0,0
604,0,0,0,0,0,0,0,0,0
605,0,0,0,0,0,0,0,0,0
606,0,0,0,0,0,0,0,0,0
607,0,0,0,0,0,0,0,0,0
608,0,0,0,0,0,0,0,0,0
609,0,0,0,0,0,0,0,0,0
610,0,0,0,0,0,0,0,0,0
611,0,0,0,0,0,0,0,0,0
612,0,0,0,0,0,0,0,0,0
613,0,0,0,0,0,0,0,0,0
614,0,0,0,0,0,0,0,0,0
615,0,0,0,0,0,0,0,0,0
616,0,0,0,0,0,0,0,0,0
617,0,0,0,0,0,0,0,0,0
618,0,0,0,0,0,0,0,0,0
619,0,0,0,0,0,0,0,0,0
620,0,0,0,0,0,0,0,0,0
621,0,0,0,0,0,0,0,0,0
622,0,0,0,0,0,0,0,0,0
623,0,0,0,0,0,0,0,0,0
624,0,0,0,0,0,0,0,0,0
625,0,0,0,0,0,0,0,0,0
626,0,0,0,0,0,0,0,0,0
627,0,0,0,0,0,0,0,0,0
628,0,0,0,0,0,0,0,0,0
629,0,0,0,0,0,0,0,0,0
630,0,0,0,0,0,0,0,0,0
631,0,0,0,0,0,0,0,0,0
632,0,0,0,0,0,0,0,0,0
633,0,0,0,0,0,0,0,0,0
634,0,0,0,0,0,0,0,0,0
635,0,0,0,0,0,0,0,0,0
636,0,0,0,0,0,0,0,0,0
637,0,0,0,0,0,0,0,0,0
638,0,0,0,0,0,0,0,0,0
639,0,0,0,0,0,0,0,0,0
640,0,0,0,0,0,0,0,0,0
641,0,0,0,0,0,0,0,0,0
642,0,0,0,0,0,0,0,0,0
643,0,0,0,0,0,0,0,0,0
644,0,0,0,0,0,0,0,0,0
645,0,0,0,0,0,0,0,0,0
646,0,0,0,0,0,0,0,0,0
647,0,0,0,0,0,0,0,0,0
648,0,0,0,0,0,0,0,0,0
649,0,0,0,0,0,0,0,0,0
650,0,0,0,0,0,0,0,0,0
651,0,0,0,0,0,0,0,0,0
652,0,0,0,0,0,0,0,0,0
653,0,0,0,0,0,0,0,0,0
654,0,0,0,0,0,0,0,0,0
655,0,0,0,0,0,0,0,0,0
656,0,0,0,0,0,0,0,0,0
657,0,0,0,0,0,0,0,0,0
658,0,0,0,0,0,0,0,0,0
659,0,0,0,0,0,0,0,0,0
660,0,0,0,0,0,0,0,0,0
661,0,0,0,0,0,0,0,0,0
662,0,0,0,0,0,0,0,0,0
663,0,0,0,0,0,0,0,0,0
664,0,0,0,0,0,0,0,0,0
665,0,0,0,0,0,0,0,0,0
666,0,0,0,0,0,0,0,0,0
667,0,0,0,0,0,0,0,0,0
668,0,0,0,0,0,0,0,0,0
669,0,0,0,0,0,0,0,0,0
670,0,0,0,0,0,0,0,0,0
671,0,0,0,0,0,0,0,0,0
672,0,0,0,0,0,0,0,0,0
673,0,0,0,0,0,0,0,0,0
674,0,0,0,0,0,0,0,0,0
675,0,0,0,0,0,0,0,0,0
676,0,0,0,0,0,0,0,0,0
677,0,0,0,0,0,0,0,0,0
678,0,0,0,0,0,0,0,0,0
679,0,0,0,0,0,0,0,0,0
680,0,0,0,0,0,0,0,0,0
681,0,0,0,0,0,0,0,0,0
682,0,0,0,0,0,0,0,0,0
683,0,0,0,0,0,0,0,0,0
684,0,0,0,0,0,0,0,0,0
685,0,0,0,0,0,0,0,0,0
686,0,0,0,0,0,0,0,0,0
687,0,0,0,0,0,0,0,0,0
688,0,0,0,0,0,0,0,0,0
689,0,0,0,0,0,0,0,0,0
690,0,0,0,0,0,0,0,0,0
691,0,0,0,0,0,0,0,0,0
692,0,0,0,0,0,0,0,0,0
693,0,0,0,0,0,0,0,0,0
694,0,0,0,0,0,0,0,0,0
695,0,0,0,0,0,0,0,0,0
696,0,0,0,0,0,0,0,0,0
697,0,0,0,0,0,0,0,0,0
698,0,0,0,0,0,0,0,0,0
699,0,0,0,0,0,0,0,0,0
700,0,0,0,0,0,0,0,0,0
701,0,0,0,0,0,0,0,0,0
702,0,0,0,0,0,0,0,0,0
703,0,0,0,0,0,0,0,0,0
704,0,0,0,0,0,0,0,0,0
705,0,0,0,0,0,0,0,0,0
706,0,0,0,0,0,0,0,0,0
707,0,0,0,0,0,0,0,0,0
708,0,0,0,0,0,0,0,0,0
709,0,0,0,0,0,0,0,0,0
710,0,0,0,0,0,0,0,0,0
711,0,0,0,0,0,0,0,0,0
712,0,0,0,0,0,0,0,0,0
713,0,0,0,0,0,0,0,0,0
714,0,0,0,0,0,0,0,0,0
715,0,0,0,0,0,0,0,0,0
716,0,0,0,0,0,0,0,0,0
717,0,0,0,0,0,0,0,0,0
718,0,0,0,0,0,0,0,0,0
719,0,0,0,0,0,0,0,0,0
720,0,0,0,0,0,0,0,0,0
721,0,0,0,0,0,0,0,0,0
722,0,0,0,0,0,0,0,0,0
723,0,0,0,0,0,0,0,0,0
724,0,0,0,0,0,0,0,0,0
725,0,0,0,0,0,0,0,0,0
726,0,0,0,0,0,0,0,0,0
727,0,0,0,0,0,0,0,0,0
728,0,0,0,0,0,0,0,0,0
729,0,0,0,0,0,0,0,0,0
730,0,0,0,0,0,0,0,0,0
731,0,0,0,0,0,0,0,0,0
732,0,0,0,0,0,0,0,0,0
733,0,0,0,0,0,0,0,0,0
734,0,0,0,0,0,0,0,0,0
735,0,0,0,0,0,0,0,0,0
736,0,0,0,0,0,0,0,0,0
737,0,0,0,0,0,0,0,0,0
738,0,0,0,0,0,0,0,0,0
739,0,0,0,0,0,0,0,0,0
740,0,0,0,0,0,0,0,0,0
741,0,0,0,0,0,0,0,0,0
742,0,0,0,0,0,0,0,0,0
743,0,0,0,0,0,0,0,0,0
744,0,0,0,0,0,0,0,0,0
745,0,0,0,0,0,0,0,0,0
746,0,0,0,0,0,0,0,0,0
747,0,0,0,0,0,0,0,0,0
748,0,0,0,0,0,0,0,0,0
749,0,0,0,0,0,0,0,0,0
750,0,0,0,0,0,0,0,0,0
0,194,7257,201425,4077983,57373546,517292847,2626655236,5935079656,3356972874
1,123,3671,79574,1248098,13494833,92973561,358760122,612456944,260166083
2,73,1904,33650,435590,3897566,22207638,70800941,99759511,34949321
3,51,1187,18438,205176,1577205,7719105,21131573,25562515,7683571
4,39,774,10312,94737,605126,2448964,5534986,5529441,1375590
5,29,426,4845,38345,212477,745430,1452107,1248856,268259
6,25,311,3233,22182,105516,319760,540651,406082,76519
7,13,171,1555,9564,40864,110685,165298,107697,17613
8,13,163,1411,7977,31494,77740,104408,60315,8534
9,11,107,869,4602,17481,41150,51636,27149,3427
10,6,84,641,3258,11803,26415,31795,16101,1954
11,5,59,427,1974,6739,13870,15241,7192,820
12,4,36,259,1061,3454,6681,6675,2997,315
13,2,30,208,817,2481,4531,4243,1904,188
14,1,26,171,677,1878,3199,2892,1200,114
15,1,22,140,542,1452,2477,2151,869,83
16,1,22,132,513,1319,2215,1880,741,68
17,0,18,90,346,899,1589,1314,512,47
18,0,18,90,345,888,1523,1222,461,44
19,0,14,66,242,609,1063,771,269,21
20,0,11,58,215,560,959,671,232,21
21,0,11,53,163,413,666,441,144,15
22,0,7,29,95,248,342,212,47,2
23,0,7,29,83,206,261,147,36,2
24,0,7,29,83,200,251,139,35,2
25,0,7,28,75,183,213,113,28,2
26,0,7,28,73,167,191,90,21,2
27,0,4,15,44,96,116,60,15,1
28,0,4,14,37,77,77,37,12,1
29,0,2,6,18,35,44,13,4,1
30,0,2,6,16,28,35,9,3,0
31,0,2,5,15,25,31,6,2,0
32,0,2,5,14,21,20,1,1,0
33,0,2,5,12,19,19,1,1,0
34,0,2,5,12,18,18,1,1,0
35,0,2,5,12,17,16,0,0,0
36,0,2,5,11,14,16,0,0,0
37,0,2,5,11,14,16,0,0,0
38,0,2,4,8,7,5,0,0,0
39,0,2,4,8,7,5,0,0,0
40,0,2,4,8,7,5,0,0,0
41,0,2,4,8,7,5,0,0,0
42,0,1,3,8,6,4,0,0,0
43,0,1,2,5,2,1,0,0,0
44,0,1,2,5,2,1,0,0,0
45,0,1,1,3,2,0,0,0,0
46,0,1,1,3,2,0,0,0,0
47,0,1,1,3,2,0,0,0,0
48,0,1,1,3,2,0,0,0,0
49,0,1,1,3,2,0,0,0,0
50,0,1,1,3,2,0,0,0,0
51,0,1,1,3,2,0,0,0,0
52,0,1,1,3,2,0,0,0,0
53,0,1,1,2,2,0,0,0,0
54,0,1,1,2,2,0,0,0,0
55,0,1,1,1,1,0,0,0,0
56,0,1,1,1,1,0,0,0,0
57,0,1,1,1,1,0,0,0,0
58,0,1,1,1,1,0,0,0,0
59,0,0,0,0,0,0,0,0,0
60,0,0,0,0,0,0,0,0,0
61,0,0,0,0,0,0,0,0,0
62,0,0,0,0,0,0,0,0,0
63,0,0,0,0,0,0,0,0,0
64,0,0,0,0,0,0,0,0,0
65,0,0,0,0,0,0,0,0,0
66,0,0,0,0,0,0,0,0,0
67,0,0,0,0,0,0,0,0,0
68,0,0,0,0,0,0,0,0,0
69,0,0,0,0,0,0,0,0,0
70,0,0,0,0,0,0,0,0,0
71,0,0,0,0,0,0,0,0,0
72,0,0,0,0,0,0,0,0,0
73,0,0,0,0,0,0,0,0,0
74,0,0,0,0,0,0,0,0,0
75,0,0,0,0,0,0,0,0,0
76,0,0,0,0,0,0,0,0,0
77,0,0,0,0,0,0,0,0,0
78,0,0,0,0,0,0,0,0,0
79,0,0,0,0,0,0,0,0,0
80,0,0,0,0,0,0,0,0,0
81,0,0,0,0,0,0,0,0,0
82,0,0,0,0,0,0,0,0,0
83,0,0,0,0,0,0,0,0,0
84,0,0,0,0,0,0,0,0,0
85,0,0,0,0,0,0,0,0,0
86,0,0,0,0,0,0,0,0,0
87,0,0,0,0,0,0,0,0,0
88,0,0,0,0,0,0,0,0,0
89,0,0,0,0,0,0,0,0,0
90,0,0,0,0,0,0,0,0,0
91,0,0,0,0,0,0,0,0,0
92,0,0,0,0,0,0,0,0,0
93,0,0,0,0,0,0,0,0,0
94,0,0,0,0,0,0,0,0,0
95,0,0,0,0,0,0,0,0,0
96,0,0,0,0,0,0,0,0,0
97,0,0,0,0,0,0,0,0,0
98,0,0,0,0,0,0,0,0,0
99,0,0,0,0,0,0,0,0,0
100,0,0,0,0,0,0,0,0,0
101,0,0,0,0,0,0,0,0,0
102,0,0,0,0,0,0,0,0,0
103,0,0,0,0,0,0,0,0,0
104,0,0,0,0,0,0,0,0,0
105,0,0,0,0,0,0,0,0,0
106,0,0,0,0,0,0,0,0,0
107,0,0,0,0,0,0,0,0,0
108,0,0,0,0,0,0,0,0,0
109,0,0,0,0,0,0,0,0,0
110,0,0,0,0,0,0,0,0,0
111,0,0,0,0,0,0,0,0,0
112,0,0,0,0,0,0,0,0,0
113,0,0,0,0,0,0,0,0,0
114,0,0,0,0,0,0,0,0,0
115,0,0,0,0,0,0,0,0,0
116,0,0,0,0,0,0,0,0,0
117,0,0,0,0,0,0,0,0,0
118,0,0,0,0,0,0,0,0,0
119,0,0,0,0,0,0,0,0,0
120,0,0,0,0,0,0,0,0,0
121,0,0,0,0,0,0,0,0,0
122,0,0,0,0,0,0,0,0,0
123,0,0,0,0,0,0,0,0,0
124,0,0,0,0,0,0,0,0,0
125,0,0,0,0,0,0,0,0,0
126,0,0,0,0,0,0,0,0,0
127,0,0,0,0,0,0,0,0,0
128,0,0,0,0,0,0,0,0,0
129,0,0,0,0,0,0,0,0,0
130,0,0,0,0,0,0,0,0,0
131,0,0,0,0,0,0,0,0,0
132,0,0,0,0,0,0,0,0,0
133,0,0,0,0,0,0,0,0,0
134,0,0,0,0,0,0,0,0,0
135,0,0,0,0,0,0,0,0,0
136,0,0,0,0,0,0,0,0,0
137,0,0,0,0,0,0,0,0,0
138,0,0,0,0,0,0,0,0,0
139,0,0,0,0,0,0,0,0,0
140,0,0,0,0,0,0,0,0,0
141,0,0,0,0,0,0,0,0,0
142,0,0,0,0,0,0,0,0,0
143,0,0,0,0,0,0,0,0,0
144,0,0,0,0,0,0,0,0,0
145,0,0,0,0,0,0,0,0,0
146,0,0,0,0,0,0,0,0,0
147,0,0,0,0,0,0,0,0,0
148,0,0,0,0,0,0,0,0,0
149,0,0,0,0,0,0,0,0,0
150,0,0,0,0,0,0,0,0,0
151,0,0,0,0,0,0,0,0,0
152,0,0,0,0,0,0,0,0,0
153,0,0,0,0,0,0,0,0,0
154,0,0,0,0,0,0,0,0,0
155,0,0,0,0,0,0,0,0,0
156,0,0,0,0,0,0,0,0,0
157,0,0,0,0,0,0,0,0,0
158,0,0,0,0,0,0,0,0,0
159,0,0,0,0,0,0,0,0,0
160,0,0,0,0,0,0,0,0,0
161,0,0,0,0,0,0,0,0,0
162,0,0,0,0,0,0,0,0,0
163,0,0,0,0,0,0,0,0,0
164,0,0,0,0,0,0,0,0,0
165,0,0,0,0,0,0,0,0,0
166,0,0,0,0,0,0,0,0,0
167,0,0,0,0,0,0,0,0,0
168,0,0,0,0,0,0,0,0,0
169,0,0,0,0,0,0,0,0,0
170,0,0,0,0,0,0,0,0,0
171,0,0,0,0,0,0,0,0,0
172,0,0,0,0,0,0,0,0,0
173,0,0,0,0,0,0,0,0,0
174,0,0,0,0,0,0,0,0,0
175,0,0,0,0,0,0,0,0,0
176,0,0,0,0,0,0,0,0,0
177,0,0,0,0,0,0,0,0,0
178,0,0,0,0,0,0,0,0,0
179,0,0,0,0,0,0,0,0,0
180,0,0,0,0,0,0,0,0,0
181,0,0,0,0,0,0,0,0,0
182,0,0,0,0,0,0,0,0,0
183,0,0,0,0,0,0,0,0,0
184,0,0,0,0,0,0,0,0,0
185,0,0,0,0,0,0,0,0,0
186,0,0,0,0,0,0,0,0,0
187,0,0,0,0,0,0,0,0,0
188,0,0,0,0,0,0,0,0,0
189,0,0,0,0,0,0,0,0,0
190,0,0,0,0,0,0,0,0,0
191,0,0,0,0,0,0,0,0,0
192,0,0,0,0,0,0,0,0,0
193,0,0,0,0,0,0,0,0,0
194,0,0,0,0,0,0,0,0,0
195,0,0,0,0,0,0,0,0,0
196,0,0,0,0,0,0,0,0,0
197,0,0,0,0,0,0,0,0,0
198,0,0,0,0,0,0,0,0,0
199,0,0,0,0,0,0,0,0,0
200,0,0,0,0,0,0,0,0,0
201,0,0,0,0,0,0,0,0,0
202,0,0,0,0,0,0,0,0,0
203,0,0,0,0,0,0,0,0,0
204,0,0,0,0,0,0,0,0,0
205,0,0,0,0,0,0,0,0,0
206,0,0,0,0,0,0,0,0,0
207,0,0,0,0,0,0,0,0,0
208,0,0,0,0,0,0,0,0,0
209,0,0,0,0,0,0,0,0,0
210,0,0,0,0,0,0,0,0,0
211,0,0,0,0,0,0,0,0,0
212,0,0,0,0,0,0,0,0,0
213,0,0,0,0,0,0,0,0,0
214,0,0,0,0,0,0,0,0,0
215,0,0,0,0,0,0,0,0,0
216,0,0,0,0,0,0,0,0,0
217,0,0,0,0,0,0,0,0,0
218,0,0,0,0,0,0,0,0,0
219,0,0,0,0,0,0,0,0,0
220,0,0,0,0,0,0,0,0,0
221,0,0,0,0,0,0,0,0,0
222,0,0,0,0,0,0,0,0,0
223,0,0,0,0,0,0,0,0,0
224,0,0,0,0,0,0,0,0,0
225,0,0,0,0,0,0,0,0,0
226,0,0,0,0,0,0,0,0,0
227,0,0,0,0,0,0,0,0,0
228,0,0,0,0,0,0,0,0,0
229,0,0,0,0,0,0,0,0,0
230,0,0,0,0,0,0,0,0,0
231,0,0,0,0,0,0,0,0,0
232,0,0,0,0,0,0,0,0,0
233,0,0,0,0,0,0,0,0,0
234,0,0,0,0,0,0,0,0,0
235,0,0,0,0,0,0,0,0,0
236,0,0,0,0,0,0,0,0,0
237,0,0,0,0,0,0,0,0,0
238,0,0,0,0,0,0,0,0,0
239,0,0,0,0,0,0,0,0,0
240,0,0,0,0,0,0,0,0,0
241,0,0,0,0,0,0,0,0,0
242,0,0,0,0,0,0,0,0,0
243,0,0,0,0,0,0,0,0,0
244,0,0,0,0,0,0,0,0,0
245,0,0,0,0,0,0,0,0,0
246,0,0,0,0,0,0,0,0,0
247,0,0,0,0,0,0,0,0,0
248,0,0,0,0,0,0,0,0,0
249,0,0,0,0,0,0,0,0,0
250,0,0,0,0,0,0,0,0,0
251,0,0,0,0,0,0,0,0,0
252,0,0,0,0,0,0,0,0,0
253,0,0,0,0,0,0,0,0,0
254,0,0,0,0,0,0,0,0,0
255,0,0,0,0,0,0,0,0,0
256,0,0,0,0,0,0,0,0,0
257,0,0,0,0,0,0,0,0,0
258,0,0,0,0,0,0,0,0,0
259,0,0,0,0,0,0,0,0,0
260,0,0,0,0,0,0,0,0,0
261,0,0,0,0,0,0,0,0,0
262,0,0,0,0,0,0,0,0,0
263,0,0,0,0,0,0,0,0,0
264,0,0,0,0,0,0,0,0,0
265,0,0,0,0,0,0,0,0,0
266,0,0,0,0,0,0,0,0,0
267,0,0,0,0,0,0,0,0,0
268,0,0,0,0,0,0,0,0,0
269,0,0,0,0,0,0,0,0,0
270,0,0,0,0,0,0,0,0,0
271,0,0,0,0,0,0,0,0,0
272,0,0,0,0,0,0,0,0,0
273,0,0,0,0,0,0,0,0,0
274,0,0,0,0,0,0,0,0,0
275,0,0,0,0,0,0,0,0,0
276,0,0,0,0,0,0,0,0,0
277,0,0,0,0,0,0,0,0,0
278,0,0,0,0,0,0,0,0,0
279,0,0,0,0,0,0,0,0,0
280,0,0,0,0,0,0,0,0,0
281,0,0,0,0,0,0,0,0,0
282,0,0,0,0,0,0,0,0,0
283,0,0,0,0,0,0,0,0,0
284,0,0,0,0,0,0,0,0,0
285,0,0,0,0,0,0,0,0,0
286,0,0,0,0,0,0,0,0,0
287,0,0,0,0,0,0,0,0,0
288,0,0,0,0,0,0,0,0,0
289,0,0,0,0,0,0,0,0,0
290,0,0,0,0,0,0,0,0,0
291,0,0,0,0,0,0,0,0,0
292,0,0,0,0,0,0,0,0,0
293,0,0,0,0,0,0,0,0,0
294,0,0,0,0,0,0,0,0,0
295,0,0,0,0,0,0,0,0,0
296,0,0,0,0,0,0,0,0,0
297,0,0,0,0,0,0,0,0,0
298,0,0,0,0,0,0,0,0,0
299,0,0,0,0,0,0,0,0,0
300,0,0,0,0,0,0,0,0,0
301,0,0,0,0,0,0,0,0,0
302,0,0,0,0,0,0,0,0,0
303,0,0,0,0,0,0,0,0,0
304,0,0,0,0,0,0,0,0,0
305,0,0,0,0,0,0,0,0,0
306,0,0,0,0,0,0,0,0,0
307,0,0,0,0,0,0,0,0,0
308,0,0,0,0,0,0,0,0,0
309,0,0,0,0,0,0,0,0,0
310,0,0,0,0,0,0,0,0,0
311,0,0,0,0,0,0,0,0,0
312,0,0,0,0,0,0,0,0,0
313,0,0,0,0,0,0,0,0,0
314,0,0,0,0,0,0,0,0,0
315,0,0,0,0,0,0,0,0,0
316,0,0,0,0,0,0,0,0,0
317,0,0,0,0,0,0,0,0,0
318,0,0,0,0,0,0,0,0,0
319,0,0,0,0,0,0,0,0,0
320,0,0,0,0,0,0,0,0,0
321,0,0,0,0,0,0,0,0,0
322,0,0,0,0,0,0,0,0,0
323,0,0,0,0,0,0,0,0,0
324,0,0,0,0,0,0,0,0,0
325,0,0,0,0,0,0,0,0,0
326,0,0,0,0,0,0,0,0,0
327,0,0,0,0,0,0,0,0,0
328,0,0,0,0,0,0,0,0,0
329,0,0,0,0,0,0,0,0,0
330,0,0,0,0,0,0,0,0,0
331,0,0,0,0,0,0,0,0,0
332,0,0,0,0,0,0,0,0,0
333,0,0,0,0,0,0,0,0,0
334,0,0,0,0,0,0,0,0,0
335,0,0,0,0,0,0,0,0,0
336,0,0,0,0,0,0,0,0,0
337,0,0,0,0,0,0,0,0,0
338,0,0,0,0,0,0,0,0,0
339,0,0,0,0,0,0,0,0,0
340,0,0,0,0,0,0,0,0,0
341,0,0,0,0,0,0,0,0,0
342,0,0,0,0,0,0,0,0,0
343,0,0,0,0,0,0,0,0,0
344,0,0,0,0,0,0,0,0,0
345,0,0,0,0,0,0,0,0,0
346,0,0,0,0,0,0,0,0,0
347,0,0,0,0,0,0,0,0,0
348,0,0,0,0,0,0,0,0,0
349,0,0,0,0,0,0,0,0,0
350,0,0,0,0,0,0,0,0,0
351,0,0,0,0,0,0,0,0,0
352,0,0,0,0,0,0,0,0,0
353,0,0,0,0,0,0,0,0,0
354,0,0,0,0,0,0,0,0,0
355,0,0,0,0,0,0,0,0,0
356,0,0,0,0,0,0,0,0,0
357,0,0,0,0,0,0,0,0,0
358,0,0,0,0,0,0,0,0,0
359,0,0,0,0,0,0,0,0,0
360,0,0,0,0,0,0,0,0,0
361,0,0,0,0,0,0,0,0,0
362,0,0,0,0,0,0,0,0,0
363,0,0,0,0,0,0,0,0,0
364,0,0,0,0,0,0,0,0,0
365,0,0,0,0,0,0,0,0,0
366,0,0,0,0,0,0,0,0,0
367,0,0,0,0,0,0,0,0,0
368,0,0,0,0,0,0,0,0,0
369,0,0,0,0,0,0,0,0,0
370,0,0,0,0,0,0,0,0,0
371,0,0,0,0,0,0,0,0,0
372,0,0,0,0,0,0,0,0,0
373,0,0,0,0,0,0,0,0,0
374,0,0,0,0,0,0,0,0,0
375,0,0,0,0,0,0,0,0,0
376,0,0,0,0,0,0,0,0,0
377,0,0,0,0,0,0,0,0,0
378,0,0,0,0,0,0,0,0,0
379,0,0,0,0,0,0,0,0,0
380,0,0,0,0,0,0,0,0,0
381,0,0,0,0,0,0,0,0,0
382,0,0,0,0,0,0,0,0,0
383,0,0,0,0,0,0,0,0,0
384,0,0,0,0,0,0,0,0,0
385,0,0,0,0,0,0,0,0,0
386,0,0,0,0,0,0,0,0,0
387,0,0,0,0,0,0,0,0,0
388,0,0,0,0,0,0,0,0,0
389,0,0,0,0,0,0,0,0,0
390,0,0,0,0,0,0,0,0,0
391,0,0,0,0,0,0,0,0,0
392,0,0,0,0,0,0,0,0,0
393,0,0,0,0,0,0,0,0,0
394,0,0,0,0,0,0,0,0,0
395,0,0,0,0,0,0,0,0,0
396,0,0,0,0,0,0,0,0,0
397,0,0,0,0,0,0,0,0,0
398,0,0,0,0,0,0,0,0,0
399,0,0,0,0,0,0,0,0,0
400,0,0,0,0,0,0,0,0,0
401,0,0,0,0,0,0,0,0,0
402,0,0,0,0,0,0,0,0,0
403,0,0,0,0,0,0,0,0,0
404,0,0,0,0,0,0,0,0,0
405,0,0,0,0,0,0,0,0,0
406,0,0,0,0,0,0,0,0,0
407,0,0,0,0,0,0,0,0,0
408,0,0,0,0,0,0,0,0,0
409,0,0,0,0,0,0,0,0,0
410,0,0,0,0,0,0,0,0,0
411,0,0,0,0,0,0,0,0,0
412,0,0,0,0,0,0,0,0,0
413,0,0,0,0,0,0,0,0,0
414,0,0,0,0,0,0,0,0,0
415,0,0,0,0,0,0,0,0,0
416,0,0,0,0,0,0,0,0,0
417,0,0,0,0,0,0,0,0,0
418,0,0,0,0,0,0,0,0,0
419,0,0,0,0,0,0,0,0,0
420,0,0,0,0,0,0,0,0,0
421,0,0,0,0,0,0,0,0,0
422,0,0,0,0,0,0,0,0,0
423,0,0,0,0,0,0,0,0,0
424,0,0,0,0,0,0,0,0,0
425,0,0,0,0,0,0,0,0,0
426,0,0,0,0,0,0,0,0,0
427,0,0,0,0,0,0,0,0,0
428,0,0,0,0,0,0,0,0,0
429,0,0,0,0,0,0,0,0,0
430,0,0,0,0,0,0,0,0,0
431,0,0,0,0,0,0,0,0,0
432,0,0,0,0,0,0,0,0,0
433,0,0,0,0,0,0,0,0,0
434,0,0,0,0,0,0,0,0,0
435,0,0,0,0,0,0,0,0,0
436,0,0,0,0,0,0,0,0,0
437,0,0,0,0,0,0,0,0,0
438,0,0,0,0,0,0,0,0,0
439,0,0,0,0,0,0,0,0,0
440,0,0,0,0,0,0,0,0,0
441,0,0,0,0,0,0,0,0,0
442,0,0,0,0,0,0,0,0,0
443,0,0,0,0,0,0,0,0,0
444,0,0,0,0,0,0,0,0,0
445,0,0,0,0,0,0,0,0,0
446,0,0,0,0,0,0,0,0,0
447,0,0,0,0,0,0,0,0,0
448,0,0,0,0,0,0,0,0,0
449,0,0,0,0,0,0,0,0,0
450,0,0,0,0,0,0,0,0,0
451,0,0,0,0,0,0,0,0,0
452,0,0,0,0,0,0,0,0,0
453,0,0,0,0,0,0,0,0,0
454,0,0,0,0,0,0,0,0,0
455,0,0,0,0,0,0,0,0,0
456,0,0,0,0,0,0,0,0,0
457,0,0,0,0,0,0,0,0,0
458,0,0,0,0,0,0,0,0,0
459,0,0,0,0,0,0,0,0,0
460,0,0,0,0,0,0,0,0,0
461,0,0,0,0,0,0,0,0,0
462,0,0,0,0,0,0,0,0,0
463,0,0,0,0,0,0,0,0,0
464,0,0,0,0,0,0,0,0,0
465,0,0,0,0,0,0,0,0,0
466,0,0,0,0,0,0,0,0,0
467,0,0,0,0,0,0,0,0,0
468,0,0,0,0,0,0,0,0,0
469,0,0,0,0,0,0,0,0,0
470,0,0,0,0,0,0,0,0,0
471,0,0,0,0,0,0,0,0,0
472,0,0,0,0,0,0,0,0,0
473,0,0,0,0,0,0,0,0,0
474,0,0,0,0,0,0,0,0,0
475,0,0,0,0,0,0,0,0,0
476,0,0,0,0,0,0,0,0,0
477,0,0,0,0,0,0,0,0,0
478,0,0,0,0,0,0,0,0,0
479,0,0,0,0,0,0,0,0,0
480,0,0,0,0,0,0,0,0,0
481,0,0,0,0,0,0,0,0,0
482,0,0,0,0,0,0,0,0,0
483,0,0,0,0,0,0,0,0,0
484,0,0,0,0,0,0,0,0,0
485,0,0,0,0,0,0,0,0,0
486,0,0,0,0,0,0,0,0,0
487,0,0,0,0,0,0,0,0,0
488,0,0,0,0,0,0,0,0,0
489,0,0,0,0,0,0,0,0,0
490,0,0,0,0,0,0,0,0,0
491,0,0,0,0,0,0,0,0,0
492,0,0,0,0,0,0,0,0,0
493,0,0,0,0,0,0,0,0,0
494,0,0,0,0,0,0,0,0,0
495,0,0,0,0,0,0,0,0,0
496,0,0,0,0,0,0,0,0,0
497,0,0,0,0,0,0,0,0,0
498,0,0,0,0,0,0,0,0,0
499,0,0,0,0,0,0,0,0,0
500,0,0,0,0,0,0,0,0,0
501,0,0,0,0,0,0,0,0,0
502,0,0,0,0,0,0,0,0,0
503,0,0,0,0,0,0,0,0,0
504,0,0,0,0,0,0,0,0,0
505,0,0,0,0,0,0,0,0,0
506,0,0,0,0,0,0,0,0,0
507,0,0,0,0,0,0,0,0,0
508,0,0,0,0,0,0,0,0,0
509,0,0,0,0,0,0,0,0,0
510,0,0,0,0,0,0,0,0,0
511,0,0,0,0,0,0,0,0,0
512,0,0,0,0,0,0,0,0,0
513,0,0,0,0,0,0,0,0,0
514,0,0,0,0,0,0,0,0,0
515,0,0,0,0,0,0,0,0,0
516,0,0,0,0,0,0,0,0,0
517,0,0,0,0,0,0,0,0,0
518,0,0,0,0,0,0,0,0,0
519,0,0,0,0,0,0,0,0,0
520,0,0,0,0,0,0,0,0,0
521,0,0,0,0,0,0,0,0,0
522,0,0,0,0,0,0,0,0,0
523,0,0,0,0,0,0,0,0,0
524,0,0,0,0,0,0,0,0,0
525,0,0,0,0,0,0,0,0,0
526,0,0,0,0,0,0,0,0,0
527,0,0,0,0,0,0,0,0,0
528,0,0,0,0,0,0,0,0,0
529,0,0,0,0,0,0,0,0,0
530,0,0,0,0,0,0,0,0,0
531,0,0,0,0,0,0,0,0,0
532,0,0,0,0,0,0,0,0,0
533,0,0,0,0,0,0,0,0,0
534,0,0,0,0,0,0,0,0,0
535,0,0,0,0,0,0,0,0,0
536,0,0,0,0,0,0,0,0,0
537,0,0,0,0,0,0,0,0,0
538,0,0,0,0,0,0,0,0,0
539,0,0,0,0,0,0,0,0,0
540,0,0,0,0,0,0,0,0,0
541,0,0,0,0,0,0,0,0,0
542,0,0,0,0,0,0,0,0,0
543,0,0,0,0,0,0,0,0,0
544,0,0,0,0,0,0,0,0,0
545,0,0,0,0,0,0,0,0,0
546,0,0,0,0,0,0,0,0,0
547,0,0,0,0,0,0,0,0,0
548,0,0,0,0,0,0,0,0,0
549,0,0,0,0,0,0,0,0,0
550,0,0,0,0,0,0,0,0,0
551,0,0,0,0,0,0,0,0,0
552,0,0,0,0,0,0,0,0,0
553,0,0,0,0,0,0,0,0,0
554,0,0,0,0,0,0,0,0,0
555,0,0,0,0,0,0,0,0,0
556,0,0,0,0,0,0,0,0,0
557,0,0,0,0,0,0,0,0,0
558,0,0,0,0,0,0,0,0,0
559,0,0,0,0,0,0,0,0,0
560,0,0,0,0,0,0,0,0,0
561,0,0,0,0,0,0,0,0,0
562,0,0,0,0,0,0,0,0,0
563,0,0,0,0,0,0,0,0,0
564,0,0,0,0,0,0,0,0,0
565,0,0,0,0,0,0,0,0,0
566,0,0,0,0,0,0,0,0,0
567,0,0,0,0,0,0,0,0,0
568,0,0,0,0,0,0,0,0,0
569,0,0,0,0,0,0,0,0,0
570,0,0,0,0,0,0,0,0,0
571,0,0,0,0,0,0,0,0,0
572,0,0,0,0,0,0,0,0,0
573,0,0,0,0,0,0,0,0,0
574,0,0,0,0,0,0,0,0,0
575,0,0,0,0,0,0,0,0,0
576,0,0,0,0,0,0,0,0,0
577,0,0,0,0,0,0,0,0,0
578,0,0,0,0,0,0,0,0,0
579,0,0,0,0,0,0,0,0,0
580,0,0,0,0,0,0,0,0,0
581,0,0,0,0,0,0,0,0,0
582,0,0,0,0,0,0,0,0,0
583,0,0,0,0,0,0,0,0,0
584,0,0,0,0,0,0,0,0,0
585,0,0,0,0,0,0,0,0,0
586,0,0,0,0,0,0,0,0,0
587,0,0,0,0,0,0,0,0,0
588,0,0,0,0,0,0,0,0,0
589,0,0,0,0,0,0,0,0,0
590,0,0,0,0,0,0,0,0,0
591,0,0,0,0,0,0,0,0,0
592,0,0,0,0,0,0,0,0,0
593,0,0,0,0,0,0,0,0,0
594,0,0,0,0,0,0,0,0,0
595,0,0,0,0,0,0,0,0,0
596,0,0,0,0,0,0,0,0,0
597,0,0,0,0,0,0,0,0,0
598,0,0,0,0,0,0,0,0,0
599,0,0,0,0,0,0,0,0,0
600,0,0,0,0,0,0,0,0,0
601,0,0,0,0,0,0,0,0,0
602,0,0,0,0,0,0,0,0,0
603,0,0,0,0,0,0,0,0,0
604,0,0,0,0,0,0,0,0,0
605,0,0,0,0,0,0,0,0,0
606,0,0,0,0,0,0,0,0,0
607,0,0,0,0,0,0,0,0,0
608,0,0,0,0,0,0,0,0,0
609,0,0,0,0,0,0,0,0,0
610,0,0,0,0,0,0,0,0,0
611,0,0,0,0,0,0,0,0,0
612,0,0,0,0,0,0,0,0,0
613,0,0,0,0,0,0,0,0,0
614,0,0,0,0,0,0,0,0,0
615,0,0,0,0,0,0,0,0,0
616,0,0,0,0,0,0,0,0,0
617,0,0,0,0,0,0,0,0,0
618,0,0,0,0,0,0,0,0,0
619,0,0,0,0,0,0,0,0,0
620,0,0,0,0,0,0,0,0,0
621,0,0,0,0,0,0,0,0,0
622,0,0,0,0,0,0,0,0,0
623,0,0,0,0,0,0,0,0,0
624,0,0,0,0,0,0,0,0,0
625,0,0,0,0,0,0,0,0,0
626,0,0,0,0,0,0,0,0,0
627,0,0,0,0,0,0,0,0,0
628,0,0,0,0,0,0,0,0,0
629,0,0,0,0,0,0,0,0,0
630,0,0,0,0,0,0,0,0,0
631,0,0,0,0,0,0,0,0,0
632,0,0,0,0,0,0,0,0,0
633,0,0,0,0,0,0,0,0,0
634,0,0,0,0,0,0,0,0,0
635,0,0,0,0,0,0,0,0,0
636,0,0,0,0,0,0,0,0,0
637,0,0,0,0,0,0,0,0,0
638,0,0,0,0,0,0,0,0,0
639,0,0,0,0,0,0,0,0,0
640,0,0,0,0,0,0,0,0,0
641,0,0,0,0,0,0,0,0,0
642,0,0,0,0,0,0,0,0,0
643,0,0,0,0,0,0,0,0,0
644,0,0,0,0,0,0,0,0,0
645,0,0,0,0,0,0,0,0,0
646,0,0,0,0,0,0,0,0,0
647,0,0,0,0,0,0,0,0,0
648,0,0,0,0,0,0,0,0,0
649,0,0,0,0,0,0,0,0,0
650,0,0,0,0,0,0,0,0,0
651,0,0,0,0,0,0,0,0,0
652,0,0,0,0,0,0,0,0,0
653,0,0,0,0,0,0,0,0,0
654,0,0,0,0,0,0,0,0,0
655,0,0,0,0,0,0,0,0,0
656,0,0,0,0,0,0,0,0,0
657,0,0,0,0,0,0,0,0,0
658,0,0,0,0,0,0,0,0,0
659,0,0,0,0,0,0,0,0,0
660,0,0,0,0,0,0,0,0,0
661,0,0,0,0,0,0,0,0,0
662,0,0,0,0,0,0,0,0,0
663,0,0,0,0,0,0,0,0,0
664,0,0,0,0,0,0,0,0,0
665,0,0,0,0,0,0,0,0,0
666,0,0,0,0,0,0,0,0,0
667,0,0,0,0,0,0,0,0,0
668,0,0,0,0,0,0,0,0,0
669,0,0,0,0,0,0,0,0,0
670,0,0,0,0,0,0,0,0,0
671,0,0,0,0,0,0,0,0,0
672,0,0,0,0,0,0,0,0,0
673,0,0,0,0,0,0,0,0,0
674,0,0,0,0,0,0,0,0,0
675,0,0,0,0,0,0,0,0,0
676,0,0,0,0,0,0,0,0,0
677,0,0,0,0,0,0,0,0,0
678,0,0,0,0,0,0,0,0,0
679,0,0,0,0,0,0,0,0,0
680,0,0,0,0,0,0,0,0,0
681,0,0,0,0,0,0,0,0,0
682,0,0,0,0,0,0,0,0,0
683,0,0,0,0,0,0,0,0,0
684,0,0,0,0,0,0,0,0,0
685,0,0,0,0,0,0,0,0,0
686,0,0,0,0,0,0,0,0,0
687,0,0,0,0,0,0,0,0,0
688,0,0,0,0,0,0,0,0,0
689,0,0,0,0,0,0,0,0,0
690,0,0,0,0,0,0,0,0,0
691,0,0,0,0,0,0,0,0,0
692,0,0,0,0,0,0,0,0,0
693,0,0,0,0,0,0,0,0,0
694,0,0,0,0,0,0,0,0,0
695,0,0,0,0,0,0,0,0,0
696,0,0,0,0,0,0,0,0,0
697,0,0,0,0,0,0,0,0,0
698,0,0,0,0,0,0,0,0,0
699,0,0,0,0,0,0,0,0,0
700,0,0,0,0,0,0,0,0,0
701,0,0,0,0,0,0,0,0,0
702,0,0,0,0,0,0,0,0,0
703,0,0,0,0,0,0,0,0,0
704,0,0,0,0,0,0,0,0,0
705,0,0,0,0,0,0,0,0,0
706,0,0,0,0,0,0,0,0,0
707,0,0,0,0,0,0,0,0,0
708,0,0,0,0,0,0,0,0,0
709,0,0,0,0,0,0,0,0,0
710,0,0,0,0,0,0,0,0,0
711,0,0,0,0,0,0,0,0,0
712,0,0,0,0,0,0,0,0,0
713,0,0,0,0,0,0,0,0,0
714,0,0,0,0,0,0,0,0,0
715,0,0,0,0,0,0,0,0,0
716,0,0,0,0,0,0,0,0,0
717,0,0,0,0,0,0,0,0,0
718,0,0,0,0,0,0,0,0,0
719,0,0,0,0,0,0,0,0,0
720,0,0,0,0,0,0,0,0,0
721,0,0,0,0,0,0,0,0,0
722,0,0,0,0,0,0,0,0,0
723,0,0,0,0,0,0,0,0,0
724,0,0,0,0,0,0,0,0,0
725,0,0,0,0,0,0,0,0,0
726,0,0,0,0,0,0,0,0,0
727,0,0,0,0,0,0,0,0,0
728,0,0,0,0,0,0,0,0,0
729,0,0,0,0,0,0,0,0,0
730,0,0,0,0,0,0,0,0,0
731,0,0,0,0,0,0,0,0,0
732,0,0,0,0,0,0,0,0,0
733,0,0,0,0,0,0,0,0,0
734,0,0,0,0,0,0,0,0,0
735,0,0,0,0,0,0,0,0,0
736,0,0,0,0,0,0,0,0,0
737,0,0,0,0,0,0,0,0,0
738,0,0,0,0,0,0,0,0,0
739,0,0,0,0,0,0,0,0,0
740,0,0,0,0,0,0,0,0,0
741,0,0,0,0,0,0,0,0,0
742,0,0,0,0,0,0,0,0,0
743,0,0,0,0,0,0,0,0,0
744,0,0,0,0,0,0,0,0,0
745,0,0,0,0,0,0,0,0,0
746,0,0,0,0,0,0,0,0,0
747,0,0,0,0,0,0,0,0,0
748,0,0,0,0,0,0,0,0,0
749,0,0,0,0,0,0,0,0,0
750,0,0,0,0,0,0,0,0,0
0,194,7257,201425,4077983,57373546,517292847,2626655236,5935079656,3356972874
1,99,2943,65221,1049593,11765714,84568905,342520616,617568309,278848633
2,72,1732,31719,423572,3937147,23401757,78189840,115986423,42947088
3,61,1194,18749,217777,1751839,8987208,25879571,33034811,10508022
4,48,775,10103,100139,688695,3027003,7472196,8177482,2232813
5,33,496,5711,50076,302613,1168579,2539800,2456846,595548
6,28,395,3952,31534,170022,589606,1144620,988550,213694
7,17,224,1959,14234,71682,236918,441405,367690,76539
8,7,145,1004,6144,25421,71387,111352,77371,13321
9,7,103,714,3980,14979,37883,53530,34150,5490
10,3,55,338,1709,5776,12944,16204,9202,1343
11,3,55,321,1449,4480,9094,10343,5286,712
12,3,54,284,1285,3906,7788,8859,4537,615
13,2,36,188,856,2598,5128,5869,2989,376
14,2,29,151,594,1678,3099,3397,1667,213
15,2,27,116,442,1270,2374,2535,1231,160
16,2,18,80,321,896,1713,1859,876,116
17,2,17,72,276,769,1473,1567,722,94
18,2,17,72,266,711,1349,1409,652,87
19,1,17,66,238,607,1133,1165,525,67
20,1,11,38,171,390,738,752,331,46
21,1,11,38,164,364,657,631,278,35
22,0,0,0,0,0,0,0,0,0
23,0,0,0,0,0,0,0,0,0
24,0,0,0,0,0,0,0,0,0
25,0,0,0,0,0,0,0,0,0
26,0,0,0,0,0,0,0,0,0
27,0,0,0,0,0,0,0,0,0
28,0,0,0,0,0,0,0,0,0
29,0,0,0,0,0,0,0,0,0
30,0,0,0,0,0,0,0,0,0
31,0,0,0,0,0,0,0,0,0
32,0,0,0,0,0,0,0,0,0
33,0,0,0,0,0,0,0,0,0
34,0,0,0,0,0,0,0,0,0
35,0,0,0,0,0,0,0,0,0
36,0,0,0,0,0,0,0,0,0
37,0,0,0,0,0,0,0,0,0
38,0,0,0,0,0,0,0,0,0
39,0,0,0,0,0,0,0,0,0
40,0,0,0,0,0,0,0,0,0
41,0,0,0,0,0,0,0,0,0
42,0,0,0,0,0,0,0,0,0
43,0,0,0,0,0,0,0,0,0
44,0,0,0,0,0,0,0,0,0
45,0,0,0,0,0,0,0,0,0
46,0,0,0,0,0,0,0,0,0
47,0,0,0,0,0,0,0,0,0
48,0,0,0,0,0,0,0,0,0
49,0,0,0,0,0,0,0,0,0
50,0,0,0,0,0,0,0,0,0
51,0,0,0,0,0,0,0,0,0
52,0,0,0,0,0,0,0,0,0
53,0,0,0,0,0,0,0,0,0
54,0,0,0,0,0,0,0,0,0
55,0,0,0,0,0,0,0,0,0
56,0,0,0,0,0,0,0,0,0
57,0,0,0,0,0,0,0,0,0
58,0,0,0,0,0,0,0,0,0
59,0,0,0,0,0,0,0,0,0
60,0,0,0,0,0,0,0,0,0
61,0,0,0,0,0,0,0,0,0
62,0,0,0,0,0,0,0,0,0
63,0,0,0,0,0,0,0,0,0
64,0,0,0,0,0,0,0,0,0
65,0,0,0,0,0,0,0,0,0
66,0,0,0,0,0,0,0,0,0
67,0,0,0,0,0,0,0,0,0
68,0,0,0,0,0,0,0,0,0
69,0,0,0,0,0,0,0,0,0
70,0,0,0,0,0,0,0,0,0
71,0,0,0,0,0,0,0,0,0
72,0,0,0,0,0,0,0,0,0
73,0,0,0,0,0,0,0,0,0
74,0,0,0,0,0,0,0,0,0
75,0,0,0,0,0,0,0,0,0
76,0,0,0,0,0,0,0,0,0
77,0,0,0,0,0,0,0,0,0
78,0,0,0,0,0,0,0,0,0
79,0,0,0,0,0,0,0,0,0
80,0,0,0,0,0,0,0,0,0
81,0,0,0,0,0,0,0,0,0
82,0,0,0,0,0,0,0,0,0
83,0,0,0,0,0,0,0,0,0
84,0,0,0,0,0,0,0,0,0
85,0,0,0,0,0,0,0,0,0
86,0,0,0,0,0,0,0,0,0
87,0,0,0,0,0,0,0,0,0
88,0,0,0,0,0,0,0,0,0
89,0,0,0,0,0,0,0,0,0
90,0,0,0,0,0,0,0,0,0
91,0,0,0,0,0,0,0,0,0
92,0,0,0,0,0,0,0,0,0
93,0,0,0,0,0,0,0,0,0
94,0,0,0,0,0,0,0,0,0
95,0,0,0,0,0,0,0,0,0
96,0,0,0,0,0,0,0,0,0
97,0,0,0,0,0,0,0,0,0
98,0,0,0,0,0,0,0,0,0
99,0,0,0,0,0,0,0,0,0
100,0,0,0,0,0,0,0,0,0
101,0,0,0,0,0,0,0,0,0
102,0,0,0,0,0,0,0,0,0
103,0,0,0,0,0,0,0,0,0
104,0,0,0,0,0,0,0,0,0
105,0,0,0,0,0,0,0,0,0
106,0,0,0,0,0,0,0,0,0
107,0,0,0,0,0,0,0,0,0
108,0,0,0,0,0,0,0,0,0
109,0,0,0,0,0,0,0,0,0
110,0,0,0,0,0,0,0,0,0
111,0,0,0,0,0,0,0,0,0
112,0,0,0,0,0,0,0,0,0
113,0,0,0,0,0,0,0,0,0
114,0,0,0,0,0,0,0,0,0
115,0,0,0,0,0,0,0,0,0
116,0,0,0,0,0,0,0,0,0
117,0,0,0,0,0,0,0,0,0
118,0,0,0,0,0,0,0,0,0
119,0,0,0,0,0,0,0,0,0
120,0,0,0,0,0,0,0,0,0
121,0,0,0,0,0,0,0,0,0
122,0,0,0,0,0,0,0,0,0
123,0,0,0,0,0,0,0,0,0
124,0,0,0,0,0,0,0,0,0
125,0,0,0,0,0,0,0,0,0
126,0,0,0,0,0,0,0,0,0
127,0,0,0,0,0,0,0,0,0
128,0,0,0,0,0,0,0,0,0
129,0,0,0,0,0,0,0,0,0
130,0,0,0,0,0,0,0,0,0
131,0,0,0,0,0,0,0,0,0
132,0,0,0,0,0,0,0,0,0
133,0,0,0,0,0,0,0,0,0
134,0,0,0,0,0,0,0,0,0
135,0,0,0,0,0,0,0,0,0
136,0,0,0,0,0,0,0,0,0
137,0,0,0,0,0,0,0,0,0
138,0,0,0,0,0,0,0,0,0
139,0,0,0,0,0,0,0,0,0
140,0,0,0,0,0,0,0,0,0
141,0,0,0,0,0,0,0,0,0
142,0,0,0,0,0,0,0,0,0
143,0,0,0,0,0,0,0,0,0
144,0,0,0,0,0,0,0,0,0
145,0,0,0,0,0,0,0,0,0
146,0,0,0,0,0,0,0,0,0
147,0,0,0,0,0,0,0,0,0
148,0,0,0,0,0,0,0,0,0
149,0,0,0,0,0,0,0,0,0
150,0,0,0,0,0,0,0,0,0
151,0,0,0,0,0,0,0,0,0
152,0,0,0,0,0,0,0,0,0
153,0,0,0,0,0,0,0,0,0
154,0,0,0,0,0,0,0,0,0
155,0,0,0,0,0,0,0,0,0
156,0,0,0,0,0,0,0,0,0
157,0,0,0,0,0,0,0,0,0
158,0,0,0,0,0,0,0,0,0
159,0,0,0,0,0,0,0,0,0
160,0,0,0,0,0,0,0,0,0
161,0,0,0,0,0,0,0,0,0
162,0,0,0,0,0,0,0,0,0
163,0,0,0,0,0,0,0,0,0
164,0,0,0,0,0,0,0,0,0
165,0,0,0,0,0,0,0,0,0
166,0,0,0,0,0,0,0,0,0
167,0,0,0,0,0,0,0,0,0
168,0,0,0,0,0,0,0,0,0
169,0,0,0,0,0,0,0,0,0
170,0,0,0,0,0,0,0,0,0
171,0,0,0,0,0,0,0,0,0
172,0,0,0,0,0,0,0,0,0
173,0,0,0,0,0,0,0,0,0
174,0,0,0,0,0,0,0,0,0
175,0,0,0,0,0,0,0,0,0
176,0,0,0,0,0,0,0,0,0
177,0,0,0,0,0,0,0,0,0
178,0,0,0,0,0,0,0,0,0
179,0,0,0,0,0,0,0,0,0
180,0,0,0,0,0,0,0,0,0
181,0,0,0,0,0,0,0,0,0
182,0,0,0,0,0,0,0,0,0
183,0,0,0,0,0,0,0,0,0
184,0,0,0,0,0,0,0,0,0
185,0,0,0,0,0,0,0,0,0
186,0,0,0,0,0,0,0,0,0
187,0,0,0,0,0,0,0,0,0
188,0,0,0,0,0,0,0,0,0
189,0,0,0,0,0,0,0,0,0
190,0,0,0,0,0,0,0,0,0
191,0,0,0,0,0,0,0,0,0
192,0,0,0,0,0,0,0,0,0
193,0,0,0,0,0,0,0,0,0
194,0,0,0,0,0,0,0,0,0
195,0,0,0,0,0,0,0,0,0
196,0,0,0,0,0,0,0,0,0
197,0,0,0,0,0,0,0,0,0
198,0,0,0,0,0,0,0,0,0
199,0,0,0,0,0,0,0,0,0
200,0,0,0,0,0,0,0,0,0
201,0,0,0,0,0,0,0,0,0
202,0,0,0,0,0,0,0,0,0
203,0,0,0,0,0,0,0,0,0
204,0,0,0,0,0,0,0,0,0
205,0,0,0,0,0,0,0,0,0
206,0,0,0,0,0,0,0,0,0
207,0,0,0,0,0,0,0,0,0
208,0,0,0,0,0,0,0,0,0
209,0,0,0,0,0,0,0,0,0
210,0,0,0,0,0,0,0,0,0
211,0,0,0,0,0,0,0,0,0
212,0,0,0,0,0,0,0,0,0
213,0,0,0,0,0,0,0,0,0
214,0,0,0,0,0,0,0,0,0
215,0,0,0,0,0,0,0,0,0
216,0,0,0,0,0,0,0,0,0
217,0,0,0,0,0,0,0,0,0
218,0,0,0,0,0,0,0,0,0
219,0,0,0,0,0,0,0,0,0
220,0,0,0,0,0,0,0,0,0
221,0,0,0,0,0,0,0,0,0
222,0,0,0,0,0,0,0,0,0
223,0,0,0,0,0,0,0,0,0
224,0,0,0,0,0,0,0,0,0
225,0,0,0,0,0,0,0,0,0
226,0,0,0,0,0,0,0,0,0
227,0,0,0,0,0,0,0,0,0
228,0,0,0,0,0,0,0,0,0
229,0,0,0,0,0,0,0,0,0
230,0,0,0,0,0,0,0,0,0
231,0,0,0,0,0,0,0,0,0
232,0,0,0,0,0,0,0,0,0
233,0,0,0,0,0,0,0,0,0
234,0,0,0,0,0,0,0,0,0
235,0,0,0,0,0,0,0,0,0
236,0,0,0,0,0,0,0,0,0
237,0,0,0,0,0,0,0,0,0
238,0,0,0,0,0,0,0,0,0
239,0,0,0,0,0,0,0,0,0
240,0,0,0,0,0,0,0,0,0
241,0,0,0,0,0,0,0,0,0
242,0,0,0,0,0,0,0,0,0
243,0,0,0,0,0,0,0,0,0
244,0,0,0,0,0,0,0,0,0
245,0,0,0,0,0,0,0,0,0
246,0,0,0,0,0,0,0,0,0
247,0,0,0,0,0,0,0,0,0
248,0,0,0,0,0,0,0,0,0
249,0,0,0,0,0,0,0,0,0
250,0,0,0,0,0,0,0,0,0
251,0,0,0,0,0,0,0,0,0
252,0,0,0,0,0,0,0,0,0
253,0,0,0,0,0,0,0,0,0
254,0,0,0,0,0,0,0,0,0
255,0,0,0,0,0,0,0,0,0
256,0,0,0,0,0,0,0,0,0
257,0,0,0,0,0,0,0,0,0
258,0,0,0,0,0,0,0,0,0
259,0,0,0,0,0,0,0,0,0
260,0,0,0,0,0,0,0,0,0
261,0,0,0,0,0,0,0,0,0
262,0,0,0,0,0,0,0,0,0
263,0,0,0,0,0,0,0,0,0
264,0,0,0,0,0,0,0,0,0
265,0,0,0,0,0,0,0,0,0
266,0,0,0,0,0,0,0,0,0
267,0,0,0,0,0,0,0,0,0
268,0,0,0,0,0,0,0,0,0
269,0,0,0,0,0,0,0,0,0
270,0,0,0,0,0,0,0,0,0
271,0,0,0,0,0,0,0,0,0
272,0,0,0,0,0,0,0,0,0
273,0,0,0,0,0,0,0,0,0
274,0,0,0,0,0,0,0,0,0
275,0,0,0,0,0,0,0,0,0
276,0,0,0,0,0,0,0,0,0
277,0,0,0,0,0,0,0,0,0
278,0,0,0,0,0,0,0,0,0
279,0,0,0,0,0,0,0,0,0
280,0,0,0,0,0,0,0,0,0
281,0,0,0,0,0,0,0,0,0
282,0,0,0,0,0,0,0,0,0
283,0,0,0,0,0,0,0,0,0
284,0,0,0,0,0,0,0,0,0
285,0,0,0,0,0,0,0,0,0
286,0,0,0,0,0,0,0,0,0
287,0,0,0,0,0,0,0,0,0
288,0,0,0,0,0,0,0,0,0
289,0,0,0,0,0,0,0,0,0
290,0,0,0,0,0,0,0,0,0
291,0,0,0,0,0,0,0,0,0
292,0,0,0,0,0,0,0,0,0
293,0,0,0,0,0,0,0,0,0
294,0,0,0,0,0,0,0,0,0
295,0,0,0,0,0,0,0,0,0
296,0,0,0,0,0,0,0,0,0
297,0,0,0,0,0,0,0,0,0
298,0,0,0,0,0,0,0,0,0
299,0,0,0,0,0,0,0,0,0
300,0,0,0,0,0,0,0,0,0
301,0,0,0,0,0,0,0,0,0
302,0,0,0,0,0,0,0,0,0
303,0,0,0,0,0,0,0,0,0
304,0,0,0,0,0,0,0,0,0
305,0,0,0,0,0,0,0,0,0
306,0,0,0,0,0,0,0,0,0
307,0,0,0,0,0,0,0,0,0
308,0,0,0,0,0,0,0,0,0
309,0,0,0,0,0,0,0,0,0
310,0,0,0,0,0,0,0,0,0
311,0,0,0,0,0,0,0,0,0
312,0,0,0,0,0,0,0,0,0
313,0,0,0,0,0,0,0,0,0
314,0,0,0,0,0,0,0,0,0
315,0,0,0,0,0,0,0,0,0
316,0,0,0,0,0,0,0,0,0
317,0,0,0,0,0,0,0,0,0
318,0,0,0,0,0,0,0,0,0
319,0,0,0,0,0,0,0,0,0
320,0,0,0,0,0,0,0,0,0
321,0,0,0,0,0,0,0,0,0
322,0,0,0,0,0,0,0,0,0
323,0,0,0,0,0,0,0,0,0
324,0,0,0,0,0,0,0,0,0
325,0,0,0,0,0,0,0,0,0
326,0,0,0,0,0,0,0,0,0
327,0,0,0,0,0,0,0,0,0
328,0,0,0,0,0,0,0,0,0
329,0,0,0,0,0,0,0,0,0
330,0,0,0,0,0,0,0,0,0
331,0,0,0,0,0,0,0,0,0
332,0,0,0,0,0,0,0,0,0
333,0,0,0,0,0,0,0,0,0
334,0,0,0,0,0,0,0,0,0
335,0,0,0,0,0,0,0,0,0
336,0,0,0,0,0,0,0,0,0
337,0,0,0,0,0,0,0,0,0
338,0,0,0,0,0,0,0,0,0
339,0,0,0,0,0,0,0,0,0
340,0,0,0,0,0,0,0,0,0
341,0,0,0,0,0,0,0,0,0
342,0,0,0,0,0,0,0,0,0
343,0,0,0,0,0,0,0,0,0
344,0,0,0,0,0,0,0,0,0
345,0,0,0,0,0,0,0,0,0
346,0,0,0,0,0,0,0,0,0
347,0,0,0,0,0,0,0,0,0
348,0,0,0,0,0,0,0,0,0
349,0,0,0,0,0,0,0,0,0
350,0,0,0,0,0,0,0,0,0
351,0,0,0,0,0,0,0,0,0
352,0,0,0,0,0,0,0,0,0
353,0,0,0,0,0,0,0,0,0
354,0,0,0,0,0,0,0,0,0
355,0,0,0,0,0,0,0,0,0
356,0,0,0,0,0,0,0,0,0
357,0,0,0,0,0,0,0,0,0
358,0,0,0,0,0,0,0,0,0
359,0,0,0,0,0,0,0,0,0
360,0,0,0,0,0,0,0,0,0
361,0,0,0,0,0,0,0,0,0
362,0,0,0,0,0,0,0,0,0
363,0,0,0,0,0,0,0,0,0
364,0,0,0,0,0,0,0,0,0
365,0,0,0,0,0,0,0,0,0
366,0,0,0,0,0,0,0,0,0
367,0,0,0,0,0,0,0,0,0
368,0,0,0,0,0,0,0,0,0
369,0,0,0,0,0,0,0,0,0
370,0,0,0,0,0,0,0,0,0
371,0,0,0,0,0,0,0,0,0
372,0,0,0,0,0,0,0,0,0
373,0,0,0,0,0,0,0,0,0
374,0,0,0,0,0,0,0,0,0
375,0,0,0,0,0,0,0,0,0
376,0,0,0,0,0,0,0,0,0
377,0,0,0,0,0,0,0,0,0
378,0,0,0,0,0,0,0,0,0
379,0,0,0,0,0,0,0,0,0
380,0,0,0,0,0,0,0,0,0
381,0,0,0,0,0,0,0,0,0
382,0,0,0,0,0,0,0,0,0
383,0,0,0,0,0,0,0,0,0
384,0,0,0,0,0,0,0,0,0
385,0,0,0,0,0,0,0,0,0
386,0,0,0,0,0,0,0,0,0
387,0,0,0,0,0,0,0,0,0
388,0,0,0,0,0,0,0,0,0
389,0,0,0,0,0,0,0,0,0
390,0,0,0,0,0,0,0,0,0
391,0,0,0,0,0,0,0,0,0
392,0,0,0,0,0,0,0,0,0
393,0,0,0,0,0,0,0,0,0
394,0,0,0,0,0,0,0,0,0
395,0,0,0,0,0,0,0,0,0
396,0,0,0,0,0,0,0,0,0
397,0,0,0,0,0,0,0,0,0
398,0,0,0,0,0,0,0,0,0
399,0,0,0,0,0,0,0,0,0
400,0,0,0,0,0,0,0,0,0
401,0,0,0,0,0,0,0,0,0
402,0,0,0,0,0,0,0,0,0
403,0,0,0,0,0,0,0,0,0
404,0,0,0,0,0,0,0,0,0
405,0,0,0,0,0,0,0,0,0
406,0,0,0,0,0,0,0,0,0
407,0,0,0,0,0,0,0,0,0
408,0,0,0,0,0,0,0,0,0
409,0,0,0,0,0,0,0,0,0
410,0,0,0,0,0,0,0,0,0
411,0,0,0,0,0,0,0,0,0
412,0,0,0,0,0,0,0,0,0
413,0,0,0,0,0,0,0,0,0
414,0,0,0,0,0,0,0,0,0
415,0,0,0,0,0,0,0,0,0
416,0,0,0,0,0,0,0,0,0
417,0,0,0,0,0,0,0,0,0
418,0,0,0,0,0,0,0,0,0
419,0,0,0,0,0,0,0,0,0
420,0,0,0,0,0,0,0,0,0
421,0,0,0,0,0,0,0,0,0
422,0,0,0,0,0,0,0,0,0
423,0,0,0,0,0,0,0,0,0
424,0,0,0,0,0,0,0,0,0
425,0,0,0,0,0,0,0,0,0
426,0,0,0,0,0,0,0,0,0
427,0,0,0,0,0,0,0,0,0
428,0,0,0,0,0,0,0,0,0
429,0,0,0,0,0,0,0,0,0
430,0,0,0,0,0,0,0,0,0
431,0,0,0,0,0,0,0,0,0
432,0,0,0,0,0,0,0,0,0
433,0,0,0,0,0,0,0,0,0
434,0,0,0,0,0,0,0,0,0
435,0,0,0,0,0,0,0,0,0
436,0,0,0,0,0,0,0,0,0
437,0,0,0,0,0,0,0,0,0
438,0,0,0,0,0,0,0,0,0
439,0,0,0,0,0,0,0,0,0
440,0,0,0,0,0,0,0,0,0
441,0,0,0,0,0,0,0,0,0
442,0,0,0,0,0,0,0,0,0
443,0,0,0,0,0,0,0,0,0
444,0,0,0,0,0,0,0,0,0
445,0,0,0,0,0,0,0,0,0
446,0,0,0,0,0,0,0,0,0
447,0,0,0,0,0,0,0,0,0
448,0,0,0,0,0,0,0,0,0
449,0,0,0,0,0,0,0,0,0
450,0,0,0,0,0,0,0,0,0
451,0,0,0,0,0,0,0,0,0
452,0,0,0,0,0,0,0,0,0
453,0,0,0,0,0,0,0,0,0
454,0,0,0,0,0,0,0,0,0
455,0,0,0,0,0,0,0,0,0
456,0,0,0,0,0,0,0,0,0
457,0,0,0,0,0,0,0,0,0
458,0,0,0,0,0,0,0,0,0
459,0,0,0,0,0,0,0,0,0
460,0,0,0,0,0,0,0,0,0
461,0,0,0,0,0,0,0,0,0
462,0,0,0,0,0,0,0,0,0
463,0,0,0,0,0,0,0,0,0
464,0,0,0,0,0,0,0,0,0
465,0,0,0,0,0,0,0,0,0
466,0,0,0,0,0,0,0,0,0
467,0,0,0,0,0,0,0,0,0
468,0,0,0,0,0,0,0,0,0
469,0,0,0,0,0,0,0,0,0
470,0,0,0,0,0,0,0,0,0
471,0,0,0,0,0,0,0,0,0
472,0,0,0,0,0,0,0,0,0
473,0,0,0,0,0,0,0,0,0
474,0,0,0,0,0,0,0,0,0
475,0,0,0,0,0,0,0,0,0
476,0,0,0,0,0,0,0,0,0
477,0,0,0,0,0,0,0,0,0
478,0,0,0,0,0,0,0,0,0
479,0,0,0,0,0,0,0,0,0
480,0,0,0,0,0,0,0,0,0
481,0,0,0,0,0,0,0,0,0
482,0,0,0,0,0,0,0,0,0
483,0,0,0,0,0,0,0,0,0
484,0,0,0,0,0,0,0,0,0
485,0,0,0,0,0,0,0,0,0
486,0,0,0,0,0,0,0,0,0
487,0,0,0,0,0,0,0,0,0
488,0,0,0,0,0,0,0,0,0
489,0,0,0,0,0,0,0,0,0
490,0,0,0,0,0,0,0,0,0
491,0,0,0,0,0,0,0,0,0
492,0,0,0,0,0,0,0,0,0
493,0,0,0,0,0,0,0,0,0
494,0,0,0,0,0,0,0,0,0
495,0,0,0,0,0,0,0,0,0
496,0,0,0,0,0,0,0,0,0
497,0,0,0,0,0,0,0,0,0
498,0,0,0,0,0,0,0,0,0
499,0,0,0,0,0,0,0,0,0
500,0,0,0,0,0,0,0,0,0
501,0,0,0,0,0,0,0,0,0
502,0,0,0,0,0,0,0,0,0
503,0,0,0,0,0,0,0,0,0
504,0,0,0,0,0,0,0,0,0
505,0,0,0,0,0,0,0,0,0
506,0,0,0,0,0,0,0,0,0
507,0,0,0,0,0,0,0,0,0
508,0,0,0,0,0,0,0,0,0
509,0,0,0,0,0,0,0,0,0
510,0,0,0,0,0,0,0,0,0
511,0,0,0,0,0,0,0,0,0
512,0,0,0,0,0,0,0,0,0
513,0,0,0,0,0,0,0,0,0
514,0,0,0,0,0,0,0,0,0
515,0,0,0,0,0,0,0,0,0
516,0,0,0,0,0,0,0,0,0
517,0,0,0,0,0,0,0,0,0
518,0,0,0,0,0,0,0,0,0
519,0,0,0,0,0,0,0,0,0
520,0,0,0,0,0,0,0,0,0
521,0,0,0,0,0,0,0,0,0
522,0,0,0,0,0,0,0,0,0
523,0,0,0,0,0,0,0,0,0
524,0,0,0,0,0,0,0,0,0
525,0,0,0,0,0,0,0,0,0
526,0,0,0,0,0,0,0,0,0
527,0,0,0,0,0,0,0,0,0
528,0,0,0,0,0,0,0,0,0
529,0,0,0,0,0,0,0,0,0
530,0,0,0,0,0,0,0,0,0
531,0,0,0,0,0,0,0,0,0
532,0,0,0,0,0,0,0,0,0
533,0,0,0,0,0,0,0,0,0
534,0,0,0,0,0,0,0,0,0
535,0,0,0,0,0,0,0,0,0
536,0,0,0,0,0,0,0,0,0
537,0,0,0,0,0,0,0,0,0
538,0,0,0,0,0,0,0,0,0
539,0,0,0,0,0,0,0,0,0
540,0,0,0,0,0,0,0,0,0
541,0,0,0,0,0,0,0,0,0
542,0,0,0,0,0,0,0,0,0
543,0,0,0,0,0,0,0,0,0
544,0,0,0,0,0,0,0,0,0
545,0,0,0,0,0,0,0,0,0
546,0,0,0,0,0,0,0,0,0
547,0,0,0,0,0,0,0,0,0
548,0,0,0,0,0,0,0,0,0
549,0,0,0,0,0,0,0,0,0
550,0,0,0,0,0,0,0,0,0
551,0,0,0,0,0,0,0,0,0
552,0,0,0,0,0,0,0,0,0
553,0,0,0,0,0,0,0,0,0
554,0,0,0,0,0,0,0,0,0
555,0,0,0,0,0,0,0,0,0
556,0,0,0,0,0,0,0,0,0
557,0,0,0,0,0,0,0,0,0
558,0,0,0,0,0,0,0,0,0
559,0,0,0,0,0,0,0,0,0
560,0,0,0,0,0,0,0,0,0
561,0,0,0,0,0,0,0,0,0
562,0,0,0,0,0,0,0,0,0
563,0,0,0,0,0,0,0,0,0
564,0,0,0,0,0,0,0,0,0
565,0,0,0,0,0,0,0,0,0
566,0,0,0,0,0,0,0,0,0
567,0,0,0,0,0,0,0,0,0
568,0,0,0,0,0,0,0,0,0
569,0,0,0,0,0,0,0,0,0
570,0,0,0,0,0,0,0,0,0
571,0,0,0,0,0,0,0,0,0
572,0,0,0,0,0,0,0,0,0
573,0,0,0,0,0,0,0,0,0
574,0,0,0,0,0,0,0,0,0
575,0,0,0,0,0,0,0,0,0
576,0,0,0,0,0,0,0,0,0
577,0,0,0,0,0,0,0,0,0
578,0,0,0,0,0,0,0,0,0
579,0,0,0,0,0,0,0,0,0
580,0,0,0,0,0,0,0,0,0
581,0,0,0,0,0,0,0,0,0
582,0,0,0,0,0,0,0,0,0
583,0,0,0,0,0,0,0,0,0
584,0,0,0,0,0,0,0,0,0
585,0,0,0,0,0,0,0,0,0
586,0,0,0,0,0,0,0,0,0
587,0,0,0,0,0,0,0,0,0
588,0,0,0,0,0,0,0,0,0
589,0,0,0,0,0,0,0,0,0
590,0,0,0,0,0,0,0,0,0
591,0,0,0,0,0,0,0,0,0
592,0,0,0,0,0,0,0,0,0
593,0,0,0,0,0,0,0,0,0
594,0,0,0,0,0,0,0,0,0
595,0,0,0,0,0,0,0,0,0
596,0,0,0,0,0,0,0,0,0
597,0,0,0,0,0,0,0,0,0
598,0,0,0,0,0,0,0,0,0
599,0,0,0,0,0,0,0,0,0
600,0,0,0,0,0,0,0,0,0
601,0,0,0,0,0,0,0,0,0
602,0,0,0,0,0,0,0,0,0
603,0,0,0,0,0,0,0,0,0
604,0,0,0,0,0,0,0,0,0
605,0,0,0,0,0,0,0,0,0
606,0,0,0,0,0,0,0,0,0
607,0,0,0,0,0,0,0,0,0
608,0,0,0,0,0,0,0,0,0
609,0,0,0,0,0,0,0,0,0
610,0,0,0,0,0,0,0,0,0
611,0,0,0,0,0,0,0,0,0
612,0,0,0,0,0,0,0,0,0
613,0,0,0,0,0,0,0,0,0
614,0,0,0,0,0,0,0,0,0
615,0,0,0,0,0,0,0,0,0
616,0,0,0,0,0,0,0,0,0
617,0,0,0,0,0,0,0,0,0
618,0,0,0,0,0,0,0,0,0
619,0,0,0,0,0,0,0,0,0
620,0,0,0,0,0,0,0,0,0
621,0,0,0,0,0,0,0,0,0
622,0,0,0,0,0,0,0,0,0
623,0,0,0,0,0,0,0,0,0
624,0,0,0,0,0,0,0,0,0
625,0,0,0,0,0,0,0,0,0
626,0,0,0,0,0,0,0,0,0
627,0,0,0,0,0,0,0,0,0
628,0,0,0,0,0,0,0,0,0
629,0,0,0,0,0,0,0,0,0
630,0,0,0,0,0,0,0,0,0
631,0,0,0,0,0,0,0,0,0
632,0,0,0,0,0,0,0,0,0
633,0,0,0,0,0,0,0,0,0
634,0,0,0,0,0,0,0,0,0
635,0,0,0,0,0,0,0,0,0
636,0,0,0,0,0,0,0,0,0
637,0,0,0,0,0,0,0,0,0
638,0,0,0,0,0,0,0,0,0
639,0,0,0,0,0,0,0,0,0
640,0,0,0,0,0,0,0,0,0
641,0,0,0,0,0,0,0,0,0
642,0,0,0,0,0,0,0,0,0
643,0,0,0,0,0,0,0,0,0
644,0,0,0,0,0,0,0,0,0
645,0,0,0,0,0,0,0,0,0
646,0,0,0,0,0,0,0,0,0
647,0,0,0,0,0,0,0,0,0
648,0,0,0,0,0,0,0,0,0
649,0,0,0,0,0,0,0,0,0
650,0,0,0,0,0,0,0,0,0
651,0,0,0,0,0,0,0,0,0
652,0,0,0,0,0,0,0,0,0
653,0,0,0,0,0,0,0,0,0
654,0,0,0,0,0,0,0,0,0
655,0,0,0,0,0,0,0,0,0
656,0,0,0,0,0,0,0,0,0
657,0,0,0,0,0,0,0,0,0
658,0,0,0,0,0,0,0,0,0
659,0,0,0,0,0,0,0,0,0
660,0,0,0,0,0,0,0,0,0
661,0,0,0,0,0,0,0,0,0
662,0,0,0,0,0,0,0,0,0
663,0,0,0,0,0,0,0,0,0
664,0,0,0,0,0,0,0,0,0
665,0,0,0,0,0,0,0,0,0
666,0,0,0,0,0,0,0,0,0
667,0,0,0,0,0,0,0,0,0
668,0,0,0,0,0,0,0,0,0
669,0,0,0,0,0,0,0,0,0
670,0,0,0,0,0,0,0,0,0
671,0,0,0,0,0,0,0,0,0
672,0,0,0,0,0,0,0,0,0
673,0,0,0,0,0,0,0,0,0
674,0,0,0,0,0,0,0,0,0
675,0,0,0,0,0,0,0,0,0
676,0,0,0,0,0,0,0,0,0
677,0,0,0,0,0,0,0,0,0
678,0,0,0,0,0,0,0,0,0
679,0,0,0,0,0,0,0,0,0
680,0,0,0,0,0,0,0,0,0
681,0,0,0,0,0,0,0,0,0
682,0,0,0,0,0,0,0,0,0
683,0,0,0,0,0,0,0,0,0
684,0,0,0,0,0,0,0,0,0
685,0,0,0,0,0,0,0,0,0
686,0,0,0,0,0,0,0,0,0
687,0,0,0,0,0,0,0,0,0
688,0,0,0,0,0,0,0,0,0
689,0,0,0,0,0,0,0,0,0
690,0,0,0,0,0,0,0,0,0
691,0,0,0,0,0,0,0,0,0
692,0,0,0,0,0,0,0,0,0
693,0,0,0,0,0,0,0,0,0
694,0,0,0,0,0,0,0,0,0
695,0,0,0,0,0,0,0,0,0
696,0,0,0,0,0,0,0,0,0
697,0,0,0,0,0,0,0,0,0
698,0,0,0,0,0,0,0,0,0
699,0,0,0,0,0,0,0,0,0
700,0,0,0,0,0,0,0,0,0
701,0,0,0,0,0,0,0,0,0
702,0,0,0,0,0,0,0,0,0
703,0,0,0,0,0,0,0,0,0
704,0,0,0,0,0,0,0,0,0
705,0,0,0,0,0,0,0,0,0
706,0,0,0,0,0,0,0,0,0
707,0,0,0,0,0,0,0,0,0
708,0,0,0,0,0,0,0,0,0
709,0,0,0,0,0,0,0,0,0
710,0,0,0,0,0,0,0,0,0
711,0,0,0,0,0,0,0,0,0
712,0,0,0,0,0,0,0,0,0
713,0,0,0,0,0,0,0,0,0
714,0,0,0,0,0,0,0,0,0
715,0,0,0,0,0,0,0,0,0
716,0,0,0,0,0,0,0,0,0
717,0,0,0,0,0,0,0,0,0
718,0,0,0,0,0,0,0,0,0
719,0,0,0,0,0,0,0,0,0
720,0,0,0,0,0,0,0,0,0
721,0,0,0,0,0,0,0,0,0
722,0,0,0,0,0,0,0,0,0
723,0,0,0,0,0,0,0,0,0
724,0,0,0,0,0,0,0,0,0
725,0,0,0,0,0,0,0,0,0
726,0,0,0,0,0,0,0,0,0
727,0,0,0,0,0,0,0,0,0
728,0,0,0,0,0,0,0,0,0
729,0,0,0,0,0,0,0,0,0
730,0,0,0,0,0,0,0,0,0
731,0,0,0,0,0,0,0,0,0
732,0,0,0,0,0,0,0,0,0
733,0,0,0,0,0,0,0,0,0
734,0,0,0,0,0,0,0,0,0
735,0,0,0,0,0,0,0,0,0
736,0,0,0,0,0,0,0,0,0
737,0,0,0,0,0,0,0,0,0
738,0,0,0,0,0,0,0,0,0
739,0,0,0,0,0,0,0,0,0
740,0,0,0,0,0,0,0,0,0
741,0,0,0,0,0,0,0,0,0
742,0,0,0,0,0,0,0,0,0
743,0,0,0,0,0,0,0,0,0
744,0,0,0,0,0,0,0,0,0
745,0,0,0,0,0,0,0,0,0
746,0,0,0,0,0,0,0,0,0
747,0,0,0,0,0,0,0,0,0
748,0,0,0,0,0,0,0,0,0
749,0,0,0,0,0,0,0,0,0
750,0,0,0,0,0,0,0,0,0
0,194,7257,201425,4077983,57373546,517292847,2626655236,5935079656,3356972874
1,90,2780,64451,1082659,12607575,94101015,395661967,740333327,346700084
2,61,1541,29090,388711,3587000,21102447,69720674,102254591,37474908
3,40,838,13291,147540,1136757,5586907,15441580,18998651,5869012
4,28,543,7639,75007,510059,2215578,5395071,5836582,1582612
5,25,389,4850,42213,251844,955107,2020141,1881624,435230
6,18,226,2423,18719,99113,336196,630379,522277,107874
7,14,182,1845,13246,65113,202716,344859,257086,47645
8,11,103,1110,7236,33282,97945,158211,111478,19943
9,6,47,529,3119,13369,36718,55969,37079,6477
10,5,43,411,2307,9541,25413,37826,25270,4508
11,4,28,234,1277,5086,13085,18863,12306,2192
12,4,27,220,1109,4304,10640,14938,9303,1606
13,2,13,113,511,1773,4175,5716,3667,636
14,2,10,83,386,1279,2898,3899,2543,455
15,2,7,55,216,709,1423,1820,1111,190
16,2,6,44,151,436,867,983,480,63
17,2,6,36,126,344,589,651,332,40
18,2,5,17,67,173,270,320,143,12
19,2,3,15,57,137,217,239,90,9
20,1,2,13,50,116,172,186,60,6
21,1,2,13,48,102,158,166,48,5
22,1,1,9,32,64,94,83,22,1
23,1,1,8,25,46,69,58,13,0
24,1,1,8,25,44,61,48,7,0
25,0,0,7,19,31,44,39,6,0
26,0,0,7,16,26,40,35,6,0
27,0,0,7,16,22,38,34,6,0
28,0,0,7,15,19,36,31,6,0
29,0,0,3,8,11,29,19,3,0
30,0,0,3,8,11,26,19,3,0
31,0,0,3,8,11,26,19,3,0
32,0,0,2,6,8,17,13,0,0
33,0,0,2,6,8,14,10,0,0
34,0,0,2,6,8,13,8,0,0
35,0,0,2,6,8,11,6,0,0
36,0,0,2,6,5,5,4,0,0
37,0,0,2,6,5,5,4,0,0
38,0,0,2,6,5,5,4,0,0
39,0,0,2,6,5,5,4,0,0
40,0,0,2,6,5,5,4,0,0
41,0,0,2,6,5,5,4,0,0
42,0,0,2,6,5,5,3,0,0
43,0,0,2,6,5,5,3,0,0
44,0,0,2,5,5,5,3,0,0
45,0,0,2,5,5,5,3,0,0
46,0,0,2,5,5,5,3,0,0
47,0,0,2,5,5,5,3,0,0
48,0,0,2,3,5,3,0,0,0
49,0,0,2,3,5,3,0,0,0
50,0,0,2,3,5,3,0,0,0
51,0,0,2,1,5,3,0,0,0
52,0,0,2,1,5,3,0,0,0
53,0,0,2,0,4,2,0,0,0
54,0,0,2,0,4,2,0,0,0
55,0,0,2,0,4,2,0,0,0
56,0,0,2,0,4,2,0,0,0
57,0,0,2,0,4,2,0,0,0
58,0,0,2,0,4,2,0,0,0
59,0,0,2,0,4,2,0,0,0
60,0,0,2,0,4,2,0,0,0
61,0,0,2,0,4,2,0,0,0
62,0,0,2,0,4,2,0,0,0
63,0,0,2,0,4,2,0,0,0
64,0,0,2,0,4,2,0,0,0
65,0,0,2,0,4,2,0,0,0
66,0,0,2,0,4,2,0,0,0
67,0,0,2,0,4,2,0,0,0
68,0,0,2,0,4,2,0,0,0
69,0,0,2,0,4,2,0,0,0
70,0,0,2,0,4,2,0,0,0
71,0,0,2,0,4,2,0,0,0
72,0,0,0,0,0,0,0,0,0
73,0,0,0,0,0,0,0,0,0
74,0,0,0,0,0,0,0,0,0
75,0,0,0,0,0,0,0,0,0
76,0,0,0,0,0,0,0,0,0
77,0,0,0,0,0,0,0,0,0
78,0,0,0,0,0,0,0,0,0
79,0,0,0,0,0,0,0,0,0
80,0,0,0,0,0,0,0,0,0
81,0,0,0,0,0,0,0,0,0
82,0,0,0,0,0,0,0,0,0
83,0,0,0,0,0,0,0,0,0
84,0,0,0,0,0,0,0,0,0
85,0,0,0,0,0,0,0,0,0
86,0,0,0,0,0,0,0,0,0
87,0,0,0,0,0,0,0,0,0
88,0,0,0,0,0,0,0,0,0
89,0,0,0,0,0,0,0,0,0
90,0,0,0,0,0,0,0,0,0
91,0,0,0,0,0,0,0,0,0
92,0,0,0,0,0,0,0,0,0
93,0,0,0,0,0,0,0,0,0
94,0,0,0,0,0,0,0,0,0
95,0,0,0,0,0,0,0,0,0
96,0,0,0,0,0,0,0,0,0
97,0,0,0,0,0,0,0,0,0
98,0,0,0,0,0,0,0,0,0
99,0,0,0,0,0,0,0,0,0
100,0,0,0,0,0,0,0,0,0
101,0,0,0,0,0,0,0,0,0
102,0,0,0,0,0,0,0,0,0
103,0,0,0,0,0,0,0,0,0
104,0,0,0,0,0,0,0,0,0
105,0,0,0,0,0,0,0,0,0
106,0,0,0,0,0,0,0,0,0
107,0,0,0,0,0,0,0,0,0
108,0,0,0,0,0,0,0,0,0
109,0,0,0,0,0,0,0,0,0
110,0,0,0,0,0,0,0,0,0
111,0,0,0,0,0,0,0,0,0
112,0,0,0,0,0,0,0,0,0
113,0,0,0,0,0,0,0,0,0
114,0,0,0,0,0,0,0,0,0
115,0,0,0,0,0,0,0,0,0
116,0,0,0,0,0,0,0,0,0
117,0,0,0,0,0,0,0,0,0
118,0,0,0,0,0,0,0,0,0
119,0,0,0,0,0,0,0,0,0
120,0,0,0,0,0,0,0,0,0
121,0,0,0,0,0,0,0,0,0
122,0,0,0,0,0,0,0,0,0
123,0,0,0,0,0,0,0,0,0
124,0,0,0,0,0,0,0,0,0
125,0,0,0,0,0,0,0,0,0
126,0,0,0,0,0,0,0,0,0
127,0,0,0,0,0,0,0,0,0
128,0,0,0,0,0,0,0,0,0
129,0,0,0,0,0,0,0,0,0
130,0,0,0,0,0,0,0,0,0
131,0,0,0,0,0,0,0,0,0
132,0,0,0,0,0,0,0,0,0
133,0,0,0,0,0,0,0,0,0
134,0,0,0,0,0,0,0,0,0
135,0,0,0,0,0,0,0,0,0
136,0,0,0,0,0,0,0,0,0
137,0,0,0,0,0,0,0,0,0
138,0,0,0,0,0,0,0,0,0
139,0,0,0,0,0,0,0,0,0
140,0,0,0,0,0,0,0,0,0
141,0,0,0,0,0,0,0,0,0
142,0,0,0,0,0,0,0,0,0
143,0,0,0,0,0,0,0,0,0
144,0,0,0,0,0,0,0,0,0
145,0,0,0,0,0,0,0,0,0
146,0,0,0,0,0,0,0,0,0
147,0,0,0,0,0,0,0,0,0
148,0,0,0,0,0,0,0,0,0
149,0,0,0,0,0,0,0,0,0
150,0,0,0,0,0,0,0,0,0
151,0,0,0,0,0,0,0,0,0
152,0,0,0,0,0,0,0,0,0
153,0,0,0,0,0,0,0,0,0
154,0,0,0,0,0,0,0,0,0
155,0,0,0,0,0,0,0,0,0
156,0,0,0,0,0,0,0,0,0
157,0,0,0,0,0,0,0,0,0
158,0,0,0,0,0,0,0,0,0
159,0,0,0,0,0,0,0,0,0
160,0,0,0,0,0,0,0,0,0
161,0,0,0,0,0,0,0,0,0
162,0,0,0,0,0,0,0,0,0
163,0,0,0,0,0,0,0,0,0
164,0,0,0,0,0,0,0,0,0
165,0,0,0,0,0,0,0,0,0
166,0,0,0,0,0,0,0,0,0
167,0,0,0,0,0,0,0,0,0
168,0,0,0,0,0,0,0,0,0
169,0,0,0,0,0,0,0,0,0
170,0,0,0,0,0,0,0,0,0
171,0,0,0,0,0,0,0,0,0
172,0,0,0,0,0,0,0,0,0
173,0,0,0,0,0,0,0,0,0
174,0,0,0,0,0,0,0,0,0
175,0,0,0,0,0,0,0,0,0
176,0,0,0,0,0,0,0,0,0
177,0,0,0,0,0,0,0,0,0
178,0,0,0,0,0,0,0,0,0
179,0,0,0,0,0,0,0,0,0
180,0,0,0,0,0,0,0,0,0
181,0,0,0,0,0,0,0,0,0
182,0,0,0,0,0,0,0,0,0
183,0,0,0,0,0,0,0,0,0
184,0,0,0,0,0,0,0,0,0
185,0,0,0,0,0,0,0,0,0
186,0,0,0,0,0,0,0,0,0
187,0,0,0,0,0,0,0,0,0
188,0,0,0,0,0,0,0,0,0
189,0,0,0,0,0,0,0,0,0
190,0,0,0,0,0,0,0,0,0
191,0,0,0,0,0,0,0,0,0
192,0,0,0,0,0,0,0,0,0
193,0,0,0,0,0,0,0,0,0
194,0,0,0,0,0,0,0,0,0
195,0,0,0,0,0,0,0,0,0
196,0,0,0,0,0,0,0,0,0
197,0,0,0,0,0,0,0,0,0
198,0,0,0,0,0,0,0,0,0
199,0,0,0,0,0,0,0,0,0
200,0,0,0,0,0,0,0,0,0
201,0,0,0,0,0,0,0,0,0
202,0,0,0,0,0,0,0,0,0
203,0,0,0,0,0,0,0,0,0
204,0,0,0,0,0,0,0,0,0
205,0,0,0,0,0,0,0,0,0
206,0,0,0,0,0,0,0,0,0
207,0,0,0,0,0,0,0,0,0
208,0,0,0,0,0,0,0,0,0
209,0,0,0,0,0,0,0,0,0
210,0,0,0,0,0,0,0,0,0
211,0,0,0,0,0,0,0,0,0
212,0,0,0,0,0,0,0,0,0
213,0,0,0,0,0,0,0,0,0
214,0,0,0,0,0,0,0,0,0
215,0,0,0,0,0,0,0,0,0
216,0,0,0,0,0,0,0,0,0
217,0,0,0,0,0,0,0,0,0
218,0,0,0,0,0,0,0,0,0
219,0,0,0,0,0,0,0,0,0
220,0,0,0,0,0,0,0,0,0
221,0,0,0,0,0,0,0,0,0
222,0,0,0,0,0,0,0,0,0
223,0,0,0,0,0,0,0,0,0
224,0,0,0,0,0,0,0,0,0
225,0,0,0,0,0,0,0,0,0
226,0,0,0,0,0,0,0,0,0
227,0,0,0,0,0,0,0,0,0
228,0,0,0,0,0,0,0,0,0
229,0,0,0,0,0,0,0,0,0
230,0,0,0,0,0,0,0,0,0
231,0,0,0,0,0,0,0,0,0
232,0,0,0,0,0,0,0,0,0
233,0,0,0,0,0,0,0,0,0
234,0,0,0,0,0,0,0,0,0
235,0,0,0,0,0,0,0,0,0
236,0,0,0,0,0,0,0,0,0
237,0,0,0,0,0,0,0,0,0
238,0,0,0,0,0,0,0,0,0
239,0,0,0,0,0,0,0,0,0
240,0,0,0,0,0,0,0,0,0
241,0,0,0,0,0,0,0,0,0
242,0,0,0,0,0,0,0,0,0
243,0,0,0,0,0,0,0,0,0
244,0,0,0,0,0,0,0,0,0
245,0,0,0,0,0,0,0,0,0
246,0,0,0,0,0,0,0,0,0
247,0,0,0,0,0,0,0,0,0
248,0,0,0,0,0,0,0,0,0
249,0,0,0,0,0,0,0,0,0
250,0,0,0,0,0,0,0,0,0
251,0,0,0,0,0,0,0,0,0
252,0,0,0,0,0,0,0,0,0
253,0,0,0,0,0,0,0,0,0
254,0,0,0,0,0,0,0,0,0
255,0,0,0,0,0,0,0,0,0
256,0,0,0,0,0,0,0,0,0
257,0,0,0,0,0,0,0,0,0
258,0,0,0,0,0,0,0,0,0
259,0,0,0,0,0,0,0,0,0
260,0,0,0,0,0,0,0,0,0
261,0,0,0,0,0,0,0,0,0
262,0,0,0,0,0,0,0,0,0
263,0,0,0,0,0,0,0,0,0
264,0,0,0,0,0,0,0,0,0
265,0,0,0,0,0,0,0,0,0
266,0,0,0,0,0,0,0,0,0
267,0,0,0,0,0,0,0,0,0
268,0,0,0,0,0,0,0,0,0
269,0,0,0,0,0,0,0,0,0
270,0,0,0,0,0,0,0,0,0
271,0,0,0,0,0,0,0,0,0
272,0,0,0,0,0,0,0,0,0
273,0,0,0,0,0,0,0,0,0
274,0,0,0,0,0,0,0,0,0
275,0,0,0,0,0,0,0,0,0
276,0,0,0,0,0,0,0,0,0
277,0,0,0,0,0,0,0,0,0
278,0,0,0,0,0,0,0,0,0
279,0,0,0,0,0,0,0,0,0
280,0,0,0,0,0,0,0,0,0
281,0,0,0,0,0,0,0,0,0
282,0,0,0,0,0,0,0,0,0
283,0,0,0,0,0,0,0,0,0
284,0,0,0,0,0,0,0,0,0
285,0,0,0,0,0,0,0,0,0
286,0,0,0,0,0,0,0,0,0
287,0,0,0,0,0,0,0,0,0
288,0,0,0,0,0,0,0,0,0
289,0,0,0,0,0,0,0,0,0
290,0,0,0,0,0,0,0,0,0
291,0,0,0,0,0,0,0,0,0
292,0,0,0,0,0,0,0,0,0
293,0,0,0,0,0,0,0,0,0
294,0,0,0,0,0,0,0,0,0
295,0,0,0,0,0,0,0,0,0
296,0,0,0,0,0,0,0,0,0
297,0,0,0,0,0,0,0,0,0
298,0,0,0,0,0,0,0,0,0
299,0,0,0,0,0,0,0,0,0
300,0,0,0,0,0,0,0,0,0
301,0,0,0,0,0,0,0,0,0
302,0,0,0,0,0,0,0,0,0
303,0,0,0,0,0,0,0,0,0
304,0,0,0,0,0,0,0,0,0
305,0,0,0,0,0,0,0,0,0
306,0,0,0,0,0,0,0,0,0
307,0,0,0,0,0,0,0,0,0
308,0,0,0,0,0,0,0,0,0
309,0,0,0,0,0,0,0,0,0
310,0,0,0,0,0,0,0,0,0
311,0,0,0,0,0,0,0,0,0
312,0,0,0,0,0,0,0,0,0
313,0,0,0,0,0,0,0,0,0
314,0,0,0,0,0,0,0,0,0
315,0,0,0,0,0,0,0,0,0
316,0,0,0,0,0,0,0,0,0
317,0,0,0,0,0,0,0,0,0
318,0,0,0,0,0,0,0,0,0
319,0,0,0,0,0,0,0,0,0
320,0,0,0,0,0,0,0,0,0
321,0,0,0,0,0,0,0,0,0
322,0,0,0,0,0,0,0,0,0
323,0,0,0,0,0,0,0,0,0
324,0,0,0,0,0,0,0,0,0
325,0,0,0,0,0,0,0,0,0
326,0,0,0,0,0,0,0,0,0
327,0,0,0,0,0,0,0,0,0
328,0,0,0,0,0,0,0,0,0
329,0,0,0,0,0,0,0,0,0
330,0,0,0,0,0,0,0,0,0
331,0,0,0,0,0,0,0,0,0
332,0,0,0,0,0,0,0,0,0
333,0,0,0,0,0,0,0,0,0
334,0,0,0,0,0,0,0,0,0
335,0,0,0,0,0,0,0,0,0
336,0,0,0,0,0,0,0,0,0
337,0,0,0,0,0,0,0,0,0
338,0,0,0,0,0,0,0,0,0
339,0,0,0,0,0,0,0,0,0
340,0,0,0,0,0,0,0,0,0
341,0,0,0,0,0,0,0,0,0
342,0,0,0,0,0,0,0,0,0
343,0,0,0,0,0,0,0,0,0
344,0,0,0,0,0,0,0,0,0
345,0,0,0,0,0,0,0,0,0
346,0,0,0,0,0,0,0,0,0
347,0,0,0,0,0,0,0,0,0
348,0,0,0,0,0,0,0,0,0
349,0,0,0,0,0,0,0,0,0
350,0,0,0,0,0,0,0,0,0
351,0,0,0,0,0,0,0,0,0
352,0,0,0,0,0,0,0,0,0
353,0,0,0,0,0,0,0,0,0
354,0,0,0,0,0,0,0,0,0
355,0,0,0,0,0,0,0,0,0
356,0,0,0,0,0,0,0,0,0
357,0,0,0,0,0,0,0,0,0
358,0,0,0,0,0,0,0,0,0
359,0,0,0,0,0,0,0,0,0
360,0,0,0,0,0,0,0,0,0
361,0,0,0,0,0,0,0,0,0
362,0,0,0,0,0,0,0,0,0
363,0,0,0,0,0,0,0,0,0
364,0,0,0,0,0,0,0,0,0
365,0,0,0,0,0,0,0,0,0
366,0,0,0,0,0,0,0,0,0
367,0,0,0,0,0,0,0,0,0
368,0,0,0,0,0,0,0,0,0
369,0,0,0,0,0,0,0,0,0
370,0,0,0,0,0,0,0,0,0
371,0,0,0,0,0,0,0,0,0
372,0,0,0,0,0,0,0,0,0
373,0,0,0,0,0,0,0,0,0
374,0,0,0,0,0,0,0,0,0
375,0,0,0,0,0,0,0,0,0
376,0,0,0,0,0,0,0,0,0
377,0,0,0,0,0,0,0,0,0
378,0,0,0,0,0,0,0,0,0
379,0,0,0,0,0,0,0,0,0
380,0,0,0,0,0,0,0,0,0
381,0,0,0,0,0,0,0,0,0
382,0,0,0,0,0,0,0,0,0
383,0,0,0,0,0,0,0,0,0
384,0,0,0,0,0,0,0,0,0
385,0,0,0,0,0,0,0,0,0
386,0,0,0,0,0,0,0,0,0
387,0,0,0,0,0,0,0,0,0
388,0,0,0,0,0,0,0,0,0
389,0,0,0,0,0,0,0,0,0
390,0,0,0,0,0,0,0,0,0
391,0,0,0,0,0,0,0,0,0
392,0,0,0,0,0,0,0,0,0
393,0,0,0,0,0,0,0,0,0
394,0,0,0,0,0,0,0,0,0
395,0,0,0,0,0,0,0,0,0
396,0,0,0,0,0,0,0,0,0
397,0,0,0,0,0,0,0,0,0
398,0,0,0,0,0,0,0,0,0
399,0,0,0,0,0,0,0,0,0
400,0,0,0,0,0,0,0,0,0
401,0,0,0,0,0,0,0,0,0
402,0,0,0,0,0,0,0,0,0
403,0,0,0,0,0,0,0,0,0
404,0,0,0,0,0,0,0,0,0
405,0,0,0,0,0,0,0,0,0
406,0,0,0,0,0,0,0,0,0
407,0,0,0,0,0,0,0,0,0
408,0,0,0,0,0,0,0,0,0
409,0,0,0,0,0,0,0,0,0
410,0,0,0,0,0,0,0,0,0
411,0,0,0,0,0,0,0,0,0
412,0,0,0,0,0,0,0,0,0
413,0,0,0,0,0,0,0,0,0
414,0,0,0,0,0,0,0,0,0
415,0,0,0,0,0,0,0,0,0
416,0,0,0,0,0,0,0,0,0
417,0,0,0,0,0,0,0,0,0
418,0,0,0,0,0,0,0,0,0
419,0,0,0,0,0,0,0,0,0
420,0,0,0,0,0,0,0,0,0
421,0,0,0,0,0,0,0,0,0
422,0,0,0,0,0,0,0,0,0
423,0,0,0,0,0,0,0,0,0
424,0,0,0,0,0,0,0,0,0
425,0,0,0,0,0,0,0,0,0
426,0,0,0,0,0,0,0,0,0
427,0,0,0,0,0,0,0,0,0
428,0,0,0,0,0,0,0,0,0
429,0,0,0,0,0,0,0,0,0
430,0,0,0,0,0,0,0,0,0
431,0,0,0,0,0,0,0,0,0
432,0,0,0,0,0,0,0,0,0
433,0,0,0,0,0,0,0,0,0
434,0,0,0,0,0,0,0,0,0
435,0,0,0,0,0,0,0,0,0
436,0,0,0,0,0,0,0,0,0
437,0,0,0,0,0,0,0,0,0
438,0,0,0,0,0,0,0,0,0
439,0,0,0,0,0,0,0,0,0
440,0,0,0,0,0,0,0,0,0
441,0,0,0,0,0,0,0,0,0
442,0,0,0,0,0,0,0,0,0
443,0,0,0,0,0,0,0,0,0
444,0,0,0,0,0,0,0,0,0
445,0,0,0,0,0,0,0,0,0
446,0,0,0,0,0,0,0,0,0
447,0,0,0,0,0,0,0,0,0
448,0,0,0,0,0,0,0,0,0
449,0,0,0,0,0,0,0,0,0
450,0,0,0,0,0,0,0,0,0
451,0,0,0,0,0,0,0,0,0
452,0,0,0,0,0,0,0,0,0
453,0,0,0,0,0,0,0,0,0
454,0,0,0,0,0,0,0,0,0
455,0,0,0,0,0,0,0,0,0
456,0,0,0,0,0,0,0,0,0
457,0,0,0,0,0,0,0,0,0
458,0,0,0,0,0,0,0,0,0
459,0,0,0,0,0,0,0,0,0
460,0,0,0,0,0,0,0,0,0
461,0,0,0,0,0,0,0,0,0
462,0,0,0,0,0,0,0,0,0
463,0,0,0,0,0,0,0,0,0
464,0,0,0,0,0,0,0,0,0
465,0,0,0,0,0,0,0,0,0
466,0,0,0,0,0,0,0,0,0
467,0,0,0,0,0,0,0,0,0
468,0,0,0,0,0,0,0,0,0
469,0,0,0,0,0,0,0,0,0
470,0,0,0,0,0,0,0,0,0
471,0,0,0,0,0,0,0,0,0
472,0,0,0,0,0,0,0,0,0
473,0,0,0,0,0,0,0,0,0
474,0,0,0,0,0,0,0,0,0
475,0,0,0,0,0,0,0,0,0
476,0,0,0,0,0,0,0,0,0
477,0,0,0,0,0,0,0,0,0
478,0,0,0,0,0,0,0,0,0
479,0,0,0,0,0,0,0,0,0
480,0,0,0,0,0,0,0,0,0
481,0,0,0,0,0,0,0,0,0
482,0,0,0,0,0,0,0,0,0
483,0,0,0,0,0,0,0,0,0
484,0,0,0,0,0,0,0,0,0
485,0,0,0,0,0,0,0,0,0
486,0,0,0,0,0,0,0,0,0
487,0,0,0,0,0,0,0,0,0
488,0,0,0,0,0,0,0,0,0
489,0,0,0,0,0,0,0,0,0
490,0,0,0,0,0,0,0,0,0
491,0,0,0,0,0,0,0,0,0
492,0,0,0,0,0,0,0,0,0
493,0,0,0,0,0,0,0,0,0
494,0,0,0,0,0,0,0,0,0
495,0,0,0,0,0,0,0,0,0
496,0,0,0,0,0,0,0,0,0
497,0,0,0,0,0,0,0,0,0
498,0,0,0,0,0,0,0,0,0
499,0,0,0,0,0,0,0,0,0
500,0,0,0,0,0,0,0,0,0
501,0,0,0,0,0,0,0,0,0
502,0,0,0,0,0,0,0,0,0
503,0,0,0,0,0,0,0,0,0
504,0,0,0,0,0,0,0,0,0
505,0,0,0,0,0,0,0,0,0
506,0,0,0,0,0,0,0,0,0
507,0,0,0,0,0,0,0,0,0
508,0,0,0,0,0,0,0,0,0
509,0,0,0,0,0,0,0,0,0
510,0,0,0,0,0,0,0,0,0
511,0,0,0,0,0,0,0,0,0
512,0,0,0,0,0,0,0,0,0
513,0,0,0,0,0,0,0,0,0
514,0,0,0,0,0,0,0,0,0
515,0,0,0,0,0,0,0,0,0
516,0,0,0,0,0,0,0,0,0
517,0,0,0,0,0,0,0,0,0
518,0,0,0,0,0,0,0,0,0
519,0,0,0,0,0,0,0,0,0
520,0,0,0,0,0,0,0,0,0
521,0,0,0,0,0,0,0,0,0
522,0,0,0,0,0,0,0,0,0
523,0,0,0,0,0,0,0,0,0
524,0,0,0,0,0,0,0,0,0
525,0,0,0,0,0,0,0,0,0
526,0,0,0,0,0,0,0,0,0
527,0,0,0,0,0,0,0,0,0
528,0,0,0,0,0,0,0,0,0
529,0,0,0,0,0,0,0,0,0
530,0,0,0,0,0,0,0,0,0
531,0,0,0,0,0,0,0,0,0
532,0,0,0,0,0,0,0,0,0
533,0,0,0,0,0,0,0,0,0
534,0,0,0,0,0,0,0,0,0
535,0,0,0,0,0,0,0,0,0
536,0,0,0,0,0,0,0,0,0
537,0,0,0,0,0,0,0,0,0
538,0,0,0,0,0,0,0,0,0
539,0,0,0,0,0,0,0,0,0
540,0,0,0,0,0,0,0,0,0
541,0,0,0,0,0,0,0,0,0
542,0,0,0,0,0,0,0,0,0
543,0,0,0,0,0,0,0,0,0
544,0,0,0,0,0,0,0,0,0
545,0,0,0,0,0,0,0,0,0
546,0,0,0,0,0,0,0,0,0
547,0,0,0,0,0,0,0,0,0
548,0,0,0,0,0,0,0,0,0
549,0,0,0,0,0,0,0,0,0
550,0,0,0,0,0,0,0,0,0
551,0,0,0,0,0,0,0,0,0
552,0,0,0,0,0,0,0,0,0
553,0,0,0,0,0,0,0,0,0
554,0,0,0,0,0,0,0,0,0
555,0,0,0,0,0,0,0,0,0
556,0,0,0,0,0,0,0,0,0
557,0,0,0,0,0,0,0,0,0
558,0,0,0,0,0,0,0,0,0
559,0,0,0,0,0,0,0,0,0
560,0,0,0,0,0,0,0,0,0
561,0,0,0,0,0,0,0,0,0
562,0,0,0,0,0,0,0,0,0
563,0,0,0,0,0,0,0,0,0
564,0,0,0,0,0,0,0,0,0
565,0,0,0,0,0,0,0,0,0
566,0,0,0,0,0,0,0,0,0
567,0,0,0,0,0,0,0,0,0
568,0,0,0,0,0,0,0,0,0
569,0,0,0,0,0,0,0,0,0
570,0,0,0,0,0,0,0,0,0
571,0,0,0,0,0,0,0,0,0
572,0,0,0,0,0,0,0,0,0
573,0,0,0,0,0,0,0,0,0
574,0,0,0,0,0,0,0,0,0
575,0,0,0,0,0,0,0,0,0
576,0,0,0,0,0,0,0,0,0
577,0,0,0,0,0,0,0,0,0
578,0,0,0,0,0,0,0,0,0
579,0,0,0,0,0,0,0,0,0
580,0,0,0,0,0,0,0,0,0
581,0,0,0,0,0,0,0,0,0
582,0,0,0,0,0,0,0,0,0
583,0,0,0,0,0,0,0,0,0
584,0,0,0,0,0,0,0,0,0
585,0,0,0,0,0,0,0,0,0
586,0,0,0,0,0,0,0,0,0
587,0,0,0,0,0,0,0,0,0
588,0,0,0,0,0,0,0,0,0
589,0,0,0,0,0,0,0,0,0
590,0,0,0,0,0,0,0,0,0
591,0,0,0,0,0,0,0,0,0
592,0,0,0,0,0,0,0,0,0
593,0,0,0,0,0,0,0,0,0
594,0,0,0,0,0,0,0,0,0
595,0,0,0,0,0,0,0,0,0
596,0,0,0,0,0,0,0,0,0
597,0,0,0,0,0,0,0,0,0
598,0,0,0,0,0,0,0,0,0
599,0,0,0,0,0,0,0,0,0
600,0,0,0,0,0,0,0,0,0
601,0,0,0,0,0,0,0,0,0
602,0,0,0,0,0,0,0,0,0
603,0,0,0,0,0,0,0,0,0
604,0,0,0,0,0,0,0,0,0
605,0,0,0,0,0,0,0,0,0
606,0,0,0,0,0,0,0,0,0
607,0,0,0,0,0,0,0,0,0
608,0,0,0,0,0,0,0,0,0
609,0,0,0,0,0,0,0,0,0
610,0,0,0,0,0,0,0,0,0
611,0,0,0,0,0,0,0,0,0
612,0,0,0,0,0,0,0,0,0
613,0,0,0,0,0,0,0,0,0
614,0,0,0,0,0,0,0,0,0
615,0,0,0,0,0,0,0,0,0
616,0,0,0,0,0,0,0,0,0
617,0,0,0,0,0,0,0,0,0
618,0,0,0,0,0,0,0,0,0
619,0,0,0,0,0,0,0,0,0
620,0,0,0,0,0,0,0,0,0
621,0,0,0,0,0,0,0,0,0
622,0,0,0,0,0,0,0,0,0
623,0,0,0,0,0,0,0,0,0
624,0,0,0,0,0,0,0,0,0
625,0,0,0,0,0,0,0,0,0
626,0,0,0,0,0,0,0,0,0
627,0,0,0,0,0,0,0,0,0
628,0,0,0,0,0,0,0,0,0
629,0,0,0,0,0,0,0,0,0
630,0,0,0,0,0,0,0,0,0
631,0,0,0,0,0,0,0,0,0
632,0,0,0,0,0,0,0,0,0
633,0,0,0,0,0,0,0,0,0
634,0,0,0,0,0,0,0,0,0
635,0,0,0,0,0,0,0,0,0
636,0,0,0,0,0,0,0,0,0
637,0,0,0,0,0,0,0,0,0
638,0,0,0,0,0,0,0,0,0
639,0,0,0,0,0,0,0,0,0
640,0,0,0,0,0,0,0,0,0
641,0,0,0,0,0,0,0,0,0
642,0,0,0,0,0,0,0,0,0
643,0,0,0,0,0,0,0,0,0
644,0,0,0,0,0,0,0,0,0
645,0,0,0,0,0,0,0,0,0
646,0,0,0,0,0,0,0,0,0
647,0,0,0,0,0,0,0,0,0
648,0,0,0,0,0,0,0,0,0
649,0,0,0,0,0,0,0,0,0
650,0,0,0,0,0,0,0,0,0
651,0,0,0,0,0,0,0,0,0
652,0,0,0,0,0,0,0,0,0
653,0,0,0,0,0,0,0,0,0
654,0,0,0,0,0,0,0,0,0
655,0,0,0,0,0,0,0,0,0
656,0,0,0,0,0,0,0,0,0
657,0,0,0,0,0,0,0,0,0
658,0,0,0,0,0,0,0,0,0
659,0,0,0,0,0,0,0,0,0
660,0,0,0,0,0,0,0,0,0
661,0,0,0,0,0,0,0,0,0
662,0,0,0,0,0,0,0,0,0
663,0,0,0,0,0,0,0,0,0
664,0,0,0,0,0,0,0,0,0
665,0,0,0,0,0,0,0,0,0
666,0,0,0,0,0,0,0,0,0
667,0,0,0,0,0,0,0,0,0
668,0,0,0,0,0,0,0,0,0
669,0,0,0,0,0,0,0,0,0
670,0,0,0,0,0,0,0,0,0
671,0,0,0,0,0,0,0,0,0
672,0,0,0,0,0,0,0,0,0
673,0,0,0,0,0,0,0,0,0
674,0,0,0,0,0,0,0,0,0
675,0,0,0,0,0,0,0,0,0
676,0,0,0,0,0,0,0,0,0
677,0,0,0,0,0,0,0,0,0
678,0,0,0,0,0,0,0,0,0
679,0,0,0,0,0,0,0,0,0
680,0,0,0,0,0,0,0,0,0
681,0,0,0,0,0,0,0,0,0
682,0,0,0,0,0,0,0,0,0
683,0,0,0,0,0,0,0,0,0
684,0,0,0,0,0,0,0,0,0
685,0,0,0,0,0,0,0,0,0
686,0,0,0,0,0,0,0,0,0
687,0,0,0,0,0,0,0,0,0
688,0,0,0,0,0,0,0,0,0
689,0,0,0,0,0,0,0,0,0
690,0,0,0,0,0,0,0,0,0
691,0,0,0,0,0,0,0,0,0
692,0,0,0,0,0,0,0,0,0
693,0,0,0,0,0,0,0,0,0
694,0,0,0,0,0,0,0,0,0
695,0,0,0,0,0,0,0,0,0
696,0,0,0,0,0,0,0,0,0
697,0,0,0,0,0,0,0,0,0
698,0,0,0,0,0,0,0,0,0
699,0,0,0,0,0,0,0,0,0
700,0,0,0,0,0,0,0,0,0
701,0,0,0,0,0,0,0,0,0
702,0,0,0,0,0,0,0,0,0
703,0,0,0,0,0,0,0,0,0
704,0,0,0,0,0,0,0,0,0
705,0,0,0,0,0,0,0,0,0
706,0,0,0,0,0,0,0,0,0
707,0,0,0,0,0,0,0,0,0
708,0,0,0,0,0,0,0,0,0
709,0,0,0,0,0,0,0,0,0
710,0,0,0,0,0,0,0,0,0
711,0,0,0,0,0,0,0,0,0
712,0,0,0,0,0,0,0,0,0
713,0,0,0,0,0,0,0,0,0
714,0,0,0,0,0,0,0,0,0
715,0,0,0,0,0,0,0,0,0
716,0,0,0,0,0,0,0,0,0
717,0,0,0,0,0,0,0,0,0
718,0,0,0,0,0,0,0,0,0
719,0,0,0,0,0,0,0,0,0
720,0,0,0,0,0,0,0,0,0
721,0,0,0,0,0,0,0,0,0
722,0,0,0,0,0,0,0,0,0
723,0,0,0,0,0,0,0,0,0
724,0,0,0,0,0,0,0,0,0
725,0,0,0,0,0,0,0,0,0
726,0,0,0,0,0,0,0,0,0
727,0,0,0,0,0,0,0,0,0
728,0,0,0,0,0,0,0,0,0
729,0,0,0,0,0,0,0,0,0
730,0,0,0,0,0,0,0,0,0
731,0,0,0,0,0,0,0,0,0
732,0,0,0,0,0,0,0,0,0
733,0,0,0,0,0,0,0,0,0
734,0,0,0,0,0,0,0,0,0
735,0,0,0,0,0,0,0,0,0
736,0,0,0,0,0,0,0,0,0
737,0,0,0,0,0,0,0,0,0
738,0,0,0,0,0,0,0,0,0
739,0,0,0,0,0,0,0,0,0
740,0,0,0,0,0,0,0,0,0
741,0,0,0,0,0,0,0,0,0
742,0,0,0,0,0,0,0,0,0
743,0,0,0,0,0,0,0,0,0
744,0,0,0,0,0,0,0,0,0
745,0,0,0,0,0,0,0,0,0
746,0,0,0,0,0,0,0,0,0
747,0,0,0,0,0,0,0,0,0
748,0,0,0,0,0,0,0,0,0
749,0,0,0,0,0,0,0,0,0
750,0,0,0,0,0,0,0,0,0
0,194,7257,201425,4077983,57373546,517292847,2626655236,5935079656,3356972874
1,119,3634,79139,1253402,13796690,97127272,384166122,674165316,295019966
2,69,1799,32708,428123,3883621,22480324,72816890,104190346,36989642
3,33,885,12880,140107,1059259,5079603,13612715,16092110,4706939
4,24,549,6891,65592,430005,1804554,4242791,4411320,1136182
5,20,327,3934,34286,204609,786205,1697243,1618867,380933
6,14,214,2171,15942,81059,264353,480993,382346,73624
7,12,144,1296,8669,40798,123745,207864,153254,28133
8,9,101,862,5319,22523,62063,97223,67560,12095
9,6,54,396,2351,9272,24299,36380,24222,4269
10,4,30,200,1092,3966,9961,14338,9094,1535
11,4,27,179,870,2947,6673,8813,5203,777
12,4,21,137,584,1845,3886,4809,2706,382
13,2,17,101,371,1074,2094,2460,1326,184
14,1,9,46,128,338,621,620,259,25
15,1,7,43,122,282,454,393,132,10
16,1,7,42,100,219,328,293,95,7
17,1,5,38,83,160,236,206,65,4
18,1,5,38,64,104,123,89,16,1
19,1,3,36,59,89,111,86,16,1
20,0,2,8,28,39,37,12,3,0
21,0,2,8,28,39,37,12,3,0
22,0,0,0,0,0,0,0,0,0
23,0,0,0,0,0,0,0,0,0
24,0,0,0,0,0,0,0,0,0
25,0,0,0,0,0,0,0,0,0
26,0,0,0,0,0,0,0,0,0
27,0,0,0,0,0,0,0,0,0
28,0,0,0,0,0,0,0,0,0
29,0,0,0,0,0,0,0,0,0
30,0,0,0,0,0,0,0,0,0
31,0,0,0,0,0,0,0,0,0
32,0,0,0,0,0,0,0,0,0
33,0,0,0,0,0,0,0,0,0
34,0,0,0,0,0,0,0,0,0
35,0,0,0,0,0,0,0,0,0
36,0,0,0,0,0,0,0,0,0
37,0,0,0,0,0,0,0,0,0
38,0,0,0,0,0,0,0,0,0
39,0,0,0,0,0,0,0,0,0
40,0,0,0,0,0,0,0,0,0
41,0,0,0,0,0,0,0,0,0
42,0,0,0,0,0,0,0,0,0
43,0,0,0,0,0,0,0,0,0
44,0,0,0,0,0,0,0,0,0
45,0,0,0,0,0,0,0,0,0
46,0,0,0,0,0,0,0,0,0
47,0,0,0,0,0,0,0,0,0
48,0,0,0,0,0,0,0,0,0
49,0,0,0,0,0,0,0,0,0
50,0,0,0,0,0,0,0,0,0
51,0,0,0,0,0,0,0,0,0
52,0,0,0,0,0,0,0,0,0
53,0,0,0,0,0,0,0,0,0
54,0,0,0,0,0,0,0,0,0
55,0,0,0,0,0,0,0,0,0
56,0,0,0,0,0,0,0,0,0
57,0,0,0,0,0,0,0,0,0
58,0,0,0,0,0,0,0,0,0
59,0,0,0,0,0,0,0,0,0
60,0,0,0,0,0,0,0,0,0
61,0,0,0,0,0,0,0,0,0
62,0,0,0,0,0,0,0,0,0
63,0,0,0,0,0,0,0,0,0
64,0,0,0,0,0,0,0,0,0
65,0,0,0,0,0,0,0,0,0
66,0,0,0,0,0,0,0,0,0
67,0,0,0,0,0,0,0,0,0
68,0,0,0,0,0,0,0,0,0
69,0,0,0,0,0,0,0,0,0
70,0,0,0,0,0,0,0,0,0
71,0,0,0,0,0,0,0,0,0
72,0,0,0,0,0,0,0,0,0
73,0,0,0,0,0,0,0,0,0
74,0,0,0,0,0,0,0,0,0
75,0,0,0,0,0,0,0,0,0
76,0,0,0,0,0,0,0,0,0
77,0,0,0,0,0,0,0,0,0
78,0,0,0,0,0,0,0,0,0
79,0,0,0,0,0,0,0,0,0
80,0,0,0,0,0,0,0,0,0
81,0,0,0,0,0,0,0,0,0
82,0,0,0,0,0,0,0,0,0
83,0,0,0,0,0,0,0,0,0
84,0,0,0,0,0,0,0,0,0
85,0,0,0,0,0,0,0,0,0
86,0,0,0,0,0,0,0,0,0
87,0,0,0,0,0,0,0,0,0
88,0,0,0,0,0,0,0,0,0
89,0,0,0,0,0,0,0,0,0
90,0,0,0,0,0,0,0,0,0
91,0,0,0,0,0,0,0,0,0
92,0,0,0,0,0,0,0,0,0
93,0,0,0,0,0,0,0,0,0
94,0,0,0,0,0,0,0,0,0
95,0,0,0,0,0,0,0,0,0
96,0,0,0,0,0,0,0,0,0
97,0,0,0,0,0,0,0,0,0
98,0,0,0,0,0,0,0,0,0
99,0,0,0,0,0,0,0,0,0
100,0,0,0,0,0,0,0,0,0
101,0,0,0,0,0,0,0,0,0
102,0,0,0,0,0,0,0,0,0
103,0,0,0,0,0,0,0,0,0
104,0,0,0,0,0,0,0,0,0
105,0,0,0,0,0,0,0,0,0
106,0,0,0,0,0,0,0,0,0
107,0,0,0,0,0,0,0,0,0
108,0,0,0,0,0,0,0,0,0
109,0,0,0,0,0,0,0,0,0
110,0,0,0,0,0,0,0,0,0
111,0,0,0,0,0,0,0,0,0
112,0,0,0,0,0,0,0,0,0
113,0,0,0,0,0,0,0,0,0
114,0,0,0,0,0,0,0,0,0
115,0,0,0,0,0,0,0,0,0
116,0,0,0,0,0,0,0,0,0
117,0,0,0,0,0,0,0,0,0
118,0,0,0,0,0,0,0,0,0
119,0,0,0,0,0,0,0,0,0
120,0,0,0,0,0,0,0,0,0
121,0,0,0,0,0,0,0,0,0
122,0,0,0,0,0,0,0,0,0
123,0,0,0,0,0,0,0,0,0
124,0,0,0,0,0,0,0,0,0
125,0,0,0,0,0,0,0,0,0
126,0,0,0,0,0,0,0,0,0
127,0,0,0,0,0,0,0,0,0
128,0,0,0,0,0,0,0,0,0
129,0,0,0,0,0,0,0,0,0
130,0,0,0,0,0,0,0,0,0
131,0,0,0,0,0,0,0,0,0
132,0,0,0,0,0,0,0,0,0
133,0,0,0,0,0,0,0,0,0
134,0,0,0,0,0,0,0,0,0
135,0,0,0,0,0,0,0,0,0
136,0,0,0,0,0,0,0,0,0
137,0,0,0,0,0,0,0,0,0
138,0,0,0,0,0,0,0,0,0
139,0,0,0,0,0,0,0,0,0
140,0,0,0,0,0,0,0,0,0
141,0,0,0,0,0,0,0,0,0
142,0,0,0,0,0,0,0,0,0
143,0,0,0,0,0,0,0,0,0
144,0,0,0,0,0,0,0,0,0
145,0,0,0,0,0,0,0,0,0
146,0,0,0,0,0,0,0,0,0
147,0,0,0,0,0,0,0,0,0
148,0,0,0,0,0,0,0,0,0
149,0,0,0,0,0,0,0,0,0
150,0,0,0,0,0,0,0,0,0
151,0,0,0,0,0,0,0,0,0
152,0,0,0,0,0,0,0,0,0
153,0,0,0,0,0,0,0,0,0
154,0,0,0,0,0,0,0,0,0
155,0,0,0,0,0,0,0,0,0
156,0,0,0,0,0,0,0,0,0
157,0,0,0,0,0,0,0,0,0
158,0,0,0,0,0,0,0,0,0
159,0,0,0,0,0,0,0,0,0
160,0,0,0,0,0,0,0,0,0
161,0,0,0,0,0,0,0,0,0
162,0,0,0,0,0,0,0,0,0
163,0,0,0,0,0,0,0,0,0
164,0,0,0,0,0,0,0,0,0
165,0,0,0,0,0,0,0,0,0
166,0,0,0,0,0,0,0,0,0
167,0,0,0,0,0,0,0,0,0
168,0,0,0,0,0,0,0,0,0
169,0,0,0,0,0,0,0,0,0
170,0,0,0,0,0,0,0,0,0
171,0,0,0,0,0,0,0,0,0
172,0,0,0,0,0,0,0,0,0
173,0,0,0,0,0,0,0,0,0
174,0,0,0,0,0,0,0,0,0
175,0,0,0,0,0,0,0,0,0
176,0,0,0,0,0,0,0,0,0
177,0,0,0,0,0,0,0,0,0
178,0,0,0,0,0,0,0,0,0
179,0,0,0,0,0,0,0,0,0
180,0,0,0,0,0,0,0,0,0
181,0,0,0,0,0,0,0,0,0
182,0,0,0,0,0,0,0,0,0
183,0,0,0,0,0,0,0,0,0
184,0,0,0,0,0,0,0,0,0
185,0,0,0,0,0,0,0,0,0
186,0,0,0,0,0,0,0,0,0
187,0,0,0,0,0,0,0,0,0
188,0,0,0,0,0,0,0,0,0
189,0,0,0,0,0,0,0,0,0
190,0,0,0,0,0,0,0,0,0
191,0,0,0,0,0,0,0,0,0
192,0,0,0,0,0,0,0,0,0
193,0,0,0,0,0,0,0,0,0
194,0,0,0,0,0,0,0,0,0
195,0,0,0,0,0,0,0,0,0
196,0,0,0,0,0,0,0,0,0
197,0,0,0,0,0,0,0,0,0
198,0,0,0,0,0,0,0,0,0
199,0,0,0,0,0,0,0,0,0
200,0,0,0,0,0,0,0,0,0
201,0,0,0,0,0,0,0,0,0
202,0,0,0,0,0,0,0,0,0
203,0,0,0,0,0,0,0,0,0
204,0,0,0,0,0,0,0,0,0
205,0,0,0,0,0,0,0,0,0
206,0,0,0,0,0,0,0,0,0
207,0,0,0,0,0,0,0,0,0
208,0,0,0,0,0,0,0,0,0
209,0,0,0,0,0,0,0,0,0
210,0,0,0,0,0,0,0,0,0
211,0,0,0,0,0,0,0,0,0
212,0,0,0,0,0,0,0,0,0
213,0,0,0,0,0,0,0,0,0
214,0,0,0,0,0,0,0,0,0
215,0,0,0,0,0,0,0,0,0
216,0,0,0,0,0,0,0,0,0
217,0,0,0,0,0,0,0,0,0
218,0,0,0,0,0,0,0,0,0
219,0,0,0,0,0,0,0,0,0
220,0,0,0,0,0,0,0,0,0
221,0,0,0,0,0,0,0,0,0
222,0,0,0,0,0,0,0,0,0
223,0,0,0,0,0,0,0,0,0
224,0,0,0,0,0,0,0,0,0
225,0,0,0,0,0,0,0,0,0
226,0,0,0,0,0,0,0,0,0
227,0,0,0,0,0,0,0,0,0
228,0,0,0,0,0,0,0,0,0
229,0,0,0,0,0,0,0,0,0
230,0,0,0,0,0,0,0,0,0
231,0,0,0,0,0,0,0,0,0
232,0,0,0,0,0,0,0,0,0
233,0,0,0,0,0,0,0,0,0
234,0,0,0,0,0,0,0,0,0
235,0,0,0,0,0,0,0,0,0
236,0,0,0,0,0,0,0,0,0
237,0,0,0,0,0,0,0,0,0
238,0,0,0,0,0,0,0,0,0
239,0,0,0,0,0,0,0,0,0
240,0,0,0,0,0,0,0,0,0
241,0,0,0,0,0,0,0,0,0
242,0,0,0,0,0,0,0,0,0
243,0,0,0,0,0,0,0,0,0
244,0,0,0,0,0,0,0,0,0
245,0,0,0,0,0,0,0,0,0
246,0,0,0,0,0,0,0,0,0
247,0,0,0,0,0,0,0,0,0
248,0,0,0,0,0,0,0,0,0
249,0,0,0,0,0,0,0,0,0
250,0,0,0,0,0,0,0,0,0
251,0,0,0,0,0,0,0,0,0
252,0,0,0,0,0,0,0,0,0
253,0,0,0,0,0,0,0,0,0
254,0,0,0,0,0,0,0,0,0
255,0,0,0,0,0,0,0,0,0
256,0,0,0,0,0,0,0,0,0
257,0,0,0,0,0,0,0,0,0
258,0,0,0,0,0,0,0,0,0
259,0,0,0,0,0,0,0,0,0
260,0,0,0,0,0,0,0,0,0
261,0,0,0,0,0,0,0,0,0
262,0,0,0,0,0,0,0,0,0
263,0,0,0,0,0,0,0,0,0
264,0,0,0,0,0,0,0,0,0
265,0,0,0,0,0,0,0,0,0
266,0,0,0,0,0,0,0,0,0
267,0,0,0,0,0,0,0,0,0
268,0,0,0,0,0,0,0,0,0
269,0,0,0,0,0,0,0,0,0
270,0,0,0,0,0,0,0,0,0
271,0,0,0,0,0,0,0,0,0
272,0,0,0,0,0,0,0,0,0
273,0,0,0,0,0,0,0,0,0
274,0,0,0,0,0,0,0,0,0
275,0,0,0,0,0,0,0,0,0
276,0,0,0,0,0,0,0,0,0
277,0,0,0,0,0,0,0,0,0
278,0,0,0,0,0,0,0,0,0
279,0,0,0,0,0,0,0,0,0
280,0,0,0,0,0,0,0,0,0
281,0,0,0,0,0,0,0,0,0
282,0,0,0,0,0,0,0,0,0
283,0,0,0,0,0,0,0,0,0
284,0,0,0,0,0,0,0,0,0
285,0,0,0,0,0,0,0,0,0
286,0,0,0,0,0,0,0,0,0
287,0,0,0,0,0,0,0,0,0
288,0,0,0,0,0,0,0,0,0
289,0,0,0,0,0,0,0,0,0
290,0,0,0,0,0,0,0,0,0
291,0,0,0,0,0,0,0,0,0
292,0,0,0,0,0,0,0,0,0
293,0,0,0,0,0,0,0,0,0
294,0,0,0,0,0,0,0,0,0
295,0,0,0,0,0,0,0,0,0
296,0,0,0,0,0,0,0,0,0
297,0,0,0,0,0,0,0,0,0
298,0,0,0,0,0,0,0,0,0
299,0,0,0,0,0,0,0,0,0
300,0,0,0,0,0,0,0,0,0
301,0,0,0,0,0,0,0,0,0
302,0,0,0,0,0,0,0,0,0
303,0,0,0,0,0,0,0,0,0
304,0,0,0,0,0,0,0,0,0
305,0,0,0,0,0,0,0,0,0
306,0,0,0,0,0,0,0,0,0
307,0,0,0,0,0,0,0,0,0
308,0,0,0,0,0,0,0,0,0
309,0,0,0,0,0,0,0,0,0
310,0,0,0,0,0,0,0,0,0
311,0,0,0,0,0,0,0,0,0
312,0,0,0,0,0,0,0,0,0
313,0,0,0,0,0,0,0,0,0
314,0,0,0,0,0,0,0,0,0
315,0,0,0,0,0,0,0,0,0
316,0,0,0,0,0,0,0,0,0
317,0,0,0,0,0,0,0,0,0
318,0,0,0,0,0,0,0,0,0
319,0,0,0,0,0,0,0,0,0
320,0,0,0,0,0,0,0,0,0
321,0,0,0,0,0,0,0,0,0
322,0,0,0,0,0,0,0,0,0
323,0,0,0,0,0,0,0,0,0
324,0,0,0,0,0,0,0,0,0
325,0,0,0,0,0,0,0,0,0
326,0,0,0,0,0,0,0,0,0
327,0,0,0,0,0,0,0,0,0
328,0,0,0,0,0,0,0,0,0
329,0,0,0,0,0,0,0,0,0
330,0,0,0,0,0,0,0,0,0
331,0,0,0,0,0,0,0,0,0
332,0,0,0,0,0,0,0,0,0
333,0,0,0,0,0,0,0,0,0
334,0,0,0,0,0,0,0,0,0
335,0,0,0,0,0,0,0,0,0
336,0,0,0,0,0,0,0,0,0
337,0,0,0,0,0,0,0,0,0
338,0,0,0,0,0,0,0,0,0
339,0,0,0,0,0,0,0,0,0
340,0,0,0,0,0,0,0,0,0
341,0,0,0,0,0,0,0,0,0
342,0,0,0,0,0,0,0,0,0
343,0,0,0,0,0,0,0,0,0
344,0,0,0,0,0,0,0,0,0
345,0,0,0,0,0,0,0,0,0
346,0,0,0,0,0,0,0,0,0
347,0,0,0,0,0,0,0,0,0
348,0,0,0,0,0,0,0,0,0
349,0,0,0,0,0,0,0,0,0
350,0,0,0,0,0,0,0,0,0
351,0,0,0,0,0,0,0,0,0
352,0,0,0,0,0,0,0,0,0
353,0,0,0,0,0,0,0,0,0
354,0,0,0,0,0,0,0,0,0
355,0,0,0,0,0,0,0,0,0
356,0,0,0,0,0,0,0,0,0
357,0,0,0,0,0,0,0,0,0
358,0,0,0,0,0,0,0,0,0
359,0,0,0,0,0,0,0,0,0
360,0,0,0,0,0,0,0,0,0
361,0,0,0,0,0,0,0,0,0
362,0,0,0,0,0,0,0,0,0
363,0,0,0,0,0,0,0,0,0
364,0,0,0,0,0,0,0,0,0
365,0,0,0,0,0,0,0,0,0
366,0,0,0,0,0,0,0,0,0
367,0,0,0,0,0,0,0,0,0
368,0,0,0,0,0,0,0,0,0
369,0,0,0,0,0,0,0,0,0
370,0,0,0,0,0,0,0,0,0
371,0,0,0,0,0,0,0,0,0
372,0,0,0,0,0,0,0,0,0
373,0,0,0,0,0,0,0,0,0
374,0,0,0,0,0,0,0,0,0
375,0,0,0,0,0,0,0,0,0
376,0,0,0,0,0,0,0,0,0
377,0,0,0,0,0,0,0,0,0
378,0,0,0,0,0,0,0,0,0
379,0,0,0,0,0,0,0,0,0
380,0,0,0,0,0,0,0,0,0
381,0,0,0,0,0,0,0,0,0
382,0,0,0,0,0,0,0,0,0
383,0,0,0,0,0,0,0,0,0
384,0,0,0,0,0,0,0,0,0
385,0,0,0,0,0,0,0,0,0
386,0,0,0,0,0,0,0,0,0
387,0,0,0,0,0,0,0,0,0
388,0,0,0,0,0,0,0,0,0
389,0,0,0,0,0,0,0,0,0
390,0,0,0,0,0,0,0,0,0
391,0,0,0,0,0,0,0,0,0
392,0,0,0,0,0,0,0,0,0
393,0,0,0,0,0,0,0,0,0
394,0,0,0,0,0,0,0,0,0
395,0,0,0,0,0,0,0,0,0
396,0,0,0,0,0,0,0,0,0
397,0,0,0,0,0,0,0,0,0
398,0,0,0,0,0,0,0,0,0
399,0,0,0,0,0,0,0,0,0
400,0,0,0,0,0,0,0,0,0
401,0,0,0,0,0,0,0,0,0
402,0,0,0,0,0,0,0,0,0
403,0,0,0,0,0,0,0,0,0
404,0,0,0,0,0,0,0,0,0
405,0,0,0,0,0,0,0,0,0
406,0,0,0,0,0,0,0,0,0
407,0,0,0,0,0,0,0,0,0
408,0,0,0,0,0,0,0,0,0
409,0,0,0,0,0,0,0,0,0
410,0,0,0,0,0,0,0,0,0
411,0,0,0,0,0,0,0,0,0
412,0,0,0,0,0,0,0,0,0
413,0,0,0,0,0,0,0,0,0
414,0,0,0,0,0,0,0,0,0
415,0,0,0,0,0,0,0,0,0
416,0,0,0,0,0,0,0,0,0
417,0,0,0,0,0,0,0,0,0
418,0,0,0,0,0,0,0,0,0
419,0,0,0,0,0,0,0,0,0
420,0,0,0,0,0,0,0,0,0
421,0,0,0,0,0,0,0,0,0
422,0,0,0,0,0,0,0,0,0
423,0,0,0,0,0,0,0,0,0
424,0,0,0,0,0,0,0,0,0
425,0,0,0,0,0,0,0,0,0
426,0,0,0,0,0,0,0,0,0
427,0,0,0,0,0,0,0,0,0
428,0,0,0,0,0,0,0,0,0
429,0,0,0,0,0,0,0,0,0
430,0,0,0,0,0,0,0,0,0
431,0,0,0,0,0,0,0,0,0
432,0,0,0,0,0,0,0,0,0
433,0,0,0,0,0,0,0,0,0
434,0,0,0,0,0,0,0,0,0
435,0,0,0,0,0,0,0,0,0
436,0,0,0,0,0,0,0,0,0
437,0,0,0,0,0,0,0,0,0
438,0,0,0,0,0,0,0,0,0
439,0,0,0,0,0,0,0,0,0
440,0,0,0,0,0,0,0,0,0
441,0,0,0,0,0,0,0,0,0
442,0,0,0,0,0,0,0,0,0
443,0,0,0,0,0,0,0,0,0
444,0,0,0,0,0,0,0,0,0
445,0,0,0,0,0,0,0,0,0
446,0,0,0,0,0,0,0,0,0
447,0,0,0,0,0,0,0,0,0
448,0,0,0,0,0,0,0,0,0
449,0,0,0,0,0,0,0,0,0
450,0,0,0,0,0,0,0,0,0
451,0,0,0,0,0,0,0,0,0
452,0,0,0,0,0,0,0,0,0
453,0,0,0,0,0,0,0,0,0
454,0,0,0,0,0,0,0,0,0
455,0,0,0,0,0,0,0,0,0
456,0,0,0,0,0,0,0,0,0
457,0,0,0,0,0,0,0,0,0
458,0,0,0,0,0,0,0,0,0
459,0,0,0,0,0,0,0,0,0
460,0,0,0,0,0,0,0,0,0
461,0,0,0,0,0,0,0,0,0
462,0,0,0,0,0,0,0,0,0
463,0,0,0,0,0,0,0,0,0
464,0,0,0,0,0,0,0,0,0
465,0,0,0,0,0,0,0,0,0
466,0,0,0,0,0,0,0,0,0
467,0,0,0,0,0,0,0,0,0
468,0,0,0,0,0,0,0,0,0
469,0,0,0,0,0,0,0,0,0
470,0,0,0,0,0,0,0,0,0
471,0,0,0,0,0,0,0,0,0
472,0,0,0,0,0,0,0,0,0
473,0,0,0,0,0,0,0,0,0
474,0,0,0,0,0,0,0,0,0
475,0,0,0,0,0,0,0,0,0
476,0,0,0,0,0,0,0,0,0
477,0,0,0,0,0,0,0,0,0
478,0,0,0,0,0,0,0,0,0
479,0,0,0,0,0,0,0,0,0
480,0,0,0,0,0,0,0,0,0
481,0,0,0,0,0,0,0,0,0
482,0,0,0,0,0,0,0,0,0
483,0,0,0,0,0,0,0,0,0
484,0,0,0,0,0,0,0,0,0
485,0,0,0,0,0,0,0,0,0
486,0,0,0,0,0,0,0,0,0
487,0,0,0,0,0,0,0,0,0
488,0,0,0,0,0,0,0,0,0
489,0,0,0,0,0,0,0,0,0
490,0,0,0,0,0,0,0,0,0
491,0,0,0,0,0,0,0,0,0
492,0,0,0,0,0,0,0,0,0
493,0,0,0,0,0,0,0,0,0
494,0,0,0,0,0,0,0,0,0
495,0,0,0,0,0,0,0,0,0
496,0,0,0,0,0,0,0,0,0
497,0,0,0,0,0,0,0,0,0
498,0,0,0,0,0,0,0,0,0
499,0,0,0,0,0,0,0,0,0
500,0,0,0,0,0,0,0,0,0
501,0,0,0,0,0,0,0,0,0
502,0,0,0,0,0,0,0,0,0
503,0,0,0,0,0,0,0,0,0
504,0,0,0,0,0,0,0,0,0
505,0,0,0,0,0,0,0,0,0
506,0,0,0,0,0,0,0,0,0
507,0,0,0,0,0,0,0,0,0
508,0,0,0,0,0,0,0,0,0
509,0,0,0,0,0,0,0,0,0
510,0,0,0,0,0,0,0,0,0
511,0,0,0,0,0,0,0,0,0
512,0,0,0,0,0,0,0,0,0
513,0,0,0,0,0,0,0,0,0
514,0,0,0,0,0,0,0,0,0
515,0,0,0,0,0,0,0,0,0
516,0,0,0,0,0,0,0,0,0
517,0,0,0,0,0,0,0,0,0
518,0,0,0,0,0,0,0,0,0
519,0,0,0,0,0,0,0,0,0
520,0,0,0,0,0,0,0,0,0
521,0,0,0,0,0,0,0,0,0
522,0,0,0,0,0,0,0,0,0
523,0,0,0,0,0,0,0,0,0
524,0,0,0,0,0,0,0,0,0
525,0,0,0,0,0,0,0,0,0
526,0,0,0,0,0,0,0,0,0
527,0,0,0,0,0,0,0,0,0
528,0,0,0,0,0,0,0,0,0
529,0,0,0,0,0,0,0,0,0
530,0,0,0,0,0,0,0,0,0
531,0,0,0,0,0,0,0,0,0
532,0,0,0,0,0,0,0,0,0
533,0,0,0,0,0,0,0,0,0
534,0,0,0,0,0,0,0,0,0
535,0,0,0,0,0,0,0,0,0
536,0,0,0,0,0,0,0,0,0
537,0,0,0,0,0,0,0,0,0
538,0,0,0,0,0,0,0,0,0
539,0,0,0,0,0,0,0,0,0
540,0,0,0,0,0,0,0,0,0
541,0,0,0,0,0,0,0,0,0
542,0,0,0,0,0,0,0,0,0
543,0,0,0,0,0,0,0,0,0
544,0,0,0,0,0,0,0,0,0
545,0,0,0,0,0,0,0,0,0
546,0,0,0,0,0,0,0,0,0
547,0,0,0,0,0,0,0,0,0
548,0,0,0,0,0,0,0,0,0
549,0,0,0,0,0,0,0,0,0
550,0,0,0,0,0,0,0,0,0
551,0,0,0,0,0,0,0,0,0
552,0,0,0,0,0,0,0,0,0
553,0,0,0,0,0,0,0,0,0
554,0,0,0,0,0,0,0,0,0
555,0,0,0,0,0,0,0,0,0
556,0,0,0,0,0,0,0,0,0
557,0,0,0,0,0,0,0,0,0
558,0,0,0,0,0,0,0,0,0
559,0,0,0,0,0,0,0,0,0
560,0,0,0,0,0,0,0,0,0
561,0,0,0,0,0,0,0,0,0
562,0,0,0,0,0,0,0,0,0
563,0,0,0,0,0,0,0,0,0
564,0,0,0,0,0,0,0,0,0
565,0,0,0,0,0,0,0,0,0
566,0,0,0,0,0,0,0,0,0
567,0,0,0,0,0,0,0,0,0
568,0,0,0,0,0,0,0,0,0
569,0,0,0,0,0,0,0,0,0
570,0,0,0,0,0,0,0,0,0
571,0,0,0,0,0,0,0,0,0
572,0,0,0,0,0,0,0,0,0
573,0,0,0,0,0,0,0,0,0
574,0,0,0,0,0,0,0,0,0
575,0,0,0,0,0,0,0,0,0
576,0,0,0,0,0,0,0,0,0
577,0,0,0,0,0,0,0,0,0
578,0,0,0,0,0,0,0,0,0
579,0,0,0,0,0,0,0,0,0
580,0,0,0,0,0,0,0,0,0
581,0,0,0,0,0,0,0,0,0
582,0,0,0,0,0,0,0,0,0
583,0,0,0,0,0,0,0,0,0
584,0,0,0,0,0,0,0,0,0
585,0,0,0,0,0,0,0,0,0
586,0,0,0,0,0,0,0,0,0
587,0,0,0,0,0,0,0,0,0
588,0,0,0,0,0,0,0,0,0
589,0,0,0,0,0,0,0,0,0
590,0,0,0,0,0,0,0,0,0
591,0,0,0,0,0,0,0,0,0
592,0,0,0,0,0,0,0,0,0
593,0,0,0,0,0,0,0,0,0
594,0,0,0,0,0,0,0,0,0
595,0,0,0,0,0,0,0,0,0
596,0,0,0,0,0,0,0,0,0
597,0,0,0,0,0,0,0,0,0
598,0,0,0,0,0,0,0,0,0
599,0,0,0,0,0,0,0,0,0
600,0,0,0,0,0,0,0,0,0
601,0,0,0,0,0,0,0,0,0
602,0,0,0,0,0,0,0,0,0
603,0,0,0,0,0,0,0,0,0
604,0,0,0,0,0,0,0,0,0
605,0,0,0,0,0,0,0,0,0
606,0,0,0,0,0,0,0,0,0
607,0,0,0,0,0,0,0,0,0
608,0,0,0,0,0,0,0,0,0
609,0,0,0,0,0,0,0,0,0
610,0,0,0,0,0,0,0,0,0
611,0,0,0,0,0,0,0,0,0
612,0,0,0,0,0,0,0,0,0
613,0,0,0,0,0,0,0,0,0
614,0,0,0,0,0,0,0,0,0
615,0,0,0,0,0,0,0,0,0
616,0,0,0,0,0,0,0,0,0
617,0,0,0,0,0,0,0,0,0
618,0,0,0,0,0,0,0,0,0
619,0,0,0,0,0,0,0,0,0
620,0,0,0,0,0,0,0,0,0
621,0,0,0,0,0,0,0,0,0
622,0,0,0,0,0,0,0,0,0
623,0,0,0,0,0,0,0,0,0
624,0,0,0,0,0,0,0,0,0
625,0,0,0,0,0,0,0,0,0
626,0,0,0,0,0,0,0,0,0
627,0,0,0,0,0,0,0,0,0
628,0,0,0,0,0,0,0,0,0
629,0,0,0,0,0,0,0,0,0
630,0,0,0,0,0,0,0,0,0
631,0,0,0,0,0,0,0,0,0
632,0,0,0,0,0,0,0,0,0
633,0,0,0,0,0,0,0,0,0
634,0,0,0,0,0,0,0,0,0
635,0,0,0,0,0,0,0,0,0
636,0,0,0,0,0,0,0,0,0
637,0,0,0,0,0,0,0,0,0
638,0,0,0,0,0,0,0,0,0
639,0,0,0,0,0,0,0,0,0
640,0,0,0,0,0,0,0,0,0
641,0,0,0,0,0,0,0,0,0
642,0,0,0,0,0,0,0,0,0
643,0,0,0,0,0,0,0,0,0
644,0,0,0,0,0,0,0,0,0
645,0,0,0,0,0,0,0,0,0
646,0,0,0,0,0,0,0,0,0
647,0,0,0,0,0,0,0,0,0
648,0,0,0,0,0,0,0,0,0
649,0,0,0,0,0,0,0,0,0
650,0,0,0,0,0,0,0,0,0
651,0,0,0,0,0,0,0,0,0
652,0,0,0,0,0,0,0,0,0
653,0,0,0,0,0,0,0,0,0
654,0,0,0,0,0,0,0,0,0
655,0,0,0,0,0,0,0,0,0
656,0,0,0,0,0,0,0,0,0
657,0,0,0,0,0,0,0,0,0
658,0,0,0,0,0,0,0,0,0
659,0,0,0,0,0,0,0,0,0
660,0,0,0,0,0,0,0,0,0
661,0,0,0,0,0,0,0,0,0
662,0,0,0,0,0,0,0,0,0
663,0,0,0,0,0,0,0,0,0
664,0,0,0,0,0,0,0,0,0
665,0,0,0,0,0,0,0,0,0
666,0,0,0,0,0,0,0,0,0
667,0,0,0,0,0,0,0,0,0
668,0,0,0,0,0,0,0,0,0
669,0,0,0,0,0,0,0,0,0
670,0,0,0,0,0,0,0,0,0
671,0,0,0,0,0,0,0,0,0
672,0,0,0,0,0,0,0,0,0
673,0,0,0,0,0,0,0,0,0
674,0,0,0,0,0,0,0,0,0
675,0,0,0,0,0,0,0,0,0
676,0,0,0,0,0,0,0,0,0
677,0,0,0,0,0,0,0,0,0
678,0,0,0,0,0,0,0,0,0
679,0,0,0,0,0,0,0,0,0
680,0,0,0,0,0,0,0,0,0
681,0,0,0,0,0,0,0,0,0
682,0,0,0,0,0,0,0,0,0
683,0,0,0,0,0,0,0,0,0
684,0,0,0,0,0,0,0,0,0
685,0,0,0,0,0,0,0,0,0
686,0,0,0,0,0,0,0,0,0
687,0,0,0,0,0,0,0,0,0
688,0,0,0,0,0,0,0,0,0
689,0,0,0,0,0,0,0,0,0
690,0,0,0,0,0,0,0,0,0
691,0,0,0,0,0,0,0,0,0
692,0,0,0,0,0,0,0,0,0
693,0,0,0,0,0,0,0,0,0
694,0,0,0,0,0,0,0,0,0
695,0,0,0,0,0,0,0,0,0
696,0,0,0,0,0,0,0,0,0
697,0,0,0,0,0,0,0,0,0
698,0,0,0,0,0,0,0,0,0
699,0,0,0,0,0,0,0,0,0
700,0,0,0,0,0,0,0,0,0
701,0,0,0,0,0,0,0,0,0
702,0,0,0,0,0,0,0,0,0
703,0,0,0,0,0,0,0,0,0
704,0,0,0,0,0,0,0,0,0
705,0,0,0,0,0,0,0,0,0
706,0,0,0,0,0,0,0,0,0
707,0,0,0,0,0,0,0,0,0
708,0,0,0,0,0,0,0,0,0
709,0,0,0,0,0,0,0,0,0
710,0,0,0,0,0,0,0,0,0
711,0,0,0,0,0,0,0,0,0
712,0,0,0,0,0,0,0,0,0
713,0,0,0,0,0,0,0,0,0
714,0,0,0,0,0,0,0,0,0
715,0,0,0,0,0,0,0,0,0
716,0,0,0,0,0,0,0,0,0
717,0,0,0,0,0,0,0,0,0
718,0,0,0,0,0,0,0,0,0
719,0,0,0,0,0,0,0,0,0
720,0,0,0,0,0,0,0,0,0
721,0,0,0,0,0,0,0,0,0
722,0,0,0,0,0,0,0,0,0
723,0,0,0,0,0,0,0,0,0
724,0,0,0,0,0,0,0,0,0
725,0,0,0,0,0,0,0,0,0
726,0,0,0,0,0,0,0,0,0
727,0,0,0,0,0,0,0,0,0
728,0,0,0,0,0,0,0,0,0
729,0,0,0,0,0,0,0,0,0
730,0,0,0,0,0,0,0,0,0
731,0,0,0,0,0,0,0,0,0
732,0,0,0,0,0,0,0,0,0
733,0,0,0,0,0,0,0,0,0
734,0,0,0,0,0,0,0,0,0
735,0,0,0,0,0,0,0,0,0
736,0,0,0,0,0,0,0,0,0
737,0,0,0,0,0,0,0,0,0
738,0,0,0,0,0,0,0,0,0
739,0,0,0,0,0,0,0,0,0
740,0,0,0,0,0,0,0,0,0
741,0,0,0,0,0,0,0,0,0
742,0,0,0,0,0,0,0,0,0
743,0,0,0,0,0,0,0,0,0
744,0,0,0,0,0,0,0,0,0
745,0,0,0,0,0,0,0,0,0
746,0,0,0,0,0,0,0,0,0
747,0,0,0,0,0,0,0,0,0
748,0,0,0,0,0,0,0,0,0
749,0,0,0,0,0,0,0,0,0
750,0,0,0,0,0,0,0,0,0
0,194,7257,201425,4077983,57373546,517292847,2626655236,5935079656,3356972874
1,121,3646,78850,1239305,13544461,94941213,374911133,658768511,289655049
2,65,1693,30257,389953,3474388,19838109,63848617,91486791,32863617
3,39,1115,17072,191511,1492164,7454707,20970371,26208156,8192037
4,29,732,9611,91766,609097,2595755,6241493,6678773,1798970
5,16,387,4354,36282,210176,779329,1635454,1522642,354812
6,11,265,2648,19649,102589,339920,630053,514525,103875
7,7,153,1377,9685,45249,133268,217747,157728,28246
8,4,92,692,4409,18403,48680,71537,46622,7601
9,4,85,582,3452,13715,34301,46967,28542,4351
10,2,61,426,2349,8717,20606,26980,15918,2350
11,2,50,331,1748,6011,13158,15822,8379,1085
12,1,27,160,754,2219,4333,4827,2355,299
13,1,24,131,598,1763,3358,3749,1764,209
14,1,23,114,493,1473,2697,2947,1322,161
15,0,16,69,306,913,1642,1735,822,98
16,0,14,64,257,760,1357,1373,630,70
17,0,10,43,158,446,791,739,290,30
18,0,10,42,152,419,720,669,256,26
19,0,9,29,102,284,497,462,166,19
20,0,6,24,75,193,326,313,102,11
21,0,6,24,74,190,314,291,90,10
22,0,5,19,61,144,230,187,56,5
23,0,3,9,31,67,102,85,20,3
24,0,1,3,12,31,24,11,3,1
25,0,1,3,12,31,24,11,3,1
26,0,1,3,6,18,12,8,3,1
27,0,1,2,5,15,10,6,3,1
28,0,1,2,5,13,9,5,3,1
29,0,0,2,2,7,7,3,2,1
30,0,0,1,2,6,3,3,2,1
31,0,0,1,2,6,3,3,2,1
32,0,0,1,2,6,3,3,2,1
33,0,0,1,2,6,3,3,2,1
34,0,0,0,2,4,0,0,0,0
35,0,0,0,2,4,0,0,0,0
36,0,0,0,2,4,0,0,0,0
37,0,0,0,2,4,0,0,0,0
38,0,0,0,2,4,0,0,0,0
39,0,0,0,2,4,0,0,0,0
40,0,0,0,2,4,0,0,0,0
41,0,0,0,2,4,0,0,0,0
42,0,0,0,2,4,0,0,0,0
43,0,0,0,2,4,0,0,0,0
44,0,0,0,2,4,0,0,0,0
45,0,0,0,0,0,0,0,0,0
46,0,0,0,0,0,0,0,0,0
47,0,0,0,0,0,0,0,0,0
48,0,0,0,0,0,0,0,0,0
49,0,0,0,0,0,0,0,0,0
50,0,0,0,0,0,0,0,0,0
51,0,0,0,0,0,0,0,0,0
52,0,0,0,0,0,0,0,0,0
53,0,0,0,0,0,0,0,0,0
54,0,0,0,0,0,0,0,0,0
55,0,0,0,0,0,0,0,0,0
56,0,0,0,0,0,0,0,0,0
57,0,0,0,0,0,0,0,0,0
58,0,0,0,0,0,0,0,0,0
59,0,0,0,0,0,0,0,0,0
60,0,0,0,0,0,0,0,0,0
61,0,0,0,0,0,0,0,0,0
62,0,0,0,0,0,0,0,0,0
63,0,0,0,0,0,0,0,0,0
64,0,0,0,0,0,0,0,0,0
65,0,0,0,0,0,0,0,0,0
66,0,0,0,0,0,0,0,0,0
67,0,0,0,0,0,0,0,0,0
68,0,0,0,0,0,0,0,0,0
69,0,0,0,0,0,0,0,0,0
70,0,0,0,0,0,0,0,0,0
71,0,0,0,0,0,0,0,0,0
72,0,0,0,0,0,0,0,0,0
73,0,0,0,0,0,0,0,0,0
74,0,0,0,0,0,0,0,0,0
75,0,0,0,0,0,0,0,0,0
76,0,0,0,0,0,0,0,0,0
77,0,0,0,0,0,0,0,0,0
78,0,0,0,0,0,0,0,0,0
79,0,0,0,0,0,0,0,0,0
80,0,0,0,0,0,0,0,0,0
81,0,0,0,0,0,0,0,0,0
82,0,0,0,0,0,0,0,0,0
83,0,0,0,0,0,0,0,0,0
84,0,0,0,0,0,0,0,0,0
85,0,0,0,0,0,0,0,0,0
86,0,0,0,0,0,0,0,0,0
87,0,0,0,0,0,0,0,0,0
88,0,0,0,0,0,0,0,0,0
89,0,0,0,0,0,0,0,0,0
90,0,0,0,0,0,0,0,0,0
91,0,0,0,0,0,0,0,0,0
92,0,0,0,0,0,0,0,0,0
93,0,0,0,0,0,0,0,0,0
94,0,0,0,0,0,0,0,0,0
95,0,0,0,0,0,0,0,0,0
96,0,0,0,0,0,0,0,0,0
97,0,0,0,0,0,0,0,0,0
98,0,0,0,0,0,0,0,0,0
99,0,0,0,0,0,0,0,0,0
100,0,0,0,0,0,0,0,0,0
101,0,0,0,0,0,0,0,0,0
102,0,0,0,0,0,0,0,0,0
103,0,0,0,0,0,0,0,0,0
104,0,0,0,0,0,0,0,0,0
105,0,0,0,0,0,0,0,0,0
106,0,0,0,0,0,0,0,0,0
107,0,0,0,0,0,0,0,0,0
108,0,0,0,0,0,0,0,0,0
109,0,0,0,0,0,0,0,0,0
110,0,0,0,0,0,0,0,0,0
111,0,0,0,0,0,0,0,0,0
112,0,0,0,0,0,0,0,0,0
113,0,0,0,0,0,0,0,0,0
114,0,0,0,0,0,0,0,0,0
115,0,0,0,0,0,0,0,0,0
116,0,0,0,0,0,0,0,0,0
117,0,0,0,0,0,0,0,0,0
118,0,0,0,0,0,0,0,0,0
119,0,0,0,0,0,0,0,0,0
120,0,0,0,0,0,0,0,0,0
121,0,0,0,0,0,0,0,0,0
122,0,0,0,0,0,0,0,0,0
123,0,0,0,0,0,0,0,0,0
124,0,0,0,0,0,0,0,0,0
125,0,0,0,0,0,0,0,0,0
126,0,0,0,0,0,0,0,0,0
127,0,0,0,0,0,0,0,0,0
128,0,0,0,0,0,0,0,0,0
129,0,0,0,0,0,0,0,0,0
130,0,0,0,0,0,0,0,0,0
131,0,0,0,0,0,0,0,0,0
132,0,0,0,0,0,0,0,0,0
133,0,0,0,0,0,0,0,0,0
134,0,0,0,0,0,0,0,0,0
135,0,0,0,0,0,0,0,0,0
136,0,0,0,0,0,0,0,0,0
137,0,0,0,0,0,0,0,0,0
138,0,0,0,0,0,0,0,0,0
139,0,0,0,0,0,0,0,0,0
140,0,0,0,0,0,0,0,0,0
141,0,0,0,0,0,0,0,0,0
142,0,0,0,0,0,0,0,0,0
143,0,0,0,0,0,0,0,0,0
144,0,0,0,0,0,0,0,0,0
145,0,0,0,0,0,0,0,0,0
146,0,0,0,0,0,0,0,0,0
147,0,0,0,0,0,0,0,0,0
148,0,0,0,0,0,0,0,0,0
149,0,0,0,0,0,0,0,0,0
150,0,0,0,0,0,0,0,0,0
151,0,0,0,0,0,0,0,0,0
152,0,0,0,0,0,0,0,0,0
153,0,0,0,0,0,0,0,0,0
154,0,0,0,0,0,0,0,0,0
155,0,0,0,0,0,0,0,0,0
156,0,0,0,0,0,0,0,0,0
157,0,0,0,0,0,0,0,0,0
158,0,0,0,0,0,0,0,0,0
159,0,0,0,0,0,0,0,0,0
160,0,0,0,0,0,0,0,0,0
161,0,0,0,0,0,0,0,0,0
162,0,0,0,0,0,0,0,0,0
163,0,0,0,0,0,0,0,0,0
164,0,0,0,0,0,0,0,0,0
165,0,0,0,0,0,0,0,0,0
166,0,0,0,0,0,0,0,0,0
167,0,0,0,0,0,0,0,0,0
168,0,0,0,0,0,0,0,0,0
169,0,0,0,0,0,0,0,0,0
170,0,0,0,0,0,0,0,0,0
171,0,0,0,0,0,0,0,0,0
172,0,0,0,0,0,0,0,0,0
173,0,0,0,0,0,0,0,0,0
174,0,0,0,0,0,0,0,0,0
175,0,0,0,0,0,0,0,0,0
176,0,0,0,0,0,0,0,0,0
177,0,0,0,0,0,0,0,0,0
178,0,0,0,0,0,0,0,0,0
179,0,0,0,0,0,0,0,0,0
180,0,0,0,0,0,0,0,0,0
181,0,0,0,0,0,0,0,0,0
182,0,0,0,0,0,0,0,0,0
183,0,0,0,0,0,0,0,0,0
184,0,0,0,0,0,0,0,0,0
185,0,0,0,0,0,0,0,0,0
186,0,0,0,0,0,0,0,0,0
187,0,0,0,0,0,0,0,0,0
188,0,0,0,0,0,0,0,0,0
189,0,0,0,0,0,0,0,0,0
190,0,0,0,0,0,0,0,0,0
191,0,0,0,0,0,0,0,0,0
192,0,0,0,0,0,0,0,0,0
193,0,0,0,0,0,0,0,0,0
194,0,0,0,0,0,0,0,0,0
195,0,0,0,0,0,0,0,0,0
196,0,0,0,0,0,0,0,0,0
197,0,0,0,0,0,0,0,0,0
198,0,0,0,0,0,0,0,0,0
199,0,0,0,0,0,0,0,0,0
200,0,0,0,0,0,0,0,0,0
201,0,0,0,0,0,0,0,0,0
202,0,0,0,0,0,0,0,0,0
203,0,0,0,0,0,0,0,0,0
204,0,0,0,0,0,0,0,0,0
205,0,0,0,0,0,0,0,0,0
206,0,0,0,0,0,0,0,0,0
207,0,0,0,0,0,0,0,0,0
208,0,0,0,0,0,0,0,0,0
209,0,0,0,0,0,0,0,0,0
210,0,0,0,0,0,0,0,0,0
211,0,0,0,0,0,0,0,0,0
212,0,0,0,0,0,0,0,0,0
213,0,0,0,0,0,0,0,0,0
214,0,0,0,0,0,0,0,0,0
215,0,0,0,0,0,0,0,0,0
216,0,0,0,0,0,0,0,0,0
217,0,0,0,0,0,0,0,0,0
218,0,0,0,0,0,0,0,0,0
219,0,0,0,0,0,0,0,0,0
220,0,0,0,0,0,0,0,0,0
221,0,0,0,0,0,0,0,0,0
222,0,0,0,0,0,0,0,0,0
223,0,0,0,0,0,0,0,0,0
224,0,0,0,0,0,0,0,0,0
225,0,0,0,0,0,0,0,0,0
226,0,0,0,0,0,0,0,0,0
227,0,0,0,0,0,0,0,0,0
228,0,0,0,0,0,0,0,0,0
229,0,0,0,0,0,0,0,0,0
230,0,0,0,0,0,0,0,0,0
231,0,0,0,0,0,0,0,0,0
232,0,0,0,0,0,0,0,0,0
233,0,0,0,0,0,0,0,0,0
234,0,0,0,0,0,0,0,0,0
235,0,0,0,0,0,0,0,0,0
236,0,0,0,0,0,0,0,0,0
237,0,0,0,0,0,0,0,0,0
238,0,0,0,0,0,0,0,0,0
239,0,0,0,0,0,0,0,0,0
240,0,0,0,0,0,0,0,0,0
241,0,0,0,0,0,0,0,0,0
242,0,0,0,0,0,0,0,0,0
243,0,0,0,0,0,0,0,0,0
244,0,0,0,0,0,0,0,0,0
245,0,0,0,0,0,0,0,0,0
246,0,0,0,0,0,0,0,0,0
247,0,0,0,0,0,0,0,0,0
248,0,0,0,0,0,0,0,0,0
249,0,0,0,0,0,0,0,0,0
250,0,0,0,0,0,0,0,0,0
251,0,0,0,0,0,0,0,0,0
252,0,0,0,0,0,0,0,0,0
253,0,0,0,0,0,0,0,0,0
254,0,0,0,0,0,0,0,0,0
255,0,0,0,0,0,0,0,0,0
256,0,0,0,0,0,0,0,0,0
257,0,0,0,0,0,0,0,0,0
258,0,0,0,0,0,0,0,0,0
259,0,0,0,0,0,0,0,0,0
260,0,0,0,0,0,0,0,0,0
261,0,0,0,0,0,0,0,0,0
262,0,0,0,0,0,0,0,0,0
263,0,0,0,0,0,0,0,0,0
264,0,0,0,0,0,0,0,0,0
265,0,0,0,0,0,0,0,0,0
266,0,0,0,0,0,0,0,0,0
267,0,0,0,0,0,0,0,0,0
268,0,0,0,0,0,0,0,0,0
269,0,0,0,0,0,0,0,0,0
270,0,0,0,0,0,0,0,0,0
271,0,0,0,0,0,0,0,0,0
272,0,0,0,0,0,0,0,0,0
273,0,0,0,0,0,0,0,0,0
274,0,0,0,0,0,0,0,0,0
275,0,0,0,0,0,0,0,0,0
276,0,0,0,0,0,0,0,0,0
277,0,0,0,0,0,0,0,0,0
278,0,0,0,0,0,0,0,0,0
279,0,0,0,0,0,0,0,0,0
280,0,0,0,0,0,0,0,0,0
281,0,0,0,0,0,0,0,0,0
282,0,0,0,0,0,0,0,0,0
283,0,0,0,0,0,0,0,0,0
284,0,0,0,0,0,0,0,0,0
285,0,0,0,0,0,0,0,0,0
286,0,0,0,0,0,0,0,0,0
287,0,0,0,0,0,0,0,0,0
288,0,0,0,0,0,0,0,0,0
289,0,0,0,0,0,0,0,0,0
290,0,0,0,0,0,0,0,0,0
291,0,0,0,0,0,0,0,0,0
292,0,0,0,0,0,0,0,0,0
293,0,0,0,0,0,0,0,0,0
294,0,0,0,0,0,0,0,0,0
295,0,0,0,0,0,0,0,0,0
296,0,0,0,0,0,0,0,0,0
297,0,0,0,0,0,0,0,0,0
298,0,0,0,0,0,0,0,0,0
299,0,0,0,0,0,0,0,0,0
300,0,0,0,0,0,0,0,0,0
301,0,0,0,0,0,0,0,0,0
302,0,0,0,0,0,0,0,0,0
303,0,0,0,0,0,0,0,0,0
304,0,0,0,0,0,0,0,0,0
305,0,0,0,0,0,0,0,0,0
306,0,0,0,0,0,0,0,0,0
307,0,0,0,0,0,0,0,0,0
308,0,0,0,0,0,0,0,0,0
309,0,0,0,0,0,0,0,0,0
310,0,0,0,0,0,0,0,0,0
311,0,0,0,0,0,0,0,0,0
312,0,0,0,0,0,0,0,0,0
313,0,0,0,0,0,0,0,0,0
314,0,0,0,0,0,0,0,0,0
315,0,0,0,0,0,0,0,0,0
316,0,0,0,0,0,0,0,0,0
317,0,0,0,0,0,0,0,0,0
318,0,0,0,0,0,0,0,0,0
319,0,0,0,0,0,0,0,0,0
320,0,0,0,0,0,0,0,0,0
321,0,0,0,0,0,0,0,0,0
322,0,0,0,0,0,0,0,0,0
323,0,0,0,0,0,0,0,0,0
324,0,0,0,0,0,0,0,0,0
325,0,0,0,0,0,0,0,0,0
326,0,0,0,0,0,0,0,0,0
327,0,0,0,0,0,0,0,0,0
328,0,0,0,0,0,0,0,0,0
329,0,0,0,0,0,0,0,0,0
330,0,0,0,0,0,0,0,0,0
331,0,0,0,0,0,0,0,0,0
332,0,0,0,0,0,0,0,0,0
333,0,0,0,0,0,0,0,0,0
334,0,0,0,0,0,0,0,0,0
335,0,0,0,0,0,0,0,0,0
336,0,0,0,0,0,0,0,0,0
337,0,0,0,0,0,0,0,0,0
338,0,0,0,0,0,0,0,0,0
339,0,0,0,0,0,0,0,0,0
340,0,0,0,0,0,0,0,0,0
341,0,0,0,0,0,0,0,0,0
342,0,0,0,0,0,0,0,0,0
343,0,0,0,0,0,0,0,0,0
344,0,0,0,0,0,0,0,0,0
345,0,0,0,0,0,0,0,0,0
346,0,0,0,0,0,0,0,0,0
347,0,0,0,0,0,0,0,0,0
348,0,0,0,0,0,0,0,0,0
349,0,0,0,0,0,0,0,0,0
350,0,0,0,0,0,0,0,0,0
351,0,0,0,0,0,0,0,0,0
352,0,0,0,0,0,0,0,0,0
353,0,0,0,0,0,0,0,0,0
354,0,0,0,0,0,0,0,0,0
355,0,0,0,0,0,0,0,0,0
356,0,0,0,0,0,0,0,0,0
357,0,0,0,0,0,0,0,0,0
358,0,0,0,0,0,0,0,0,0
359,0,0,0,0,0,0,0,0,0
360,0,0,0,0,0,0,0,0,0
361,0,0,0,0,0,0,0,0,0
362,0,0,0,0,0,0,0,0,0
363,0,0,0,0,0,0,0,0,0
364,0,0,0,0,0,0,0,0,0
365,0,0,0,0,0,0,0,0,0
366,0,0,0,0,0,0,0,0,0
367,0,0,0,0,0,0,0,0,0
368,0,0,0,0,0,0,0,0,0
369,0,0,0,0,0,0,0,0,0
370,0,0,0,0,0,0,0,0,0
371,0,0,0,0,0,0,0,0,0
372,0,0,0,0,0,0,0,0,0
373,0,0,0,0,0,0,0,0,0
374,0,0,0,0,0,0,0,0,0
375,0,0,0,0,0,0,0,0,0
376,0,0,0,0,0,0,0,0,0
377,0,0,0,0,0,0,0,0,0
378,0,0,0,0,0,0,0,0,0
379,0,0,0,0,0,0,0,0,0
380,0,0,0,0,0,0,0,0,0
381,0,0,0,0,0,0,0,0,0
382,0,0,0,0,0,0,0,0,0
383,0,0,0,0,0,0,0,0,0
384,0,0,0,0,0,0,0,0,0
385,0,0,0,0,0,0,0,0,0
386,0,0,0,0,0,0,0,0,0
387,0,0,0,0,0,0,0,0,0
388,0,0,0,0,0,0,0,0,0
389,0,0,0,0,0,0,0,0,0
390,0,0,0,0,0,0,0,0,0
391,0,0,0,0,0,0,0,0,0
392,0,0,0,0,0,0,0,0,0
393,0,0,0,0,0,0,0,0,0
394,0,0,0,0,0,0,0,0,0
395,0,0,0,0,0,0,0,0,0
396,0,0,0,0,0,0,0,0,0
397,0,0,0,0,0,0,0,0,0
398,0,0,0,0,0,0,0,0,0
399,0,0,0,0,0,0,0,0,0
400,0,0,0,0,0,0,0,0,0
401,0,0,0,0,0,0,0,0,0
402,0,0,0,0,0,0,0,0,0
403,0,0,0,0,0,0,0,0,0
404,0,0,0,0,0,0,0,0,0
405,0,0,0,0,0,0,0,0,0
406,0,0,0,0,0,0,0,0,0
407,0,0,0,0,0,0,0,0,0
408,0,0,0,0,0,0,0,0,0
409,0,0,0,0,0,0,0,0,0
410,0,0,0,0,0,0,0,0,0
411,0,0,0,0,0,0,0,0,0
412,0,0,0,0,0,0,0,0,0
413,0,0,0,0,0,0,0,0,0
414,0,0,0,0,0,0,0,0,0
415,0,0,0,0,0,0,0,0,0
416,0,0,0,0,0,0,0,0,0
417,0,0,0,0,0,0,0,0,0
418,0,0,0,0,0,0,0,0,0
419,0,0,0,0,0,0,0,0,0
420,0,0,0,0,0,0,0,0,0
421,0,0,0,0,0,0,0,0,0
422,0,0,0,0,0,0,0,0,0
423,0,0,0,0,0,0,0,0,0
424,0,0,0,0,0,0,0,0,0
425,0,0,0,0,0,0,0,0,0
426,0,0,0,0,0,0,0,0,0
427,0,0,0,0,0,0,0,0,0
428,0,0,0,0,0,0,0,0,0
429,0,0,0,0,0,0,0,0,0
430,0,0,0,0,0,0,0,0,0
431,0,0,0,0,0,0,0,0,0
432,0,0,0,0,0,0,0,0,0
433,0,0,0,0,0,0,0,0,0
434,0,0,0,0,0,0,0,0,0
435,0,0,0,0,0,0,0,0,0
436,0,0,0,0,0,0,0,0,0
437,0,0,0,0,0,0,0,0,0
438,0,0,0,0,0,0,0,0,0
439,0,0,0,0,0,0,0,0,0
440,0,0,0,0,0,0,0,0,0
441,0,0,0,0,0,0,0,0,0
442,0,0,0,0,0,0,0,0,0
443,0,0,0,0,0,0,0,0,0
444,0,0,0,0,0,0,0,0,0
445,0,0,0,0,0,0,0,0,0
446,0,0,0,0,0,0,0,0,0
447,0,0,0,0,0,0,0,0,0
448,0,0,0,0,0,0,0,0,0
449,0,0,0,0,0,0,0,0,0
450,0,0,0,0,0,0,0,0,0
451,0,0,0,0,0,0,0,0,0
452,0,0,0,0,0,0,0,0,0
453,0,0,0,0,0,0,0,0,0
454,0,0,0,0,0,0,0,0,0
455,0,0,0,0,0,0,0,0,0
456,0,0,0,0,0,0,0,0,0
457,0,0,0,0,0,0,0,0,0
458,0,0,0,0,0,0,0,0,0
459,0,0,0,0,0,0,0,0,0
460,0,0,0,0,0,0,0,0,0
461,0,0,0,0,0,0,0,0,0
462,0,0,0,0,0,0,0,0,0
463,0,0,0,0,0,0,0,0,0
464,0,0,0,0,0,0,0,0,0
465,0,0,0,0,0,0,0,0,0
466,0,0,0,0,0,0,0,0,0
467,0,0,0,0,0,0,0,0,0
468,0,0,0,0,0,0,0,0,0
469,0,0,0,0,0,0,0,0,0
470,0,0,0,0,0,0,0,0,0
471,0,0,0,0,0,0,0,0,0
472,0,0,0,0,0,0,0,0,0
473,0,0,0,0,0,0,0,0,0
474,0,0,0,0,0,0,0,0,0
475,0,0,0,0,0,0,0,0,0
476,0,0,0,0,0,0,0,0,0
477,0,0,0,0,0,0,0,0,0
478,0,0,0,0,0,0,0,0,0
479,0,0,0,0,0,0,0,0,0
480,0,0,0,0,0,0,0,0,0
481,0,0,0,0,0,0,0,0,0
482,0,0,0,0,0,0,0,0,0
483,0,0,0,0,0,0,0,0,0
484,0,0,0,0,0,0,0,0,0
485,0,0,0,0,0,0,0,0,0
486,0,0,0,0,0,0,0,0,0
487,0,0,0,0,0,0,0,0,0
488,0,0,0,0,0,0,0,0,0
489,0,0,0,0,0,0,0,0,0
490,0,0,0,0,0,0,0,0,0
491,0,0,0,0,0,0,0,0,0
492,0,0,0,0,0,0,0,0,0
493,0,0,0,0,0,0,0,0,0
494,0,0,0,0,0,0,0,0,0
495,0,0,0,0,0,0,0,0,0
496,0,0,0,0,0,0,0,0,0
497,0,0,0,0,0,0,0,0,0
498,0,0,0,0,0,0,0,0,0
499,0,0,0,0,0,0,0,0,0
500,0,0,0,0,0,0,0,0,0
501,0,0,0,0,0,0,0,0,0
502,0,0,0,0,0,0,0,0,0
503,0,0,0,0,0,0,0,0,0
504,0,0,0,0,0,0,0,0,0
505,0,0,0,0,0,0,0,0,0
506,0,0,0,0,0,0,0,0,0
507,0,0,0,0,0,0,0,0,0
508,0,0,0,0,0,0,0,0,0
509,0,0,0,0,0,0,0,0,0
510,0,0,0,0,0,0,0,0,0
511,0,0,0,0,0,0,0,0,0
512,0,0,0,0,0,0,0,0,0
513,0,0,0,0,0,0,0,0,0
514,0,0,0,0,0,0,0,0,0
515,0,0,0,0,0,0,0,0,0
516,0,0,0,0,0,0,0,0,0
517,0,0,0,0,0,0,0,0,0
518,0,0,0,0,0,0,0,0,0
519,0,0,0,0,0,0,0,0,0
520,0,0,0,0,0,0,0,0,0
521,0,0,0,0,0,0,0,0,0
522,0,0,0,0,0,0,0,0,0
523,0,0,0,0,0,0,0,0,0
524,0,0,0,0,0,0,0,0,0
525,0,0,0,0,0,0,0,0,0
526,0,0,0,0,0,0,0,0,0
527,0,0,0,0,0,0,0,0,0
528,0,0,0,0,0,0,0,0,0
529,0,0,0,0,0,0,0,0,0
530,0,0,0,0,0,0,0,0,0
531,0,0,0,0,0,0,0,0,0
532,0,0,0,0,0,0,0,0,0
533,0,0,0,0,0,0,0,0,0
534,0,0,0,0,0,0,0,0,0
535,0,0,0,0,0,0,0,0,0
536,0,0,0,0,0,0,0,0,0
537,0,0,0,0,0,0,0,0,0
538,0,0,0,0,0,0,0,0,0
539,0,0,0,0,0,0,0,0,0
540,0,0,0,0,0,0,0,0,0
541,0,0,0,0,0,0,0,0,0
542,0,0,0,0,0,0,0,0,0
543,0,0,0,0,0,0,0,0,0
544,0,0,0,0,0,0,0,0,0
545,0,0,0,0,0,0,0,0,0
546,0,0,0,0,0,0,0,0,0
547,0,0,0,0,0,0,0,0,0
548,0,0,0,0,0,0,0,0,0
549,0,0,0,0,0,0,0,0,0
550,0,0,0,0,0,0,0,0,0
551,0,0,0,0,0,0,0,0,0
552,0,0,0,0,0,0,0,0,0
553,0,0,0,0,0,0,0,0,0
554,0,0,0,0,0,0,0,0,0
555,0,0,0,0,0,0,0,0,0
556,0,0,0,0,0,0,0,0,0
557,0,0,0,0,0,0,0,0,0
558,0,0,0,0,0,0,0,0,0
559,0,0,0,0,0,0,0,0,0
560,0,0,0,0,0,0,0,0,0
561,0,0,0,0,0,0,0,0,0
562,0,0,0,0,0,0,0,0,0
563,0,0,0,0,0,0,0,0,0
564,0,0,0,0,0,0,0,0,0
565,0,0,0,0,0,0,0,0,0
566,0,0,0,0,0,0,0,0,0
567,0,0,0,0,0,0,0,0,0
568,0,0,0,0,0,0,0,0,0
569,0,0,0,0,0,0,0,0,0
570,0,0,0,0,0,0,0,0,0
571,0,0,0,0,0,0,0,0,0
572,0,0,0,0,0,0,0,0,0
573,0,0,0,0,0,0,0,0,0
574,0,0,0,0,0,0,0,0,0
575,0,0,0,0,0,0,0,0,0
576,0,0,0,0,0,0,0,0,0
577,0,0,0,0,0,0,0,0,0
578,0,0,0,0,0,0,0,0,0
579,0,0,0,0,0,0,0,0,0
580,0,0,0,0,0,0,0,0,0
581,0,0,0,0,0,0,0,0,0
582,0,0,0,0,0,0,0,0,0
583,0,0,0,0,0,0,0,0,0
584,0,0,0,0,0,0,0,0,0
585,0,0,0,0,0,0,0,0,0
586,0,0,0,0,0,0,0,0,0
587,0,0,0,0,0,0,0,0,0
588,0,0,0,0,0,0,0,0,0
589,0,0,0,0,0,0,0,0,0
590,0,0,0,0,0,0,0,0,0
591,0,0,0,0,0,0,0,0,0
592,0,0,0,0,0,0,0,0,0
593,0,0,0,0,0,0,0,0,0
594,0,0,0,0,0,0,0,0,0
595,0,0,0,0,0,0,0,0,0
596,0,0,0,0,0,0,0,0,0
597,0,0,0,0,0,0,0,0,0
598,0,0,0,0,0,0,0,0,0
599,0,0,0,0,0,0,0,0,0
600,0,0,0,0,0,0,0,0,0
601,0,0,0,0,0,0,0,0,0
602,0,0,0,0,0,0,0,0,0
603,0,0,0,0,0,0,0,0,0
604,0,0,0,0,0,0,0,0,0
605,0,0,0,0,0,0,0,0,0
606,0,0,0,0,0,0,0,0,0
607,0,0,0,0,0,0,0,0,0
608,0,0,0,0,0,0,0,0,0
609,0,0,0,0,0,0,0,0,0
610,0,0,0,0,0,0,0,0,0
611,0,0,0,0,0,0,0,0,0
612,0,0,0,0,0,0,0,0,0
613,0,0,0,0,0,0,0,0,0
614,0,0,0,0,0,0,0,0,0
615,0,0,0,0,0,0,0,0,0
616,0,0,0,0,0,0,0,0,0
617,0,0,0,0,0,0,0,0,0
618,0,0,0,0,0,0,0,0,0
619,0,0,0,0,0,0,0,0,0
620,0,0,0,0,0,0,0,0,0
621,0,0,0,0,0,0,0,0,0
622,0,0,0,0,0,0,0,0,0
623,0,0,0,0,0,0,0,0,0
624,0,0,0,0,0,0,0,0,0
625,0,0,0,0,0,0,0,0,0
626,0,0,0,0,0,0,0,0,0
627,0,0,0,0,0,0,0,0,0
628,0,0,0,0,0,0,0,0,0
629,0,0,0,0,0,0,0,0,0
630,0,0,0,0,0,0,0,0,0
631,0,0,0,0,0,0,0,0,0
632,0,0,0,0,0,0,0,0,0
633,0,0,0,0,0,0,0,0,0
634,0,0,0,0,0,0,0,0,0
635,0,0,0,0,0,0,0,0,0
636,0,0,0,0,0,0,0,0,0
637,0,0,0,0,0,0,0,0,0
638,0,0,0,0,0,0,0,0,0
639,0,0,0,0,0,0,0,0,0
640,0,0,0,0,0,0,0,0,0
641,0,0,0,0,0,0,0,0,0
642,0,0,0,0,0,0,0,0,0
643,0,0,0,0,0,0,0,0,0
644,0,0,0,0,0,0,0,0,0
645,0,0,0,0,0,0,0,0,0
646,0,0,0,0,0,0,0,0,0
647,0,0,0,0,0,0,0,0,0
648,0,0,0,0,0,0,0,0,0
649,0,0,0,0,0,0,0,0,0
650,0,0,0,0,0,0,0,0,0
651,0,0,0,0,0,0,0,0,0
652,0,0,0,0,0,0,0,0,0
653,0,0,0,0,0,0,0,0,0
654,0,0,0,0,0,0,0,0,0
655,0,0,0,0,0,0,0,0,0
656,0,0,0,0,0,0,0,0,0
657,0,0,0,0,0,0,0,0,0
658,0,0,0,0,0,0,0,0,0
659,0,0,0,0,0,0,0,0,0
660,0,0,0,0,0,0,0,0,0
661,0,0,0,0,0,0,0,0,0
662,0,0,0,0,0,0,0,0,0
663,0,0,0,0,0,0,0,0,0
664,0,0,0,0,0,0,0,0,0
665,0,0,0,0,0,0,0,0,0
666,0,0,0,0,0,0,0,0,0
667,0,0,0,0,0,0,0,0,0
668,0,0,0,0,0,0,0,0,0
669,0,0,0,0,0,0,0,0,0
670,0,0,0,0,0,0,0,0,0
671,0,0,0,0,0,0,0,0,0
672,0,0,0,0,0,0,0,0,0
673,0,0,0,0,0,0,0,0,0
674,0,0,0,0,0,0,0,0,0
675,0,0,0,0,0,0,0,0,0
676,0,0,0,0,0,0,0,0,0
677,0,0,0,0,0,0,0,0,0
678,0,0,0,0,0,0,0,0,0
679,0,0,0,0,0,0,0,0,0
680,0,0,0,0,0,0,0,0,0
681,0,0,0,0,0,0,0,0,0
682,0,0,0,0,0,0,0,0,0
683,0,0,0,0,0,0,0,0,0
684,0,0,0,0,0,0,0,0,0
685,0,0,0,0,0,0,0,0,0
686,0,0,0,0,0,0,0,0,0
687,0,0,0,0,0,0,0,0,0
688,0,0,0,0,0,0,0,0,0
689,0,0,0,0,0,0,0,0,0
690,0,0,0,0,0,0,0,0,0
691,0,0,0,0,0,0,0,0,0
692,0,0,0,0,0,0,0,0,0
693,0,0,0,0,0,0,0,0,0
694,0,0,0,0,0,0,0,0,0
695,0,0,0,0,0,0,0,0,0
696,0,0,0,0,0,0,0,0,0
697,0,0,0,0,0,0,0,0,0
698,0,0,0,0,0,0,0,0,0
699,0,0,0,0,0,0,0,0,0
700,0,0,0,0,0,0,0,0,0
701,0,0,0,0,0,0,0,0,0
702,0,0,0,0,0,0,0,0,0
703,0,0,0,0,0,0,0,0,0
704,0,0,0,0,0,0,0,0,0
705,0,0,0,0,0,0,0,0,0
706,0,0,0,0,0,0,0,0,0
707,0,0,0,0,0,0,0,0,0
708,0,0,0,0,0,0,0,0,0
709,0,0,0,0,0,0,0,0,0
710,0,0,0,0,0,0,0,0,0
711,0,0,0,0,0,0,0,0,0
712,0,0,0,0,0,0,0,0,0
713,0,0,0,0,0,0,0,0,0
714,0,0,0,0,0,0,0,0,0
715,0,0,0,0,0,0,0,0,0
716,0,0,0,0,0,0,0,0,0
717,0,0,0,0,0,0,0,0,0
718,0,0,0,0,0,0,0,0,0
719,0,0,0,0,0,0,0,0,0
720,0,0,0,0,0,0,0,0,0
721,0,0,0,0,0,0,0,0,0
722,0,0,0,0,0,0,0,0,0
723,0,0,0,0,0,0,0,0,0
724,0,0,0,0,0,0,0,0,0
725,0,0,0,0,0,0,0,0,0
726,0,0,0,0,0,0,0,0,0
727,0,0,0,0,0,0,0,0,0
728,0,0,0,0,0,0,0,0,0
729,0,0,0,0,0,0,0,0,0
730,0,0,0,0,0,0,0,0,0
731,0,0,0,0,0,0,0,0,0
732,0,0,0,0,0,0,0,0,0
733,0,0,0,0,0,0,0,0,0
734,0,0,0,0,0,0,0,0,0
735,0,0,0,0,0,0,0,0,0
736,0,0,0,0,0,0,0,0,0
737,0,0,0,0,0,0,0,0,0
738,0,0,0,0,0,0,0,0,0
739,0,0,0,0,0,0,0,0,0
740,0,0,0,0,0,0,0,0,0
741,0,0,0,0,0,0,0,0,0
742,0,0,0,0,0,0,0,0,0
743,0,0,0,0,0,0,0,0,0
744,0,0,0,0,0,0,0,0,0
745,0,0,0,0,0,0,0,0,0
746,0,0,0,0,0,0,0,0,0
747,0,0,0,0,0,0,0,0,0
748,0,0,0,0,0,0,0,0,0
749,0,0,0,0,0,0,0,0,0
750,0,0,0,0,0,0,0,0,0
0,194,7257,201425,4077983,57373546,517292847,2626655236,5935079656,3356972874
1,96,2490,58577,975901,11313809,84067620,351932802,655636357,305668643
2,53,1014,19592,261199,2405908,14153474,46810324,68748995,25217467
3,29,564,9220,104559,816843,4069431,11379803,14127547,4384423
4,8,200,2938,29385,200723,870069,2108635,2271815,613219
5,6,136,1824,15679,91891,346505,732467,689910,163077
6,6,100,1143,9020,47197,156719,292191,243025,50910
7,4,75,797,5732,28235,88381,157744,124306,24655
8,2,48,476,3308,15709,46702,80035,61103,11806
9,2,38,341,2202,9573,25592,39308,26390,4448
10,0,22,234,1293,5228,13074,18594,11688,1750
11,0,6,56,324,1225,2717,3343,1835,248
12,0,6,53,299,1117,2409,2914,1577,213
13,0,6,53,290,1022,2084,2431,1215,146
14,0,6,52,256,900,1630,1677,718,77
15,0,6,51,242,800,1421,1442,632,63
16,0,6,41,198,623,975,912,393,38
17,0,6,41,170,502,747,658,272,28
18,0,6,41,148,428,634,536,220,21
19,0,6,38,140,393,531,428,168,15
20,0,6,38,133,364,464,360,127,9
21,0,6,32,121,319,386,305,99,7
22,0,4,27,98,253,306,223,66,7
23,0,4,27,98,253,306,223,66,7
24,0,4,27,92,217,241,166,41,4
25,0,4,20,57,114,124,76,12,1
26,0,4,20,57,114,124,76,12,1
27,0,4,20,48,92,109,64,11,1
28,0,4,17,42,78,95,48,7,0
29,0,3,11,28,41,61,34,3,0
30,0,3,10,24,32,46,25,1,0
31,0,3,10,17,28,30,7,0,0
32,0,2,8,13,19,29,7,0,0
33,0,2,8,13,19,29,7,0,0
34,0,2,5,7,11,19,4,0,0
35,0,2,5,1,0,0,0,0,0
36,0,0,2,0,0,0,0,0,0
37,0,0,2,0,0,0,0,0,0
38,0,0,2,0,0,0,0,0,0
39,0,0,2,0,0,0,0,0,0
40,0,0,2,0,0,0,0,0,0
41,0,0,2,0,0,0,0,0,0
42,0,0,2,0,0,0,0,0,0
43,0,0,2,0,0,0,0,0,0
44,0,0,2,0,0,0,0,0,0
45,0,0,2,0,0,0,0,0,0
46,0,0,2,0,0,0,0,0,0
47,0,0,2,0,0,0,0,0,0
48,0,0,2,0,0,0,0,0,0
49,0,0,2,0,0,0,0,0,0
50,0,0,2,0,0,0,0,0,0
51,0,0,2,0,0,0,0,0,0
52,0,0,2,0,0,0,0,0,0
53,0,0,2,0,0,0,0,0,0
54,0,0,2,0,0,0,0,0,0
55,0,0,2,0,0,0,0,0,0
56,0,0,2,0,0,0,0,0,0
57,0,0,2,0,0,0,0,0,0
58,0,0,2,0,0,0,0,0,0
59,0,0,2,0,0,0,0,0,0
60,0,0,2,0,0,0,0,0,0
61,0,0,2,0,0,0,0,0,0
62,0,0,2,0,0,0,0,0,0
63,0,0,0,0,0,0,0,0,0
64,0,0,0,0,0,0,0,0,0
65,0,0,0,0,0,0,0,0,0
66,0,0,0,0,0,0,0,0,0
67,0,0,0,0,0,0,0,0,0
68,0,0,0,0,0,0,0,0,0
69,0,0,0,0,0,0,0,0,0
70,0,0,0,0,0,0,0,0,0
71,0,0,0,0,0,0,0,0,0
72,0,0,0,0,0,0,0,0,0
73,0,0,0,0,0,0,0,0,0
74,0,0,0,0,0,0,0,0,0
75,0,0,0,0,0,0,0,0,0
76,0,0,0,0,0,0,0,0,0
77,0,0,0,0,0,0,0,0,0
78,0,0,0,0,0,0,0,0,0
79,0,0,0,0,0,0,0,0,0
80,0,0,0,0,0,0,0,0,0
81,0,0,0,0,0,0,0,0,0
82,0,0,0,0,0,0,0,0,0
83,0,0,0,0,0,0,0,0,0
84,0,0,0,0,0,0,0,0,0
85,0,0,0,0,0,0,0,0,0
86,0,0,0,0,0,0,0,0,0
87,0,0,0,0,0,0,0,0,0
88,0,0,0,0,0,0,0,0,0
89,0,0,0,0,0,0,0,0,0
90,0,0,0,0,0,0,0,0,0
91,0,0,0,0,0,0,0,0,0
92,0,0,0,0,0,0,0,0,0
93,0,0,0,0,0,0,0,0,0
94,0,0,0,0,0,0,0,0,0
95,0,0,0,0,0,0,0,0,0
96,0,0,0,0,0,0,0,0,0
97,0,0,0,0,0,0,0,0,0
98,0,0,0,0,0,0,0,0,0
99,0,0,0,0,0,0,0,0,0
100,0,0,0,0,0,0,0,0,0
101,0,0,0,0,0,0,0,0,0
102,0,0,0,0,0,0,0,0,0
103,0,0,0,0,0,0,0,0,0
104,0,0,0,0,0,0,0,0,0
105,0,0,0,0,0,0,0,0,0
106,0,0,0,0,0,0,0,0,0
107,0,0,0,0,0,0,0,0,0
108,0,0,0,0,0,0,0,0,0
109,0,0,0,0,0,0,0,0,0
110,0,0,0,0,0,0,0,0,0
111,0,0,0,0,0,0,0,0,0
112,0,0,0,0,0,0,0,0,0
113,0,0,0,0,0,0,0,0,0
114,0,0,0,0,0,0,0,0,0
115,0,0,0,0,0,0,0,0,0
116,0,0,0,0,0,0,0,0,0
117,0,0,0,0,0,0,0,0,0
118,0,0,0,0,0,0,0,0,0
119,0,0,0,0,0,0,0,0,0
120,0,0,0,0,0,0,0,0,0
121,0,0,0,0,0,0,0,0,0
122,0,0,0,0,0,0,0,0,0
123,0,0,0,0,0,0,0,0,0
124,0,0,0,0,0,0,0,0,0
125,0,0,0,0,0,0,0,0,0
126,0,0,0,0,0,0,0,0,0
127,0,0,0,0,0,0,0,0,0
128,0,0,0,0,0,0,0,0,0
129,0,0,0,0,0,0,0,0,0
130,0,0,0,0,0,0,0,0,0
131,0,0,0,0,0,0,0,0,0
132,0,0,0,0,0,0,0,0,0
133,0,0,0,0,0,0,0,0,0
134,0,0,0,0,0,0,0,0,0
135,0,0,0,0,0,0,0,0,0
136,0,0,0,0,0,0,0,0,0
137,0,0,0,0,0,0,0,0,0
138,0,0,0,0,0,0,0,0,0
139,0,0,0,0,0,0,0,0,0
140,0,0,0,0,0,0,0,0,0
141,0,0,0,0,0,0,0,0,0
142,0,0,0,0,0,0,0,0,0
143,0,0,0,0,0,0,0,0,0
144,0,0,0,0,0,0,0,0,0
145,0,0,0,0,0,0,0,0,0
146,0,0,0,0,0,0,0,0,0
147,0,0,0,0,0,0,0,0,0
148,0,0,0,0,0,0,0,0,0
149,0,0,0,0,0,0,0,0,0
150,0,0,0,0,0,0,0,0,0
151,0,0,0,0,0,0,0,0,0
152,0,0,0,0,0,0,0,0,0
153,0,0,0,0,0,0,0,0,0
154,0,0,0,0,0,0,0,0,0
155,0,0,0,0,0,0,0,0,0
156,0,0,0,0,0,0,0,0,0
157,0,0,0,0,0,0,0,0,0
158,0,0,0,0,0,0,0,0,0
159,0,0,0,0,0,0,0,0,0
160,0,0,0,0,0,0,0,0,0
161,0,0,0,0,0,0,0,0,0
162,0,0,0,0,0,0,0,0,0
163,0,0,0,0,0,0,0,0,0
164,0,0,0,0,0,0,0,0,0
165,0,0,0,0,0,0,0,0,0
166,0,0,0,0,0,0,0,0,0
167,0,0,0,0,0,0,0,0,0
168,0,0,0,0,0,0,0,0,0
169,0,0,0,0,0,0,0,0,0
170,0,0,0,0,0,0,0,0,0
171,0,0,0,0,0,0,0,0,0
172,0,0,0,0,0,0,0,0,0
173,0,0,0,0,0,0,0,0,0
174,0,0,0,0,0,0,0,0,0
175,0,0,0,0,0,0,0,0,0
176,0,0,0,0,0,0,0,0,0
177,0,0,0,0,0,0,0,0,0
178,0,0,0,0,0,0,0,0,0
179,0,0,0,0,0,0,0,0,0
180,0,0,0,0,0,0,0,0,0
181,0,0,0,0,0,0,0,0,0
182,0,0,0,0,0,0,0,0,0
183,0,0,0,0,0,0,0,0,0
184,0,0,0,0,0,0,0,0,0
185,0,0,0,0,0,0,0,0,0
186,0,0,0,0,0,0,0,0,0
187,0,0,0,0,0,0,0,0,0
188,0,0,0,0,0,0,0,0,0
189,0,0,0,0,0,0,0,0,0
190,0,0,0,0,0,0,0,0,0
191,0,0,0,0,0,0,0,0,0
192,0,0,0,0,0,0,0,0,0
193,0,0,0,0,0,0,0,0,0
194,0,0,0,0,0,0,0,0,0
195,0,0,0,0,0,0,0,0,0
196,0,0,0,0,0,0,0,0,0
197,0,0,0,0,0,0,0,0,0
198,0,0,0,0,0,0,0,0,0
199,0,0,0,0,0,0,0,0,0
200,0,0,0,0,0,0,0,0,0
201,0,0,0,0,0,0,0,0,0
202,0,0,0,0,0,0,0,0,0
203,0,0,0,0,0,0,0,0,0
204,0,0,0,0,0,0,0,0,0
205,0,0,0,0,0,0,0,0,0
206,0,0,0,0,0,0,0,0,0
207,0,0,0,0,0,0,0,0,0
208,0,0,0,0,0,0,0,0,0
209,0,0,0,0,0,0,0,0,0
210,0,0,0,0,0,0,0,0,0
211,0,0,0,0,0,0,0,0,0
212,0,0,0,0,0,0,0,0,0
213,0,0,0,0,0,0,0,0,0
214,0,0,0,0,0,0,0,0,0
215,0,0,0,0,0,0,0,0,0
216,0,0,0,0,0,0,0,0,0
217,0,0,0,0,0,0,0,0,0
218,0,0,0,0,0,0,0,0,0
219,0,0,0,0,0,0,0,0,0
220,0,0,0,0,0,0,0,0,0
221,0,0,0,0,0,0,0,0,0
222,0,0,0,0,0,0,0,0,0
223,0,0,0,0,0,0,0,0,0
224,0,0,0,0,0,0,0,0,0
225,0,0,0,0,0,0,0,0,0
226,0,0,0,0,0,0,0,0,0
227,0,0,0,0,0,0,0,0,0
228,0,0,0,0,0,0,0,0,0
229,0,0,0,0,0,0,0,0,0
230,0,0,0,0,0,0,0,0,0
231,0,0,0,0,0,0,0,0,0
232,0,0,0,0,0,0,0,0,0
233,0,0,0,0,0,0,0,0,0
234,0,0,0,0,0,0,0,0,0
235,0,0,0,0,0,0,0,0,0
236,0,0,0,0,0,0,0,0,0
237,0,0,0,0,0,0,0,0,0
238,0,0,0,0,0,0,0,0,0
239,0,0,0,0,0,0,0,0,0
240,0,0,0,0,0,0,0,0,0
241,0,0,0,0,0,0,0,0,0
242,0,0,0,0,0,0,0,0,0
243,0,0,0,0,0,0,0,0,0
244,0,0,0,0,0,0,0,0,0
245,0,0,0,0,0,0,0,0,0
246,0,0,0,0,0,0,0,0,0
247,0,0,0,0,0,0,0,0,0
248,0,0,0,0,0,0,0,0,0
249,0,0,0,0,0,0,0,0,0
250,0,0,0,0,0,0,0,0,0
251,0,0,0,0,0,0,0,0,0
252,0,0,0,0,0,0,0,0,0
253,0,0,0,0,0,0,0,0,0
254,0,0,0,0,0,0,0,0,0
255,0,0,0,0,0,0,0,0,0
256,0,0,0,0,0,0,0,0,0
257,0,0,0,0,0,0,0,0,0
258,0,0,0,0,0,0,0,0,0
259,0,0,0,0,0,0,0,0,0
260,0,0,0,0,0,0,0,0,0
261,0,0,0,0,0,0,0,0,0
262,0,0,0,0,0,0,0,0,0
263,0,0,0,0,0,0,0,0,0
264,0,0,0,0,0,0,0,0,0
265,0,0,0,0,0,0,0,0,0
266,0,0,0,0,0,0,0,0,0
267,0,0,0,0,0,0,0,0,0
268,0,0,0,0,0,0,0,0,0
269,0,0,0,0,0,0,0,0,0
270,0,0,0,0,0,0,0,0,0
271,0,0,0,0,0,0,0,0,0
272,0,0,0,0,0,0,0,0,0
273,0,0,0,0,0,0,0,0,0
274,0,0,0,0,0,0,0,0,0
275,0,0,0,0,0,0,0,0,0
276,0,0,0,0,0,0,0,0,0
277,0,0,0,0,0,0,0,0,0
278,0,0,0,0,0,0,0,0,0
279,0,0,0,0,0,0,0,0,0
280,0,0,0,0,0,0,0,0,0
281,0,0,0,0,0,0,0,0,0
282,0,0,0,0,0,0,0,0,0
283,0,0,0,0,0,0,0,0,0
284,0,0,0,0,0,0,0,0,0
285,0,0,0,0,0,0,0,0,0
286,0,0,0,0,0,0,0,0,0
287,0,0,0,0,0,0,0,0,0
288,0,0,0,0,0,0,0,0,0
289,0,0,0,0,0,0,0,0,0
290,0,0,0,0,0,0,0,0,0
291,0,0,0,0,0,0,0,0,0
292,0,0,0,0,0,0,0,0,0
293,0,0,0,0,0,0,0,0,0
294,0,0,0,0,0,0,0,0,0
295,0,0,0,0,0,0,0,0,0
296,0,0,0,0,0,0,0,0,0
297,0,0,0,0,0,0,0,0,0
298,0,0,0,0,0,0,0,0,0
299,0,0,0,0,0,0,0,0,0
300,0,0,0,0,0,0,0,0,0
301,0,0,0,0,0,0,0,0,0
302,0,0,0,0,0,0,0,0,0
303,0,0,0,0,0,0,0,0,0
304,0,0,0,0,0,0,0,0,0
305,0,0,0,0,0,0,0,0,0
306,0,0,0,0,0,0,0,0,0
307,0,0,0,0,0,0,0,0,0
308,0,0,0,0,0,0,0,0,0
309,0,0,0,0,0,0,0,0,0
310,0,0,0,0,0,0,0,0,0
311,0,0,0,0,0,0,0,0,0
312,0,0,0,0,0,0,0,0,0
313,0,0,0,0,0,0,0,0,0
314,0,0,0,0,0,0,0,0,0
315,0,0,0,0,0,0,0,0,0
316,0,0,0,0,0,0,0,0,0
317,0,0,0,0,0,0,0,0,0
318,0,0,0,0,0,0,0,0,0
319,0,0,0,0,0,0,0,0,0
320,0,0,0,0,0,0,0,0,0
321,0,0,0,0,0,0,0,0,0
322,0,0,0,0,0,0,0,0,0
323,0,0,0,0,0,0,0,0,0
324,0,0,0,0,0,0,0,0,0
325,0,0,0,0,0,0,0,0,0
326,0,0,0,0,0,0,0,0,0
327,0,0,0,0,0,0,0,0,0
328,0,0,0,0,0,0,0,0,0
329,0,0,0,0,0,0,0,0,0
330,0,0,0,0,0,0,0,0,0
331,0,0,0,0,0,0,0,0,0
332,0,0,0,0,0,0,0,0,0
333,0,0,0,0,0,0,0,0,0
334,0,0,0,0,0,0,0,0,0
335,0,0,0,0,0,0,0,0,0
336,0,0,0,0,0,0,0,0,0
337,0,0,0,0,0,0,0,0,0
338,0,0,0,0,0,0,0,0,0
339,0,0,0,0,0,0,0,0,0
340,0,0,0,0,0,0,0,0,0
341,0,0,0,0,0,0,0,0,0
342,0,0,0,0,0,0,0,0,0
343,0,0,0,0,0,0,0,0,0
344,0,0,0,0,0,0,0,0,0
345,0,0,0,0,0,0,0,0,0
346,0,0,0,0,0,0,0,0,0
347,0,0,0,0,0,0,0,0,0
348,0,0,0,0,0,0,0,0,0
349,0,0,0,0,0,0,0,0,0
350,0,0,0,0,0,0,0,0,0
351,0,0,0,0,0,0,0,0,0
352,0,0,0,0,0,0,0,0,0
353,0,0,0,0,0,0,0,0,0
354,0,0,0,0,0,0,0,0,0
355,0,0,0,0,0,0,0,0,0
356,0,0,0,0,0,0,0,0,0
357,0,0,0,0,0,0,0,0,0
358,0,0,0,0,0,0,0,0,0
359,0,0,0,0,0,0,0,0,0
360,0,0,0,0,0,0,0,0,0
361,0,0,0,0,0,0,0,0,0
362,0,0,0,0,0,0,0,0,0
363,0,0,0,0,0,0,0,0,0
364,0,0,0,0,0,0,0,0,0
365,0,0,0,0,0,0,0,0,0
366,0,0,0,0,0,0,0,0,0
367,0,0,0,0,0,0,0,0,0
368,0,0,0,0,0,0,0,0,0
369,0,0,0,0,0,0,0,0,0
370,0,0,0,0,0,0,0,0,0
371,0,0,0,0,0,0,0,0,0
372,0,0,0,0,0,0,0,0,0
373,0,0,0,0,0,0,0,0,0
374,0,0,0,0,0,0,0,0,0
375,0,0,0,0,0,0,0,0,0
376,0,0,0,0,0,0,0,0,0
377,0,0,0,0,0,0,0,0,0
378,0,0,0,0,0,0,0,0,0
379,0,0,0,0,0,0,0,0,0
380,0,0,0,0,0,0,0,0,0
381,0,0,0,0,0,0,0,0,0
382,0,0,0,0,0,0,0,0,0
383,0,0,0,0,0,0,0,0,0
384,0,0,0,0,0,0,0,0,0
385,0,0,0,0,0,0,0,0,0
386,0,0,0,0,0,0,0,0,0
387,0,0,0,0,0,0,0,0,0
388,0,0,0,0,0,0,0,0,0
389,0,0,0,0,0,0,0,0,0
390,0,0,0,0,0,0,0,0,0
391,0,0,0,0,0,0,0,0,0
392,0,0,0,0,0,0,0,0,0
393,0,0,0,0,0,0,0,0,0
394,0,0,0,0,0,0,0,0,0
395,0,0,0,0,0,0,0,0,0
396,0,0,0,0,0,0,0,0,0
397,0,0,0,0,0,0,0,0,0
398,0,0,0,0,0,0,0,0,0
399,0,0,0,0,0,0,0,0,0
400,0,0,0,0,0,0,0,0,0
401,0,0,0,0,0,0,0,0,0
402,0,0,0,0,0,0,0,0,0
403,0,0,0,0,0,0,0,0,0
404,0,0,0,0,0,0,0,0,0
405,0,0,0,0,0,0,0,0,0
406,0,0,0,0,0,0,0,0,0
407,0,0,0,0,0,0,0,0,0
408,0,0,0,0,0,0,0,0,0
409,0,0,0,0,0,0,0,0,0
410,0,0,0,0,0,0,0,0,0
411,0,0,0,0,0,0,0,0,0
412,0,0,0,0,0,0,0,0,0
413,0,0,0,0,0,0,0,0,0
414,0,0,0,0,0,0,0,0,0
415,0,0,0,0,0,0,0,0,0
416,0,0,0,0,0,0,0,0,0
417,0,0,0,0,0,0,0,0,0
418,0,0,0,0,0,0,0,0,0
419,0,0,0,0,0,0,0,0,0
420,0,0,0,0,0,0,0,0,0
421,0,0,0,0,0,0,0,0,0
422,0,0,0,0,0,0,0,0,0
423,0,0,0,0,0,0,0,0,0
424,0,0,0,0,0,0,0,0,0
425,0,0,0,0,0,0,0,0,0
426,0,0,0,0,0,0,0,0,0
427,0,0,0,0,0,0,0,0,0
428,0,0,0,0,0,0,0,0,0
429,0,0,0,0,0,0,0,0,0
430,0,0,0,0,0,0,0,0,0
431,0,0,0,0,0,0,0,0,0
432,0,0,0,0,0,0,0,0,0
433,0,0,0,0,0,0,0,0,0
434,0,0,0,0,0,0,0,0,0
435,0,0,0,0,0,0,0,0,0
436,0,0,0,0,0,0,0,0,0
437,0,0,0,0,0,0,0,0,0
438,0,0,0,0,0,0,0,0,0
439,0,0,0,0,0,0,0,0,0
440,0,0,0,0,0,0,0,0,0
441,0,0,0,0,0,0,0,0,0
442,0,0,0,0,0,0,0,0,0
443,0,0,0,0,0,0,0,0,0
444,0,0,0,0,0,0,0,0,0
445,0,0,0,0,0,0,0,0,0
446,0,0,0,0,0,0,0,0,0
447,0,0,0,0,0,0,0,0,0
448,0,0,0,0,0,0,0,0,0
449,0,0,0,0,0,0,0,0,0
450,0,0,0,0,0,0,0,0,0
451,0,0,0,0,0,0,0,0,0
452,0,0,0,0,0,0,0,0,0
453,0,0,0,0,0,0,0,0,0
454,0,0,0,0,0,0,0,0,0
455,0,0,0,0,0,0,0,0,0
456,0,0,0,0,0,0,0,0,0
457,0,0,0,0,0,0,0,0,0
458,0,0,0,0,0,0,0,0,0
459,0,0,0,0,0,0,0,0,0
460,0,0,0,0,0,0,0,0,0
461,0,0,0,0,0,0,0,0,0
462,0,0,0,0,0,0,0,0,0
463,0,0,0,0,0,0,0,0,0
464,0,0,0,0,0,0,0,0,0
465,0,0,0,0,0,0,0,0,0
466,0,0,0,0,0,0,0,0,0
467,0,0,0,0,0,0,0,0,0
468,0,0,0,0,0,0,0,0,0
469,0,0,0,0,0,0,0,0,0
470,0,0,0,0,0,0,0,0,0
471,0,0,0,0,0,0,0,0,0
472,0,0,0,0,0,0,0,0,0
473,0,0,0,0,0,0,0,0,0
474,0,0,0,0,0,0,0,0,0
475,0,0,0,0,0,0,0,0,0
476,0,0,0,0,0,0,0,0,0
477,0,0,0,0,0,0,0,0,0
478,0,0,0,0,0,0,0,0,0
479,0,0,0,0,0,0,0,0,0
480,0,0,0,0,0,0,0,0,0
481,0,0,0,0,0,0,0,0,0
482,0,0,0,0,0,0,0,0,0
483,0,0,0,0,0,0,0,0,0
484,0,0,0,0,0,0,0,0,0
485,0,0,0,0,0,0,0,0,0
486,0,0,0,0,0,0,0,0,0
487,0,0,0,0,0,0,0,0,0
488,0,0,0,0,0,0,0,0,0
489,0,0,0,0,0,0,0,0,0
490,0,0,0,0,0,0,0,0,0
491,0,0,0,0,0,0,0,0,0
492,0,0,0,0,0,0,0,0,0
493,0,0,0,0,0,0,0,0,0
494,0,0,0,0,0,0,0,0,0
495,0,0,0,0,0,0,0,0,0
496,0,0,0,0,0,0,0,0,0
497,0,0,0,0,0,0,0,0,0
498,0,0,0,0,0,0,0,0,0
499,0,0,0,0,0,0,0,0,0
500,0,0,0,0,0,0,0,0,0
501,0,0,0,0,0,0,0,0,0
502,0,0,0,0,0,0,0,0,0
503,0,0,0,0,0,0,0,0,0
504,0,0,0,0,0,0,0,0,0
505,0,0,0,0,0,0,0,0,0
506,0,0,0,0,0,0,0,0,0
507,0,0,0,0,0,0,0,0,0
508,0,0,0,0,0,0,0,0,0
509,0,0,0,0,0,0,0,0,0
510,0,0,0,0,0,0,0,0,0
511,0,0,0,0,0,0,0,0,0
512,0,0,0,0,0,0,0,0,0
513,0,0,0,0,0,0,0,0,0
514,0,0,0,0,0,0,0,0,0
515,0,0,0,0,0,0,0,0,0
516,0,0,0,0,0,0,0,0,0
517,0,0,0,0,0,0,0,0,0
518,0,0,0,0,0,0,0,0,0
519,0,0,0,0,0,0,0,0,0
520,0,0,0,0,0,0,0,0,0
521,0,0,0,0,0,0,0,0,0
522,0,0,0,0,0,0,0,0,0
523,0,0,0,0,0,0,0,0,0
524,0,0,0,0,0,0,0,0,0
525,0,0,0,0,0,0,0,0,0
526,0,0,0,0,0,0,0,0,0
527,0,0,0,0,0,0,0,0,0
528,0,0,0,0,0,0,0,0,0
529,0,0,0,0,0,0,0,0,0
530,0,0,0,0,0,0,0,0,0
531,0,0,0,0,0,0,0,0,0
532,0,0,0,0,0,0,0,0,0
533,0,0,0,0,0,0,0,0,0
534,0,0,0,0,0,0,0,0,0
535,0,0,0,0,0,0,0,0,0
536,0,0,0,0,0,0,0,0,0
537,0,0,0,0,0,0,0,0,0
538,0,0,0,0,0,0,0,0,0
539,0,0,0,0,0,0,0,0,0
540,0,0,0,0,0,0,0,0,0
541,0,0,0,0,0,0,0,0,0
542,0,0,0,0,0,0,0,0,0
543,0,0,0,0,0,0,0,0,0
544,0,0,0,0,0,0,0,0,0
545,0,0,0,0,0,0,0,0,0
546,0,0,0,0,0,0,0,0,0
547,0,0,0,0,0,0,0,0,0
548,0,0,0,0,0,0,0,0,0
549,0,0,0,0,0,0,0,0,0
550,0,0,0,0,0,0,0,0,0
551,0,0,0,0,0,0,0,0,0
552,0,0,0,0,0,0,0,0,0
553,0,0,0,0,0,0,0,0,0
554,0,0,0,0,0,0,0,0,0
555,0,0,0,0,0,0,0,0,0
556,0,0,0,0,0,0,0,0,0
557,0,0,0,0,0,0,0,0,0
558,0,0,0,0,0,0,0,0,0
559,0,0,0,0,0,0,0,0,0
560,0,0,0,0,0,0,0,0,0
561,0,0,0,0,0,0,0,0,0
562,0,0,0,0,0,0,0,0,0
563,0,0,0,0,0,0,0,0,0
564,0,0,0,0,0,0,0,0,0
565,0,0,0,0,0,0,0,0,0
566,0,0,0,0,0,0,0,0,0
567,0,0,0,0,0,0,0,0,0
568,0,0,0,0,0,0,0,0,0
569,0,0,0,0,0,0,0,0,0
570,0,0,0,0,0,0,0,0,0
571,0,0,0,0,0,0,0,0,0
572,0,0,0,0,0,0,0,0,0
573,0,0,0,0,0,0,0,0,0
574,0,0,0,0,0,0,0,0,0
575,0,0,0,0,0,0,0,0,0
576,0,0,0,0,0,0,0,0,0
577,0,0,0,0,0,0,0,0,0
578,0,0,0,0,0,0,0,0,0
579,0,0,0,0,0,0,0,0,0
580,0,0,0,0,0,0,0,0,0
581,0,0,0,0,0,0,0,0,0
582,0,0,0,0,0,0,0,0,0
583,0,0,0,0,0,0,0,0,0
584,0,0,0,0,0,0,0,0,0
585,0,0,0,0,0,0,0,0,0
586,0,0,0,0,0,0,0,0,0
587,0,0,0,0,0,0,0,0,0
588,0,0,0,0,0,0,0,0,0
589,0,0,0,0,0,0,0,0,0
590,0,0,0,0,0,0,0,0,0
591,0,0,0,0,0,0,0,0,0
592,0,0,0,0,0,0,0,0,0
593,0,0,0,0,0,0,0,0,0
594,0,0,0,0,0,0,0,0,0
595,0,0,0,0,0,0,0,0,0
596,0,0,0,0,0,0,0,0,0
597,0,0,0,0,0,0,0,0,0
598,0,0,0,0,0,0,0,0,0
599,0,0,0,0,0,0,0,0,0
600,0,0,0,0,0,0,0,0,0
601,0,0,0,0,0,0,0,0,0
602,0,0,0,0,0,0,0,0,0
603,0,0,0,0,0,0,0,0,0
604,0,0,0,0,0,0,0,0,0
605,0,0,0,0,0,0,0,0,0
606,0,0,0,0,0,0,0,0,0
607,0,0,0,0,0,0,0,0,0
608,0,0,0,0,0,0,0,0,0
609,0,0,0,0,0,0,0,0,0
610,0,0,0,0,0,0,0,0,0
611,0,0,0,0,0,0,0,0,0
612,0,0,0,0,0,0,0,0,0
613,0,0,0,0,0,0,0,0,0
614,0,0,0,0,0,0,0,0,0
615,0,0,0,0,0,0,0,0,0
616,0,0,0,0,0,0,0,0,0
617,0,0,0,0,0,0,0,0,0
618,0,0,0,0,0,0,0,0,0
619,0,0,0,0,0,0,0,0,0
620,0,0,0,0,0,0,0,0,0
621,0,0,0,0,0,0,0,0,0
622,0,0,0,0,0,0,0,0,0
623,0,0,0,0,0,0,0,0,0
624,0,0,0,0,0,0,0,0,0
625,0,0,0,0,0,0,0,0,0
626,0,0,0,0,0,0,0,0,0
627,0,0,0,0,0,0,0,0,0
628,0,0,0,0,0,0,0,0,0
629,0,0,0,0,0,0,0,0,0
630,0,0,0,0,0,0,0,0,0
631,0,0,0,0,0,0,0,0,0
632,0,0,0,0,0,0,0,0,0
633,0,0,0,0,0,0,0,0,0
634,0,0,0,0,0,0,0,0,0
635,0,0,0,0,0,0,0,0,0
636,0,0,0,0,0,0,0,0,0
637,0,0,0,0,0,0,0,0,0
638,0,0,0,0,0,0,0,0,0
639,0,0,0,0,0,0,0,0,0
640,0,0,0,0,0,0,0,0,0
641,0,0,0,0,0,0,0,0,0
642,0,0,0,0,0,0,0,0,0
643,0,0,0,0,0,0,0,0,0
644,0,0,0,0,0,0,0,0,0
645,0,0,0,0,0,0,0,0,0
646,0,0,0,0,0,0,0,0,0
647,0,0,0,0,0,0,0,0,0
648,0,0,0,0,0,0,0,0,0
649,0,0,0,0,0,0,0,0,0
650,0,0,0,0,0,0,0,0,0
651,0,0,0,0,0,0,0,0,0
652,0,0,0,0,0,0,0,0,0
653,0,0,0,0,0,0,0,0,0
654,0,0,0,0,0,0,0,0,0
655,0,0,0,0,0,0,0,0,0
656,0,0,0,0,0,0,0,0,0
657,0,0,0,0,0,0,0,0,0
658,0,0,0,0,0,0,0,0,0
659,0,0,0,0,0,0,0,0,0
660,0,0,0,0,0,0,0,0,0
661,0,0,0,0,0,0,0,0,0
662,0,0,0,0,0,0,0,0,0
663,0,0,0,0,0,0,0,0,0
664,0,0,0,0,0,0,0,0,0
665,0,0,0,0,0,0,0,0,0
666,0,0,0,0,0,0,0,0,0
667,0,0,0,0,0,0,0,0,0
668,0,0,0,0,0,0,0,0,0
669,0,0,0,0,0,0,0,0,0
670,0,0,0,0,0,0,0,0,0
671,0,0,0,0,0,0,0,0,0
672,0,0,0,0,0,0,0,0,0
673,0,0,0,0,0,0,0,0,0
674,0,0,0,0,0,0,0,0,0
675,0,0,0,0,0,0,0,0,0
676,0,0,0,0,0,0,0,0,0
677,0,0,0,0,0,0,0,0,0
678,0,0,0,0,0,0,0,0,0
679,0,0,0,0,0,0,0,0,0
680,0,0,0,0,0,0,0,0,0
681,0,0,0,0,0,0,0,0,0
682,0,0,0,0,0,0,0,0,0
683,0,0,0,0,0,0,0,0,0
684,0,0,0,0,0,0,0,0,0
685,0,0,0,0,0,0,0,0,0
686,0,0,0,0,0,0,0,0,0
687,0,0,0,0,0,0,0,0,0
688,0,0,0,0,0,0,0,0,0
689,0,0,0,0,0,0,0,0,0
690,0,0,0,0,0,0,0,0,0
691,0,0,0,0,0,0,0,0,0
692,0,0,0,0,0,0,0,0,0
693,0,0,0,0,0,0,0,0,0
694,0,0,0,0,0,0,0,0,0
695,0,0,0,0,0,0,0,0,0
696,0,0,0,0,0,0,0,0,0
697,0,0,0,0,0,0,0,0,0
698,0,0,0,0,0,0,0,0,0
699,0,0,0,0,0,0,0,0,0
700,0,0,0,0,0,0,0,0,0
701,0,0,0,0,0,0,0,0,0
702,0,0,0,0,0,0,0,0,0
703,0,0,0,0,0,0,0,0,0
704,0,0,0,0,0,0,0,0,0
705,0,0,0,0,0,0,0,0,0
706,0,0,0,0,0,0,0,0,0
707,0,0,0,0,0,0,0,0,0
708,0,0,0,0,0,0,0,0,0
709,0,0,0,0,0,0,0,0,0
710,0,0,0,0,0,0,0,0,0
711,0,0,0,0,0,0,0,0,0
712,0,0,0,0,0,0,0,0,0
713,0,0,0,0,0,0,0,0,0
714,0,0,0,0,0,0,0,0,0
715,0,0,0,0,0,0,0,0,0
716,0,0,0,0,0,0,0,0,0
717,0,0,0,0,0,0,0,0,0
718,0,0,0,0,0,0,0,0,0
719,0,0,0,0,0,0,0,0,0
720,0,0,0,0,0,0,0,0,0
721,0,0,0,0,0,0,0,0,0
722,0,0,0,0,0,0,0,0,0
723,0,0,0,0,0,0,0,0,0
724,0,0,0,0,0,0,0,0,0
725,0,0,0,0,0,0,0,0,0
726,0,0,0,0,0,0,0,0,0
727,0,0,0,0,0,0,0,0,0
728,0,0,0,0,0,0,0,0,0
729,0,0,0,0,0,0,0,0,0
730,0,0,0,0,0,0,0,0,0
731,0,0,0,0,0,0,0,0,0
732,0,0,0,0,0,0,0,0,0
733,0,0,0,0,0,0,0,0,0
734,0,0,0,0,0,0,0,0,0
735,0,0,0,0,0,0,0,0,0
736,0,0,0,0,0,0,0,0,0
737,0,0,0,0,0,0,0,0,0
738,0,0,0,0,0,0,0,0,0
739,0,0,0,0,0,0,0,0,0
740,0,0,0,0,0,0,0,0,0
741,0,0,0,0,0,0,0,0,0
742,0,0,0,0,0,0,0,0,0
743,0,0,0,0,0,0,0,0,0
744,0,0,0,0,0,0,0,0,0
745,0,0,0,0,0,0,0,0,0
746,0,0,0,0,0,0,0,0,0
747,0,0,0,0,0,0,0,0,0
748,0,0,0,0,0,0,0,0,0
749,0,0,0,0,0,0,0,0,0
750,0,0,0,0,0,0,0,0,0
0,194,7257,201425,4077983,57373546,517292847,2626655236,5935079656,3356972874
1,95,2821,62610,1000402,11069217,78346883,311882147,551985667,244298721
2,69,1729,32023,423990,3856787,22365675,72634282,104526401,37545618
3,29,539,8066,87207,646038,3044487,8018323,9350130,2720347
4,21,331,4359,41773,272283,1130501,2622681,2702551,693293
5,14,214,2536,21891,127549,468370,949041,847367,187400
6,10,161,1733,14153,78069,273815,535865,464244,100106
7,8,110,1070,7705,38319,119402,207596,158403,29932
8,5,73,677,4730,22364,65635,108080,78555,14201
9,5,64,536,3192,12830,31761,43737,26873,4029
10,5,56,461,2570,9851,23540,31239,18658,2754
11,5,49,380,1990,7165,16329,20915,12139,1722
12,5,31,264,1211,4008,8085,8965,4530,566
13,5,30,232,1006,3117,5882,6238,2992,344
14,4,25,163,706,2182,4119,4249,2000,223
15,3,21,106,453,1357,2532,2534,1152,125
16,2,13,72,319,999,1929,2018,942,102
17,2,11,51,219,691,1260,1260,599,60
18,2,11,44,186,506,876,832,388,40
19,2,11,42,176,454,789,733,341,35
20,2,11,42,171,446,759,697,319,32
21,0,9,26,92,221,372,329,146,19
22,0,9,25,88,204,335,295,124,15
23,0,9,18,77,170,260,203,81,3
24,0,1,9,39,65,65,60,28,0
25,0,1,5,24,32,29,27,19,0
26,0,1,5,24,28,20,16,5,0
27,0,1,5,24,28,19,12,4,0
28,0,1,3,19,23,17,5,3,0
29,0,1,3,15,22,13,2,2,0
30,0,1,3,15,22,13,2,2,0
31,0,1,2,13,16,9,1,2,0
32,0,1,2,8,9,6,1,2,0
33,0,1,2,8,9,6,1,2,0
34,0,1,1,8,7,5,1,2,0
35,0,1,1,8,5,5,1,2,0
36,0,1,1,8,5,5,1,2,0
37,0,1,1,8,5,5,1,2,0
38,0,0,1,7,4,4,1,1,0
39,0,0,1,7,4,4,1,1,0
40,0,0,1,7,4,4,1,1,0
41,0,0,1,7,4,4,1,1,0
42,0,0,1,7,4,4,1,1,0
43,0,0,1,7,4,4,1,1,0
44,0,0,1,7,4,4,1,1,0
45,0,0,1,7,4,4,1,1,0
46,0,0,1,7,4,4,1,1,0
47,0,0,1,7,4,4,1,1,0
48,0,0,1,7,4,4,1,1,0
49,0,0,1,7,4,4,1,1,0
50,0,0,0,1,2,1,0,0,0
51,0,0,0,1,2,1,0,0,0
52,0,0,0,1,2,1,0,0,0
53,0,0,0,1,2,1,0,0,0
54,0,0,0,1,2,1,0,0,0
55,0,0,0,1,2,1,0,0,0
56,0,0,0,1,2,1,0,0,0
57,0,0,0,1,2,1,0,0,0
58,0,0,0,1,2,1,0,0,0
59,0,0,0,1,2,1,0,0,0
60,0,0,0,1,2,1,0,0,0
61,0,0,0,1,2,1,0,0,0
62,0,0,0,1,2,1,0,0,0
63,0,0,0,1,2,1,0,0,0
64,0,0,0,1,2,1,0,0,0
65,0,0,0,1,2,1,0,0,0
66,0,0,0,1,2,1,0,0,0
67,0,0,0,1,2,1,0,0,0
68,0,0,0,0,0,0,0,0,0
69,0,0,0,0,0,0,0,0,0
70,0,0,0,0,0,0,0,0,0
71,0,0,0,0,0,0,0,0,0
72,0,0,0,0,0,0,0,0,0
73,0,0,0,0,0,0,0,0,0
74,0,0,0,0,0,0,0,0,0
75,0,0,0,0,0,0,0,0,0
76,0,0,0,0,0,0,0,0,0
77,0,0,0,0,0,0,0,0,0
78,0,0,0,0,0,0,0,0,0
79,0,0,0,0,0,0,0,0,0
80,0,0,0,0,0,0,0,0,0
81,0,0,0,0,0,0,0,0,0
82,0,0,0,0,0,0,0,0,0
83,0,0,0,0,0,0,0,0,0
84,0,0,0,0,0,0,0,0,0
85,0,0,0,0,0,0,0,0,0
86,0,0,0,0,0,0,0,0,0
87,0,0,0,0,0,0,0,0,0
88,0,0,0,0,0,0,0,0,0
89,0,0,0,0,0,0,0,0,0
90,0,0,0,0,0,0,0,0,0
91,0,0,0,0,0,0,0,0,0
92,0,0,0,0,0,0,0,0,0
93,0,0,0,0,0,0,0,0,0
94,0,0,0,0,0,0,0,0,0
95,0,0,0,0,0,0,0,0,0
96,0,0,0,0,0,0,0,0,0
97,0,0,0,0,0,0,0,0,0
98,0,0,0,0,0,0,0,0,0
99,0,0,0,0,0,0,0,0,0
100,0,0,0,0,0,0,0,0,0
101,0,0,0,0,0,0,0,0,0
102,0,0,0,0,0,0,0,0,0
103,0,0,0,0,0,0,0,0,0
104,0,0,0,0,0,0,0,0,0
105,0,0,0,0,0,0,0,0,0
106,0,0,0,0,0,0,0,0,0
107,0,0,0,0,0,0,0,0,0
108,0,0,0,0,0,0,0,0,0
109,0,0,0,0,0,0,0,0,0
110,0,0,0,0,0,0,0,0,0
111,0,0,0,0,0,0,0,0,0
112,0,0,0,0,0,0,0,0,0
113,0,0,0,0,0,0,0,0,0
114,0,0,0,0,0,0,0,0,0
115,0,0,0,0,0,0,0,0,0
116,0,0,0,0,0,0,0,0,0
117,0,0,0,0,0,0,0,0,0
118,0,0,0,0,0,0,0,0,0
119,0,0,0,0,0,0,0,0,0
120,0,0,0,0,0,0,0,0,0
121,0,0,0,0,0,0,0,0,0
122,0,0,0,0,0,0,0,0,0
123,0,0,0,0,0,0,0,0,0
124,0,0,0,0,0,0,0,0,0
125,0,0,0,0,0,0,0,0,0
126,0,0,0,0,0,0,0,0,0
127,0,0,0,0,0,0,0,0,0
128,0,0,0,0,0,0,0,0,0
129,0,0,0,0,0,0,0,0,0
130,0,0,0,0,0,0,0,0,0
131,0,0,0,0,0,0,0,0,0
132,0,0,0,0,0,0,0,0,0
133,0,0,0,0,0,0,0,0,0
134,0,0,0,0,0,0,0,0,0
135,0,0,0,0,0,0,0,0,0
136,0,0,0,0,0,0,0,0,0
137,0,0,0,0,0,0,0,0,0
138,0,0,0,0,0,0,0,0,0
139,0,0,0,0,0,0,0,0,0
140,0,0,0,0,0,0,0,0,0
141,0,0,0,0,0,0,0,0,0
142,0,0,0,0,0,0,0,0,0
143,0,0,0,0,0,0,0,0,0
144,0,0,0,0,0,0,0,0,0
145,0,0,0,0,0,0,0,0,0
146,0,0,0,0,0,0,0,0,0
147,0,0,0,0,0,0,0,0,0
148,0,0,0,0,0,0,0,0,0
149,0,0,0,0,0,0,0,0,0
150,0,0,0,0,0,0,0,0,0
151,0,0,0,0,0,0,0,0,0
152,0,0,0,0,0,0,0,0,0
153,0,0,0,0,0,0,0,0,0
154,0,0,0,0,0,0,0,0,0
155,0,0,0,0,0,0,0,0,0
156,0,0,0,0,0,0,0,0,0
157,0,0,0,0,0,0,0,0,0
158,0,0,0,0,0,0,0,0,0
159,0,0,0,0,0,0,0,0,0
160,0,0,0,0,0,0,0,0,0
161,0,0,0,0,0,0,0,0,0
162,0,0,0,0,0,0,0,0,0
163,0,0,0,0,0,0,0,0,0
164,0,0,0,0,0,0,0,0,0
165,0,0,0,0,0,0,0,0,0
166,0,0,0,0,0,0,0,0,0
167,0,0,0,0,0,0,0,0,0
168,0,0,0,0,0,0,0,0,0
169,0,0,0,0,0,0,0,0,0
170,0,0,0,0,0,0,0,0,0
171,0,0,0,0,0,0,0,0,0
172,0,0,0,0,0,0,0,0,0
173,0,0,0,0,0,0,0,0,0
174,0,0,0,0,0,0,0,0,0
175,0,0,0,0,0,0,0,0,0
176,0,0,0,0,0,0,0,0,0
177,0,0,0,0,0,0,0,0,0
178,0,0,0,0,0,0,0,0,0
179,0,0,0,0,0,0,0,0,0
180,0,0,0,0,0,0,0,0,0
181,0,0,0,0,0,0,0,0,0
182,0,0,0,0,0,0,0,0,0
183,0,0,0,0,0,0,0,0,0
184,0,0,0,0,0,0,0,0,0
185,0,0,0,0,0,0,0,0,0
186,0,0,0,0,0,0,0,0,0
187,0,0,0,0,0,0,0,0,0
188,0,0,0,0,0,0,0,0,0
189,0,0,0,0,0,0,0,0,0
190,0,0,0,0,0,0,0,0,0
191,0,0,0,0,0,0,0,0,0
192,0,0,0,0,0,0,0,0,0
193,0,0,0,0,0,0,0,0,0
194,0,0,0,0,0,0,0,0,0
195,0,0,0,0,0,0,0,0,0
196,0,0,0,0,0,0,0,0,0
197,0,0,0,0,0,0,0,0,0
198,0,0,0,0,0,0,0,0,0
199,0,0,0,0,0,0,0,0,0
200,0,0,0,0,0,0,0,0,0
201,0,0,0,0,0,0,0,0,0
202,0,0,0,0,0,0,0,0,0
203,0,0,0,0,0,0,0,0,0
204,0,0,0,0,0,0,0,0,0
205,0,0,0,0,0,0,0,0,0
206,0,0,0,0,0,0,0,0,0
207,0,0,0,0,0,0,0,0,0
208,0,0,0,0,0,0,0,0,0
209,0,0,0,0,0,0,0,0,0
210,0,0,0,0,0,0,0,0,0
211,0,0,0,0,0,0,0,0,0
212,0,0,0,0,0,0,0,0,0
213,0,0,0,0,0,0,0,0,0
214,0,0,0,0,0,0,0,0,0
215,0,0,0,0,0,0,0,0,0
216,0,0,0,0,0,0,0,0,0
217,0,0,0,0,0,0,0,0,0
218,0,0,0,0,0,0,0,0,0
219,0,0,0,0,0,0,0,0,0
220,0,0,0,0,0,0,0,0,0
221,0,0,0,0,0,0,0,0,0
222,0,0,0,0,0,0,0,0,0
223,0,0,0,0,0,0,0,0,0
224,0,0,0,0,0,0,0,0,0
225,0,0,0,0,0,0,0,0,0
226,0,0,0,0,0,0,0,0,0
227,0,0,0,0,0,0,0,0,0
228,0,0,0,0,0,0,0,0,0
229,0,0,0,0,0,0,0,0,0
230,0,0,0,0,0,0,0,0,0
231,0,0,0,0,0,0,0,0,0
232,0,0,0,0,0,0,0,0,0
233,0,0,0,0,0,0,0,0,0
234,0,0,0,0,0,0,0,0,0
235,0,0,0,0,0,0,0,0,0
236,0,0,0,0,0,0,0,0,0
237,0,0,0,0,0,0,0,0,0
238,0,0,0,0,0,0,0,0,0
239,0,0,0,0,0,0,0,0,0
240,0,0,0,0,0,0,0,0,0
241,0,0,0,0,0,0,0,0,0
242,0,0,0,0,0,0,0,0,0
243,0,0,0,0,0,0,0,0,0
244,0,0,0,0,0,0,0,0,0
245,0,0,0,0,0,0,0,0,0
246,0,0,0,0,0,0,0,0,0
247,0,0,0,0,0,0,0,0,0
248,0,0,0,0,0,0,0,0,0
249,0,0,0,0,0,0,0,0,0
250,0,0,0,0,0,0,0,0,0
251,0,0,0,0,0,0,0,0,0
252,0,0,0,0,0,0,0,0,0
253,0,0,0,0,0,0,0,0,0
254,0,0,0,0,0,0,0,0,0
255,0,0,0,0,0,0,0,0,0
256,0,0,0,0,0,0,0,0,0
257,0,0,0,0,0,0,0,0,0
258,0,0,0,0,0,0,0,0,0
259,0,0,0,0,0,0,0,0,0
260,0,0,0,0,0,0,0,0,0
261,0,0,0,0,0,0,0,0,0
262,0,0,0,0,0,0,0,0,0
263,0,0,0,0,0,0,0,0,0
264,0,0,0,0,0,0,0,0,0
265,0,0,0,0,0,0,0,0,0
266,0,0,0,0,0,0,0,0,0
267,0,0,0,0,0,0,0,0,0
268,0,0,0,0,0,0,0,0,0
269,0,0,0,0,0,0,0,0,0
270,0,0,0,0,0,0,0,0,0
271,0,0,0,0,0,0,0,0,0
272,0,0,0,0,0,0,0,0,0
273,0,0,0,0,0,0,0,0,0
274,0,0,0,0,0,0,0,0,0
275,0,0,0,0,0,0,0,0,0
276,0,0,0,0,0,0,0,0,0
277,0,0,0,0,0,0,0,0,0
278,0,0,0,0,0,0,0,0,0
279,0,0,0,0,0,0,0,0,0
280,0,0,0,0,0,0,0,0,0
281,0,0,0,0,0,0,0,0,0
282,0,0,0,0,0,0,0,0,0
283,0,0,0,0,0,0,0,0,0
284,0,0,0,0,0,0,0,0,0
285,0,0,0,0,0,0,0,0,0
286,0,0,0,0,0,0,0,0,0
287,0,0,0,0,0,0,0,0,0
288,0,0,0,0,0,0,0,0,0
289,0,0,0,0,0,0,0,0,0
290,0,0,0,0,0,0,0,0,0
291,0,0,0,0,0,0,0,0,0
292,0,0,0,0,0,0,0,0,0
293,0,0,0,0,0,0,0,0,0
294,0,0,0,0,0,0,0,0,0
295,0,0,0,0,0,0,0,0,0
296,0,0,0,0,0,0,0,0,0
297,0,0,0,0,0,0,0,0,0
298,0,0,0,0,0,0,0,0,0
299,0,0,0,0,0,0,0,0,0
300,0,0,0,0,0,0,0,0,0
301,0,0,0,0,0,0,0,0,0
302,0,0,0,0,0,0,0,0,0
303,0,0,0,0,0,0,0,0,0
304,0,0,0,0,0,0,0,0,0
305,0,0,0,0,0,0,0,0,0
306,0,0,0,0,0,0,0,0,0
307,0,0,0,0,0,0,0,0,0
308,0,0,0,0,0,0,0,0,0
309,0,0,0,0,0,0,0,0,0
310,0,0,0,0,0,0,0,0,0
311,0,0,0,0,0,0,0,0,0
312,0,0,0,0,0,0,0,0,0
313,0,0,0,0,0,0,0,0,0
314,0,0,0,0,0,0,0,0,0
315,0,0,0,0,0,0,0,0,0
316,0,0,0,0,0,0,0,0,0
317,0,0,0,0,0,0,0,0,0
318,0,0,0,0,0,0,0,0,0
319,0,0,0,0,0,0,0,0,0
320,0,0,0,0,0,0,0,0,0
321,0,0,0,0,0,0,0,0,0
322,0,0,0,0,0,0,0,0,0
323,0,0,0,0,0,0,0,0,0
324,0,0,0,0,0,0,0,0,0
325,0,0,0,0,0,0,0,0,0
326,0,0,0,0,0,0,0,0,0
327,0,0,0,0,0,0,0,0,0
328,0,0,0,0,0,0,0,0,0
329,0,0,0,0,0,0,0,0,0
330,0,0,0,0,0,0,0,0,0
331,0,0,0,0,0,0,0,0,0
332,0,0,0,0,0,0,0,0,0
333,0,0,0,0,0,0,0,0,0
334,0,0,0,0,0,0,0,0,0
335,0,0,0,0,0,0,0,0,0
336,0,0,0,0,0,0,0,0,0
337,0,0,0,0,0,0,0,0,0
338,0,0,0,0,0,0,0,0,0
339,0,0,0,0,0,0,0,0,0
340,0,0,0,0,0,0,0,0,0
341,0,0,0,0,0,0,0,0,0
342,0,0,0,0,0,0,0,0,0
343,0,0,0,0,0,0,0,0,0
344,0,0,0,0,0,0,0,0,0
345,0,0,0,0,0,0,0,0,0
346,0,0,0,0,0,0,0,0,0
347,0,0,0,0,0,0,0,0,0
348,0,0,0,0,0,0,0,0,0
349,0,0,0,0,0,0,0,0,0
350,0,0,0,0,0,0,0,0,0
351,0,0,0,0,0,0,0,0,0
352,0,0,0,0,0,0,0,0,0
353,0,0,0,0,0,0,0,0,0
354,0,0,0,0,0,0,0,0,0
355,0,0,0,0,0,0,0,0,0
356,0,0,0,0,0,0,0,0,0
357,0,0,0,0,0,0,0,0,0
358,0,0,0,0,0,0,0,0,0
359,0,0,0,0,0,0,0,0,0
360,0,0,0,0,0,0,0,0,0
361,0,0,0,0,0,0,0,0,0
362,0,0,0,0,0,0,0,0,0
363,0,0,0,0,0,0,0,0,0
364,0,0,0,0,0,0,0,0,0
365,0,0,0,0,0,0,0,0,0
366,0,0,0,0,0,0,0,0,0
367,0,0,0,0,0,0,0,0,0
368,0,0,0,0,0,0,0,0,0
369,0,0,0,0,0,0,0,0,0
370,0,0,0,0,0,0,0,0,0
371,0,0,0,0,0,0,0,0,0
372,0,0,0,0,0,0,0,0,0
373,0,0,0,0,0,0,0,0,0
374,0,0,0,0,0,0,0,0,0
375,0,0,0,0,0,0,0,0,0
376,0,0,0,0,0,0,0,0,0
377,0,0,0,0,0,0,0,0,0
378,0,0,0,0,0,0,0,0,0
379,0,0,0,0,0,0,0,0,0
380,0,0,0,0,0,0,0,0,0
381,0,0,0,0,0,0,0,0,0
382,0,0,0,0,0,0,0,0,0
383,0,0,0,0,0,0,0,0,0
384,0,0,0,0,0,0,0,0,0
385,0,0,0,0,0,0,0,0,0
386,0,0,0,0,0,0,0,0,0
387,0,0,0,0,0,0,0,0,0
388,0,0,0,0,0,0,0,0,0
389,0,0,0,0,0,0,0,0,0
390,0,0,0,0,0,0,0,0,0
391,0,0,0,0,0,0,0,0,0
392,0,0,0,0,0,0,0,0,0
393,0,0,0,0,0,0,0,0,0
394,0,0,0,0,0,0,0,0,0
395,0,0,0,0,0,0,0,0,0
396,0,0,0,0,0,0,0,0,0
397,0,0,0,0,0,0,0,0,0
398,0,0,0,0,0,0,0,0,0
399,0,0,0,0,0,0,0,0,0
400,0,0,0,0,0,0,0,0,0
401,0,0,0,0,0,0,0,0,0
402,0,0,0,0,0,0,0,0,0
403,0,0,0,0,0,0,0,0,0
404,0,0,0,0,0,0,0,0,0
405,0,0,0,0,0,0,0,0,0
406,0,0,0,0,0,0,0,0,0
407,0,0,0,0,0,0,0,0,0
408,0,0,0,0,0,0,0,0,0
409,0,0,0,0,0,0,0,0,0
410,0,0,0,0,0,0,0,0,0
411,0,0,0,0,0,0,0,0,0
412,0,0,0,0,0,0,0,0,0
413,0,0,0,0,0,0,0,0,0
414,0,0,0,0,0,0,0,0,0
415,0,0,0,0,0,0,0,0,0
416,0,0,0,0,0,0,0,0,0
417,0,0,0,0,0,0,0,0,0
418,0,0,0,0,0,0,0,0,0
419,0,0,0,0,0,0,0,0,0
420,0,0,0,0,0,0,0,0,0
421,0,0,0,0,0,0,0,0,0
422,0,0,0,0,0,0,0,0,0
423,0,0,0,0,0,0,0,0,0
424,0,0,0,0,0,0,0,0,0
425,0,0,0,0,0,0,0,0,0
426,0,0,0,0,0,0,0,0,0
427,0,0,0,0,0,0,0,0,0
428,0,0,0,0,0,0,0,0,0
429,0,0,0,0,0,0,0,0,0
430,0,0,0,0,0,0,0,0,0
431,0,0,0,0,0,0,0,0,0
432,0,0,0,0,0,0,0,0,0
433,0,0,0,0,0,0,0,0,0
434,0,0,0,0,0,0,0,0,0
435,0,0,0,0,0,0,0,0,0
436,0,0,0,0,0,0,0,0,0
437,0,0,0,0,0,0,0,0,0
438,0,0,0,0,0,0,0,0,0
439,0,0,0,0,0,0,0,0,0
440,0,0,0,0,0,0,0,0,0
441,0,0,0,0,0,0,0,0,0
442,0,0,0,0,0,0,0,0,0
443,0,0,0,0,0,0,0,0,0
444,0,0,0,0,0,0,0,0,0
445,0,0,0,0,0,0,0,0,0
446,0,0,0,0,0,0,0,0,0
447,0,0,0,0,0,0,0,0,0
448,0,0,0,0,0,0,0,0,0
449,0,0,0,0,0,0,0,0,0
450,0,0,0,0,0,0,0,0,0
451,0,0,0,0,0,0,0,0,0
452,0,0,0,0,0,0,0,0,0
453,0,0,0,0,0,0,0,0,0
454,0,0,0,0,0,0,0,0,0
455,0,0,0,0,0,0,0,0,0
456,0,0,0,0,0,0,0,0,0
457,0,0,0,0,0,0,0,0,0
458,0,0,0,0,0,0,0,0,0
459,0,0,0,0,0,0,0,0,0
460,0,0,0,0,0,0,0,0,0
461,0,0,0,0,0,0,0,0,0
462,0,0,0,0,0,0,0,0,0
463,0,0,0,0,0,0,0,0,0
464,0,0,0,0,0,0,0,0,0
465,0,0,0,0,0,0,0,0,0
466,0,0,0,0,0,0,0,0,0
467,0,0,0,0,0,0,0,0,0
468,0,0,0,0,0,0,0,0,0
469,0,0,0,0,0,0,0,0,0
470,0,0,0,0,0,0,0,0,0
471,0,0,0,0,0,0,0,0,0
472,0,0,0,0,0,0,0,0,0
473,0,0,0,0,0,0,0,0,0
474,0,0,0,0,0,0,0,0,0
475,0,0,0,0,0,0,0,0,0
476,0,0,0,0,0,0,0,0,0
477,0,0,0,0,0,0,0,0,0
478,0,0,0,0,0,0,0,0,0
479,0,0,0,0,0,0,0,0,0
480,0,0,0,0,0,0,0,0,0
481,0,0,0,0,0,0,0,0,0
482,0,0,0,0,0,0,0,0,0
483,0,0,0,0,0,0,0,0,0
484,0,0,0,0,0,0,0,0,0
485,0,0,0,0,0,0,0,0,0
486,0,0,0,0,0,0,0,0,0
487,0,0,0,0,0,0,0,0,0
488,0,0,0,0,0,0,0,0,0
489,0,0,0,0,0,0,0,0,0
490,0,0,0,0,0,0,0,0,0
491,0,0,0,0,0,0,0,0,0
492,0,0,0,0,0,0,0,0,0
493,0,0,0,0,0,0,0,0,0
494,0,0,0,0,0,0,0,0,0
495,0,0,0,0,0,0,0,0,0
496,0,0,0,0,0,0,0,0,0
497,0,0,0,0,0,0,0,0,0
498,0,0,0,0,0,0,0,0,0
499,0,0,0,0,0,0,0,0,0
500,0,0,0,0,0,0,0,0,0
501,0,0,0,0,0,0,0,0,0
502,0,0,0,0,0,0,0,0,0
503,0,0,0,0,0,0,0,0,0
504,0,0,0,0,0,0,0,0,0
505,0,0,0,0,0,0,0,0,0
506,0,0,0,0,0,0,0,0,0
507,0,0,0,0,0,0,0,0,0
508,0,0,0,0,0,0,0,0,0
509,0,0,0,0,0,0,0,0,0
510,0,0,0,0,0,0,0,0,0
511,0,0,0,0,0,0,0,0,0
512,0,0,0,0,0,0,0,0,0
513,0,0,0,0,0,0,0,0,0
514,0,0,0,0,0,0,0,0,0
515,0,0,0,0,0,0,0,0,0
516,0,0,0,0,0,0,0,0,0
517,0,0,0,0,0,0,0,0,0
518,0,0,0,0,0,0,0,0,0
519,0,0,0,0,0,0,0,0,0
520,0,0,0,0,0,0,0,0,0
521,0,0,0,0,0,0,0,0,0
522,0,0,0,0,0,0,0,0,0
523,0,0,0,0,0,0,0,0,0
524,0,0,0,0,0,0,0,0,0
525,0,0,0,0,0,0,0,0,0
526,0,0,0,0,0,0,0,0,0
527,0,0,0,0,0,0,0,0,0
528,0,0,0,0,0,0,0,0,0
529,0,0,0,0,0,0,0,0,0
530,0,0,0,0,0,0,0,0,0
531,0,0,0,0,0,0,0,0,0
532,0,0,0,0,0,0,0,0,0
533,0,0,0,0,0,0,0,0,0
534,0,0,0,0,0,0,0,0,0
535,0,0,0,0,0,0,0,0,0
536,0,0,0,0,0,0,0,0,0
537,0,0,0,0,0,0,0,0,0
538,0,0,0,0,0,0,0,0,0
539,0,0,0,0,0,0,0,0,0
540,0,0,0,0,0,0,0,0,0
541,0,0,0,0,0,0,0,0,0
542,0,0,0,0,0,0,0,0,0
543,0,0,0,0,0,0,0,0,0
544,0,0,0,0,0,0,0,0,0
545,0,0,0,0,0,0,0,0,0
546,0,0,0,0,0,0,0,0,0
547,0,0,0,0,0,0,0,0,0
548,0,0,0,0,0,0,0,0,0
549,0,0,0,0,0,0,0,0,0
550,0,0,0,0,0,0,0,0,0
551,0,0,0,0,0,0,0,0,0
552,0,0,0,0,0,0,0,0,0
553,0,0,0,0,0,0,0,0,0
554,0,0,0,0,0,0,0,0,0
555,0,0,0,0,0,0,0,0,0
556,0,0,0,0,0,0,0,0,0
557,0,0,0,0,0,0,0,0,0
558,0,0,0,0,0,0,0,0,0
559,0,0,0,0,0,0,0,0,0
560,0,0,0,0,0,0,0,0,0
561,0,0,0,0,0,0,0,0,0
562,0,0,0,0,0,0,0,0,0
563,0,0,0,0,0,0,0,0,0
564,0,0,0,0,0,0,0,0,0
565,0,0,0,0,0,0,0,0,0
566,0,0,0,0,0,0,0,0,0
567,0,0,0,0,0,0,0,0,0
568,0,0,0,0,0,0,0,0,0
569,0,0,0,0,0,0,0,0,0
570,0,0,0,0,0,0,0,0,0
571,0,0,0,0,0,0,0,0,0
572,0,0,0,0,0,0,0,0,0
573,0,0,0,0,0,0,0,0,0
574,0,0,0,0,0,0,0,0,0
575,0,0,0,0,0,0,0,0,0
576,0,0,0,0,0,0,0,0,0
577,0,0,0,0,0,0,0,0,0
578,0,0,0,0,0,0,0,0,0
579,0,0,0,0,0,0,0,0,0
580,0,0,0,0,0,0,0,0,0
581,0,0,0,0,0,0,0,0,0
582,0,0,0,0,0,0,0,0,0
583,0,0,0,0,0,0,0,0,0
584,0,0,0,0,0,0,0,0,0
585,0,0,0,0,0,0,0,0,0
586,0,0,0,0,0,0,0,0,0
587,0,0,0,0,0,0,0,0,0
588,0,0,0,0,0,0,0,0,0
589,0,0,0,0,0,0,0,0,0
590,0,0,0,0,0,0,0,0,0
591,0,0,0,0,0,0,0,0,0
592,0,0,0,0,0,0,0,0,0
593,0,0,0,0,0,0,0,0,0
594,0,0,0,0,0,0,0,0,0
595,0,0,0,0,0,0,0,0,0
596,0,0,0,0,0,0,0,0,0
597,0,0,0,0,0,0,0,0,0
598,0,0,0,0,0,0,0,0,0
599,0,0,0,0,0,0,0,0,0
600,0,0,0,0,0,0,0,0,0
601,0,0,0,0,0,0,0,0,0
602,0,0,0,0,0,0,0,0,0
603,0,0,0,0,0,0,0,0,0
604,0,0,0,0,0,0,0,0,0
605,0,0,0,0,0,0,0,0,0
606,0,0,0,0,0,0,0,0,0
607,0,0,0,0,0,0,0,0,0
608,0,0,0,0,0,0,0,0,0
609,0,0,0,0,0,0,0,0,0
610,0,0,0,0,0,0,0,0,0
611,0,0,0,0,0,0,0,0,0
612,0,0,0,0,0,0,0,0,0
613,0,0,0,0,0,0,0,0,0
614,0,0,0,0,0,0,0,0,0
615,0,0,0,0,0,0,0,0,0
616,0,0,0,0,0,0,0,0,0
617,0,0,0,0,0,0,0,0,0
618,0,0,0,0,0,0,0,0,0
619,0,0,0,0,0,0,0,0,0
620,0,0,0,0,0,0,0,0,0
621,0,0,0,0,0,0,0,0,0
622,0,0,0,0,0,0,0,0,0
623,0,0,0,0,0,0,0,0,0
624,0,0,0,0,0,0,0,0,0
625,0,0,0,0,0,0,0,0,0
626,0,0,0,0,0,0,0,0,0
627,0,0,0,0,0,0,0,0,0
628,0,0,0,0,0,0,0,0,0
629,0,0,0,0,0,0,0,0,0
630,0,0,0,0,0,0,0,0,0
631,0,0,0,0,0,0,0,0,0
632,0,0,0,0,0,0,0,0,0
633,0,0,0,0,0,0,0,0,0
634,0,0,0,0,0,0,0,0,0
635,0,0,0,0,0,0,0,0,0
636,0,0,0,0,0,0,0,0,0
637,0,0,0,0,0,0,0,0,0
638,0,0,0,0,0,0,0,0,0
639,0,0,0,0,0,0,0,0,0
640,0,0,0,0,0,0,0,0,0
641,0,0,0,0,0,0,0,0,0
642,0,0,0,0,0,0,0,0,0
643,0,0,0,0,0,0,0,0,0
644,0,0,0,0,0,0,0,0,0
645,0,0,0,0,0,0,0,0,0
646,0,0,0,0,0,0,0,0,0
647,0,0,0,0,0,0,0,0,0
648,0,0,0,0,0,0,0,0,0
649,0,0,0,0,0,0,0,0,0
650,0,0,0,0,0,0,0,0,0
651,0,0,0,0,0,0,0,0,0
652,0,0,0,0,0,0,0,0,0
653,0,0,0,0,0,0,0,0,0
654,0,0,0,0,0,0,0,0,0
655,0,0,0,0,0,0,0,0,0
656,0,0,0,0,0,0,0,0,0
657,0,0,0,0,0,0,0,0,0
658,0,0,0,0,0,0,0,0,0
659,0,0,0,0,0,0,0,0,0
660,0,0,0,0,0,0,0,0,0
661,0,0,0,0,0,0,0,0,0
662,0,0,0,0,0,0,0,0,0
663,0,0,0,0,0,0,0,0,0
664,0,0,0,0,0,0,0,0,0
665,0,0,0,0,0,0,0,0,0
666,0,0,0,0,0,0,0,0,0
667,0,0,0,0,0,0,0,0,0
668,0,0,0,0,0,0,0,0,0
669,0,0,0,0,0,0,0,0,0
670,0,0,0,0,0,0,0,0,0
671,0,0,0,0,0,0,0,0,0
672,0,0,0,0,0,0,0,0,0
673,0,0,0,0,0,0,0,0,0
674,0,0,0,0,0,0,0,0,0
675,0,0,0,0,0,0,0,0,0
676,0,0,0,0,0,0,0,0,0
677,0,0,0,0,0,0,0,0,0
678,0,0,0,0,0,0,0,0,0
679,0,0,0,0,0,0,0,0,0
680,0,0,0,0,0,0,0,0,0
681,0,0,0,0,0,0,0,0,0
682,0,0,0,0,0,0,0,0,0
683,0,0,0,0,0,0,0,0,0
684,0,0,0,0,0,0,0,0,0
685,0,0,0,0,0,0,0,0,0
686,0,0,0,0,0,0,0,0,0
687,0,0,0,0,0,0,0,0,0
688,0,0,0,0,0,0,0,0,0
689,0,0,0,0,0,0,0,0,0
690,0,0,0,0,0,0,0,0,0
691,0,0,0,0,0,0,0,0,0
692,0,0,0,0,0,0,0,0,0
693,0,0,0,0,0,0,0,0,0
694,0,0,0,0,0,0,0,0,0
695,0,0,0,0,0,0,0,0,0
696,0,0,0,0,0,0,0,0,0
697,0,0,0,0,0,0,0,0,0
698,0,0,0,0,0,0,0,0,0
699,0,0,0,0,0,0,0,0,0
700,0,0,0,0,0,0,0,0,0
701,0,0,0,0,0,0,0,0,0
702,0,0,0,0,0,0,0,0,0
703,0,0,0,0,0,0,0,0,0
704,0,0,0,0,0,0,0,0,0
705,0,0,0,0,0,0,0,0,0
706,0,0,0,0,0,0,0,0,0
707,0,0,0,0,0,0,0,0,0
708,0,0,0,0,0,0,0,0,0
709,0,0,0,0,0,0,0,0,0
710,0,0,0,0,0,0,0,0,0
711,0,0,0,0,0,0,0,0,0
712,0,0,0,0,0,0,0,0,0
713,0,0,0,0,0,0,0,0,0
714,0,0,0,0,0,0,0,0,0
715,0,0,0,0,0,0,0,0,0
716,0,0,0,0,0,0,0,0,0
717,0,0,0,0,0,0,0,0,0
718,0,0,0,0,0,0,0,0,0
719,0,0,0,0,0,0,0,0,0
720,0,0,0,0,0,0,0,0,0
721,0,0,0,0,0,0,0,0,0
722,0,0,0,0,0,0,0,0,0
723,0,0,0,0,0,0,0,0,0
724,0,0,0,0,0,0,0,0,0
725,0,0,0,0,0,0,0,0,0
726,0,0,0,0,0,0,0,0,0
727,0,0,0,0,0,0,0,0,0
728,0,0,0,0,0,0,0,0,0
729,0,0,0,0,0,0,0,0,0
730,0,0,0,0,0,0,0,0,0
731,0,0,0,0,0,0,0,0,0
732,0,0,0,0,0,0,0,0,0
733,0,0,0,0,0,0,0,0,0
734,0,0,0,0,0,0,0,0,0
735,0,0,0,0,0,0,0,0,0
736,0,0,0,0,0,0,0,0,0
737,0,0,0,0,0,0,0,0,0
738,0,0,0,0,0,0,0,0,0
739,0,0,0,0,0,0,0,0,0
740,0,0,0,0,0,0,0,0,0
741,0,0,0,0,0,0,0,0,0
742,0,0,0,0,0,0,0,0,0
743,0,0,0,0,0,0,0,0,0
744,0,0,0,0,0,0,0,0,0
745,0,0,0,0,0,0,0,0,0
746,0,0,0,0,0,0,0,0,0
747,0,0,0,0,0,0,0,0,0
748,0,0,0,0,0,0,0,0,0
749,0,0,0,0,0,0,0,0,0
750,0,0,0,0,0,0,0,0,0
0,194,7257,201425,4077983,57373546,517292847,2626655236,5935079656,3356972874
1,128,3738,82978,1343409,15095265,108522060,438769147,787905516,353349086
2,70,1657,30798,412996,3846530,22970987,77262328,115784298,43512219
3,53,1038,16886,195036,1562708,8022885,23183625,29878540,9682831
4,40,734,10292,103073,715110,3200719,8101805,9184106,2627608
5,33,446,5478,48183,289616,1109325,2404265,2333348,570901
6,22,266,2819,23123,126524,440423,863499,751043,163350
7,20,222,2175,16021,79937,255699,462612,374103,76004
8,14,133,1261,8043,34213,93935,146643,104696,19208
9,12,111,1009,6287,25216,66210,97655,66508,11702
10,6,72,581,3518,13486,34617,49056,32164,5384
11,5,55,319,1787,5952,12888,14937,8099,1054
12,4,46,252,1244,3899,7702,8221,3772,392
13,3,43,188,812,2310,3957,3797,1427,109
14,1,33,129,530,1424,2367,2101,799,74
15,0,17,66,235,635,971,767,216,13
16,0,17,56,201,507,785,622,189,13
17,0,16,47,162,381,558,440,134,11
18,0,15,34,122,265,392,274,73,6
19,0,15,34,111,234,346,239,58,4
20,0,15,31,100,196,265,196,49,4
21,0,14,23,79,129,179,126,33,2
22,0,11,18,50,82,76,55,10,0
23,0,11,18,49,68,67,53,7,0
24,0,8,13,37,47,52,44,6,0
25,0,7,13,25,39,33,28,5,0
26,0,6,13,18,31,21,12,3,0
27,0,3,9,16,24,18,5,3,0
28,0,3,9,14,17,15,5,1,0
29,0,3,8,12,14,12,4,0,0
30,0,3,8,12,14,12,4,0,0
31,0,3,7,11,14,10,3,0,0
32,0,3,7,11,14,10,3,0,0
33,0,3,7,11,13,10,3,0,0
34,0,3,7,11,13,10,3,0,0
35,0,3,5,8,5,3,1,0,0
36,0,3,5,8,5,3,1,0,0
37,0,2,3,7,4,2,0,0,0
38,0,2,3,6,4,2,0,0,0
39,0,2,3,4,3,0,0,0,0
40,0,0,2,2,1,0,0,0,0
41,0,0,2,2,1,0,0,0,0
42,0,0,2,2,1,0,0,0,0
43,0,0,2,2,1,0,0,0,0
44,0,0,2,2,1,0,0,0,0
45,0,0,2,2,1,0,0,0,0
46,0,0,2,0,1,0,0,0,0
47,0,0,2,0,1,0,0,0,0
48,0,0,2,0,1,0,0,0,0
49,0,0,2,0,1,0,0,0,0
50,0,0,2,0,1,0,0,0,0
51,0,0,1,0,1,0,0,0,0
52,0,0,1,0,1,0,0,0,0
53,0,0,1,0,1,0,0,0,0
54,0,0,1,0,1,0,0,0,0
55,0,0,1,0,1,0,0,0,0
56,0,0,1,0,1,0,0,0,0
57,0,0,1,0,1,0,0,0,0
58,0,0,1,0,1,0,0,0,0
59,0,0,1,0,1,0,0,0,0
60,0,0,1,0,1,0,0,0,0
61,0,0,1,0,1,0,0,0,0
62,0,0,1,0,1,0,0,0,0
63,0,0,1,0,1,0,0,0,0
64,0,0,0,0,1,0,0,0,0
65,0,0,0,0,1,0,0,0,0
66,0,0,0,0,1,0,0,0,0
67,0,0,0,0,1,0,0,0,0
68,0,0,0,0,1,0,0,0,0
69,0,0,0,0,1,0,0,0,0
70,0,0,0,0,0,0,0,0,0
71,0,0,0,0,0,0,0,0,0
72,0,0,0,0,0,0,0,0,0
73,0,0,0,0,0,0,0,0,0
74,0,0,0,0,0,0,0,0,0
75,0,0,0,0,0,0,0,0,0
76,0,0,0,0,0,0,0,0,0
77,0,0,0,0,0,0,0,0,0
78,0,0,0,0,0,0,0,0,0
79,0,0,0,0,0,0,0,0,0
80,0,0,0,0,0,0,0,0,0
81,0,0,0,0,0,0,0,0,0
82,0,0,0,0,0,0,0,0,0
83,0,0,0,0,0,0,0,0,0
84,0,0,0,0,0,0,0,0,0
85,0,0,0,0,0,0,0,0,0
86,0,0,0,0,0,0,0,0,0
87,0,0,0,0,0,0,0,0,0
88,0,0,0,0,0,0,0,0,0
89,0,0,0,0,0,0,0,0,0
90,0,0,0,0,0,0,0,0,0
91,0,0,0,0,0,0,0,0,0
92,0,0,0,0,0,0,0,0,0
93,0,0,0,0,0,0,0,0,0
94,0,0,0,0,0,0,0,0,0
95,0,0,0,0,0,0,0,0,0
96,0,0,0,0,0,0,0,0,0
97,0,0,0,0,0,0,0,0,0
98,0,0,0,0,0,0,0,0,0
99,0,0,0,0,0,0,0,0,0
100,0,0,0,0,0,0,0,0,0
101,0,0,0,0,0,0,0,0,0
102,0,0,0,0,0,0,0,0,0
103,0,0,0,0,0,0,0,0,0
104,0,0,0,0,0,0,0,0,0
105,0,0,0,0,0,0,0,0,0
106,0,0,0,0,0,0,0,0,0
107,0,0,0,0,0,0,0,0,0
108,0,0,0,0,0,0,0,0,0
109,0,0,0,0,0,0,0,0,0
110,0,0,0,0,0,0,0,0,0
111,0,0,0,0,0,0,0,0,0
112,0,0,0,0,0,0,0,0,0
113,0,0,0,0,0,0,0,0,0
114,0,0,0,0,0,0,0,0,0
115,0,0,0,0,0,0,0,0,0
116,0,0,0,0,0,0,0,0,0
117,0,0,0,0,0,0,0,0,0
118,0,0,0,0,0,0,0,0,0
119,0,0,0,0,0,0,0,0,0
120,0,0,0,0,0,0,0,0,0
121,0,0,0,0,0,0,0,0,0
122,0,0,0,0,0,0,0,0,0
123,0,0,0,0,0,0,0,0,0
124,0,0,0,0,0,0,0,0,0
125,0,0,0,0,0,0,0,0,0
126,0,0,0,0,0,0,0,0,0
127,0,0,0,0,0,0,0,0,0
128,0,0,0,0,0,0,0,0,0
129,0,0,0,0,0,0,0,0,0
130,0,0,0,0,0,0,0,0,0
131,0,0,0,0,0,0,0,0,0
132,0,0,0,0,0,0,0,0,0
133,0,0,0,0,0,0,0,0,0
134,0,0,0,0,0,0,0,0,0
135,0,0,0,0,0,0,0,0,0
136,0,0,0,0,0,0,0,0,0
137,0,0,0,0,0,0,0,0,0
138,0,0,0,0,0,0,0,0,0
139,0,0,0,0,0,0,0,0,0
140,0,0,0,0,0,0,0,0,0
141,0,0,0,0,0,0,0,0,0
142,0,0,0,0,0,0,0,0,0
143,0,0,0,0,0,0,0,0,0
144,0,0,0,0,0,0,0,0,0
145,0,0,0,0,0,0,0,0,0
146,0,0,0,0,0,0,0,0,0
147,0,0,0,0,0,0,0,0,0
148,0,0,0,0,0,0,0,0,0
149,0,0,0,0,0,0,0,0,0
150,0,0,0,0,0,0,0,0,0
151,0,0,0,0,0,0,0,0,0
152,0,0,0,0,0,0,0,0,0
153,0,0,0,0,0,0,0,0,0
154,0,0,0,0,0,0,0,0,0
155,0,0,0,0,0,0,0,0,0
156,0,0,0,0,0,0,0,0,0
157,0,0,0,0,0,0,0,0,0
158,0,0,0,0,0,0,0,0,0
159,0,0,0,0,0,0,0,0,0
160,0,0,0,0,0,0,0,0,0
161,0,0,0,0,0,0,0,0,0
162,0,0,0,0,0,0,0,0,0
163,0,0,0,0,0,0,0,0,0
164,0,0,0,0,0,0,0,0,0
165,0,0,0,0,0,0,0,0,0
166,0,0,0,0,0,0,0,0,0
167,0,0,0,0,0,0,0,0,0
168,0,0,0,0,0,0,0,0,0
169,0,0,0,0,0,0,0,0,0
170,0,0,0,0,0,0,0,0,0
171,0,0,0,0,0,0,0,0,0
172,0,0,0,0,0,0,0,0,0
173,0,0,0,0,0,0,0,0,0
174,0,0,0,0,0,0,0,0,0
175,0,0,0,0,0,0,0,0,0
176,0,0,0,0,0,0,0,0,0
177,0,0,0,0,0,0,0,0,0
178,0,0,0,0,0,0,0,0,0
179,0,0,0,0,0,0,0,0,0
180,0,0,0,0,0,0,0,0,0
181,0,0,0,0,0,0,0,0,0
182,0,0,0,0,0,0,0,0,0
183,0,0,0,0,0,0,0,0,0
184,0,0,0,0,0,0,0,0,0
185,0,0,0,0,0,0,0,0,0
186,0,0,0,0,0,0,0,0,0
187,0,0,0,0,0,0,0,0,0
188,0,0,0,0,0,0,0,0,0
189,0,0,0,0,0,0,0,0,0
190,0,0,0,0,0,0,0,0,0
191,0,0,0,0,0,0,0,0,0
192,0,0,0,0,0,0,0,0,0
193,0,0,0,0,0,0,0,0,0
194,0,0,0,0,0,0,0,0,0
195,0,0,0,0,0,0,0,0,0
196,0,0,0,0,0,0,0,0,0
197,0,0,0,0,0,0,0,0,0
198,0,0,0,0,0,0,0,0,0
199,0,0,0,0,0,0,0,0,0
200,0,0,0,0,0,0,0,0,0
201,0,0,0,0,0,0,0,0,0
202,0,0,0,0,0,0,0,0,0
203,0,0,0,0,0,0,0,0,0
204,0,0,0,0,0,0,0,0,0
205,0,0,0,0,0,0,0,0,0
206,0,0,0,0,0,0,0,0,0
207,0,0,0,0,0,0,0,0,0
208,0,0,0,0,0,0,0,0,0
209,0,0,0,0,0,0,0,0,0
210,0,0,0,0,0,0,0,0,0
211,0,0,0,0,0,0,0,0,0
212,0,0,0,0,0,0,0,0,0
213,0,0,0,0,0,0,0,0,0
214,0,0,0,0,0,0,0,0,0
215,0,0,0,0,0,0,0,0,0
216,0,0,0,0,0,0,0,0,0
217,0,0,0,0,0,0,0,0,0
218,0,0,0,0,0,0,0,0,0
219,0,0,0,0,0,0,0,0,0
220,0,0,0,0,0,0,0,0,0
221,0,0,0,0,0,0,0,0,0
222,0,0,0,0,0,0,0,0,0
223,0,0,0,0,0,0,0,0,0
224,0,0,0,0,0,0,0,0,0
225,0,0,0,0,0,0,0,0,0
226,0,0,0,0,0,0,0,0,0
227,0,0,0,0,0,0,0,0,0
228,0,0,0,0,0,0,0,0,0
229,0,0,0,0,0,0,0,0,0
230,0,0,0,0,0,0,0,0,0
231,0,0,0,0,0,0,0,0,0
232,0,0,0,0,0,0,0,0,0
233,0,0,0,0,0,0,0,0,0
234,0,0,0,0,0,0,0,0,0
235,0,0,0,0,0,0,0,0,0
236,0,0,0,0,0,0,0,0,0
237,0,0,0,0,0,0,0,0,0
238,0,0,0,0,0,0,0,0,0
239,0,0,0,0,0,0,0,0,0
240,0,0,0,0,0,0,0,0,0
241,0,0,0,0,0,0,0,0,0
242,0,0,0,0,0,0,0,0,0
243,0,0,0,0,0,0,0,0,0
244,0,0,0,0,0,0,0,0,0
245,0,0,0,0,0,0,0,0,0
246,0,0,0,0,0,0,0,0,0
247,0,0,0,0,0,0,0,0,0
248,0,0,0,0,0,0,0,0,0
249,0,0,0,0,0,0,0,0,0
250,0,0,0,0,0,0,0,0,0
251,0,0,0,0,0,0,0,0,0
252,0,0,0,0,0,0,0,0,0
253,0,0,0,0,0,0,0,0,0
254,0,0,0,0,0,0,0,0,0
255,0,0,0,0,0,0,0,0,0
256,0,0,0,0,0,0,0,0,0
257,0,0,0,0,0,0,0,0,0
258,0,0,0,0,0,0,0,0,0
259,0,0,0,0,0,0,0,0,0
260,0,0,0,0,0,0,0,0,0
261,0,0,0,0,0,0,0,0,0
262,0,0,0,0,0,0,0,0,0
263,0,0,0,0,0,0,0,0,0
264,0,0,0,0,0,0,0,0,0
265,0,0,0,0,0,0,0,0,0
266,0,0,0,0,0,0,0,0,0
267,0,0,0,0,0,0,0,0,0
268,0,0,0,0,0,0,0,0,0
269,0,0,0,0,0,0,0,0,0
270,0,0,0,0,0,0,0,0,0
271,0,0,0,0,0,0,0,0,0
272,0,0,0,0,0,0,0,0,0
273,0,0,0,0,0,0,0,0,0
274,0,0,0,0,0,0,0,0,0
275,0,0,0,0,0,0,0,0,0
276,0,0,0,0,0,0,0,0,0
277,0,0,0,0,0,0,0,0,0
278,0,0,0,0,0,0,0,0,0
279,0,0,0,0,0,0,0,0,0
280,0,0,0,0,0,0,0,0,0
281,0,0,0,0,0,0,0,0,0
282,0,0,0,0,0,0,0,0,0
283,0,0,0,0,0,0,0,0,0
284,0,0,0,0,0,0,0,0,0
285,0,0,0,0,0,0,0,0,0
286,0,0,0,0,0,0,0,0,0
287,0,0,0,0,0,0,0,0,0
288,0,0,0,0,0,0,0,0,0
289,0,0,0,0,0,0,0,0,0
290,0,0,0,0,0,0,0,0,0
291,0,0,0,0,0,0,0,0,0
292,0,0,0,0,0,0,0,0,0
293,0,0,0,0,0,0,0,0,0
294,0,0,0,0,0,0,0,0,0
295,0,0,0,0,0,0,0,0,0
296,0,0,0,0,0,0,0,0,0
297,0,0,0,0,0,0,0,0,0
298,0,0,0,0,0,0,0,0,0
299,0,0,0,0,0,0,0,0,0
300,0,0,0,0,0,0,0,0,0
301,0,0,0,0,0,0,0,0,0
302,0,0,0,0,0,0,0,0,0
303,0,0,0,0,0,0,0,0,0
304,0,0,0,0,0,0,0,0,0
305,0,0,0,0,0,0,0,0,0
306,0,0,0,0,0,0,0,0,0
307,0,0,0,0,0,0,0,0,0
308,0,0,0,0,0,0,0,0,0
309,0,0,0,0,0,0,0,0,0
310,0,0,0,0,0,0,0,0,0
311,0,0,0,0,0,0,0,0,0
312,0,0,0,0,0,0,0,0,0
313,0,0,0,0,0,0,0,0,0
314,0,0,0,0,0,0,0,0,0
315,0,0,0,0,0,0,0,0,0
316,0,0,0,0,0,0,0,0,0
317,0,0,0,0,0,0,0,0,0
318,0,0,0,0,0,0,0,0,0
319,0,0,0,0,0,0,0,0,0
320,0,0,0,0,0,0,0,0,0
321,0,0,0,0,0,0,0,0,0
322,0,0,0,0,0,0,0,0,0
323,0,0,0,0,0,0,0,0,0
324,0,0,0,0,0,0,0,0,0
325,0,0,0,0,0,0,0,0,0
326,0,0,0,0,0,0,0,0,0
327,0,0,0,0,0,0,0,0,0
328,0,0,0,0,0,0,0,0,0
329,0,0,0,0,0,0,0,0,0
330,0,0,0,0,0,0,0,0,0
331,0,0,0,0,0,0,0,0,0
332,0,0,0,0,0,0,0,0,0
333,0,0,0,0,0,0,0,0,0
334,0,0,0,0,0,0,0,0,0
335,0,0,0,0,0,0,0,0,0
336,0,0,0,0,0,0,0,0,0
337,0,0,0,0,0,0,0,0,0
338,0,0,0,0,0,0,0,0,0
339,0,0,0,0,0,0,0,0,0
340,0,0,0,0,0,0,0,0,0
341,0,0,0,0,0,0,0,0,0
342,0,0,0,0,0,0,0,0,0
343,0,0,0,0,0,0,0,0,0
344,0,0,0,0,0,0,0,0,0
345,0,0,0,0,0,0,0,0,0
346,0,0,0,0,0,0,0,0,0
347,0,0,0,0,0,0,0,0,0
348,0,0,0,0,0,0,0,0,0
349,0,0,0,0,0,0,0,0,0
350,0,0,0,0,0,0,0,0,0
351,0,0,0,0,0,0,0,0,0
352,0,0,0,0,0,0,0,0,0
353,0,0,0,0,0,0,0,0,0
354,0,0,0,0,0,0,0,0,0
355,0,0,0,0,0,0,0,0,0
356,0,0,0,0,0,0,0,0,0
357,0,0,0,0,0,0,0,0,0
358,0,0,0,0,0,0,0,0,0
359,0,0,0,0,0,0,0,0,0
360,0,0,0,0,0,0,0,0,0
361,0,0,0,0,0,0,0,0,0
362,0,0,0,0,0,0,0,0,0
363,0,0,0,0,0,0,0,0,0
364,0,0,0,0,0,0,0,0,0
365,0,0,0,0,0,0,0,0,0
366,0,0,0,0,0,0,0,0,0
367,0,0,0,0,0,0,0,0,0
368,0,0,0,0,0,0,0,0,0
369,0,0,0,0,0,0,0,0,0
370,0,0,0,0,0,0,0,0,0
371,0,0,0,0,0,0,0,0,0
372,0,0,0,0,0,0,0,0,0
373,0,0,0,0,0,0,0,0,0
374,0,0,0,0,0,0,0,0,0
375,0,0,0,0,0,0,0,0,0
376,0,0,0,0,0,0,0,0,0
377,0,0,0,0,0,0,0,0,0
378,0,0,0,0,0,0,0,0,0
379,0,0,0,0,0,0,0,0,0
380,0,0,0,0,0,0,0,0,0
381,0,0,0,0,0,0,0,0,0
382,0,0,0,0,0,0,0,0,0
383,0,0,0,0,0,0,0,0,0
384,0,0,0,0,0,0,0,0,0
385,0,0,0,0,0,0,0,0,0
386,0,0,0,0,0,0,0,0,0
387,0,0,0,0,0,0,0,0,0
388,0,0,0,0,0,0,0,0,0
389,0,0,0,0,0,0,0,0,0
390,0,0,0,0,0,0,0,0,0
391,0,0,0,0,0,0,0,0,0
392,0,0,0,0,0,0,0,0,0
393,0,0,0,0,0,0,0,0,0
394,0,0,0,0,0,0,0,0,0
395,0,0,0,0,0,0,0,0,0
396,0,0,0,0,0,0,0,0,0
397,0,0,0,0,0,0,0,0,0
398,0,0,0,0,0,0,0,0,0
399,0,0,0,0,0,0,0,0,0
400,0,0,0,0,0,0,0,0,0
401,0,0,0,0,0,0,0,0,0
402,0,0,0,0,0,0,0,0,0
403,0,0,0,0,0,0,0,0,0
404,0,0,0,0,0,0,0,0,0
405,0,0,0,0,0,0,0,0,0
406,0,0,0,0,0,0,0,0,0
407,0,0,0,0,0,0,0,0,0
408,0,0,0,0,0,0,0,0,0
409,0,0,0,0,0,0,0,0,0
410,0,0,0,0,0,0,0,0,0
411,0,0,0,0,0,0,0,0,0
412,0,0,0,0,0,0,0,0,0
413,0,0,0,0,0,0,0,0,0
414,0,0,0,0,0,0,0,0,0
415,0,0,0,0,0,0,0,0,0
416,0,0,0,0,0,0,0,0,0
417,0,0,0,0,0,0,0,0,0
418,0,0,0,0,0,0,0,0,0
419,0,0,0,0,0,0,0,0,0
420,0,0,0,0,0,0,0,0,0
421,0,0,0,0,0,0,0,0,0
422,0,0,0,0,0,0,0,0,0
423,0,0,0,0,0,0,0,0,0
424,0,0,0,0,0,0,0,0,0
425,0,0,0,0,0,0,0,0,0
426,0,0,0,0,0,0,0,0,0
427,0,0,0,0,0,0,0,0,0
428,0,0,0,0,0,0,0,0,0
429,0,0,0,0,0,0,0,0,0
430,0,0,0,0,0,0,0,0,0
431,0,0,0,0,0,0,0,0,0
432,0,0,0,0,0,0,0,0,0
433,0,0,0,0,0,0,0,0,0
434,0,0,0,0,0,0,0,0,0
435,0,0,0,0,0,0,0,0,0
436,0,0,0,0,0,0,0,0,0
437,0,0,0,0,0,0,0,0,0
438,0,0,0,0,0,0,0,0,0
439,0,0,0,0,0,0,0,0,0
440,0,0,0,0,0,0,0,0,0
441,0,0,0,0,0,0,0,0,0
442,0,0,0,0,0,0,0,0,0
443,0,0,0,0,0,0,0,0,0
444,0,0,0,0,0,0,0,0,0
445,0,0,0,0,0,0,0,0,0
446,0,0,0,0,0,0,0,0,0
447,0,0,0,0,0,0,0,0,0
448,0,0,0,0,0,0,0,0,0
449,0,0,0,0,0,0,0,0,0
450,0,0,0,0,0,0,0,0,0
451,0,0,0,0,0,0,0,0,0
452,0,0,0,0,0,0,0,0,0
453,0,0,0,0,0,0,0,0,0
454,0,0,0,0,0,0,0,0,0
455,0,0,0,0,0,0,0,0,0
456,0,0,0,0,0,0,0,0,0
457,0,0,0,0,0,0,0,0,0
458,0,0,0,0,0,0,0,0,0
459,0,0,0,0,0,0,0,0,0
460,0,0,0,0,0,0,0,0,0
461,0,0,0,0,0,0,0,0,0
462,0,0,0,0,0,0,0,0,0
463,0,0,0,0,0,0,0,0,0
464,0,0,0,0,0,0,0,0,0
465,0,0,0,0,0,0,0,0,0
466,0,0,0,0,0,0,0,0,0
467,0,0,0,0,0,0,0,0,0
468,0,0,0,0,0,0,0,0,0
469,0,0,0,0,0,0,0,0,0
470,0,0,0,0,0,0,0,0,0
471,0,0,0,0,0,0,0,0,0
472,0,0,0,0,0,0,0,0,0
473,0,0,0,0,0,0,0,0,0
474,0,0,0,0,0,0,0,0,0
475,0,0,0,0,0,0,0,0,0
476,0,0,0,0,0,0,0,0,0
477,0,0,0,0,0,0,0,0,0
478,0,0,0,0,0,0,0,0,0
479,0,0,0,0,0,0,0,0,0
480,0,0,0,0,0,0,0,0,0
481,0,0,0,0,0,0,0,0,0
482,0,0,0,0,0,0,0,0,0
483,0,0,0,0,0,0,0,0,0
484,0,0,0,0,0,0,0,0,0
485,0,0,0,0,0,0,0,0,0
486,0,0,0,0,0,0,0,0,0
487,0,0,0,0,0,0,0,0,0
488,0,0,0,0,0,0,0,0,0
489,0,0,0,0,0,0,0,0,0
490,0,0,0,0,0,0,0,0,0
491,0,0,0,0,0,0,0,0,0
492,0,0,0,0,0,0,0,0,0
493,0,0,0,0,0,0,0,0,0
494,0,0,0,0,0,0,0,0,0
495,0,0,0,0,0,0,0,0,0
496,0,0,0,0,0,0,0,0,0
497,0,0,0,0,0,0,0,0,0
498,0,0,0,0,0,0,0,0,0
499,0,0,0,0,0,0,0,0,0
500,0,0,0,0,0,0,0,0,0
501,0,0,0,0,0,0,0,0,0
502,0,0,0,0,0,0,0,0,0
503,0,0,0,0,0,0,0,0,0
504,0,0,0,0,0,0,0,0,0
505,0,0,0,0,0,0,0,0,0
506,0,0,0,0,0,0,0,0,0
507,0,0,0,0,0,0,0,0,0
508,0,0,0,0,0,0,0,0,0
509,0,0,0,0,0,0,0,0,0
510,0,0,0,0,0,0,0,0,0
511,0,0,0,0,0,0,0,0,0
512,0,0,0,0,0,0,0,0,0
513,0,0,0,0,0,0,0,0,0
514,0,0,0,0,0,0,0,0,0
515,0,0,0,0,0,0,0,0,0
516,0,0,0,0,0,0,0,0,0
517,0,0,0,0,0,0,0,0,0
518,0,0,0,0,0,0,0,0,0
519,0,0,0,0,0,0,0,0,0
520,0,0,0,0,0,0,0,0,0
521,0,0,0,0,0,0,0,0,0
522,0,0,0,0,0,0,0,0,0
523,0,0,0,0,0,0,0,0,0
524,0,0,0,0,0,0,0,0,0
525,0,0,0,0,0,0,0,0,0
526,0,0,0,0,0,0,0,0,0
527,0,0,0,0,0,0,0,0,0
528,0,0,0,0,0,0,0,0,0
529,0,0,0,0,0,0,0,0,0
530,0,0,0,0,0,0,0,0,0
531,0,0,0,0,0,0,0,0,0
532,0,0,0,0,0,0,0,0,0
533,0,0,0,0,0,0,0,0,0
534,0,0,0,0,0,0,0,0,0
535,0,0,0,0,0,0,0,0,0
536,0,0,0,0,0,0,0,0,0
537,0,0,0,0,0,0,0,0,0
538,0,0,0,0,0,0,0,0,0
539,0,0,0,0,0,0,0,0,0
540,0,0,0,0,0,0,0,0,0
541,0,0,0,0,0,0,0,0,0
542,0,0,0,0,0,0,0,0,0
543,0,0,0,0,0,0,0,0,0
544,0,0,0,0,0,0,0,0,0
545,0,0,0,0,0,0,0,0,0
546,0,0,0,0,0,0,0,0,0
547,0,0,0,0,0,0,0,0,0
548,0,0,0,0,0,0,0,0,0
549,0,0,0,0,0,0,0,0,0
550,0,0,0,0,0,0,0,0,0
551,0,0,0,0,0,0,0,0,0
552,0,0,0,0,0,0,0,0,0
553,0,0,0,0,0,0,0,0,0
554,0,0,0,0,0,0,0,0,0
555,0,0,0,0,0,0,0,0,0
556,0,0,0,0,0,0,0,0,0
557,0,0,0,0,0,0,0,0,0
558,0,0,0,0,0,0,0,0,0
559,0,0,0,0,0,0,0,0,0
560,0,0,0,0,0,0,0,0,0
561,0,0,0,0,0,0,0,0,0
562,0,0,0,0,0,0,0,0,0
563,0,0,0,0,0,0,0,0,0
564,0,0,0,0,0,0,0,0,0
565,0,0,0,0,0,0,0,0,0
566,0,0,0,0,0,0,0,0,0
567,0,0,0,0,0,0,0,0,0
568,0,0,0,0,0,0,0,0,0
569,0,0,0,0,0,0,0,0,0
570,0,0,0,0,0,0,0,0,0
571,0,0,0,0,0,0,0,0,0
572,0,0,0,0,0,0,0,0,0
573,0,0,0,0,0,0,0,0,0
574,0,0,0,0,0,0,0,0,0
575,0,0,0,0,0,0,0,0,0
576,0,0,0,0,0,0,0,0,0
577,0,0,0,0,0,0,0,0,0
578,0,0,0,0,0,0,0,0,0
579,0,0,0,0,0,0,0,0,0
580,0,0,0,0,0,0,0,0,0
581,0,0,0,0,0,0,0,0,0
582,0,0,0,0,0,0,0,0,0
583,0,0,0,0,0,0,0,0,0
584,0,0,0,0,0,0,0,0,0
585,0,0,0,0,0,0,0,0,0
586,0,0,0,0,0,0,0,0,0
587,0,0,0,0,0,0,0,0,0
588,0,0,0,0,0,0,0,0,0
589,0,0,0,0,0,0,0,0,0
590,0,0,0,0,0,0,0,0,0
591,0,0,0,0,0,0,0,0,0
592,0,0,0,0,0,0,0,0,0
593,0,0,0,0,0,0,0,0,0
594,0,0,0,0,0,0,0,0,0
595,0,0,0,0,0,0,0,0,0
596,0,0,0,0,0,0,0,0,0
597,0,0,0,0,0,0,0,0,0
598,0,0,0,0,0,0,0,0,0
599,0,0,0,0,0,0,0,0,0
600,0,0,0,0,0,0,0,0,0
601,0,0,0,0,0,0,0,0,0
602,0,0,0,0,0,0,0,0,0
603,0,0,0,0,0,0,0,0,0
604,0,0,0,0,0,0,0,0,0
605,0,0,0,0,0,0,0,0,0
606,0,0,0,0,0,0,0,0,0
607,0,0,0,0,0,0,0,0,0
608,0,0,0,0,0,0,0,0,0
609,0,0,0,0,0,0,0,0,0
610,0,0,0,0,0,0,0,0,0
611,0,0,0,0,0,0,0,0,0
612,0,0,0,0,0,0,0,0,0
613,0,0,0,0,0,0,0,0,0
614,0,0,0,0,0,0,0,0,0
615,0,0,0,0,0,0,0,0,0
616,0,0,0,0,0,0,0,0,0
617,0,0,0,0,0,0,0,0,0
618,0,0,0,0,0,0,0,0,0
619,0,0,0,0,0,0,0,0,0
620,0,0,0,0,0,0,0,0,0
621,0,0,0,0,0,0,0,0,0
622,0,0,0,0,0,0,0,0,0
623,0,0,0,0,0,0,0,0,0
624,0,0,0,0,0,0,0,0,0
625,0,0,0,0,0,0,0,0,0
626,0,0,0,0,0,0,0,0,0
627,0,0,0,0,0,0,0,0,0
628,0,0,0,0,0,0,0,0,0
629,0,0,0,0,0,0,0,0,0
630,0,0,0,0,0,0,0,0,0
631,0,0,0,0,0,0,0,0,0
632,0,0,0,0,0,0,0,0,0
633,0,0,0,0,0,0,0,0,0
634,0,0,0,0,0,0,0,0,0
635,0,0,0,0,0,0,0,0,0
636,0,0,0,0,0,0,0,0,0
637,0,0,0,0,0,0,0,0,0
638,0,0,0,0,0,0,0,0,0
639,0,0,0,0,0,0,0,0,0
640,0,0,0,0,0,0,0,0,0
641,0,0,0,0,0,0,0,0,0
642,0,0,0,0,0,0,0,0,0
643,0,0,0,0,0,0,0,0,0
644,0,0,0,0,0,0,0,0,0
645,0,0,0,0,0,0,0,0,0
646,0,0,0,0,0,0,0,0,0
647,0,0,0,0,0,0,0,0,0
648,0,0,0,0,0,0,0,0,0
649,0,0,0,0,0,0,0,0,0
650,0,0,0,0,0,0,0,0,0
651,0,0,0,0,0,0,0,0,0
652,0,0,0,0,0,0,0,0,0
653,0,0,0,0,0,0,0,0,0
654,0,0,0,0,0,0,0,0,0
655,0,0,0,0,0,0,0,0,0
656,0,0,0,0,0,0,0,0,0
657,0,0,0,0,0,0,0,0,0
658,0,0,0,0,0,0,0,0,0
659,0,0,0,0,0,0,0,0,0
660,0,0,0,0,0,0,0,0,0
661,0,0,0,0,0,0,0,0,0
662,0,0,0,0,0,0,0,0,0
663,0,0,0,0,0,0,0,0,0
664,0,0,0,0,0,0,0,0,0
665,0,0,0,0,0,0,0,0,0
666,0,0,0,0,0,0,0,0,0
667,0,0,0,0,0,0,0,0,0
668,0,0,0,0,0,0,0,0,0
669,0,0,0,0,0,0,0,0,0
670,0,0,0,0,0,0,0,0,0
671,0,0,0,0,0,0,0,0,0
672,0,0,0,0,0,0,0,0,0
673,0,0,0,0,0,0,0,0,0
674,0,0,0,0,0,0,0,0,0
675,0,0,0,0,0,0,0,0,0
676,0,0,0,0,0,0,0,0,0
677,0,0,0,0,0,0,0,0,0
678,0,0,0,0,0,0,0,0,0
679,0,0,0,0,0,0,0,0,0
680,0,0,0,0,0,0,0,0,0
681,0,0,0,0,0,0,0,0,0
682,0,0,0,0,0,0,0,0,0
683,0,0,0,0,0,0,0,0,0
684,0,0,0,0,0,0,0,0,0
685,0,0,0,0,0,0,0,0,0
686,0,0,0,0,0,0,0,0,0
687,0,0,0,0,0,0,0,0,0
688,0,0,0,0,0,0,0,0,0
689,0,0,0,0,0,0,0,0,0
690,0,0,0,0,0,0,0,0,0
691,0,0,0,0,0,0,0,0,0
692,0,0,0,0,0,0,0,0,0
693,0,0,0,0,0,0,0,0,0
694,0,0,0,0,0,0,0,0,0
695,0,0,0,0,0,0,0,0,0
696,0,0,0,0,0,0,0,0,0
697,0,0,0,0,0,0,0,0,0
698,0,0,0,0,0,0,0,0,0
699,0,0,0,0,0,0,0,0,0
700,0,0,0,0,0,0,0,0,0
701,0,0,0,0,0,0,0,0,0
702,0,0,0,0,0,0,0,0,0
703,0,0,0,0,0,0,0,0,0
704,0,0,0,0,0,0,0,0,0
705,0,0,0,0,0,0,0,0,0
706,0,0,0,0,0,0,0,0,0
707,0,0,0,0,0,0,0,0,0
708,0,0,0,0,0,0,0,0,0
709,0,0,0,0,0,0,0,0,0
710,0,0,0,0,0,0,0,0,0
711,0,0,0,0,0,0,0,0,0
712,0,0,0,0,0,0,0,0,0
713,0,0,0,0,0,0,0,0,0
714,0,0,0,0,0,0,0,0,0
715,0,0,0,0,0,0,0,0,0
716,0,0,0,0,0,0,0,0,0
717,0,0,0,0,0,0,0,0,0
718,0,0,0,0,0,0,0,0,0
719,0,0,0,0,0,0,0,0,0
720,0,0,0,0,0,0,0,0,0
721,0,0,0,0,0,0,0,0,0
722,0,0,0,0,0,0,0,0,0
723,0,0,0,0,0,0,0,0,0
724,0,0,0,0,0,0,0,0,0
725,0,0,0,0,0,0,0,0,0
726,0,0,0,0,0,0,0,0,0
727,0,0,0,0,0,0,0,0,0
728,0,0,0,0,0,0,0,0,0
729,0,0,0,0,0,0,0,0,0
730,0,0,0,0,0,0,0,0,0
731,0,0,0,0,0,0,0,0,0
732,0,0,0,0,0,0,0,0,0
733,0,0,0,0,0,0,0,0,0
734,0,0,0,0,0,0,0,0,0
735,0,0,0,0,0,0,0,0,0
736,0,0,0,0,0,0,0,0,0
737,0,0,0,0,0,0,0,0,0
738,0,0,0,0,0,0,0,0,0
739,0,0,0,0,0,0,0,0,0
740,0,0,0,0,0,0,0,0,0
741,0,0,0,0,0,0,0,0,0
742,0,0,0,0,0,0,0,0,0
743,0,0,0,0,0,0,0,0,0
744,0,0,0,0,0,0,0,0,0
745,0,0,0,0,0,0,0,0,0
746,0,0,0,0,0,0,0,0,0
747,0,0,0,0,0,0,0,0,0
748,0,0,0,0,0,0,0,0,0
749,0,0,0,0,0,0,0,0,0
750,0,0,0,0,0,0,0,0,0
0,194,7257,201425,4077983,57373546,517292847,2626655236,5935079656,3356972874
1,110,3109,63274,948260,9845730,65343776,243876612,404562386,167975423
2,66,1574,26161,319508,2707715,14630141,44384425,59732762,20084338
3,31,628,8893,89445,626590,2786321,6949733,7682079,2122169
4,18,360,4598,39996,238830,902259,1903596,1767159,410603
5,11,281,3381,26267,141917,483848,919100,767032,160188
6,8,206,2390,16439,77944,232739,388951,286140,52964
7,7,142,1539,9596,40004,104706,153010,97892,15648
8,2,76,745,4099,15315,36133,47637,27661,4049
9,2,65,587,2821,9687,19992,23792,12594,1530
10,2,57,402,1848,5896,11322,12988,6626,819
11,2,43,259,1105,3372,6079,6709,3346,389
12,2,41,231,926,2759,4752,5212,2606,319
13,2,40,224,812,2126,3410,3445,1603,191
14,2,22,130,441,1032,1542,1433,617,65
15,0,14,81,268,592,841,752,299,35
16,0,14,68,227,467,651,586,219,22
17,0,14,66,200,388,559,550,203,22
18,0,12,62,181,338,472,462,162,18
19,0,10,59,154,281,366,329,111,9
20,0,4,21,61,86,89,78,27,1
21,0,4,21,61,86,89,78,27,1
22,0,4,19,55,78,63,55,22,1
23,0,0,15,38,61,46,45,15,1
24,0,0,15,34,48,28,33,3,0
25,0,0,14,23,40,24,22,3,0
26,0,0,14,21,33,17,16,1,0
27,0,0,14,20,29,16,14,1,0
28,0,0,14,17,26,14,12,1,0
29,0,0,14,17,22,12,8,1,0
30,0,0,14,17,22,12,8,1,0
31,0,0,14,17,22,12,8,1,0
32,0,0,14,9,17,9,7,0,0
33,0,0,14,9,17,9,6,0,0
34,0,0,14,9,17,9,6,0,0
35,0,0,8,8,9,8,2,0,0
36,0,0,8,8,9,8,2,0,0
37,0,0,6,6,8,6,1,0,0
38,0,0,6,6,8,6,1,0,0
39,0,0,0,0,0,0,0,0,0
40,0,0,0,0,0,0,0,0,0
41,0,0,0,0,0,0,0,0,0
42,0,0,0,0,0,0,0,0,0
43,0,0,0,0,0,0,0,0,0
44,0,0,0,0,0,0,0,0,0
45,0,0,0,0,0,0,0,0,0
46,0,0,0,0,0,0,0,0,0
47,0,0,0,0,0,0,0,0,0
48,0,0,0,0,0,0,0,0,0
49,0,0,0,0,0,0,0,0,0
50,0,0,0,0,0,0,0,0,0
51,0,0,0,0,0,0,0,0,0
52,0,0,0,0,0,0,0,0,0
53,0,0,0,0,0,0,0,0,0
54,0,0,0,0,0,0,0,0,0
55,0,0,0,0,0,0,0,0,0
56,0,0,0,0,0,0,0,0,0
57,0,0,0,0,0,0,0,0,0
58,0,0,0,0,0,0,0,0,0
59,0,0,0,0,0,0,0,0,0
60,0,0,0,0,0,0,0,0,0
61,0,0,0,0,0,0,0,0,0
62,0,0,0,0,0,0,0,0,0
63,0,0,0,0,0,0,0,0,0
64,0,0,0,0,0,0,0,0,0
65,0,0,0,0,0,0,0,0,0
66,0,0,0,0,0,0,0,0,0
67,0,0,0,0,0,0,0,0,0
68,0,0,0,0,0,0,0,0,0
69,0,0,0,0,0,0,0,0,0
70,0,0,0,0,0,0,0,0,0
71,0,0,0,0,0,0,0,0,0
72,0,0,0,0,0,0,0,0,0
73,0,0,0,0,0,0,0,0,0
74,0,0,0,0,0,0,0,0,0
75,0,0,0,0,0,0,0,0,0
76,0,0,0,0,0,0,0,0,0
77,0,0,0,0,0,0,0,0,0
78,0,0,0,0,0,0,0,0,0
79,0,0,0,0,0,0,0,0,0
80,0,0,0,0,0,0,0,0,0
81,0,0,0,0,0,0,0,0,0
82,0,0,0,0,0,0,0,0,0
83,0,0,0,0,0,0,0,0,0
84,0,0,0,0,0,0,0,0,0
85,0,0,0,0,0,0,0,0,0
86,0,0,0,0,0,0,0,0,0
87,0,0,0,0,0,0,0,0,0
88,0,0,0,0,0,0,0,0,0
89,0,0,0,0,0,0,0,0,0
90,0,0,0,0,0,0,0,0,0
91,0,0,0,0,0,0,0,0,0
92,0,0,0,0,0,0,0,0,0
93,0,0,0,0,0,0,0,0,0
94,0,0,0,0,0,0,0,0,0
95,0,0,0,0,0,0,0,0,0
96,0,0,0,0,0,0,0,0,0
97,0,0,0,0,0,0,0,0,0
98,0,0,0,0,0,0,0,0,0
99,0,0,0,0,0,0,0,0,0
100,0,0,0,0,0,0,0,0,0
101,0,0,0,0,0,0,0,0,0
102,0,0,0,0,0,0,0,0,0
103,0,0,0,0,0,0,0,0,0
104,0,0,0,0,0,0,0,0,0
105,0,0,0,0,0,0,0,0,0
106,0,0,0,0,0,0,0,0,0
107,0,0,0,0,0,0,0,0,0
108,0,0,0,0,0,0,0,0,0
109,0,0,0,0,0,0,0,0,0
110,0,0,0,0,0,0,0,0,0
111,0,0,0,0,0,0,0,0,0
112,0,0,0,0,0,0,0,0,0
113,0,0,0,0,0,0,0,0,0
114,0,0,0,0,0,0,0,0,0
115,0,0,0,0,0,0,0,0,0
116,0,0,0,0,0,0,0,0,0
117,0,0,0,0,0,0,0,0,0
118,0,0,0,0,0,0,0,0,0
119,0,0,0,0,0,0,0,0,0
120,0,0,0,0,0,0,0,0,0
121,0,0,0,0,0,0,0,0,0
122,0,0,0,0,0,0,0,0,0
123,0,0,0,0,0,0,0,0,0
124,0,0,0,0,0,0,0,0,0
125,0,0,0,0,0,0,0,0,0
126,0,0,0,0,0,0,0,0,0
127,0,0,0,0,0,0,0,0,0
128,0,0,0,0,0,0,0,0,0
129,0,0,0,0,0,0,0,0,0
130,0,0,0,0,0,0,0,0,0
131,0,0,0,0,0,0,0,0,0
132,0,0,0,0,0,0,0,0,0
133,0,0,0,0,0,0,0,0,0
134,0,0,0,0,0,0,0,0,0
135,0,0,0,0,0,0,0,0,0
136,0,0,0,0,0,0,0,0,0
137,0,0,0,0,0,0,0,0,0
138,0,0,0,0,0,0,0,0,0
139,0,0,0,0,0,0,0,0,0
140,0,0,0,0,0,0,0,0,0
141,0,0,0,0,0,0,0,0,0
142,0,0,0,0,0,0,0,0,0
143,0,0,0,0,0,0,0,0,0
144,0,0,0,0,0,0,0,0,0
145,0,0,0,0,0,0,0,0,0
146,0,0,0,0,0,0,0,0,0
147,0,0,0,0,0,0,0,0,0
148,0,0,0,0,0,0,0,0,0
149,0,0,0,0,0,0,0,0,0
150,0,0,0,0,0,0,0,0,0
151,0,0,0,0,0,0,0,0,0
152,0,0,0,0,0,0,0,0,0
153,0,0,0,0,0,0,0,0,0
154,0,0,0,0,0,0,0,0,0
155,0,0,0,0,0,0,0,0,0
156,0,0,0,0,0,0,0,0,0
157,0,0,0,0,0,0,0,0,0
158,0,0,0,0,0,0,0,0,0
159,0,0,0,0,0,0,0,0,0
160,0,0,0,0,0,0,0,0,0
161,0,0,0,0,0,0,0,0,0
162,0,0,0,0,0,0,0,0,0
163,0,0,0,0,0,0,0,0,0
164,0,0,0,0,0,0,0,0,0
165,0,0,0,0,0,0,0,0,0
166,0,0,0,0,0,0,0,0,0
167,0,0,0,0,0,0,0,0,0
168,0,0,0,0,0,0,0,0,0
169,0,0,0,0,0,0,0,0,0
170,0,0,0,0,0,0,0,0,0
171,0,0,0,0,0,0,0,0,0
172,0,0,0,0,0,0,0,0,0
173,0,0,0,0,0,0,0,0,0
174,0,0,0,0,0,0,0,0,0
175,0,0,0,0,0,0,0,0,0
176,0,0,0,0,0,0,0,0,0
177,0,0,0,0,0,0,0,0,0
178,0,0,0,0,0,0,0,0,0
179,0,0,0,0,0,0,0,0,0
180,0,0,0,0,0,0,0,0,0
181,0,0,0,0,0,0,0,0,0
182,0,0,0,0,0,0,0,0,0
183,0,0,0,0,0,0,0,0,0
184,0,0,0,0,0,0,0,0,0
185,0,0,0,0,0,0,0,0,0
186,0,0,0,0,0,0,0,0,0
187,0,0,0,0,0,0,0,0,0
188,0,0,0,0,0,0,0,0,0
189,0,0,0,0,0,0,0,0,0
190,0,0,0,0,0,0,0,0,0
191,0,0,0,0,0,0,0,0,0
192,0,0,0,0,0,0,0,0,0
193,0,0,0,0,0,0,0,0,0
194,0,0,0,0,0,0,0,0,0
195,0,0,0,0,0,0,0,0,0
196,0,0,0,0,0,0,0,0,0
197,0,0,0,0,0,0,0,0,0
198,0,0,0,0,0,0,0,0,0
199,0,0,0,0,0,0,0,0,0
200,0,0,0,0,0,0,0,0,0
201,0,0,0,0,0,0,0,0,0
202,0,0,0,0,0,0,0,0,0
203,0,0,0,0,0,0,0,0,0
204,0,0,0,0,0,0,0,0,0
205,0,0,0,0,0,0,0,0,0
206,0,0,0,0,0,0,0,0,0
207,0,0,0,0,0,0,0,0,0
208,0,0,0,0,0,0,0,0,0
209,0,0,0,0,0,0,0,0,0
210,0,0,0,0,0,0,0,0,0
211,0,0,0,0,0,0,0,0,0
212,0,0,0,0,0,0,0,0,0
213,0,0,0,0,0,0,0,0,0
214,0,0,0,0,0,0,0,0,0
215,0,0,0,0,0,0,0,0,0
216,0,0,0,0,0,0,0,0,0
217,0,0,0,0,0,0,0,0,0
218,0,0,0,0,0,0,0,0,0
219,0,0,0,0,0,0,0,0,0
220,0,0,0,0,0,0,0,0,0
221,0,0,0,0,0,0,0,0,0
222,0,0,0,0,0,0,0,0,0
223,0,0,0,0,0,0,0,0,0
224,0,0,0,0,0,0,0,0,0
225,0,0,0,0,0,0,0,0,0
226,0,0,0,0,0,0,0,0,0
227,0,0,0,0,0,0,0,0,0
228,0,0,0,0,0,0,0,0,0
229,0,0,0,0,0,0,0,0,0
230,0,0,0,0,0,0,0,0,0
231,0,0,0,0,0,0,0,0,0
232,0,0,0,0,0,0,0,0,0
233,0,0,0,0,0,0,0,0,0
234,0,0,0,0,0,0,0,0,0
235,0,0,0,0,0,0,0,0,0
236,0,0,0,0,0,0,0,0,0
237,0,0,0,0,0,0,0,0,0
238,0,0,0,0,0,0,0,0,0
239,0,0,0,0,0,0,0,0,0
240,0,0,0,0,0,0,0,0,0
241,0,0,0,0,0,0,0,0,0
242,0,0,0,0,0,0,0,0,0
243,0,0,0,0,0,0,0,0,0
244,0,0,0,0,0,0,0,0,0
245,0,0,0,0,0,0,0,0,0
246,0,0,0,0,0,0,0,0,0
247,0,0,0,0,0,0,0,0,0
248,0,0,0,0,0,0,0,0,0
249,0,0,0,0,0,0,0,0,0
250,0,0,0,0,0,0,0,0,0
251,0,0,0,0,0,0,0,0,0
252,0,0,0,0,0,0,0,0,0
253,0,0,0,0,0,0,0,0,0
254,0,0,0,0,0,0,0,0,0
255,0,0,0,0,0,0,0,0,0
256,0,0,0,0,0,0,0,0,0
257,0,0,0,0,0,0,0,0,0
258,0,0,0,0,0,0,0,0,0
259,0,0,0,0,0,0,0,0,0
260,0,0,0,0,0,0,0,0,0
261,0,0,0,0,0,0,0,0,0
262,0,0,0,0,0,0,0,0,0
263,0,0,0,0,0,0,0,0,0
264,0,0,0,0,0,0,0,0,0
265,0,0,0,0,0,0,0,0,0
266,0,0,0,0,0,0,0,0,0
267,0,0,0,0,0,0,0,0,0
268,0,0,0,0,0,0,0,0,0
269,0,0,0,0,0,0,0,0,0
270,0,0,0,0,0,0,0,0,0
271,0,0,0,0,0,0,0,0,0
272,0,0,0,0,0,0,0,0,0
273,0,0,0,0,0,0,0,0,0
274,0,0,0,0,0,0,0,0,0
275,0,0,0,0,0,0,0,0,0
276,0,0,0,0,0,0,0,0,0
277,0,0,0,0,0,0,0,0,0
278,0,0,0,0,0,0,0,0,0
279,0,0,0,0,0,0,0,0,0
280,0,0,0,0,0,0,0,0,0
281,0,0,0,0,0,0,0,0,0
282,0,0,0,0,0,0,0,0,0
283,0,0,0,0,0,0,0,0,0
284,0,0,0,0,0,0,0,0,0
285,0,0,0,0,0,0,0,0,0
286,0,0,0,0,0,0,0,0,0
287,0,0,0,0,0,0,0,0,0
288,0,0,0,0,0,0,0,0,0
289,0,0,0,0,0,0,0,0,0
290,0,0,0,0,0,0,0,0,0
291,0,0,0,0,0,0,0,0,0
292,0,0,0,0,0,0,0,0,0
293,0,0,0,0,0,0,0,0,0
294,0,0,0,0,0,0,0,0,0
295,0,0,0,0,0,0,0,0,0
296,0,0,0,0,0,0,0,0,0
297,0,0,0,0,0,0,0,0,0
298,0,0,0,0,0,0,0,0,0
299,0,0,0,0,0,0,0,0,0
300,0,0,0,0,0,0,0,0,0
301,0,0,0,0,0,0,0,0,0
302,0,0,0,0,0,0,0,0,0
303,0,0,0,0,0,0,0,0,0
304,0,0,0,0,0,0,0,0,0
305,0,0,0,0,0,0,0,0,0
306,0,0,0,0,0,0,0,0,0
307,0,0,0,0,0,0,0,0,0
308,0,0,0,0,0,0,0,0,0
309,0,0,0,0,0,0,0,0,0
310,0,0,0,0,0,0,0,0,0
311,0,0,0,0,0,0,0,0,0
312,0,0,0,0,0,0,0,0,0
313,0,0,0,0,0,0,0,0,0
314,0,0,0,0,0,0,0,0,0
315,0,0,0,0,0,0,0,0,0
316,0,0,0,0,0,0,0,0,0
317,0,0,0,0,0,0,0,0,0
318,0,0,0,0,0,0,0,0,0
319,0,0,0,0,0,0,0,0,0
320,0,0,0,0,0,0,0,0,0
321,0,0,0,0,0,0,0,0,0
322,0,0,0,0,0,0,0,0,0
323,0,0,0,0,0,0,0,0,0
324,0,0,0,0,0,0,0,0,0
325,0,0,0,0,0,0,0,0,0
326,0,0,0,0,0,0,0,0,0
327,0,0,0,0,0,0,0,0,0
328,0,0,0,0,0,0,0,0,0
329,0,0,0,0,0,0,0,0,0
330,0,0,0,0,0,0,0,0,0
331,0,0,0,0,0,0,0,0,0
332,0,0,0,0,0,0,0,0,0
333,0,0,0,0,0,0,0,0,0
334,0,0,0,0,0,0,0,0,0
335,0,0,0,0,0,0,0,0,0
336,0,0,0,0,0,0,0,0,0
337,0,0,0,0,0,0,0,0,0
338,0,0,0,0,0,0,0,0,0
339,0,0,0,0,0,0,0,0,0
340,0,0,0,0,0,0,0,0,0
341,0,0,0,0,0,0,0,0,0
342,0,0,0,0,0,0,0,0,0
343,0,0,0,0,0,0,0,0,0
344,0,0,0,0,0,0,0,0,0
345,0,0,0,0,0,0,0,0,0
346,0,0,0,0,0,0,0,0,0
347,0,0,0,0,0,0,0,0,0
348,0,0,0,0,0,0,0,0,0
349,0,0,0,0,0,0,0,0,0
350,0,0,0,0,0,0,0,0,0
351,0,0,0,0,0,0,0,0,0
352,0,0,0,0,0,0,0,0,0
353,0,0,0,0,0,0,0,0,0
354,0,0,0,0,0,0,0,0,0
355,0,0,0,0,0,0,0,0,0
356,0,0,0,0,0,0,0,0,0
357,0,0,0,0,0,0,0,0,0
358,0,0,0,0,0,0,0,0,0
359,0,0,0,0,0,0,0,0,0
360,0,0,0,0,0,0,0,0,0
361,0,0,0,0,0,0,0,0,0
362,0,0,0,0,0,0,0,0,0
363,0,0,0,0,0,0,0,0,0
364,0,0,0,0,0,0,0,0,0
365,0,0,0,0,0,0,0,0,0
366,0,0,0,0,0,0,0,0,0
367,0,0,0,0,0,0,0,0,0
368,0,0,0,0,0,0,0,0,0
369,0,0,0,0,0,0,0,0,0
370,0,0,0,0,0,0,0,0,0
371,0,0,0,0,0,0,0,0,0
372,0,0,0,0,0,0,0,0,0
373,0,0,0,0,0,0,0,0,0
374,0,0,0,0,0,0,0,0,0
375,0,0,0,0,0,0,0,0,0
376,0,0,0,0,0,0,0,0,0
377,0,0,0,0,0,0,0,0,0
378,0,0,0,0,0,0,0,0,0
379,0,0,0,0,0,0,0,0,0
380,0,0,0,0,0,0,0,0,0
381,0,0,0,0,0,0,0,0,0
382,0,0,0,0,0,0,0,0,0
383,0,0,0,0,0,0,0,0,0
384,0,0,0,0,0,0,0,0,0
385,0,0,0,0,0,0,0,0,0
386,0,0,0,0,0,0,0,0,0
387,0,0,0,0,0,0,0,0,0
388,0,0,0,0,0,0,0,0,0
389,0,0,0,0,0,0,0,0,0
390,0,0,0,0,0,0,0,0,0
391,0,0,0,0,0,0,0,0,0
392,0,0,0,0,0,0,0,0,0
393,0,0,0,0,0,0,0,0,0
394,0,0,0,0,0,0,0,0,0
395,0,0,0,0,0,0,0,0,0
396,0,0,0,0,0,0,0,0,0
397,0,0,0,0,0,0,0,0,0
398,0,0,0,0,0,0,0,0,0
399,0,0,0,0,0,0,0,0,0
400,0,0,0,0,0,0,0,0,0
401,0,0,0,0,0,0,0,0,0
402,0,0,0,0,0,0,0,0,0
403,0,0,0,0,0,0,0,0,0
404,0,0,0,0,0,0,0,0,0
405,0,0,0,0,0,0,0,0,0
406,0,0,0,0,0,0,0,0,0
407,0,0,0,0,0,0,0,0,0
408,0,0,0,0,0,0,0,0,0
409,0,0,0,0,0,0,0,0,0
410,0,0,0,0,0,0,0,0,0
411,0,0,0,0,0,0,0,0,0
412,0,0,0,0,0,0,0,0,0
413,0,0,0,0,0,0,0,0,0
414,0,0,0,0,0,0,0,0,0
415,0,0,0,0,0,0,0,0,0
416,0,0,0,0,0,0,0,0,0
417,0,0,0,0,0,0,0,0,0
418,0,0,0,0,0,0,0,0,0
419,0,0,0,0,0,0,0,0,0
420,0,0,0,0,0,0,0,0,0
421,0,0,0,0,0,0,0,0,0
422,0,0,0,0,0,0,0,0,0
423,0,0,0,0,0,0,0,0,0
424,0,0,0,0,0,0,0,0,0
425,0,0,0,0,0,0,0,0,0
426,0,0,0,0,0,0,0,0,0
427,0,0,0,0,0,0,0,0,0
428,0,0,0,0,0,0,0,0,0
429,0,0,0,0,0,0,0,0,0
430,0,0,0,0,0,0,0,0,0
431,0,0,0,0,0,0,0,0,0
432,0,0,0,0,0,0,0,0,0
433,0,0,0,0,0,0,0,0,0
434,0,0,0,0,0,0,0,0,0
435,0,0,0,0,0,0,0,0,0
436,0,0,0,0,0,0,0,0,0
437,0,0,0,0,0,0,0,0,0
438,0,0,0,0,0,0,0,0,0
439,0,0,0,0,0,0,0,0,0
440,0,0,0,0,0,0,0,0,0
441,0,0,0,0,0,0,0,0,0
442,0,0,0,0,0,0,0,0,0
443,0,0,0,0,0,0,0,0,0
444,0,0,0,0,0,0,0,0,0
445,0,0,0,0,0,0,0,0,0
446,0,0,0,0,0,0,0,0,0
447,0,0,0,0,0,0,0,0,0
448,0,0,0,0,0,0,0,0,0
449,0,0,0,0,0,0,0,0,0
450,0,0,0,0,0,0,0,0,0
451,0,0,0,0,0,0,0,0,0
452,0,0,0,0,0,0,0,0,0
453,0,0,0,0,0,0,0,0,0
454,0,0,0,0,0,0,0,0,0
455,0,0,0,0,0,0,0,0,0
456,0,0,0,0,0,0,0,0,0
457,0,0,0,0,0,0,0,0,0
458,0,0,0,0,0,0,0,0,0
459,0,0,0,0,0,0,0,0,0
460,0,0,0,0,0,0,0,0,0
461,0,0,0,0,0,0,0,0,0
462,0,0,0,0,0,0,0,0,0
463,0,0,0,0,0,0,0,0,0
464,0,0,0,0,0,0,0,0,0
465,0,0,0,0,0,0,0,0,0
466,0,0,0,0,0,0,0,0,0
467,0,0,0,0,0,0,0,0,0
468,0,0,0,0,0,0,0,0,0
469,0,0,0,0,0,0,0,0,0
470,0,0,0,0,0,0,0,0,0
471,0,0,0,0,0,0,0,0,0
472,0,0,0,0,0,0,0,0,0
473,0,0,0,0,0,0,0,0,0
474,0,0,0,0,0,0,0,0,0
475,0,0,0,0,0,0,0,0,0
476,0,0,0,0,0,0,0,0,0
477,0,0,0,0,0,0,0,0,0
478,0,0,0,0,0,0,0,0,0
479,0,0,0,0,0,0,0,0,0
480,0,0,0,0,0,0,0,0,0
481,0,0,0,0,0,0,0,0,0
482,0,0,0,0,0,0,0,0,0
483,0,0,0,0,0,0,0,0,0
484,0,0,0,0,0,0,0,0,0
485,0,0,0,0,0,0,0,0,0
486,0,0,0,0,0,0,0,0,0
487,0,0,0,0,0,0,0,0,0
488,0,0,0,0,0,0,0,0,0
489,0,0,0,0,0,0,0,0,0
490,0,0,0,0,0,0,0,0,0
491,0,0,0,0,0,0,0,0,0
492,0,0,0,0,0,0,0,0,0
493,0,0,0,0,0,0,0,0,0
494,0,0,0,0,0,0,0,0,0
495,0,0,0,0,0,0,0,0,0
496,0,0,0,0,0,0,0,0,0
497,0,0,0,0,0,0,0,0,0
498,0,0,0,0,0,0,0,0,0
499,0,0,0,0,0,0,0,0,0
500,0,0,0,0,0,0,0,0,0
501,0,0,0,0,0,0,0,0,0
502,0,0,0,0,0,0,0,0,0
503,0,0,0,0,0,0,0,0,0
504,0,0,0,0,0,0,0,0,0
505,0,0,0,0,0,0,0,0,0
506,0,0,0,0,0,0,0,0,0
507,0,0,0,0,0,0,0,0,0
508,0,0,0,0,0,0,0,0,0
509,0,0,0,0,0,0,0,0,0
510,0,0,0,0,0,0,0,0,0
511,0,0,0,0,0,0,0,0,0
512,0,0,0,0,0,0,0,0,0
513,0,0,0,0,0,0,0,0,0
514,0,0,0,0,0,0,0,0,0
515,0,0,0,0,0,0,0,0,0
516,0,0,0,0,0,0,0,0,0
517,0,0,0,0,0,0,0,0,0
518,0,0,0,0,0,0,0,0,0
519,0,0,0,0,0,0,0,0,0
520,0,0,0,0,0,0,0,0,0
521,0,0,0,0,0,0,0,0,0
522,0,0,0,0,0,0,0,0,0
523,0,0,0,0,0,0,0,0,0
524,0,0,0,0,0,0,0,0,0
525,0,0,0,0,0,0,0,0,0
526,0,0,0,0,0,0,0,0,0
527,0,0,0,0,0,0,0,0,0
528,0,0,0,0,0,0,0,0,0
529,0,0,0,0,0,0,0,0,0
530,0,0,0,0,0,0,0,0,0
531,0,0,0,0,0,0,0,0,0
532,0,0,0,0,0,0,0,0,0
533,0,0,0,0,0,0,0,0,0
534,0,0,0,0,0,0,0,0,0
535,0,0,0,0,0,0,0,0,0
536,0,0,0,0,0,0,0,0,0
537,0,0,0,0,0,0,0,0,0
538,0,0,0,0,0,0,0,0,0
539,0,0,0,0,0,0,0,0,0
540,0,0,0,0,0,0,0,0,0
541,0,0,0,0,0,0,0,0,0
542,0,0,0,0,0,0,0,0,0
543,0,0,0,0,0,0,0,0,0
544,0,0,0,0,0,0,0,0,0
545,0,0,0,0,0,0,0,0,0
546,0,0,0,0,0,0,0,0,0
547,0,0,0,0,0,0,0,0,0
548,0,0,0,0,0,0,0,0,0
549,0,0,0,0,0,0,0,0,0
550,0,0,0,0,0,0,0,0,0
551,0,0,0,0,0,0,0,0,0
552,0,0,0,0,0,0,0,0,0
553,0,0,0,0,0,0,0,0,0
554,0,0,0,0,0,0,0,0,0
555,0,0,0,0,0,0,0,0,0
556,0,0,0,0,0,0,0,0,0
557,0,0,0,0,0,0,0,0,0
558,0,0,0,0,0,0,0,0,0
559,0,0,0,0,0,0,0,0,0
560,0,0,0,0,0,0,0,0,0
561,0,0,0,0,0,0,0,0,0
562,0,0,0,0,0,0,0,0,0
563,0,0,0,0,0,0,0,0,0
564,0,0,0,0,0,0,0,0,0
565,0,0,0,0,0,0,0,0,0
566,0,0,0,0,0,0,0,0,0
567,0,0,0,0,0,0,0,0,0
568,0,0,0,0,0,0,0,0,0
569,0,0,0,0,0,0,0,0,0
570,0,0,0,0,0,0,0,0,0
571,0,0,0,0,0,0,0,0,0
572,0,0,0,0,0,0,0,0,0
573,0,0,0,0,0,0,0,0,0
574,0,0,0,0,0,0,0,0,0
575,0,0,0,0,0,0,0,0,0
576,0,0,0,0,0,0,0,0,0
577,0,0,0,0,0,0,0,0,0
578,0,0,0,0,0,0,0,0,0
579,0,0,0,0,0,0,0,0,0
580,0,0,0,0,0,0,0,0,0
581,0,0,0,0,0,0,0,0,0
582,0,0,0,0,0,0,0,0,0
583,0,0,0,0,0,0,0,0,0
584,0,0,0,0,0,0,0,0,0
585,0,0,0,0,0,0,0,0,0
586,0,0,0,0,0,0,0,0,0
587,0,0,0,0,0,0,0,0,0
588,0,0,0,0,0,0,0,0,0
589,0,0,0,0,0,0,0,0,0
590,0,0,0,0,0,0,0,0,0
591,0,0,0,0,0,0,0,0,0
592,0,0,0,0,0,0,0,0,0
593,0,0,0,0,0,0,0,0,0
594,0,0,0,0,0,0,0,0,0
595,0,0,0,0,0,0,0,0,0
596,0,0,0,0,0,0,0,0,0
597,0,0,0,0,0,0,0,0,0
598,0,0,0,0,0,0,0,0,0
599,0,0,0,0,0,0,0,0,0
600,0,0,0,0,0,0,0,0,0
601,0,0,0,0,0,0,0,0,0
602,0,0,0,0,0,0,0,0,0
603,0,0,0,0,0,0,0,0,0
604,0,0,0,0,0,0,0,0,0
605,0,0,0,0,0,0,0,0,0
606,0,0,0,0,0,0,0,0,0
607,0,0,0,0,0,0,0,0,0
608,0,0,0,0,0,0,0,0,0
609,0,0,0,0,0,0,0,0,0
610,0,0,0,0,0,0,0,0,0
611,0,0,0,0,0,0,0,0,0
612,0,0,0,0,0,0,0,0,0
613,0,0,0,0,0,0,0,0,0
614,0,0,0,0,0,0,0,0,0
615,0,0,0,0,0,0,0,0,0
616,0,0,0,0,0,0,0,0,0
617,0,0,0,0,0,0,0,0,0
618,0,0,0,0,0,0,0,0,0
619,0,0,0,0,0,0,0,0,0
620,0,0,0,0,0,0,0,0,0
621,0,0,0,0,0,0,0,0,0
622,0,0,0,0,0,0,0,0,0
623,0,0,0,0,0,0,0,0,0
624,0,0,0,0,0,0,0,0,0
625,0,0,0,0,0,0,0,0,0
626,0,0,0,0,0,0,0,0,0
627,0,0,0,0,0,0,0,0,0
628,0,0,0,0,0,0,0,0,0
629,0,0,0,0,0,0,0,0,0
630,0,0,0,0,0,0,0,0,0
631,0,0,0,0,0,0,0,0,0
632,0,0,0,0,0,0,0,0,0
633,0,0,0,0,0,0,0,0,0
634,0,0,0,0,0,0,0,0,0
635,0,0,0,0,0,0,0,0,0
636,0,0,0,0,0,0,0,0,0
637,0,0,0,0,0,0,0,0,0
638,0,0,0,0,0,0,0,0,0
639,0,0,0,0,0,0,0,0,0
640,0,0,0,0,0,0,0,0,0
641,0,0,0,0,0,0,0,0,0
642,0,0,0,0,0,0,0,0,0
643,0,0,0,0,0,0,0,0,0
644,0,0,0,0,0,0,0,0,0
645,0,0,0,0,0,0,0,0,0
646,0,0,0,0,0,0,0,0,0
647,0,0,0,0,0,0,0,0,0
648,0,0,0,0,0,0,0,0,0
649,0,0,0,0,0,0,0,0,0
650,0,0,0,0,0,0,0,0,0
651,0,0,0,0,0,0,0,0,0
652,0,0,0,0,0,0,0,0,0
653,0,0,0,0,0,0,0,0,0
654,0,0,0,0,0,0,0,0,0
655,0,0,0,0,0,0,0,0,0
656,0,0,0,0,0,0,0,0,0
657,0,0,0,0,0,0,0,0,0
658,0,0,0,0,0,0,0,0,0
659,0,0,0,0,0,0,0,0,0
660,0,0,0,0,0,0,0,0,0
661,0,0,0,0,0,0,0,0,0
662,0,0,0,0,0,0,0,0,0
663,0,0,0,0,0,0,0,0,0
664,0,0,0,0,0,0,0,0,0
665,0,0,0,0,0,0,0,0,0
666,0,0,0,0,0,0,0,0,0
667,0,0,0,0,0,0,0,0,0
668,0,0,0,0,0,0,0,0,0
669,0,0,0,0,0,0,0,0,0
670,0,0,0,0,0,0,0,0,0
671,0,0,0,0,0,0,0,0,0
672,0,0,0,0,0,0,0,0,0
673,0,0,0,0,0,0,0,0,0
674,0,0,0,0,0,0,0,0,0
675,0,0,0,0,0,0,0,0,0
676,0,0,0,0,0,0,0,0,0
677,0,0,0,0,0,0,0,0,0
678,0,0,0,0,0,0,0,0,0
679,0,0,0,0,0,0,0,0,0
680,0,0,0,0,0,0,0,0,0
681,0,0,0,0,0,0,0,0,0
682,0,0,0,0,0,0,0,0,0
683,0,0,0,0,0,0,0,0,0
684,0,0,0,0,0,0,0,0,0
685,0,0,0,0,0,0,0,0,0
686,0,0,0,0,0,0,0,0,0
687,0,0,0,0,0,0,0,0,0
688,0,0,0,0,0,0,0,0,0
689,0,0,0,0,0,0,0,0,0
690,0,0,0,0,0,0,0,0,0
691,0,0,0,0,0,0,0,0,0
692,0,0,0,0,0,0,0,0,0
693,0,0,0,0,0,0,0,0,0
694,0,0,0,0,0,0,0,0,0
695,0,0,0,0,0,0,0,0,0
696,0,0,0,0,0,0,0,0,0
697,0,0,0,0,0,0,0,0,0
698,0,0,0,0,0,0,0,0,0
699,0,0,0,0,0,0,0,0,0
700,0,0,0,0,0,0,0,0,0
701,0,0,0,0,0,0,0,0,0
702,0,0,0,0,0,0,0,0,0
703,0,0,0,0,0,0,0,0,0
704,0,0,0,0,0,0,0,0,0
705,0,0,0,0,0,0,0,0,0
706,0,0,0,0,0,0,0,0,0
707,0,0,0,0,0,0,0,0,0
708,0,0,0,0,0,0,0,0,0
709,0,0,0,0,0,0,0,0,0
710,0,0,0,0,0,0,0,0,0
711,0,0,0,0,0,0,0,0,0
712,0,0,0,0,0,0,0,0,0
713,0,0,0,0,0,0,0,0,0
714,0,0,0,0,0,0,0,0,0
715,0,0,0,0,0,0,0,0,0
716,0,0,0,0,0,0,0,0,0
717,0,0,0,0,0,0,0,0,0
718,0,0,0,0,0,0,0,0,0
719,0,0,0,0,0,0,0,0,0
720,0,0,0,0,0,0,0,0,0
721,0,0,0,0,0,0,0,0,0
722,0,0,0,0,0,0,0,0,0
723,0,0,0,0,0,0,0,0,0
724,0,0,0,0,0,0,0,0,0
725,0,0,0,0,0,0,0,0,0
726,0,0,0,0,0,0,0,0,0
727,0,0,0,0,0,0,0,0,0
728,0,0,0,0,0,0,0,0,0
729,0,0,0,0,0,0,0,0,0
730,0,0,0,0,0,0,0,0,0
731,0,0,0,0,0,0,0,0,0
732,0,0,0,0,0,0,0,0,0
733,0,0,0,0,0,0,0,0,0
734,0,0,0,0,0,0,0,0,0
735,0,0,0,0,0,0,0,0,0
736,0,0,0,0,0,0,0,0,0
737,0,0,0,0,0,0,0,0,0
738,0,0,0,0,0,0,0,0,0
739,0,0,0,0,0,0,0,0,0
740,0,0,0,0,0,0,0,0,0
741,0,0,0,0,0,0,0,0,0
742,0,0,0,0,0,0,0,0,0
743,0,0,0,0,0,0,0,0,0
744,0,0,0,0,0,0,0,0,0
745,0,0,0,0,0,0,0,0,0
746,0,0,0,0,0,0,0,0,0
747,0,0,0,0,0,0,0,0,0
748,0,0,0,0,0,0,0,0,0
749,0,0,0,0,0,0,0,0,0
750,0,0,0,0,0,0,0,0,0
